11,0
15,1
20,2
30,3
7,4
1,5
36,6
28,7
5,8
36,9
15,10
0,11
0,12
5,13
1,14
14,15
2,16
33,17
23,18
10,19
3,20
16,21
24,22
5,23
14,24
4,25
36,26
5,27
9,28
6,29
10,30
35,31
8,32
20,33
7,34
18,35
21,36
39,37
35,38
8,39
12,40
32,41
31,42
24,43
15,44
38,45
35,46
9,47
15,48
26,49
21,50
32,51
32,52
2,53
23,54
35,55
33,56
17,57
19,58
23,59
29,60
23,61
13,62
0,63
7,64
21,65
37,66
20,67
10,68
33,69
19,70
23,71
35,72
8,73
3,74
8,75
36,76
22,77
10,78
35,79
7,80
18,81
38,82
13,83
38,84
21,85
10,86
33,87
28,88
5,89
39,90
7,91
24,92
29,93
24,94
13,95
28,96
22,97
12,98
4,99
3,100
13,101
35,102
21,103
2,104
13,105
12,106
14,107
2,108
0,109
39,110
35,111
5,112
19,113
35,114
27,115
7,116
4,117
0,118
12,119
24,120
24,121
14,122
14,123
2,124
27,125
19,126
11,127
30,128
22,129
25,130
0,131
15,132
6,133
24,134
24,135
4,136
35,137
33,138
9,139
26,140
2,141
26,142
2,143
12,144
5,145
0,146
8,147
4,148
31,149
17,150
5,151
11,152
23,153
7,154
21,155
7,156
1,157
11,158
6,159
26,160
7,161
1,162
35,163
21,164
22,165
13,166
1,167
0,168
31,169
32,170
0,171
34,172
1,173
20,174
34,175
20,176
32,177
2,178
16,179
25,180
16,181
8,182
38,183
13,184
8,185
3,186
38,187
15,188
11,189
13,190
5,191
30,192
0,193
7,194
5,195
8,196
36,197
35,198
11,199
15,200
22,201
6,202
5,203
14,204
10,205
5,206
16,207
30,208
30,209
20,210
34,211
34,212
21,213
14,214
4,215
24,216
36,217
23,218
2,219
19,220
0,221
8,222
20,223
11,224
2,225
23,226
17,227
21,228
11,229
12,230
17,231
33,232
23,233
37,234
20,235
5,236
31,237
16,238
8,239
12,240
4,241
26,242
5,243
21,244
6,245
16,246
30,247
26,248
7,249
25,250
11,251
4,252
2,253
23,254
34,255
29,256
13,257
18,258
9,259
19,260
13,261
1,262
9,263
13,264
13,265
8,266
28,267
21,268
27,269
31,270
17,271
33,272
7,273
4,274
5,275
11,276
12,277
37,278
26,279
29,280
9,281
29,282
19,283
8,284
36,285
39,286
11,287
29,288
3,289
5,290
27,291
31,292
14,293
38,294
26,295
36,296
11,297
12,298
3,299
34,300
30,301
31,302
6,303
23,304
20,305
1,306
26,307
15,308
29,309
24,310
10,311
23,312
22,313
17,314
23,315
0,316
3,317
25,318
1,319
0,320
15,321
2,322
2,323
3,324
18,325
18,326
34,327
14,328
20,329
30,330
38,331
16,332
4,333
20,334
27,335
1,336
32,337
19,338
36,339
24,340
15,341
27,342
36,343
34,344
25,345
35,346
13,347
37,348
4,349
2,350
5,351
15,352
9,353
6,354
34,355
7,356
10,357
5,358
25,359
35,360
1,361
11,362
13,363
27,364
5,365
37,366
2,367
4,368
1,369
6,370
33,371
31,372
12,373
34,374
17,375
38,376
36,377
15,378
31,379
21,380
24,381
21,382
13,383
37,384
23,385
32,386
0,387
4,388
23,389
8,390
12,391
6,392
6,393
34,394
10,395
16,396
12,397
2,398
29,399
3,400
37,401
7,402
20,403
31,404
5,405
18,406
5,407
14,408
5,409
20,410
24,411
5,412
16,413
4,414
16,415
13,416
38,417
13,418
38,419
29,420
23,421
5,422
7,423
13,424
6,425
32,426
7,427
26,428
1,429
34,430
13,431
28,432
0,433
23,434
9,435
13,436
9,437
29,438
30,439
13,440
4,441
7,442
4,443
22,444
5,445
3,446
6,447
37,448
18,449
6,450
6,451
7,452
25,453
30,454
25,455
15,456
11,457
13,458
38,459
26,460
33,461
8,462
18,463
12,464
37,465
7,466
17,467
25,468
3,469
16,470
2,471
16,472
17,473
12,474
9,475
28,476
17,477
17,478
33,479
27,480
14,481
13,482
38,483
29,484
5,485
39,486
29,487
4,488
26,489
26,490
18,491
5,492
21,493
6,494
26,495
7,496
6,497
2,498
30,499
9,500
2,501
11,502
36,503
11,504
29,505
36,506
16,507
1,508
27,509
21,510
33,511
36,512
2,513
1,514
4,515
22,516
26,517
5,518
35,519
6,520
2,521
24,522
33,523
34,524
6,525
25,526
7,527
20,528
5,529
14,530
0,531
15,532
29,533
10,534
35,535
30,536
37,537
26,538
10,539
7,540
6,541
30,542
35,543
9,544
9,545
3,546
7,547
35,548
8,549
12,550
14,551
14,552
3,553
27,554
14,555
1,556
30,557
31,558
12,559
4,560
12,561
33,562
7,563
18,564
25,565
6,566
19,567
29,568
1,569
25,570
39,571
7,572
22,573
4,574
26,575
35,576
33,577
37,578
38,579
21,580
25,581
37,582
22,583
15,584
22,585
19,586
26,587
25,588
39,589
27,590
26,591
10,592
13,593
19,594
38,595
36,596
3,597
12,598
9,599
33,600
6,601
20,602
29,603
7,604
29,605
22,606
23,607
13,608
35,609
8,610
11,611
16,612
31,613
33,614
7,615
33,616
11,617
16,618
2,619
19,620
8,621
32,622
24,623
39,624
4,625
35,626
10,627
32,628
17,629
19,630
27,631
27,632
36,633
14,634
24,635
8,636
15,637
19,638
30,639
20,640
17,641
3,642
11,643
6,644
37,645
17,646
36,647
9,648
15,649
7,650
35,651
11,652
16,653
4,654
4,655
28,656
15,657
0,658
4,659
4,660
5,661
19,662
5,663
31,664
6,665
9,666
7,667
31,668
2,669
13,670
36,671
39,672
28,673
13,674
33,675
20,676
19,677
7,678
17,679
5,680
9,681
23,682
10,683
35,684
0,685
1,686
5,687
15,688
21,689
17,690
16,691
25,692
8,693
30,694
37,695
37,696
25,697
3,698
19,699
23,700
11,701
0,702
34,703
4,704
31,705
23,706
5,707
15,708
6,709
29,710
37,711
7,712
2,713
36,714
4,715
13,716
5,717
30,718
6,719
34,720
20,721
7,722
19,723
13,724
27,725
12,726
4,727
20,728
22,729
12,730
26,731
5,732
25,733
13,734
0,735
2,736
1,737
12,738
2,739
13,740
3,741
16,742
3,743
37,744
16,745
23,746
13,747
32,748
19,749
33,750
25,751
5,752
9,753
21,754
2,755
11,756
30,757
15,758
4,759
15,760
24,761
16,762
9,763
33,764
13,765
31,766
1,767
14,768
33,769
38,770
33,771
30,772
4,773
24,774
33,775
27,776
35,777
4,778
31,779
1,780
5,781
23,782
6,783
35,784
7,785
17,786
12,787
9,788
39,789
20,790
9,791
1,792
38,793
1,794
32,795
13,796
17,797
5,798
18,799
30,800
5,801
8,802
13,803
10,804
14,805
9,806
33,807
26,808
6,809
21,810
17,811
22,812
38,813
19,814
36,815
22,816
30,817
28,818
8,819
3,820
10,821
7,822
8,823
11,824
17,825
10,826
21,827
35,828
39,829
0,830
27,831
13,832
28,833
18,834
8,835
19,836
10,837
20,838
15,839
25,840
8,841
9,842
16,843
25,844
7,845
19,846
18,847
1,848
6,849
38,850
15,851
37,852
14,853
29,854
7,855
7,856
9,857
26,858
10,859
10,860
3,861
9,862
9,863
0,864
16,865
0,866
21,867
10,868
9,869
33,870
33,871
36,872
4,873
21,874
5,875
34,876
18,877
15,878
6,879
28,880
7,881
35,882
17,883
30,884
33,885
25,886
14,887
4,888
17,889
12,890
5,891
30,892
24,893
26,894
6,895
38,896
27,897
29,898
7,899
37,900
3,901
27,902
10,903
29,904
15,905
8,906
27,907
3,908
36,909
33,910
15,911
0,912
11,913
36,914
35,915
11,916
29,917
25,918
21,919
3,920
0,921
6,922
34,923
16,924
31,925
10,926
34,927
37,928
13,929
35,930
18,931
4,932
17,933
11,934
2,935
28,936
24,937
29,938
15,939
4,940
20,941
37,942
2,943
35,944
37,945
28,946
37,947
39,948
30,949
0,950
7,951
29,952
14,953
28,954
29,955
8,956
33,957
16,958
0,959
8,960
13,961
20,962
24,963
5,964
11,965
37,966
1,967
14,968
2,969
33,970
3,971
39,972
32,973
1,974
22,975
22,976
14,977
2,978
16,979
32,980
3,981
5,982
6,983
19,984
31,985
21,986
22,987
39,988
17,989
0,990
3,991
1,992
36,993
2,994
30,995
31,996
3,997
28,998
28,999
21,1000
29,1001
27,1002
14,1003
12,1004
2,1005
5,1006
34,1007
5,1008
25,1009
36,1010
38,1011
15,1012
2,1013
31,1014
24,1015
25,1016
15,1017
27,1018
3,1019
24,1020
32,1021
20,1022
7,1023
19,1024
5,1025
35,1026
12,1027
28,1028
27,1029
17,1030
0,1031
39,1032
1,1033
8,1034
2,1035
13,1036
3,1037
22,1038
39,1039
15,1040
9,1041
26,1042
31,1043
21,1044
11,1045
9,1046
10,1047
13,1048
23,1049
9,1050
15,1051
16,1052
21,1053
3,1054
16,1055
31,1056
32,1057
19,1058
17,1059
33,1060
20,1061
30,1062
37,1063
23,1064
23,1065
8,1066
25,1067
12,1068
34,1069
32,1070
18,1071
12,1072
0,1073
20,1074
8,1075
5,1076
38,1077
33,1078
7,1079
29,1080
35,1081
6,1082
22,1083
14,1084
11,1085
16,1086
30,1087
30,1088
7,1089
0,1090
26,1091
1,1092
0,1093
2,1094
14,1095
23,1096
39,1097
4,1098
12,1099
16,1100
3,1101
36,1102
14,1103
6,1104
24,1105
5,1106
37,1107
14,1108
14,1109
38,1110
22,1111
39,1112
12,1113
32,1114
13,1115
0,1116
35,1117
13,1118
1,1119
4,1120
30,1121
4,1122
19,1123
5,1124
7,1125
10,1126
19,1127
25,1128
14,1129
6,1130
20,1131
10,1132
25,1133
7,1134
16,1135
8,1136
17,1137
33,1138
8,1139
31,1140
33,1141
8,1142
31,1143
12,1144
4,1145
2,1146
1,1147
22,1148
5,1149
21,1150
10,1151
33,1152
6,1153
19,1154
36,1155
7,1156
1,1157
4,1158
31,1159
15,1160
18,1161
14,1162
24,1163
17,1164
9,1165
15,1166
7,1167
19,1168
27,1169
12,1170
3,1171
26,1172
33,1173
38,1174
23,1175
14,1176
10,1177
15,1178
23,1179
4,1180
2,1181
18,1182
5,1183
3,1184
6,1185
30,1186
15,1187
10,1188
7,1189
24,1190
32,1191
28,1192
12,1193
30,1194
14,1195
10,1196
7,1197
17,1198
0,1199
18,1200
7,1201
31,1202
14,1203
26,1204
17,1205
38,1206
33,1207
34,1208
5,1209
3,1210
13,1211
2,1212
11,1213
3,1214
34,1215
33,1216
12,1217
18,1218
21,1219
30,1220
37,1221
15,1222
24,1223
27,1224
11,1225
0,1226
37,1227
8,1228
33,1229
5,1230
39,1231
25,1232
18,1233
29,1234
27,1235
22,1236
8,1237
28,1238
34,1239
25,1240
27,1241
32,1242
36,1243
10,1244
32,1245
10,1246
37,1247
35,1248
23,1249
36,1250
11,1251
4,1252
23,1253
5,1254
15,1255
6,1256
32,1257
7,1258
31,1259
11,1260
11,1261
0,1262
36,1263
39,1264
34,1265
32,1266
33,1267
18,1268
27,1269
15,1270
26,1271
18,1272
35,1273
9,1274
25,1275
15,1276
26,1277
26,1278
24,1279
8,1280
12,1281
32,1282
24,1283
38,1284
16,1285
34,1286
9,1287
25,1288
2,1289
16,1290
31,1291
12,1292
7,1293
10,1294
26,1295
12,1296
39,1297
10,1298
31,1299
17,1300
15,1301
1,1302
1,1303
26,1304
39,1305
34,1306
26,1307
2,1308
1,1309
20,1310
21,1311
8,1312
27,1313
22,1314
22,1315
2,1316
11,1317
31,1318
17,1319
38,1320
30,1321
8,1322
22,1323
10,1324
29,1325
11,1326
38,1327
19,1328
36,1329
30,1330
37,1331
2,1332
32,1333
30,1334
3,1335
13,1336
36,1337
12,1338
6,1339
34,1340
32,1341
29,1342
35,1343
31,1344
36,1345
25,1346
29,1347
28,1348
6,1349
31,1350
26,1351
20,1352
17,1353
0,1354
1,1355
23,1356
31,1357
33,1358
8,1359
28,1360
11,1361
29,1362
2,1363
23,1364
7,1365
12,1366
24,1367
10,1368
17,1369
8,1370
28,1371
28,1372
1,1373
15,1374
5,1375
2,1376
19,1377
23,1378
6,1379
23,1380
13,1381
25,1382
23,1383
8,1384
4,1385
31,1386
5,1387
34,1388
9,1389
6,1390
37,1391
7,1392
15,1393
11,1394
1,1395
36,1396
32,1397
13,1398
8,1399
18,1400
14,1401
24,1402
4,1403
0,1404
7,1405
15,1406
8,1407
12,1408
5,1409
28,1410
6,1411
3,1412
7,1413
22,1414
14,1415
5,1416
15,1417
0,1418
37,1419
28,1420
33,1421
14,1422
39,1423
18,1424
30,1425
19,1426
2,1427
17,1428
3,1429
12,1430
2,1431
10,1432
30,1433
8,1434
12,1435
37,1436
12,1437
0,1438
1,1439
1,1440
24,1441
0,1442
24,1443
2,1444
15,1445
3,1446
36,1447
0,1448
15,1449
25,1450
18,1451
29,1452
19,1453
25,1454
37,1455
34,1456
33,1457
19,1458
38,1459
4,1460
17,1461
0,1462
36,1463
22,1464
5,1465
11,1466
34,1467
38,1468
39,1469
2,1470
26,1471
20,1472
15,1473
29,1474
27,1475
7,1476
12,1477
0,1478
21,1479
14,1480
25,1481
9,1482
7,1483
10,1484
22,1485
39,1486
8,1487
9,1488
13,1489
15,1490
23,1491
11,1492
33,1493
17,1494
2,1495
34,1496
36,1497
38,1498
11,1499
7,1500
14,1501
3,1502
38,1503
26,1504
38,1505
17,1506
29,1507
30,1508
18,1509
5,1510
9,1511
1,1512
32,1513
0,1514
1,1515
15,1516
8,1517
39,1518
34,1519
5,1520
27,1521
29,1522
39,1523
24,1524
27,1525
26,1526
21,1527
34,1528
4,1529
15,1530
39,1531
6,1532
31,1533
10,1534
35,1535
37,1536
20,1537
11,1538
24,1539
25,1540
29,1541
29,1542
4,1543
6,1544
32,1545
26,1546
11,1547
7,1548
38,1549
0,1550
6,1551
27,1552
25,1553
4,1554
35,1555
17,1556
5,1557
32,1558
6,1559
9,1560
7,1561
9,1562
3,1563
22,1564
6,1565
23,1566
12,1567
34,1568
34,1569
39,1570
24,1571
4,1572
35,1573
34,1574
17,1575
6,1576
21,1577
12,1578
7,1579
20,1580
1,1581
26,1582
0,1583
35,1584
7,1585
30,1586
2,1587
31,1588
9,1589
33,1590
5,1591
17,1592
0,1593
37,1594
16,1595
13,1596
31,1597
30,1598
7,1599
15,1600
7,1601
19,1602
16,1603
3,1604
4,1605
16,1606
2,1607
5,1608
30,1609
26,1610
39,1611
15,1612
9,1613
6,1614
35,1615
3,1616
5,1617
7,1618
38,1619
9,1620
35,1621
33,1622
7,1623
16,1624
4,1625
36,1626
4,1627
12,1628
37,1629
12,1630
11,1631
14,1632
4,1633
18,1634
25,1635
36,1636
9,1637
15,1638
35,1639
11,1640
34,1641
8,1642
20,1643
0,1644
6,1645
26,1646
22,1647
15,1648
10,1649
36,1650
30,1651
37,1652
24,1653
25,1654
18,1655
22,1656
33,1657
5,1658
25,1659
2,1660
28,1661
23,1662
13,1663
17,1664
19,1665
6,1666
27,1667
38,1668
33,1669
20,1670
5,1671
11,1672
0,1673
22,1674
27,1675
19,1676
5,1677
26,1678
21,1679
20,1680
18,1681
21,1682
28,1683
11,1684
34,1685
25,1686
20,1687
16,1688
9,1689
35,1690
8,1691
22,1692
11,1693
9,1694
26,1695
15,1696
38,1697
20,1698
31,1699
4,1700
0,1701
37,1702
30,1703
32,1704
3,1705
21,1706
23,1707
14,1708
13,1709
5,1710
15,1711
26,1712
11,1713
0,1714
15,1715
35,1716
33,1717
33,1718
3,1719
0,1720
18,1721
1,1722
13,1723
37,1724
12,1725
3,1726
2,1727
36,1728
3,1729
3,1730
3,1731
3,1732
34,1733
25,1734
1,1735
24,1736
35,1737
38,1738
26,1739
23,1740
14,1741
11,1742
27,1743
32,1744
12,1745
3,1746
31,1747
3,1748
36,1749
19,1750
13,1751
10,1752
1,1753
32,1754
31,1755
38,1756
28,1757
39,1758
11,1759
24,1760
3,1761
0,1762
3,1763
13,1764
10,1765
37,1766
2,1767
23,1768
37,1769
20,1770
16,1771
38,1772
26,1773
5,1774
31,1775
38,1776
31,1777
13,1778
26,1779
25,1780
35,1781
29,1782
29,1783
7,1784
35,1785
24,1786
12,1787
23,1788
14,1789
38,1790
12,1791
25,1792
20,1793
1,1794
7,1795
2,1796
24,1797
28,1798
18,1799
0,1800
26,1801
34,1802
1,1803
36,1804
26,1805
2,1806
3,1807
28,1808
37,1809
3,1810
22,1811
18,1812
4,1813
5,1814
33,1815
25,1816
35,1817
37,1818
9,1819
9,1820
31,1821
22,1822
34,1823
11,1824
13,1825
4,1826
7,1827
38,1828
34,1829
19,1830
16,1831
2,1832
3,1833
5,1834
28,1835
28,1836
15,1837
29,1838
5,1839
30,1840
15,1841
6,1842
4,1843
34,1844
18,1845
3,1846
29,1847
39,1848
5,1849
11,1850
6,1851
33,1852
25,1853
7,1854
32,1855
36,1856
17,1857
17,1858
15,1859
4,1860
36,1861
22,1862
19,1863
26,1864
11,1865
32,1866
8,1867
5,1868
28,1869
3,1870
18,1871
1,1872
0,1873
39,1874
7,1875
1,1876
1,1877
8,1878
26,1879
2,1880
1,1881
10,1882
3,1883
12,1884
25,1885
19,1886
37,1887
12,1888
19,1889
26,1890
39,1891
18,1892
0,1893
23,1894
17,1895
33,1896
4,1897
15,1898
11,1899
12,1900
5,1901
13,1902
6,1903
28,1904
4,1905
7,1906
31,1907
2,1908
1,1909
9,1910
3,1911
30,1912
13,1913
11,1914
28,1915
22,1916
32,1917
0,1918
16,1919
7,1920
37,1921
30,1922
4,1923
17,1924
18,1925
6,1926
6,1927
22,1928
23,1929
23,1930
10,1931
15,1932
18,1933
21,1934
5,1935
12,1936
27,1937
29,1938
5,1939
11,1940
28,1941
11,1942
36,1943
16,1944
4,1945
15,1946
18,1947
11,1948
34,1949
20,1950
20,1951
14,1952
36,1953
12,1954
1,1955
20,1956
21,1957
5,1958
0,1959
33,1960
21,1961
19,1962
29,1963
28,1964
23,1965
24,1966
1,1967
39,1968
2,1969
36,1970
6,1971
25,1972
0,1973
3,1974
30,1975
30,1976
23,1977
2,1978
1,1979
29,1980
2,1981
12,1982
3,1983
32,1984
1,1985
5,1986
12,1987
13,1988
12,1989
18,1990
17,1991
22,1992
28,1993
5,1994
24,1995
11,1996
22,1997
28,1998
21,1999
3,2000
7,2001
12,2002
27,2003
32,2004
23,2005
29,2006
0,2007
22,2008
36,2009
31,2010
1,2011
24,2012
2,2013
27,2014
3,2015
21,2016
30,2017
35,2018
30,2019
3,2020
33,2021
8,2022
20,2023
2,2024
16,2025
9,2026
7,2027
4,2028
31,2029
17,2030
17,2031
30,2032
3,2033
34,2034
19,2035
32,2036
14,2037
27,2038
9,2039
35,2040
36,2041
13,2042
32,2043
37,2044
17,2045
19,2046
11,2047
37,2048
1,2049
37,2050
20,2051
2,2052
23,2053
38,2054
27,2055
14,2056
15,2057
26,2058
2,2059
13,2060
4,2061
38,2062
10,2063
31,2064
26,2065
15,2066
29,2067
36,2068
9,2069
6,2070
24,2071
12,2072
6,2073
21,2074
8,2075
37,2076
22,2077
28,2078
25,2079
33,2080
38,2081
35,2082
8,2083
33,2084
37,2085
20,2086
37,2087
32,2088
12,2089
39,2090
8,2091
25,2092
24,2093
32,2094
38,2095
28,2096
9,2097
21,2098
28,2099
17,2100
29,2101
7,2102
37,2103
22,2104
29,2105
7,2106
22,2107
21,2108
32,2109
31,2110
33,2111
17,2112
8,2113
19,2114
37,2115
17,2116
31,2117
0,2118
37,2119
1,2120
5,2121
2,2122
28,2123
33,2124
37,2125
35,2126
3,2127
16,2128
37,2129
18,2130
37,2131
17,2132
0,2133
3,2134
4,2135
29,2136
5,2137
11,2138
13,2139
36,2140
23,2141
0,2142
6,2143
18,2144
7,2145
38,2146
4,2147
21,2148
35,2149
35,2150
21,2151
31,2152
10,2153
39,2154
38,2155
4,2156
0,2157
4,2158
1,2159
20,2160
2,2161
16,2162
32,2163
3,2164
8,2165
37,2166
0,2167
31,2168
12,2169
1,2170
30,2171
20,2172
35,2173
24,2174
10,2175
5,2176
22,2177
27,2178
14,2179
12,2180
15,2181
36,2182
19,2183
11,2184
19,2185
25,2186
21,2187
10,2188
31,2189
24,2190
33,2191
12,2192
9,2193
7,2194
33,2195
3,2196
38,2197
18,2198
17,2199
34,2200
18,2201
18,2202
23,2203
29,2204
16,2205
21,2206
28,2207
20,2208
24,2209
16,2210
5,2211
16,2212
8,2213
15,2214
6,2215
8,2216
37,2217
25,2218
15,2219
37,2220
35,2221
24,2222
34,2223
20,2224
1,2225
5,2226
13,2227
18,2228
1,2229
3,2230
11,2231
13,2232
37,2233
22,2234
12,2235
23,2236
10,2237
3,2238
9,2239
31,2240
35,2241
33,2242
7,2243
17,2244
0,2245
33,2246
1,2247
12,2248
7,2249
13,2250
18,2251
2,2252
38,2253
23,2254
2,2255
1,2256
28,2257
18,2258
0,2259
3,2260
25,2261
11,2262
8,2263
22,2264
2,2265
12,2266
4,2267
20,2268
5,2269
32,2270
6,2271
38,2272
7,2273
6,2274
29,2275
28,2276
8,2277
0,2278
37,2279
0,2280
31,2281
9,2282
1,2283
11,2284
2,2285
33,2286
3,2287
28,2288
34,2289
5,2290
3,2291
12,2292
29,2293
11,2294
10,2295
30,2296
9,2297
7,2298
32,2299
31,2300
39,2301
12,2302
30,2303
27,2304
29,2305
3,2306
20,2307
38,2308
25,2309
30,2310
37,2311
2,2312
29,2313
8,2314
0,2315
36,2316
5,2317
15,2318
6,2319
31,2320
30,2321
31,2322
30,2323
20,2324
30,2325
1,2326
18,2327
38,2328
38,2329
4,2330
24,2331
14,2332
5,2333
9,2334
15,2335
6,2336
36,2337
7,2338
37,2339
0,2340
6,2341
38,2342
6,2343
22,2344
6,2345
38,2346
15,2347
2,2348
18,2349
37,2350
27,2351
38,2352
37,2353
6,2354
36,2355
13,2356
35,2357
8,2358
6,2359
14,2360
5,2361
36,2362
15,2363
22,2364
32,2365
13,2366
8,2367
31,2368
13,2369
36,2370
16,2371
34,2372
21,2373
35,2374
33,2375
7,2376
7,2377
9,2378
11,2379
2,2380
6,2381
9,2382
15,2383
33,2384
33,2385
33,2386
38,2387
11,2388
15,2389
4,2390
28,2391
5,2392
7,2393
31,2394
4,2395
6,2396
23,2397
7,2398
32,2399
7,2400
13,2401
9,2402
2,2403
24,2404
35,2405
21,2406
19,2407
5,2408
14,2409
20,2410
29,2411
22,2412
12,2413
6,2414
31,2415
35,2416
25,2417
13,2418
6,2419
19,2420
31,2421
39,2422
18,2423
27,2424
30,2425
2,2426
8,2427
27,2428
32,2429
12,2430
37,2431
37,2432
23,2433
29,2434
8,2435
19,2436
18,2437
0,2438
37,2439
20,2440
20,2441
15,2442
11,2443
1,2444
3,2445
28,2446
2,2447
33,2448
8,2449
3,2450
31,2451
23,2452
12,2453
19,2454
31,2455
8,2456
29,2457
22,2458
4,2459
15,2460
4,2461
5,2462
22,2463
6,2464
1,2465
22,2466
7,2467
18,2468
25,2469
27,2470
28,2471
19,2472
8,2473
13,2474
8,2475
21,2476
23,2477
0,2478
21,2479
0,2480
34,2481
22,2482
25,2483
37,2484
33,2485
1,2486
17,2487
10,2488
11,2489
30,2490
18,2491
39,2492
18,2493
27,2494
7,2495
38,2496
4,2497
24,2498
34,2499
26,2500
11,2501
3,2502
29,2503
14,2504
8,2505
9,2506
26,2507
10,2508
10,2509
0,2510
13,2511
1,2512
5,2513
2,2514
29,2515
3,2516
7,2517
20,2518
20,2519
26,2520
19,2521
0,2522
28,2523
1,2524
35,2525
33,2526
2,2527
37,2528
18,2529
3,2530
0,2531
12,2532
22,2533
5,2534
37,2535
14,2536
2,2537
10,2538
14,2539
15,2540
33,2541
3,2542
22,2543
1,2544
36,2545
9,2546
26,2547
14,2548
13,2549
31,2550
2,2551
15,2552
4,2553
15,2554
29,2555
27,2556
6,2557
6,2558
8,2559
32,2560
27,2561
33,2562
30,2563
30,2564
18,2565
30,2566
34,2567
12,2568
15,2569
13,2570
5,2571
21,2572
27,2573
26,2574
33,2575
25,2576
4,2577
39,2578
5,2579
31,2580
6,2581
20,2582
29,2583
7,2584
9,2585
12,2586
4,2587
31,2588
1,2589
16,2590
24,2591
28,2592
19,2593
6,2594
11,2595
30,2596
39,2597
35,2598
25,2599
14,2600
3,2601
8,2602
12,2603
38,2604
38,2605
34,2606
34,2607
1,2608
8,2609
26,2610
28,2611
15,2612
2,2613
21,2614
6,2615
25,2616
38,2617
16,2618
1,2619
33,2620
15,2621
32,2622
33,2623
9,2624
31,2625
3,2626
33,2627
28,2628
14,2629
27,2630
14,2631
27,2632
22,2633
18,2634
36,2635
14,2636
29,2637
7,2638
4,2639
35,2640
9,2641
36,2642
20,2643
11,2644
5,2645
12,2646
11,2647
24,2648
33,2649
36,2650
29,2651
19,2652
7,2653
26,2654
32,2655
31,2656
19,2657
11,2658
6,2659
4,2660
17,2661
34,2662
21,2663
1,2664
15,2665
39,2666
30,2667
31,2668
28,2669
3,2670
39,2671
36,2672
0,2673
11,2674
4,2675
27,2676
21,2677
15,2678
23,2679
0,2680
35,2681
38,2682
1,2683
32,2684
2,2685
37,2686
26,2687
24,2688
3,2689
38,2690
35,2691
29,2692
24,2693
2,2694
0,2695
23,2696
20,2697
24,2698
23,2699
34,2700
21,2701
4,2702
36,2703
39,2704
20,2705
23,2706
9,2707
5,2708
25,2709
6,2710
9,2711
7,2712
38,2713
28,2714
13,2715
31,2716
13,2717
14,2718
37,2719
19,2720
27,2721
5,2722
36,2723
24,2724
15,2725
21,2726
31,2727
0,2728
26,2729
28,2730
2,2731
32,2732
36,2733
13,2734
27,2735
8,2736
11,2737
0,2738
33,2739
1,2740
37,2741
2,2742
1,2743
3,2744
6,2745
18,2746
37,2747
30,2748
12,2749
11,2750
24,2751
30,2752
8,2753
22,2754
19,2755
31,2756
13,2757
13,2758
18,2759
14,2760
17,2761
30,2762
18,2763
29,2764
9,2765
28,2766
38,2767
2,2768
4,2769
14,2770
6,2771
36,2772
20,2773
8,2774
7,2775
6,2776
18,2777
13,2778
35,2779
4,2780
15,2781
24,2782
27,2783
19,2784
4,2785
7,2786
22,2787
10,2788
15,2789
34,2790
17,2791
26,2792
3,2793
39,2794
22,2795
10,2796
24,2797
15,2798
11,2799
1,2800
25,2801
20,2802
0,2803
30,2804
13,2805
31,2806
13,2807
14,2808
20,2809
16,2810
11,2811
34,2812
8,2813
27,2814
22,2815
37,2816
35,2817
38,2818
20,2819
16,2820
26,2821
26,2822
29,2823
36,2824
32,2825
4,2826
20,2827
24,2828
35,2829
5,2830
4,2831
33,2832
6,2833
27,2834
19,2835
11,2836
21,2837
7,2838
29,2839
3,2840
9,2841
11,2842
22,2843
37,2844
3,2845
16,2846
4,2847
15,2848
2,2849
28,2850
0,2851
39,2852
38,2853
28,2854
29,2855
1,2856
26,2857
2,2858
17,2859
3,2860
16,2861
10,2862
16,2863
15,2864
37,2865
35,2866
11,2867
15,2868
8,2869
18,2870
4,2871
10,2872
33,2873
10,2874
30,2875
17,2876
10,2877
12,2878
34,2879
14,2880
20,2881
4,2882
30,2883
16,2884
13,2885
35,2886
18,2887
30,2888
25,2889
36,2890
15,2891
38,2892
7,2893
16,2894
13,2895
2,2896
3,2897
7,2898
11,2899
23,2900
27,2901
36,2902
28,2903
35,2904
3,2905
36,2906
15,2907
5,2908
15,2909
8,2910
29,2911
7,2912
3,2913
14,2914
36,2915
21,2916
18,2917
9,2918
2,2919
21,2920
0,2921
2,2922
0,2923
36,2924
1,2925
27,2926
6,2927
21,2928
14,2929
2,2930
19,2931
18,2932
23,2933
7,2934
3,2935
16,2936
6,2937
28,2938
10,2939
10,2940
31,2941
23,2942
11,2943
39,2944
30,2945
9,2946
14,2947
4,2948
2,2949
6,2950
14,2951
30,2952
15,2953
24,2954
10,2955
7,2956
38,2957
34,2958
37,2959
28,2960
6,2961
37,2962
3,2963
0,2964
34,2965
25,2966
2,2967
6,2968
13,2969
6,2970
22,2971
18,2972
5,2973
38,2974
2,2975
30,2976
24,2977
28,2978
19,2979
27,2980
4,2981
24,2982
5,2983
35,2984
11,2985
31,2986
6,2987
0,2988
7,2989
10,2990
4,2991
17,2992
23,2993
23,2994
9,2995
37,2996
26,2997
22,2998
15,2999
18,3000
6,3001
14,3002
3,3003
31,3004
14,3005
15,3006
12,3007
32,3008
25,3009
14,3010
11,3011
33,3012
8,3013
28,3014
16,3015
31,3016
15,3017
27,3018
30,3019
24,3020
35,3021
17,3022
13,3023
3,3024
9,3025
15,3026
25,3027
6,3028
37,3029
31,3030
39,3031
15,3032
15,3033
36,3034
9,3035
10,3036
37,3037
32,3038
17,3039
2,3040
12,3041
2,3042
31,3043
21,3044
17,3045
10,3046
7,3047
22,3048
33,3049
2,3050
27,3051
21,3052
8,3053
11,3054
36,3055
15,3056
9,3057
30,3058
37,3059
30,3060
25,3061
20,3062
6,3063
0,3064
37,3065
1,3066
2,3067
0,3068
32,3069
28,3070
28,3071
6,3072
30,3073
4,3074
13,3075
13,3076
36,3077
0,3078
14,3079
0,3080
28,3081
1,3082
3,3083
39,3084
30,3085
8,3086
2,3087
5,3088
20,3089
1,3090
22,3091
19,3092
24,3093
4,3094
35,3095
2,3096
18,3097
3,3098
16,3099
12,3100
22,3101
4,3102
2,3103
18,3104
23,3105
14,3106
13,3107
37,3108
16,3109
4,3110
26,3111
5,3112
22,3113
34,3114
6,3115
38,3116
7,3117
36,3118
14,3119
9,3120
10,3121
28,3122
34,3123
9,3124
12,3125
30,3126
14,3127
3,3128
2,3129
31,3130
39,3131
13,3132
16,3133
7,3134
22,3135
38,3136
26,3137
32,3138
8,3139
9,3140
15,3141
12,3142
30,3143
25,3144
34,3145
21,3146
15,3147
30,3148
30,3149
9,3150
36,3151
19,3152
9,3153
11,3154
11,3155
15,3156
13,3157
30,3158
7,3159
25,3160
39,3161
27,3162
25,3163
7,3164
20,3165
28,3166
8,3167
2,3168
17,3169
30,3170
23,3171
22,3172
2,3173
6,3174
39,3175
13,3176
15,3177
16,3178
20,3179
11,3180
6,3181
5,3182
14,3183
5,3184
7,3185
35,3186
28,3187
21,3188
2,3189
18,3190
27,3191
24,3192
33,3193
28,3194
21,3195
32,3196
3,3197
30,3198
31,3199
14,3200
32,3201
28,3202
19,3203
11,3204
11,3205
37,3206
14,3207
9,3208
8,3209
22,3210
34,3211
19,3212
30,3213
12,3214
16,3215
30,3216
25,3217
3,3218
21,3219
5,3220
19,3221
29,3222
10,3223
24,3224
0,3225
2,3226
23,3227
0,3228
36,3229
1,3230
28,3231
15,3232
2,3233
28,3234
3,3235
12,3236
9,3237
9,3238
39,3239
32,3240
25,3241
8,3242
9,3243
6,3244
19,3245
23,3246
5,3247
19,3248
4,3249
13,3250
8,3251
27,3252
2,3253
33,3254
28,3255
28,3256
13,3257
18,3258
17,3259
18,3260
11,3261
38,3262
37,3263
34,3264
21,3265
17,3266
2,3267
10,3268
23,3269
27,3270
10,3271
33,3272
20,3273
11,3274
34,3275
38,3276
30,3277
30,3278
15,3279
22,3280
11,3281
36,3282
11,3283
11,3284
39,3285
27,3286
6,3287
37,3288
10,3289
12,3290
7,3291
35,3292
33,3293
30,3294
2,3295
31,3296
5,3297
25,3298
12,3299
18,3300
38,3301
19,3302
16,3303
17,3304
34,3305
3,3306
36,3307
24,3308
24,3309
8,3310
11,3311
3,3312
22,3313
1,3314
21,3315
33,3316
30,3317
34,3318
6,3319
28,3320
19,3321
20,3322
14,3323
5,3324
11,3325
6,3326
8,3327
3,3328
39,3329
18,3330
29,3331
24,3332
14,3333
32,3334
12,3335
26,3336
9,3337
13,3338
11,3339
18,3340
7,3341
29,3342
1,3343
14,3344
7,3345
34,3346
0,3347
28,3348
19,3349
31,3350
10,3351
13,3352
19,3353
17,3354
12,3355
21,3356
7,3357
31,3358
0,3359
20,3360
31,3361
19,3362
4,3363
7,3364
5,3365
32,3366
6,3367
34,3368
7,3369
34,3370
5,3371
18,3372
24,3373
22,3374
12,3375
16,3376
18,3377
26,3378
33,3379
14,3380
4,3381
36,3382
15,3383
7,3384
24,3385
17,3386
38,3387
39,3388
13,3389
37,3390
35,3391
0,3392
14,3393
1,3394
28,3395
2,3396
33,3397
12,3398
3,3399
31,3400
19,3401
0,3402
17,3403
36,3404
26,3405
16,3406
24,3407
28,3408
18,3409
4,3410
7,3411
21,3412
5,3413
30,3414
35,3415
6,3416
18,3417
1,3418
7,3419
7,3420
25,3421
34,3422
20,3423
20,3424
38,3425
21,3426
17,3427
20,3428
12,3429
0,3430
36,3431
14,3432
14,3433
28,3434
11,3435
14,3436
28,3437
12,3438
22,3439
0,3440
4,3441
22,3442
2,3443
24,3444
33,3445
5,3446
30,3447
1,3448
35,3449
24,3450
31,3451
8,3452
17,3453
19,3454
38,3455
2,3456
2,3457
31,3458
33,3459
6,3460
4,3461
5,3462
37,3463
27,3464
29,3465
3,3466
11,3467
5,3468
35,3469
4,3470
38,3471
2,3472
5,3473
11,3474
9,3475
6,3476
18,3477
38,3478
30,3479
7,3480
13,3481
3,3482
23,3483
36,3484
0,3485
35,3486
7,3487
30,3488
5,3489
25,3490
19,3491
5,3492
15,3493
18,3494
5,3495
37,3496
3,3497
8,3498
22,3499
38,3500
36,3501
11,3502
7,3503
26,3504
16,3505
11,3506
27,3507
6,3508
20,3509
21,3510
4,3511
4,3512
5,3513
26,3514
6,3515
4,3516
7,3517
33,3518
34,3519
22,3520
2,3521
1,3522
8,3523
25,3524
14,3525
11,3526
7,3527
15,3528
2,3529
13,3530
9,3531
22,3532
4,3533
3,3534
7,3535
2,3536
24,3537
16,3538
24,3539
37,3540
23,3541
5,3542
28,3543
13,3544
19,3545
34,3546
39,3547
35,3548
31,3549
34,3550
34,3551
4,3552
34,3553
19,3554
6,3555
26,3556
25,3557
39,3558
37,3559
18,3560
28,3561
5,3562
19,3563
6,3564
19,3565
6,3566
24,3567
19,3568
27,3569
23,3570
38,3571
0,3572
27,3573
38,3574
26,3575
2,3576
19,3577
18,3578
14,3579
15,3580
34,3581
26,3582
28,3583
6,3584
29,3585
22,3586
6,3587
1,3588
8,3589
9,3590
4,3591
20,3592
14,3593
4,3594
4,3595
16,3596
5,3597
34,3598
6,3599
25,3600
7,3601
19,3602
37,3603
23,3604
12,3605
4,3606
31,3607
15,3608
6,3609
6,3610
6,3611
3,3612
6,3613
14,3614
20,3615
37,3616
25,3617
24,3618
26,3619
17,3620
12,3621
2,3622
8,3623
10,3624
11,3625
33,3626
15,3627
22,3628
1,3629
4,3630
11,3631
4,3632
17,3633
5,3634
13,3635
1,3636
6,3637
32,3638
7,3639
13,3640
8,3641
5,3642
18,3643
31,3644
28,3645
21,3646
23,3647
14,3648
8,3649
12,3650
17,3651
20,3652
2,3653
5,3654
28,3655
19,3656
31,3657
2,3658
3,3659
31,3660
17,3661
24,3662
12,3663
0,3664
14,3665
1,3666
18,3667
9,3668
16,3669
11,3670
5,3671
9,3672
2,3673
9,3674
3,3675
24,3676
33,3677
36,3678
28,3679
12,3680
29,3681
5,3682
1,3683
8,3684
22,3685
20,3686
37,3687
12,3688
36,3689
11,3690
12,3691
9,3692
21,3693
18,3694
35,3695
23,3696
12,3697
16,3698
15,3699
26,3700
24,3701
23,3702
21,3703
17,3704
36,3705
19,3706
30,3707
18,3708
11,3709
20,3710
4,3711
25,3712
5,3713
18,3714
6,3715
4,3716
7,3717
9,3718
21,3719
19,3720
18,3721
15,3722
37,3723
28,3724
1,3725
12,3726
29,3727
36,3728
33,3729
5,3730
5,3731
22,3732
20,3733
9,3734
15,3735
17,3736
14,3737
7,3738
8,3739
27,3740
9,3741
17,3742
35,3743
36,3744
16,3745
5,3746
10,3747
22,3748
31,3749
1,3750
24,3751
14,3752
2,3753
31,3754
34,3755
14,3756
11,3757
25,3758
9,3759
7,3760
4,3761
22,3762
39,3763
33,3764
6,3765
16,3766
18,3767
4,3768
1,3769
31,3770
15,3771
29,3772
36,3773
15,3774
4,3775
35,3776
8,3777
35,3778
4,3779
26,3780
5,3781
0,3782
35,3783
3,3784
37,3785
18,3786
15,3787
16,3788
31,3789
14,3790
4,3791
28,3792
5,3793
17,3794
6,3795
14,3796
4,3797
14,3798
4,3799
6,3800
37,3801
7,3802
11,3803
22,3804
12,3805
29,3806
21,3807
24,3808
35,3809
4,3810
33,3811
27,3812
4,3813
34,3814
21,3815
5,3816
17,3817
6,3818
37,3819
19,3820
18,3821
18,3822
11,3823
19,3824
3,3825
1,3826
11,3827
24,3828
37,3829
39,3830
6,3831
28,3832
12,3833
17,3834
36,3835
2,3836
38,3837
13,3838
11,3839
27,3840
39,3841
39,3842
15,3843
12,3844
17,3845
2,3846
37,3847
23,3848
36,3849
6,3850
30,3851
2,3852
18,3853
11,3854
38,3855
23,3856
4,3857
23,3858
5,3859
31,3860
35,3861
6,3862
3,3863
15,3864
34,3865
7,3866
19,3867
15,3868
22,3869
6,3870
38,3871
22,3872
7,3873
36,3874
26,3875
23,3876
35,3877
10,3878
13,3879
12,3880
5,3881
32,3882
22,3883
34,3884
33,3885
28,3886
26,3887
1,3888
19,3889
16,3890
25,3891
27,3892
6,3893
12,3894
24,3895
20,3896
3,3897
25,3898
12,3899
20,3900
37,3901
35,3902
7,3903
6,3904
25,3905
23,3906
38,3907
29,3908
37,3909
25,3910
29,3911
26,3912
23,3913
31,3914
2,3915
16,3916
11,3917
19,3918
27,3919
7,3920
35,3921
36,3922
13,3923
19,3924
3,3925
24,3926
33,3927
17,3928
4,3929
28,3930
2,3931
30,3932
9,3933
26,3934
8,3935
38,3936
29,3937
17,3938
4,3939
5,3940
19,3941
37,3942
5,3943
10,3944
6,3945
29,3946
17,3947
7,3948
31,3949
14,3950
17,3951
36,3952
31,3953
30,3954
36,3955
26,3956
14,3957
29,3958
15,3959
9,3960
33,3961
28,3962
23,3963
20,3964
5,3965
18,3966
28,3967
3,3968
9,3969
12,3970
23,3971
16,3972
38,3973
18,3974
36,3975
19,3976
16,3977
4,3978
13,3979
35,3980
14,3981
14,3982
14,3983
8,3984
25,3985
39,3986
34,3987
39,3988
6,3989
32,3990
10,3991
18,3992
36,3993
39,3994
38,3995
0,3996
8,3997
38,3998
22,3999
5,4000
7,4001
20,4002
10,4003
17,4004
39,4005
34,4006
37,4007
9,4008
11,4009
1,4010
27,4011
18,4012
0,4013
27,4014
34,4015
26,4016
15,4017
20,4018
17,4019
35,4020
21,4021
27,4022
38,4023
9,4024
26,4025
33,4026
31,4027
9,4028
7,4029
15,4030
32,4031
16,4032
27,4033
25,4034
22,4035
18,4036
26,4037
23,4038
12,4039
32,4040
34,4041
14,4042
39,4043
33,4044
33,4045
11,4046
11,4047
0,4048
4,4049
7,4050
30,4051
25,4052
16,4053
0,4054
12,4055
11,4056
1,4057
14,4058
2,4059
33,4060
3,4061
24,4062
21,4063
16,4064
21,4065
23,4066
23,4067
38,4068
27,4069
29,4070
27,4071
4,4072
33,4073
38,4074
0,4075
20,4076
2,4077
13,4078
18,4079
23,4080
22,4081
38,4082
5,4083
27,4084
6,4085
9,4086
26,4087
11,4088
9,4089
33,4090
28,4091
10,4092
11,4093
19,4094
21,4095
11,4096
24,4097
20,4098
5,4099
21,4100
27,4101
36,4102
26,4103
32,4104
16,4105
27,4106
37,4107
32,4108
13,4109
7,4110
35,4111
20,4112
21,4113
27,4114
7,4115
38,4116
34,4117
0,4118
17,4119
36,4120
1,4121
20,4122
18,4123
4,4124
28,4125
6,4126
37,4127
18,4128
31,4129
14,4130
31,4131
1,4132
17,4133
2,4134
21,4135
22,4136
20,4137
33,4138
39,4139
9,4140
28,4141
2,4142
9,4143
10,4144
18,4145
20,4146
37,4147
6,4148
34,4149
33,4150
37,4151
28,4152
10,4153
7,4154
20,4155
8,4156
28,4157
0,4158
26,4159
28,4160
19,4161
7,4162
31,4163
26,4164
26,4165
13,4166
11,4167
8,4168
22,4169
1,4170
17,4171
39,4172
14,4173
3,4174
11,4175
32,4176
16,4177
30,4178
32,4179
30,4180
28,4181
5,4182
12,4183
37,4184
34,4185
32,4186
35,4187
16,4188
4,4189
14,4190
15,4191
5,4192
27,4193
6,4194
28,4195
7,4196
5,4197
22,4198
29,4199
7,4200
22,4201
8,4202
2,4203
7,4204
2,4205
9,4206
19,4207
22,4208
14,4209
27,4210
30,4211
2,4212
33,4213
35,4214
17,4215
12,4216
24,4217
25,4218
19,4219
26,4220
25,4221
6,4222
6,4223
34,4224
1,4225
20,4226
22,4227
38,4228
22,4229
13,4230
2,4231
18,4232
39,4233
6,4234
38,4235
37,4236
14,4237
33,4238
39,4239
32,4240
9,4241
8,4242
21,4243
31,4244
10,4245
17,4246
6,4247
14,4248
3,4249
28,4250
29,4251
28,4252
21,4253
26,4254
17,4255
30,4256
39,4257
12,4258
34,4259
34,4260
18,4261
19,4262
9,4263
14,4264
36,4265
32,4266
32,4267
33,4268
33,4269
38,4270
8,4271
4,4272
5,4273
5,4274
28,4275
6,4276
8,4277
20,4278
10,4279
37,4280
7,4281
20,4282
33,4283
19,4284
32,4285
12,4286
7,4287
38,4288
24,4289
5,4290
6,4291
32,4292
2,4293
32,4294
21,4295
32,4296
25,4297
1,4298
1,4299
26,4300
26,4301
7,4302
24,4303
1,4304
25,4305
24,4306
10,4307
23,4308
3,4309
8,4310
19,4311
16,4312
3,4313
8,4314
6,4315
4,4316
26,4317
1,4318
8,4319
39,4320
19,4321
6,4322
33,4323
10,4324
3,4325
25,4326
1,4327
12,4328
22,4329
1,4330
38,4331
16,4332
25,4333
17,4334
18,4335
13,4336
39,4337
22,4338
17,4339
9,4340
39,4341
27,4342
8,4343
20,4344
8,4345
25,4346
31,4347
28,4348
13,4349
38,4350
33,4351
7,4352
18,4353
36,4354
32,4355
15,4356
13,4357
0,4358
33,4359
4,4360
1,4361
11,4362
8,4363
7,4364
35,4365
32,4366
2,4367
8,4368
25,4369
34,4370
36,4371
20,4372
16,4373
24,4374
31,4375
21,4376
37,4377
7,4378
17,4379
39,4380
30,4381
30,4382
21,4383
2,4384
31,4385
5,4386
37,4387
11,4388
16,4389
38,4390
19,4391
11,4392
0,4393
1,4394
19,4395
1,4396
31,4397
2,4398
5,4399
3,4400
9,4401
18,4402
1,4403
14,4404
26,4405
39,4406
37,4407
17,4408
13,4409
24,4410
35,4411
0,4412
35,4413
2,4414
23,4415
2,4416
1,4417
14,4418
32,4419
21,4420
28,4421
11,4422
2,4423
28,4424
34,4425
30,4426
3,4427
28,4428
35,4429
18,4430
2,4431
34,4432
32,4433
23,4434
21,4435
27,4436
18,4437
26,4438
26,4439
17,4440
12,4441
10,4442
32,4443
37,4444
33,4445
3,4446
35,4447
13,4448
6,4449
27,4450
38,4451
32,4452
25,4453
39,4454
27,4455
11,4456
5,4457
3,4458
3,4459
7,4460
12,4461
2,4462
8,4463
5,4464
13,4465
18,4466
12,4467
31,4468
20,4469
4,4470
2,4471
37,4472
6,4473
22,4474
13,4475
22,4476
26,4477
36,4478
6,4479
16,4480
21,4481
29,4482
36,4483
4,4484
16,4485
5,4486
13,4487
6,4488
6,4489
7,4490
7,4491
35,4492
38,4493
9,4494
24,4495
17,4496
24,4497
37,4498
16,4499
38,4500
34,4501
25,4502
14,4503
13,4504
38,4505
29,4506
39,4507
24,4508
25,4509
16,4510
6,4511
3,4512
28,4513
10,4514
4,4515
16,4516
6,4517
33,4518
21,4519
31,4520
10,4521
14,4522
12,4523
3,4524
35,4525
31,4526
9,4527
7,4528
39,4529
34,4530
21,4531
31,4532
20,4533
3,4534
25,4535
12,4536
10,4537
33,4538
30,4539
3,4540
27,4541
5,4542
20,4543
38,4544
17,4545
35,4546
37,4547
0,4548
35,4549
9,4550
10,4551
32,4552
0,4553
25,4554
34,4555
29,4556
8,4557
7,4558
39,4559
0,4560
19,4561
25,4562
21,4563
7,4564
6,4565
33,4566
27,4567
29,4568
34,4569
30,4570
25,4571
19,4572
12,4573
18,4574
11,4575
0,4576
7,4577
22,4578
26,4579
6,4580
20,4581
17,4582
15,4583
35,4584
8,4585
17,4586
31,4587
29,4588
20,4589
24,4590
29,4591
15,4592
8,4593
0,4594
0,4595
1,4596
33,4597
2,4598
26,4599
3,4600
27,4601
29,4602
10,4603
0,4604
16,4605
8,4606
35,4607
34,4608
29,4609
11,4610
23,4611
7,4612
9,4613
28,4614
8,4615
3,4616
9,4617
10,4618
11,4619
19,4620
29,4621
15,4622
18,4623
0,4624
29,4625
22,4626
11,4627
25,4628
36,4629
4,4630
39,4631
17,4632
16,4633
20,4634
26,4635
31,4636
17,4637
33,4638
4,4639
21,4640
13,4641
22,4642
6,4643
29,4644
25,4645
39,4646
10,4647
33,4648
15,4649
12,4650
7,4651
4,4652
19,4653
27,4654
4,4655
24,4656
21,4657
35,4658
37,4659
0,4660
5,4661
30,4662
13,4663
23,4664
31,4665
5,4666
27,4667
25,4668
1,4669
14,4670
0,4671
1,4672
30,4673
7,4674
0,4675
12,4676
36,4677
36,4678
30,4679
23,4680
11,4681
37,4682
10,4683
0,4684
36,4685
17,4686
9,4687
13,4688
23,4689
0,4690
22,4691
13,4692
8,4693
23,4694
27,4695
17,4696
9,4697
11,4698
5,4699
27,4700
10,4701
30,4702
25,4703
3,4704
35,4705
6,4706
33,4707
38,4708
19,4709
14,4710
17,4711
19,4712
20,4713
8,4714
8,4715
2,4716
34,4717
21,4718
11,4719
12,4720
3,4721
26,4722
26,4723
33,4724
13,4725
7,4726
6,4727
3,4728
0,4729
1,4730
24,4731
1,4732
24,4733
2,4734
30,4735
3,4736
15,4737
18,4738
31,4739
27,4740
34,4741
34,4742
37,4743
7,4744
30,4745
31,4746
16,4747
11,4748
17,4749
9,4750
7,4751
0,4752
27,4753
11,4754
39,4755
28,4756
34,4757
13,4758
31,4759
38,4760
5,4761
6,4762
23,4763
27,4764
7,4765
29,4766
19,4767
27,4768
25,4769
0,4770
15,4771
26,4772
7,4773
1,4774
2,4775
39,4776
27,4777
35,4778
7,4779
15,4780
11,4781
0,4782
27,4783
30,4784
14,4785
15,4786
29,4787
28,4788
35,4789
4,4790
2,4791
22,4792
31,4793
35,4794
27,4795
37,4796
37,4797
9,4798
23,4799
0,4800
7,4801
1,4802
34,4803
2,4804
17,4805
33,4806
3,4807
14,4808
19,4809
0,4810
37,4811
27,4812
1,4813
14,4814
14,4815
2,4816
38,4817
30,4818
3,4819
21,4820
30,4821
11,4822
13,4823
12,4824
31,4825
2,4826
19,4827
18,4828
9,4829
14,4830
19,4831
4,4832
7,4833
4,4834
29,4835
22,4836
10,4837
18,4838
28,4839
18,4840
25,4841
5,4842
0,4843
7,4844
12,4845
19,4846
18,4847
21,4848
16,4849
38,4850
3,4851
37,4852
9,4853
27,4854
6,4855
11,4856
34,4857
37,4858
25,4859
25,4860
15,4861
37,4862
20,4863
26,4864
38,4865
34,4866
39,4867
4,4868
31,4869
26,4870
2,4871
31,4872
11,4873
4,4874
21,4875
21,4876
11,4877
5,4878
3,4879
6,4880
21,4881
9,4882
25,4883
18,4884
21,4885
7,4886
38,4887
0,4888
7,4889
1,4890
1,4891
2,4892
36,4893
14,4894
3,4895
16,4896
31,4897
13,4898
27,4899
17,4900
15,4901
4,4902
0,4903
4,4904
5,4905
12,4906
22,4907
36,4908
6,4909
8,4910
2,4911
7,4912
38,4913
36,4914
23,4915
17,4916
37,4917
12,4918
17,4919
33,4920
16,4921
33,4922
21,4923
39,4924
20,4925
29,4926
2,4927
12,4928
13,4929
18,4930
5,4931
14,4932
14,4933
37,4934
28,4935
13,4936
16,4937
1,4938
22,4939
12,4940
6,4941
32,4942
0,4943
15,4944
18,4945
1,4946
32,4947
19,4948
18,4949
4,4950
2,4951
3,4952
3,4953
19,4954
39,4955
14,4956
10,4957
23,4958
19,4959
30,4960
25,4961
35,4962
12,4963
0,4964
14,4965
4,4966
30,4967
5,4968
27,4969
6,4970
33,4971
3,4972
7,4973
24,4974
0,4975
37,4976
38,4977
6,4978
24,4979
10,4980
23,4981
8,4982
27,4983
23,4984
15,4985
23,4986
6,4987
13,4988
28,4989
26,4990
35,4991
39,4992
3,4993
28,4994
33,4995
20,4996
20,4997
31,4998
26,4999
0,5000
24,5001
15,5002
2,5003
16,5004
15,5005
11,5006
15,5007
18,5008
8,5009
36,5010
25,5011
6,5012
28,5013
32,5014
39,5015
24,5016
0,5017
23,5018
16,5019
1,5020
0,5021
2,5022
21,5023
16,5024
20,5025
6,5026
37,5027
33,5028
3,5029
37,5030
4,5031
33,5032
5,5033
37,5034
26,5035
6,5036
34,5037
7,5038
29,5039
18,5040
32,5041
23,5042
13,5043
23,5044
0,5045
8,5046
21,5047
1,5048
6,5049
1,5050
22,5051
2,5052
26,5053
6,5054
3,5055
20,5056
18,5057
36,5058
7,5059
18,5060
21,5061
8,5062
6,5063
3,5064
9,5065
25,5066
23,5067
3,5068
31,5069
3,5070
33,5071
8,5072
5,5073
38,5074
19,5075
29,5076
13,5077
2,5078
36,5079
36,5080
15,5081
6,5082
37,5083
19,5084
25,5085
27,5086
15,5087
7,5088
22,5089
23,5090
14,5091
20,5092
4,5093
26,5094
10,5095
3,5096
8,5097
15,5098
18,5099
3,5100
3,5101
23,5102
3,5103
13,5104
15,5105
2,5106
8,5107
5,5108
22,5109
34,5110
7,5111
25,5112
8,5113
26,5114
32,5115
6,5116
21,5117
19,5118
14,5119
24,5120
12,5121
38,5122
16,5123
17,5124
20,5125
27,5126
17,5127
11,5128
12,5129
4,5130
25,5131
20,5132
9,5133
11,5134
9,5135
39,5136
30,5137
24,5138
36,5139
15,5140
22,5141
23,5142
27,5143
32,5144
0,5145
20,5146
38,5147
35,5148
2,5149
5,5150
14,5151
19,5152
5,5153
30,5154
2,5155
1,5156
39,5157
9,5158
8,5159
37,5160
35,5161
21,5162
34,5163
20,5164
0,5165
36,5166
24,5167
29,5168
35,5169
20,5170
8,5171
9,5172
9,5173
14,5174
16,5175
13,5176
37,5177
12,5178
11,5179
25,5180
2,5181
18,5182
15,5183
13,5184
27,5185
36,5186
33,5187
2,5188
17,5189
17,5190
2,5191
11,5192
32,5193
0,5194
12,5195
1,5196
16,5197
19,5198
20,5199
2,5200
23,5201
2,5202
13,5203
4,5204
20,5205
9,5206
6,5207
27,5208
34,5209
5,5210
18,5211
12,5212
20,5213
20,5214
26,5215
9,5216
3,5217
35,5218
27,5219
28,5220
24,5221
29,5222
39,5223
19,5224
29,5225
13,5226
13,5227
14,5228
29,5229
34,5230
0,5231
0,5232
24,5233
21,5234
12,5235
9,5236
21,5237
11,5238
20,5239
31,5240
20,5241
36,5242
11,5243
38,5244
22,5245
36,5246
30,5247
39,5248
11,5249
27,5250
31,5251
6,5252
16,5253
0,5254
39,5255
21,5256
19,5257
8,5258
19,5259
3,5260
32,5261
19,5262
27,5263
19,5264
34,5265
2,5266
33,5267
30,5268
12,5269
39,5270
38,5271
13,5272
5,5273
35,5274
34,5275
17,5276
15,5277
2,5278
22,5279
2,5280
5,5281
17,5282
10,5283
1,5284
34,5285
0,5286
23,5287
13,5288
1,5289
10,5290
2,5291
31,5292
31,5293
3,5294
2,5295
4,5296
36,5297
26,5298
5,5299
39,5300
6,5301
14,5302
32,5303
6,5304
18,5305
23,5306
20,5307
33,5308
3,5309
39,5310
38,5311
37,5312
7,5313
28,5314
8,5315
0,5316
15,5317
7,5318
19,5319
39,5320
15,5321
6,5322
10,5323
27,5324
4,5325
15,5326
16,5327
22,5328
5,5329
28,5330
21,5331
23,5332
17,5333
13,5334
27,5335
30,5336
3,5337
37,5338
6,5339
37,5340
28,5341
34,5342
20,5343
20,5344
4,5345
15,5346
25,5347
37,5348
0,5349
33,5350
31,5351
10,5352
13,5353
38,5354
15,5355
25,5356
30,5357
24,5358
37,5359
3,5360
12,5361
36,5362
35,5363
35,5364
33,5365
2,5366
11,5367
8,5368
23,5369
17,5370
24,5371
24,5372
14,5373
27,5374
24,5375
21,5376
3,5377
4,5378
1,5379
5,5380
22,5381
6,5382
6,5383
23,5384
10,5385
7,5386
16,5387
38,5388
12,5389
0,5390
33,5391
31,5392
16,5393
9,5394
13,5395
21,5396
2,5397
13,5398
17,5399
10,5400
11,5401
10,5402
5,5403
25,5404
14,5405
20,5406
5,5407
22,5408
9,5409
22,5410
1,5411
14,5412
32,5413
36,5414
13,5415
18,5416
7,5417
13,5418
34,5419
25,5420
36,5421
12,5422
32,5423
1,5424
39,5425
25,5426
29,5427
13,5428
34,5429
1,5430
26,5431
25,5432
38,5433
15,5434
37,5435
0,5436
38,5437
30,5438
38,5439
29,5440
10,5441
33,5442
31,5443
37,5444
0,5445
20,5446
25,5447
8,5448
19,5449
36,5450
0,5451
33,5452
21,5453
1,5454
34,5455
38,5456
32,5457
38,5458
26,5459
27,5460
7,5461
20,5462
4,5463
5,5464
6,5465
37,5466
8,5467
37,5468
18,5469
0,5470
38,5471
1,5472
27,5473
2,5474
11,5475
24,5476
3,5477
7,5478
17,5479
32,5480
24,5481
27,5482
35,5483
0,5484
1,5485
1,5486
0,5487
2,5488
7,5489
3,5490
14,5491
0,5492
2,5493
1,5494
36,5495
35,5496
32,5497
2,5498
6,5499
3,5500
4,5501
2,5502
16,5503
38,5504
28,5505
38,5506
11,5507
17,5508
24,5509
14,5510
30,5511
20,5512
13,5513
35,5514
0,5515
7,5516
2,5517
8,5518
17,5519
36,5520
26,5521
32,5522
25,5523
33,5524
14,5525
31,5526
24,5527
27,5528
6,5529
34,5530
23,5531
23,5532
3,5533
31,5534
1,5535
2,5536
13,5537
3,5538
25,5539
15,5540
17,5541
27,5542
8,5543
3,5544
12,5545
13,5546
3,5547
11,5548
9,5549
6,5550
1,5551
34,5552
14,5553
16,5554
2,5555
2,5556
13,5557
19,5558
7,5559
4,5560
31,5561
12,5562
9,5563
31,5564
5,5565
3,5566
33,5567
38,5568
4,5569
13,5570
8,5571
15,5572
12,5573
32,5574
16,5575
14,5576
38,5577
37,5578
4,5579
29,5580
29,5581
17,5582
0,5583
7,5584
26,5585
8,5586
36,5587
11,5588
0,5589
2,5590
19,5591
36,5592
13,5593
0,5594
13,5595
4,5596
16,5597
4,5598
27,5599
38,5600
27,5601
30,5602
20,5603
22,5604
37,5605
23,5606
7,5607
1,5608
17,5609
32,5610
10,5611
31,5612
1,5613
2,5614
1,5615
3,5616
16,5617
20,5618
20,5619
0,5620
7,5621
2,5622
15,5623
28,5624
24,5625
8,5626
13,5627
0,5628
10,5629
17,5630
30,5631
26,5632
2,5633
23,5634
4,5635
31,5636
5,5637
2,5638
6,5639
6,5640
7,5641
6,5642
18,5643
12,5644
11,5645
32,5646
24,5647
29,5648
11,5649
32,5650
1,5651
5,5652
11,5653
21,5654
18,5655
22,5656
4,5657
19,5658
0,5659
0,5660
33,5661
15,5662
15,5663
29,5664
37,5665
23,5666
6,5667
18,5668
13,5669
12,5670
29,5671
6,5672
2,5673
19,5674
3,5675
37,5676
39,5677
6,5678
14,5679
31,5680
17,5681
27,5682
35,5683
33,5684
15,5685
23,5686
17,5687
24,5688
10,5689
32,5690
14,5691
27,5692
9,5693
12,5694
34,5695
3,5696
35,5697
27,5698
15,5699
30,5700
21,5701
2,5702
38,5703
22,5704
15,5705
4,5706
27,5707
36,5708
36,5709
30,5710
6,5711
6,5712
12,5713
34,5714
5,5715
0,5716
39,5717
18,5718
9,5719
18,5720
23,5721
38,5722
16,5723
1,5724
4,5725
19,5726
38,5727
29,5728
18,5729
9,5730
13,5731
10,5732
23,5733
13,5734
6,5735
8,5736
27,5737
14,5738
23,5739
6,5740
4,5741
12,5742
5,5743
5,5744
6,5745
30,5746
35,5747
7,5748
5,5749
25,5750
36,5751
9,5752
39,5753
27,5754
19,5755
33,5756
26,5757
25,5758
39,5759
24,5760
19,5761
37,5762
29,5763
31,5764
35,5765
4,5766
29,5767
38,5768
15,5769
5,5770
24,5771
6,5772
13,5773
2,5774
29,5775
29,5776
19,5777
7,5778
21,5779
11,5780
7,5781
24,5782
14,5783
29,5784
39,5785
8,5786
8,5787
18,5788
11,5789
21,5790
7,5791
20,5792
3,5793
4,5794
17,5795
12,5796
22,5797
17,5798
33,5799
33,5800
4,5801
0,5802
21,5803
23,5804
3,5805
2,5806
31,5807
36,5808
13,5809
8,5810
9,5811
15,5812
33,5813
1,5814
27,5815
14,5816
32,5817
23,5818
5,5819
14,5820
29,5821
18,5822
31,5823
31,5824
28,5825
37,5826
37,5827
39,5828
34,5829
14,5830
20,5831
26,5832
29,5833
33,5834
5,5835
22,5836
4,5837
20,5838
27,5839
15,5840
7,5841
20,5842
24,5843
12,5844
20,5845
0,5846
4,5847
16,5848
20,5849
5,5850
25,5851
6,5852
23,5853
10,5854
20,5855
7,5856
39,5857
5,5858
30,5859
23,5860
5,5861
13,5862
28,5863
23,5864
17,5865
10,5866
18,5867
12,5868
17,5869
2,5870
37,5871
27,5872
34,5873
5,5874
28,5875
22,5876
11,5877
14,5878
5,5879
29,5880
23,5881
26,5882
30,5883
36,5884
11,5885
37,5886
7,5887
38,5888
21,5889
38,5890
0,5891
36,5892
4,5893
0,5894
37,5895
1,5896
26,5897
2,5898
2,5899
8,5900
3,5901
11,5902
32,5903
30,5904
28,5905
1,5906
37,5907
26,5908
28,5909
16,5910
14,5911
12,5912
36,5913
11,5914
6,5915
16,5916
2,5917
6,5918
30,5919
18,5920
27,5921
21,5922
2,5923
24,5924
15,5925
0,5926
39,5927
12,5928
5,5929
22,5930
6,5931
28,5932
22,5933
19,5934
3,5935
5,5936
9,5937
33,5938
3,5939
9,5940
37,5941
37,5942
17,5943
19,5944
5,5945
15,5946
2,5947
22,5948
25,5949
15,5950
18,5951
2,5952
26,5953
8,5954
13,5955
11,5956
21,5957
30,5958
35,5959
31,5960
28,5961
13,5962
3,5963
19,5964
30,5965
28,5966
16,5967
14,5968
24,5969
27,5970
26,5971
39,5972
13,5973
16,5974
36,5975
10,5976
1,5977
18,5978
20,5979
4,5980
13,5981
5,5982
2,5983
6,5984
8,5985
32,5986
39,5987
7,5988
11,5989
25,5990
15,5991
34,5992
20,5993
12,5994
11,5995
37,5996
14,5997
14,5998
6,5999
9,6000
17,6001
24,6002
33,6003
12,6004
3,6005
16,6006
24,6007
33,6008
9,6009
9,6010
3,6011
25,6012
12,6013
1,6014
12,6015
6,6016
31,6017
30,6018
6,6019
1,6020
17,6021
23,6022
26,6023
36,6024
32,6025
11,6026
21,6027
28,6028
25,6029
4,6030
34,6031
0,6032
0,6033
1,6034
34,6035
29,6036
2,6037
30,6038
19,6039
0,6040
3,6041
25,6042
27,6043
31,6044
34,6045
34,6046
35,6047
5,6048
16,6049
2,6050
5,6051
0,6052
1,6053
30,6054
4,6055
20,6056
5,6057
1,6058
5,6059
9,6060
2,6061
19,6062
3,6063
32,6064
30,6065
6,6066
14,6067
37,6068
28,6069
10,6070
16,6071
9,6072
9,6073
27,6074
14,6075
13,6076
19,6077
30,6078
16,6079
27,6080
6,6081
22,6082
35,6083
11,6084
8,6085
9,6086
13,6087
31,6088
27,6089
10,6090
11,6091
10,6092
0,6093
21,6094
11,6095
15,6096
10,6097
15,6098
18,6099
3,6100
33,6101
10,6102
3,6103
18,6104
16,6105
25,6106
11,6107
19,6108
37,6109
27,6110
30,6111
8,6112
30,6113
27,6114
21,6115
7,6116
18,6117
9,6118
31,6119
27,6120
38,6121
0,6122
25,6123
12,6124
24,6125
36,6126
26,6127
24,6128
23,6129
17,6130
38,6131
28,6132
3,6133
38,6134
35,6135
8,6136
22,6137
11,6138
32,6139
31,6140
10,6141
4,6142
7,6143
22,6144
1,6145
5,6146
34,6147
34,6148
6,6149
14,6150
7,6151
35,6152
17,6153
2,6154
11,6155
8,6156
15,6157
2,6158
31,6159
11,6160
18,6161
16,6162
15,6163
26,6164
39,6165
19,6166
33,6167
36,6168
13,6169
4,6170
10,6171
1,6172
29,6173
2,6174
19,6175
9,6176
39,6177
13,6178
0,6179
15,6180
1,6181
1,6182
2,6183
33,6184
30,6185
3,6186
3,6187
0,6188
1,6189
7,6190
4,6191
38,6192
12,6193
7,6194
19,6195
12,6196
2,6197
38,6198
1,6199
6,6200
25,6201
22,6202
15,6203
4,6204
20,6205
25,6206
25,6207
14,6208
9,6209
13,6210
28,6211
10,6212
3,6213
34,6214
5,6215
14,6216
4,6217
14,6218
11,6219
11,6220
15,6221
17,6222
38,6223
15,6224
5,6225
30,6226
35,6227
20,6228
33,6229
21,6230
24,6231
21,6232
7,6233
38,6234
7,6235
2,6236
27,6237
19,6238
20,6239
30,6240
0,6241
4,6242
1,6243
5,6244
29,6245
2,6246
26,6247
25,6248
1,6249
25,6250
3,6251
2,6252
11,6253
36,6254
38,6255
8,6256
13,6257
17,6258
18,6259
5,6260
13,6261
27,6262
36,6263
14,6264
27,6265
32,6266
7,6267
1,6268
16,6269
17,6270
5,6271
31,6272
21,6273
35,6274
3,6275
21,6276
28,6277
38,6278
16,6279
9,6280
2,6281
26,6282
33,6283
13,6284
32,6285
6,6286
3,6287
17,6288
12,6289
12,6290
28,6291
30,6292
8,6293
19,6294
3,6295
8,6296
12,6297
1,6298
18,6299
29,6300
27,6301
27,6302
6,6303
39,6304
36,6305
19,6306
29,6307
30,6308
29,6309
10,6310
31,6311
26,6312
13,6313
0,6314
7,6315
0,6316
3,6317
26,6318
8,6319
9,6320
1,6321
8,6322
27,6323
2,6324
14,6325
3,6326
21,6327
12,6328
34,6329
5,6330
22,6331
23,6332
39,6333
1,6334
17,6335
2,6336
5,6337
16,6338
34,6339
20,6340
21,6341
10,6342
0,6343
11,6344
23,6345
20,6346
32,6347
12,6348
30,6349
12,6350
20,6351
16,6352
15,6353
39,6354
27,6355
19,6356
8,6357
33,6358
23,6359
16,6360
6,6361
16,6362
13,6363
0,6364
36,6365
26,6366
26,6367
0,6368
11,6369
32,6370
20,6371
30,6372
13,6373
9,6374
12,6375
13,6376
3,6377
1,6378
15,6379
33,6380
13,6381
21,6382
31,6383
17,6384
31,6385
13,6386
14,6387
14,6388
2,6389
11,6390
2,6391
36,6392
34,6393
1,6394
30,6395
12,6396
35,6397
37,6398
39,6399
31,6400
32,6401
12,6402
29,6403
7,6404
35,6405
23,6406
19,6407
8,6408
1,6409
14,6410
5,6411
5,6412
31,6413
5,6414
11,6415
21,6416
38,6417
9,6418
9,6419
27,6420
19,6421
30,6422
38,6423
4,6424
15,6425
25,6426
20,6427
5,6428
13,6429
6,6430
29,6431
5,6432
7,6433
7,6434
0,6435
34,6436
34,6437
3,6438
17,6439
1,6440
29,6441
12,6442
2,6443
36,6444
3,6445
5,6446
21,6447
31,6448
26,6449
9,6450
6,6451
34,6452
31,6453
39,6454
13,6455
26,6456
2,6457
0,6458
36,6459
27,6460
1,6461
22,6462
2,6463
32,6464
3,6465
19,6466
16,6467
37,6468
26,6469
38,6470
15,6471
31,6472
28,6473
24,6474
14,6475
0,6476
23,6477
35,6478
33,6479
15,6480
10,6481
11,6482
20,6483
28,6484
39,6485
5,6486
10,6487
21,6488
14,6489
0,6490
29,6491
6,6492
1,6493
36,6494
19,6495
12,6496
4,6497
2,6498
3,6499
4,6500
3,6501
33,6502
22,6503
23,6504
11,6505
16,6506
31,6507
23,6508
8,6509
19,6510
7,6511
39,6512
7,6513
7,6514
5,6515
31,6516
8,6517
22,6518
16,6519
0,6520
26,6521
38,6522
1,6523
34,6524
35,6525
2,6526
3,6527
3,6528
2,6529
3,6530
10,6531
17,6532
37,6533
23,6534
14,6535
15,6536
11,6537
14,6538
35,6539
5,6540
34,6541
29,6542
27,6543
20,6544
12,6545
3,6546
5,6547
13,6548
32,6549
24,6550
4,6551
23,6552
27,6553
25,6554
7,6555
12,6556
37,6557
26,6558
34,6559
34,6560
38,6561
26,6562
15,6563
10,6564
21,6565
13,6566
17,6567
2,6568
33,6569
17,6570
31,6571
17,6572
5,6573
11,6574
39,6575
17,6576
10,6577
0,6578
1,6579
1,6580
34,6581
2,6582
11,6583
7,6584
26,6585
3,6586
32,6587
3,6588
27,6589
10,6590
35,6591
27,6592
2,6593
11,6594
8,6595
38,6596
30,6597
0,6598
32,6599
1,6600
0,6601
2,6602
37,6603
33,6604
33,6605
35,6606
34,6607
31,6608
17,6609
12,6610
16,6611
25,6612
38,6613
22,6614
4,6615
13,6616
27,6617
4,6618
5,6619
18,6620
0,6621
5,6622
15,6623
26,6624
9,6625
13,6626
35,6627
7,6628
23,6629
36,6630
12,6631
2,6632
14,6633
9,6634
15,6635
30,6636
15,6637
37,6638
0,6639
34,6640
13,6641
9,6642
33,6643
12,6644
35,6645
11,6646
27,6647
5,6648
25,6649
9,6650
38,6651
1,6652
3,6653
23,6654
8,6655
11,6656
3,6657
21,6658
17,6659
10,6660
12,6661
12,6662
1,6663
22,6664
7,6665
10,6666
37,6667
22,6668
19,6669
28,6670
18,6671
26,6672
14,6673
37,6674
26,6675
10,6676
2,6677
20,6678
19,6679
18,6680
23,6681
31,6682
5,6683
16,6684
1,6685
36,6686
20,6687
23,6688
33,6689
39,6690
23,6691
23,6692
8,6693
11,6694
12,6695
13,6696
32,6697
13,6698
8,6699
39,6700
8,6701
26,6702
31,6703
17,6704
4,6705
18,6706
26,6707
25,6708
20,6709
0,6710
16,6711
35,6712
4,6713
23,6714
5,6715
13,6716
6,6717
28,6718
7,6719
12,6720
24,6721
27,6722
5,6723
14,6724
30,6725
12,6726
19,6727
7,6728
25,6729
12,6730
13,6731
38,6732
0,6733
2,6734
33,6735
14,6736
29,6737
4,6738
27,6739
6,6740
17,6741
16,6742
37,6743
7,6744
4,6745
24,6746
20,6747
25,6748
23,6749
2,6750
17,6751
24,6752
12,6753
28,6754
6,6755
39,6756
12,6757
2,6758
25,6759
12,6760
3,6761
33,6762
32,6763
13,6764
0,6765
7,6766
6,6767
6,6768
14,6769
18,6770
35,6771
4,6772
36,6773
23,6774
11,6775
28,6776
30,6777
28,6778
34,6779
31,6780
32,6781
3,6782
6,6783
20,6784
5,6785
15,6786
24,6787
5,6788
18,6789
37,6790
5,6791
6,6792
23,6793
16,6794
14,6795
2,6796
23,6797
28,6798
19,6799
27,6800
19,6801
38,6802
4,6803
15,6804
26,6805
20,6806
29,6807
25,6808
31,6809
13,6810
33,6811
35,6812
11,6813
12,6814
29,6815
2,6816
3,6817
9,6818
34,6819
34,6820
22,6821
7,6822
0,6823
33,6824
1,6825
20,6826
8,6827
23,6828
0,6829
2,6830
38,6831
27,6832
29,6833
3,6834
3,6835
8,6836
35,6837
26,6838
35,6839
28,6840
21,6841
1,6842
14,6843
25,6844
2,6845
37,6846
0,6847
19,6848
25,6849
29,6850
26,6851
35,6852
35,6853
11,6854
32,6855
0,6856
38,6857
26,6858
19,6859
5,6860
10,6861
7,6862
22,6863
27,6864
4,6865
3,6866
5,6867
23,6868
35,6869
6,6870
22,6871
16,6872
17,6873
7,6874
0,6875
1,6876
24,6877
24,6878
5,6879
15,6880
7,6881
20,6882
17,6883
34,6884
21,6885
28,6886
36,6887
20,6888
34,6889
29,6890
19,6891
12,6892
16,6893
34,6894
12,6895
22,6896
33,6897
13,6898
29,6899
1,6900
36,6901
20,6902
9,6903
8,6904
21,6905
35,6906
33,6907
29,6908
3,6909
4,6910
32,6911
7,6912
33,6913
5,6914
14,6915
12,6916
18,6917
6,6918
20,6919
25,6920
11,6921
18,6922
10,6923
16,6924
9,6925
23,6926
24,6927
17,6928
9,6929
20,6930
30,6931
11,6932
35,6933
27,6934
6,6935
23,6936
28,6937
37,6938
39,6939
26,6940
14,6941
12,6942
9,6943
24,6944
38,6945
25,6946
26,6947
36,6948
12,6949
26,6950
23,6951
2,6952
5,6953
13,6954
36,6955
35,6956
15,6957
25,6958
7,6959
20,6960
27,6961
30,6962
22,6963
28,6964
2,6965
32,6966
12,6967
9,6968
34,6969
34,6970
5,6971
28,6972
15,6973
12,6974
13,6975
0,6976
32,6977
12,6978
9,6979
18,6980
21,6981
10,6982
9,6983
6,6984
19,6985
4,6986
39,6987
9,6988
4,6989
17,6990
5,6991
5,6992
10,6993
10,6994
4,6995
13,6996
9,6997
4,6998
3,6999
5,7000
10,7001
6,7002
39,7003
7,7004
18,7005
36,7006
11,7007
0,7008
11,7009
12,7010
33,7011
27,7012
19,7013
11,7014
22,7015
16,7016
0,7017
23,7018
31,7019
6,7020
37,7021
10,7022
18,7023
37,7024
1,7025
25,7026
17,7027
6,7028
38,7029
27,7030
21,7031
30,7032
7,7033
3,7034
35,7035
16,7036
30,7037
21,7038
31,7039
34,7040
27,7041
6,7042
0,7043
6,7044
6,7045
1,7046
17,7047
18,7048
2,7049
13,7050
3,7051
1,7052
31,7053
4,7054
25,7055
39,7056
3,7057
37,7058
5,7059
23,7060
25,7061
27,7062
6,7063
32,7064
0,7065
7,7066
23,7067
27,7068
13,7069
32,7070
22,7071
35,7072
32,7073
33,7074
12,7075
1,7076
32,7077
37,7078
24,7079
4,7080
21,7081
5,7082
37,7083
6,7084
6,7085
7,7086
0,7087
12,7088
14,7089
25,7090
7,7091
35,7092
1,7093
15,7094
2,7095
9,7096
37,7097
28,7098
12,7099
4,7100
4,7101
5,7102
5,7103
34,7104
6,7105
6,7106
7,7107
5,7108
5,7109
14,7110
13,7111
39,7112
24,7113
5,7114
33,7115
23,7116
17,7117
12,7118
4,7119
0,7120
14,7121
32,7122
28,7123
7,7124
38,7125
20,7126
1,7127
26,7128
10,7129
31,7130
20,7131
17,7132
31,7133
13,7134
28,7135
8,7136
20,7137
6,7138
34,7139
22,7140
17,7141
30,7142
29,7143
3,7144
4,7145
14,7146
6,7147
20,7148
24,7149
1,7150
2,7151
38,7152
1,7153
27,7154
5,7155
1,7156
32,7157
25,7158
36,7159
16,7160
14,7161
29,7162
0,7163
21,7164
26,7165
8,7166
9,7167
1,7168
24,7169
2,7170
24,7171
3,7172
19,7173
25,7174
13,7175
35,7176
39,7177
36,7178
5,7179
31,7180
17,7181
26,7182
24,7183
12,7184
12,7185
29,7186
27,7187
37,7188
23,7189
13,7190
1,7191
12,7192
16,7193
36,7194
6,7195
4,7196
12,7197
36,7198
11,7199
16,7200
27,7201
30,7202
27,7203
30,7204
30,7205
25,7206
16,7207
11,7208
30,7209
9,7210
12,7211
3,7212
24,7213
34,7214
15,7215
0,7216
3,7217
2,7218
6,7219
27,7220
17,7221
0,7222
19,7223
1,7224
20,7225
2,7226
6,7227
8,7228
28,7229
3,7230
19,7231
3,7232
2,7233
16,7234
38,7235
34,7236
8,7237
12,7238
29,7239
16,7240
1,7241
8,7242
18,7243
30,7244
2,7245
11,7246
25,7247
10,7248
32,7249
20,7250
25,7251
21,7252
2,7253
10,7254
8,7255
4,7256
26,7257
5,7258
36,7259
9,7260
6,7261
6,7262
7,7263
3,7264
16,7265
15,7266
2,7267
39,7268
15,7269
8,7270
0,7271
14,7272
33,7273
11,7274
1,7275
29,7276
17,7277
6,7278
2,7279
26,7280
21,7281
3,7282
8,7283
14,7284
9,7285
9,7286
11,7287
35,7288
38,7289
38,7290
27,7291
0,7292
23,7293
1,7294
37,7295
2,7296
6,7297
3,7298
8,7299
2,7300
31,7301
6,7302
21,7303
29,7304
29,7305
10,7306
18,7307
26,7308
21,7309
14,7310
31,7311
27,7312
27,7313
22,7314
38,7315
6,7316
1,7317
30,7318
8,7319
38,7320
36,7321
39,7322
23,7323
11,7324
30,7325
17,7326
18,7327
13,7328
8,7329
19,7330
10,7331
2,7332
12,7333
21,7334
30,7335
25,7336
8,7337
5,7338
4,7339
16,7340
2,7341
14,7342
2,7343
2,7344
16,7345
14,7346
11,7347
21,7348
8,7349
22,7350
16,7351
7,7352
5,7353
15,7354
18,7355
20,7356
17,7357
26,7358
1,7359
14,7360
15,7361
11,7362
8,7363
11,7364
0,7365
39,7366
25,7367
6,7368
25,7369
15,7370
7,7371
6,7372
2,7373
32,7374
10,7375
21,7376
10,7377
21,7378
20,7379
35,7380
21,7381
36,7382
39,7383
20,7384
30,7385
37,7386
37,7387
23,7388
39,7389
22,7390
20,7391
32,7392
37,7393
3,7394
18,7395
5,7396
0,7397
36,7398
1,7399
5,7400
24,7401
2,7402
38,7403
31,7404
27,7405
33,7406
3,7407
13,7408
38,7409
15,7410
16,7411
38,7412
15,7413
32,7414
35,7415
17,7416
14,7417
27,7418
20,7419
16,7420
21,7421
34,7422
37,7423
9,7424
2,7425
23,7426
2,7427
39,7428
3,7429
24,7430
15,7431
9,7432
29,7433
13,7434
13,7435
12,7436
16,7437
3,7438
15,7439
21,7440
2,7441
11,7442
25,7443
37,7444
5,7445
31,7446
33,7447
21,7448
3,7449
3,7450
24,7451
10,7452
16,7453
3,7454
4,7455
18,7456
5,7457
13,7458
6,7459
21,7460
28,7461
2,7462
7,7463
13,7464
36,7465
20,7466
33,7467
15,7468
4,7469
7,7470
10,7471
2,7472
13,7473
10,7474
31,7475
2,7476
6,7477
32,7478
14,7479
12,7480
7,7481
22,7482
33,7483
29,7484
35,7485
36,7486
34,7487
39,7488
7,7489
32,7490
9,7491
16,7492
32,7493
18,7494
12,7495
6,7496
2,7497
23,7498
18,7499
13,7500
15,7501
33,7502
28,7503
21,7504
27,7505
9,7506
17,7507
10,7508
20,7509
25,7510
29,7511
38,7512
35,7513
24,7514
9,7515
33,7516
29,7517
36,7518
31,7519
13,7520
28,7521
0,7522
11,7523
7,7524
1,7525
3,7526
6,7527
35,7528
20,7529
1,7530
19,7531
18,7532
21,7533
14,7534
8,7535
22,7536
37,7537
12,7538
21,7539
28,7540
28,7541
7,7542
15,7543
38,7544
21,7545
11,7546
16,7547
0,7548
15,7549
5,7550
33,7551
33,7552
13,7553
8,7554
15,7555
3,7556
0,7557
1,7558
34,7559
6,7560
4,7561
4,7562
21,7563
7,7564
32,7565
20,7566
11,7567
15,7568
23,7569
18,7570
21,7571
12,7572
32,7573
24,7574
25,7575
0,7576
23,7577
2,7578
1,7579
31,7580
2,7581
16,7582
3,7583
25,7584
21,7585
28,7586
17,7587
25,7588
31,7589
21,7590
22,7591
34,7592
37,7593
22,7594
19,7595
34,7596
26,7597
33,7598
28,7599
12,7600
5,7601
31,7602
0,7603
4,7604
1,7605
32,7606
2,7607
33,7608
38,7609
37,7610
27,7611
29,7612
3,7613
23,7614
4,7615
23,7616
35,7617
35,7618
38,7619
2,7620
23,7621
18,7622
11,7623
24,7624
34,7625
32,7626
14,7627
29,7628
7,7629
4,7630
30,7631
16,7632
24,7633
24,7634
28,7635
5,7636
32,7637
4,7638
31,7639
17,7640
10,7641
32,7642
37,7643
35,7644
1,7645
3,7646
36,7647
26,7648
14,7649
18,7650
27,7651
36,7652
1,7653
25,7654
14,7655
27,7656
31,7657
26,7658
31,7659
32,7660
21,7661
2,7662
22,7663
12,7664
26,7665
36,7666
16,7667
0,7668
29,7669
9,7670
12,7671
23,7672
18,7673
23,7674
9,7675
39,7676
2,7677
37,7678
25,7679
29,7680
37,7681
18,7682
15,7683
6,7684
15,7685
13,7686
4,7687
6,7688
26,7689
4,7690
14,7691
5,7692
5,7693
6,7694
18,7695
1,7696
7,7697
18,7698
18,7699
8,7700
15,7701
33,7702
20,7703
9,7704
23,7705
6,7706
2,7707
37,7708
33,7709
30,7710
39,7711
27,7712
1,7713
14,7714
23,7715
28,7716
35,7717
35,7718
20,7719
18,7720
13,7721
12,7722
13,7723
39,7724
13,7725
6,7726
3,7727
19,7728
6,7729
19,7730
18,7731
0,7732
7,7733
6,7734
20,7735
12,7736
38,7737
25,7738
35,7739
36,7740
21,7741
29,7742
27,7743
6,7744
18,7745
0,7746
13,7747
23,7748
3,7749
3,7750
12,7751
13,7752
19,7753
1,7754
37,7755
39,7756
14,7757
30,7758
32,7759
5,7760
17,7761
20,7762
12,7763
4,7764
20,7765
15,7766
18,7767
36,7768
10,7769
8,7770
35,7771
12,7772
35,7773
4,7774
8,7775
20,7776
14,7777
24,7778
39,7779
0,7780
32,7781
7,7782
32,7783
15,7784
32,7785
20,7786
4,7787
33,7788
24,7789
1,7790
31,7791
37,7792
37,7793
10,7794
39,7795
10,7796
5,7797
18,7798
30,7799
18,7800
35,7801
3,7802
0,7803
27,7804
16,7805
32,7806
39,7807
4,7808
25,7809
20,7810
5,7811
19,7812
6,7813
38,7814
7,7815
1,7816
16,7817
19,7818
36,7819
20,7820
14,7821
11,7822
38,7823
23,7824
14,7825
20,7826
6,7827
30,7828
38,7829
30,7830
18,7831
31,7832
39,7833
24,7834
24,7835
29,7836
11,7837
36,7838
23,7839
14,7840
6,7841
27,7842
31,7843
13,7844
35,7845
32,7846
7,7847
38,7848
1,7849
19,7850
32,7851
14,7852
27,7853
7,7854
26,7855
16,7856
17,7857
29,7858
25,7859
19,7860
9,7861
22,7862
11,7863
17,7864
12,7865
26,7866
39,7867
10,7868
28,7869
15,7870
2,7871
4,7872
25,7873
5,7874
7,7875
6,7876
34,7877
7,7878
30,7879
3,7880
30,7881
13,7882
8,7883
5,7884
17,7885
23,7886
31,7887
20,7888
12,7889
30,7890
2,7891
9,7892
11,7893
28,7894
5,7895
32,7896
3,7897
12,7898
28,7899
15,7900
24,7901
5,7902
1,7903
23,7904
23,7905
5,7906
5,7907
10,7908
7,7909
27,7910
14,7911
12,7912
11,7913
33,7914
37,7915
39,7916
25,7917
15,7918
35,7919
4,7920
21,7921
13,7922
5,7923
21,7924
6,7925
19,7926
7,7927
9,7928
22,7929
11,7930
0,7931
2,7932
8,7933
24,7934
4,7935
7,7936
5,7937
17,7938
21,7939
31,7940
11,7941
34,7942
32,7943
24,7944
25,7945
39,7946
10,7947
34,7948
25,7949
23,7950
21,7951
28,7952
24,7953
12,7954
19,7955
24,7956
15,7957
8,7958
13,7959
1,7960
14,7961
18,7962
20,7963
12,7964
20,7965
32,7966
29,7967
39,7968
26,7969
29,7970
16,7971
16,7972
19,7973
4,7974
12,7975
3,7976
2,7977
31,7978
27,7979
31,7980
0,7981
6,7982
37,7983
1,7984
12,7985
1,7986
38,7987
2,7988
16,7989
3,7990
30,7991
7,7992
7,7993
31,7994
31,7995
21,7996
20,7997
27,7998
21,7999
15,8000
9,8001
24,8002
4,8003
1,8004
14,8005
36,8006
28,8007
26,8008
8,8009
37,8010
28,8011
0,8012
7,8013
2,8014
29,8015
1,8016
30,8017
2,8018
1,8019
35,8020
3,8021
4,8022
24,8023
39,8024
9,8025
4,8026
3,8027
25,8028
34,8029
19,8030
25,8031
34,8032
4,8033
34,8034
7,8035
32,8036
9,8037
6,8038
2,8039
17,8040
12,8041
37,8042
37,8043
26,8044
22,8045
19,8046
33,8047
20,8048
16,8049
31,8050
13,8051
18,8052
11,8053
19,8054
12,8055
35,8056
32,8057
16,8058
34,8059
26,8060
33,8061
31,8062
20,8063
9,8064
10,8065
0,8066
28,8067
1,8068
31,8069
2,8070
18,8071
3,8072
27,8073
12,8074
21,8075
19,8076
3,8077
31,8078
4,8079
11,8080
30,8081
22,8082
16,8083
13,8084
38,8085
27,8086
27,8087
20,8088
5,8089
30,8090
27,8091
38,8092
4,8093
13,8094
14,8095
5,8096
16,8097
6,8098
4,8099
37,8100
7,8101
17,8102
0,8103
25,8104
34,8105
25,8106
23,8107
28,8108
0,8109
21,8110
1,8111
1,8112
32,8113
18,8114
3,8115
2,8116
20,8117
3,8118
37,8119
32,8120
26,8121
0,8122
1,8123
26,8124
23,8125
39,8126
33,8127
1,8128
31,8129
2,8130
2,8131
3,8132
8,8133
19,8134
9,8135
30,8136
11,8137
11,8138
21,8139
35,8140
4,8141
3,8142
5,8143
28,8144
6,8145
31,8146
7,8147
32,8148
9,8149
15,8150
33,8151
28,8152
9,8153
12,8154
37,8155
20,8156
31,8157
34,8158
15,8159
6,8160
21,8161
32,8162
29,8163
39,8164
0,8165
35,8166
21,8167
39,8168
24,8169
27,8170
26,8171
33,8172
8,8173
7,8174
35,8175
4,8176
16,8177
1,8178
16,8179
11,8180
5,8181
34,8182
26,8183
36,8184
9,8185
16,8186
35,8187
6,8188
39,8189
5,8190
29,8191
2,8192
0,8193
18,8194
35,8195
25,8196
26,8197
1,8198
14,8199
12,8200
12,8201
22,8202
16,8203
2,8204
36,8205
8,8206
31,8207
3,8208
34,8209
12,8210
27,8211
11,8212
30,8213
29,8214
36,8215
8,8216
30,8217
19,8218
17,8219
24,8220
29,8221
19,8222
23,8223
30,8224
4,8225
15,8226
5,8227
27,8228
4,8229
6,8230
6,8231
3,8232
7,8233
8,8234
33,8235
4,8236
38,8237
19,8238
20,8239
10,8240
19,8241
4,8242
38,8243
0,8244
5,8245
1,8246
9,8247
15,8248
2,8249
9,8250
27,8251
14,8252
15,8253
22,8254
3,8255
21,8256
11,8257
30,8258
3,8259
34,8260
34,8261
34,8262
5,8263
21,8264
29,8265
31,8266
38,8267
29,8268
7,8269
5,8270
26,8271
2,8272
39,8273
26,8274
1,8275
36,8276
35,8277
8,8278
5,8279
29,8280
8,8281
19,8282
37,8283
13,8284
13,8285
6,8286
28,8287
6,8288
27,8289
35,8290
39,8291
15,8292
6,8293
0,8294
14,8295
1,8296
29,8297
1,8298
2,8299
31,8300
3,8301
9,8302
12,8303
36,8304
22,8305
10,8306
21,8307
34,8308
21,8309
39,8310
34,8311
5,8312
13,8313
8,8314
31,8315
12,8316
31,8317
20,8318
16,8319
21,8320
12,8321
3,8322
29,8323
22,8324
4,8325
19,8326
10,8327
5,8328
16,8329
9,8330
15,8331
11,8332
39,8333
21,8334
14,8335
21,8336
4,8337
32,8338
26,8339
10,8340
39,8341
5,8342
4,8343
9,8344
18,8345
0,8346
18,8347
29,8348
1,8349
36,8350
2,8351
11,8352
3,8353
6,8354
37,8355
7,8356
18,8357
3,8358
25,8359
28,8360
16,8361
14,8362
31,8363
6,8364
37,8365
29,8366
24,8367
32,8368
5,8369
36,8370
26,8371
12,8372
36,8373
24,8374
10,8375
28,8376
1,8377
5,8378
3,8379
3,8380
22,8381
22,8382
13,8383
33,8384
12,8385
2,8386
10,8387
21,8388
39,8389
32,8390
38,8391
29,8392
32,8393
12,8394
31,8395
28,8396
8,8397
35,8398
37,8399
37,8400
28,8401
27,8402
36,8403
21,8404
12,8405
2,8406
9,8407
22,8408
38,8409
17,8410
36,8411
24,8412
10,8413
2,8414
37,8415
4,8416
0,8417
5,8418
9,8419
6,8420
37,8421
7,8422
18,8423
12,8424
1,8425
32,8426
20,8427
9,8428
3,8429
8,8430
15,8431
21,8432
32,8433
0,8434
4,8435
19,8436
12,8437
3,8438
8,8439
0,8440
15,8441
1,8442
15,8443
2,8444
12,8445
32,8446
3,8447
33,8448
8,8449
20,8450
15,8451
6,8452
19,8453
13,8454
17,8455
34,8456
11,8457
15,8458
26,8459
38,8460
12,8461
4,8462
0,8463
5,8464
21,8465
6,8466
37,8467
8,8468
21,8469
7,8470
1,8471
37,8472
1,8473
30,8474
27,8475
14,8476
15,8477
36,8478
11,8479
28,8480
26,8481
17,8482
31,8483
12,8484
10,8485
38,8486
1,8487
7,8488
20,8489
8,8490
11,8491
19,8492
22,8493
12,8494
0,8495
8,8496
22,8497
18,8498
10,8499
2,8500
19,8501
0,8502
17,8503
36,8504
3,8505
0,8506
36,8507
14,8508
11,8509
22,8510
12,8511
2,8512
5,8513
2,8514
28,8515
15,8516
30,8517
7,8518
13,8519
34,8520
38,8521
34,8522
9,8523
4,8524
7,8525
8,8526
13,8527
15,8528
31,8529
20,8530
37,8531
29,8532
33,8533
15,8534
2,8535
3,8536
9,8537
6,8538
29,8539
5,8540
35,8541
37,8542
23,8543
20,8544
12,8545
36,8546
35,8547
8,8548
26,8549
15,8550
33,8551
0,8552
33,8553
25,8554
37,8555
22,8556
12,8557
15,8558
37,8559
7,8560
25,8561
35,8562
17,8563
9,8564
31,8565
30,8566
18,8567
30,8568
12,8569
23,8570
31,8571
21,8572
20,8573
10,8574
0,8575
7,8576
31,8577
35,8578
38,8579
1,8580
19,8581
8,8582
0,8583
10,8584
4,8585
15,8586
1,8587
18,8588
20,8589
2,8590
30,8591
7,8592
3,8593
33,8594
30,8595
12,8596
37,8597
12,8598
36,8599
12,8600
37,8601
35,8602
21,8603
18,8604
15,8605
29,8606
37,8607
4,8608
25,8609
12,8610
27,8611
35,8612
3,8613
13,8614
25,8615
2,8616
5,8617
18,8618
3,8619
4,8620
15,8621
5,8622
37,8623
39,8624
8,8625
13,8626
22,8627
30,8628
6,8629
27,8630
7,8631
37,8632
26,8633
6,8634
18,8635
28,8636
21,8637
4,8638
9,8639
5,8640
14,8641
6,8642
24,8643
7,8644
15,8645
23,8646
23,8647
30,8648
19,8649
33,8650
18,8651
17,8652
9,8653
7,8654
19,8655
16,8656
32,8657
7,8658
4,8659
13,8660
12,8661
16,8662
27,8663
30,8664
4,8665
0,8666
14,8667
5,8668
4,8669
13,8670
16,8671
26,8672
33,8673
24,8674
30,8675
24,8676
5,8677
3,8678
28,8679
1,8680
6,8681
8,8682
31,8683
34,8684
10,8685
34,8686
14,8687
22,8688
25,8689
8,8690
38,8691
9,8692
27,8693
35,8694
0,8695
37,8696
1,8697
34,8698
2,8699
0,8700
2,8701
3,8702
36,8703
13,8704
5,8705
29,8706
32,8707
2,8708
32,8709
37,8710
22,8711
27,8712
22,8713
26,8714
20,8715
27,8716
25,8717
29,8718
22,8719
11,8720
0,8721
27,8722
34,8723
9,8724
20,8725
6,8726
32,8727
3,8728
25,8729
25,8730
22,8731
25,8732
36,8733
20,8734
10,8735
32,8736
35,8737
23,8738
11,8739
34,8740
17,8741
30,8742
37,8743
23,8744
28,8745
1,8746
24,8747
33,8748
14,8749
11,8750
2,8751
28,8752
36,8753
26,8754
11,8755
24,8756
10,8757
5,8758
11,8759
0,8760
6,8761
28,8762
27,8763
30,8764
25,8765
33,8766
37,8767
20,8768
14,8769
38,8770
3,8771
7,8772
31,8773
9,8774
2,8775
31,8776
26,8777
19,8778
3,8779
30,8780
9,8781
25,8782
9,8783
23,8784
2,8785
19,8786
8,8787
11,8788
11,8789
11,8790
25,8791
18,8792
38,8793
23,8794
21,8795
18,8796
16,8797
33,8798
23,8799
19,8800
23,8801
13,8802
26,8803
11,8804
39,8805
20,8806
7,8807
12,8808
24,8809
5,8810
16,8811
2,8812
32,8813
8,8814
28,8815
28,8816
4,8817
3,8818
11,8819
4,8820
34,8821
28,8822
22,8823
6,8824
7,8825
16,8826
8,8827
5,8828
0,8829
36,8830
15,8831
22,8832
38,8833
5,8834
32,8835
13,8836
38,8837
38,8838
23,8839
39,8840
37,8841
25,8842
23,8843
28,8844
17,8845
0,8846
23,8847
38,8848
1,8849
19,8850
2,8851
38,8852
12,8853
15,8854
3,8855
30,8856
39,8857
12,8858
26,8859
39,8860
36,8861
39,8862
2,8863
10,8864
26,8865
26,8866
18,8867
35,8868
29,8869
33,8870
29,8871
31,8872
34,8873
10,8874
17,8875
20,8876
24,8877
24,8878
35,8879
16,8880
16,8881
12,8882
2,8883
31,8884
24,8885
24,8886
23,8887
24,8888
22,8889
14,8890
14,8891
4,8892
8,8893
28,8894
35,8895
33,8896
16,8897
38,8898
8,8899
26,8900
39,8901
28,8902
2,8903
23,8904
3,8905
6,8906
11,8907
15,8908
25,8909
27,8910
4,8911
36,8912
15,8913
37,8914
18,8915
8,8916
6,8917
30,8918
20,8919
32,8920
7,8921
10,8922
4,8923
6,8924
0,8925
10,8926
35,8927
2,8928
23,8929
36,8930
31,8931
10,8932
18,8933
4,8934
36,8935
12,8936
0,8937
4,8938
1,8939
34,8940
10,8941
2,8942
30,8943
9,8944
3,8945
3,8946
5,8947
31,8948
2,8949
13,8950
39,8951
28,8952
8,8953
6,8954
14,8955
10,8956
17,8957
1,8958
0,8959
3,8960
1,8961
1,8962
2,8963
19,8964
3,8965
15,8966
6,8967
29,8968
28,8969
15,8970
0,8971
5,8972
1,8973
14,8974
6,8975
14,8976
20,8977
12,8978
2,8979
11,8980
3,8981
24,8982
10,8983
21,8984
28,8985
29,8986
3,8987
16,8988
6,8989
17,8990
12,8991
2,8992
35,8993
32,8994
28,8995
29,8996
6,8997
39,8998
14,8999
6,9000
22,9001
5,9002
3,9003
9,9004
39,9005
13,9006
8,9007
26,9008
36,9009
0,9010
32,9011
17,9012
16,9013
11,9014
20,9015
15,9016
9,9017
36,9018
27,9019
14,9020
2,9021
5,9022
26,9023
38,9024
18,9025
1,9026
37,9027
8,9028
18,9029
30,9030
13,9031
35,9032
23,9033
24,9034
21,9035
1,9036
14,9037
18,9038
9,9039
29,9040
29,9041
32,9042
16,9043
21,9044
26,9045
13,9046
22,9047
9,9048
30,9049
17,9050
29,9051
3,9052
2,9053
31,9054
27,9055
36,9056
16,9057
29,9058
5,9059
19,9060
9,9061
2,9062
8,9063
13,9064
28,9065
10,9066
35,9067
33,9068
17,9069
3,9070
9,9071
17,9072
36,9073
8,9074
20,9075
34,9076
6,9077
38,9078
37,9079
2,9080
15,9081
26,9082
3,9083
9,9084
12,9085
28,9086
25,9087
22,9088
10,9089
2,9090
26,9091
21,9092
32,9093
14,9094
5,9095
4,9096
5,9097
15,9098
16,9099
27,9100
15,9101
2,9102
33,9103
38,9104
23,9105
12,9106
22,9107
28,9108
29,9109
22,9110
18,9111
24,9112
12,9113
13,9114
3,9115
30,9116
27,9117
8,9118
15,9119
16,9120
6,9121
0,9122
12,9123
3,9124
1,9125
24,9126
2,9127
38,9128
12,9129
3,9130
28,9131
19,9132
17,9133
30,9134
27,9135
8,9136
35,9137
23,9138
19,9139
7,9140
35,9141
17,9142
6,9143
25,9144
29,9145
18,9146
8,9147
20,9148
10,9149
5,9150
30,9151
32,9152
21,9153
25,9154
23,9155
23,9156
10,9157
26,9158
23,9159
37,9160
34,9161
7,9162
20,9163
30,9164
23,9165
9,9166
24,9167
33,9168
30,9169
32,9170
21,9171
8,9172
27,9173
15,9174
27,9175
14,9176
19,9177
6,9178
33,9179
27,9180
22,9181
39,9182
27,9183
19,9184
7,9185
15,9186
39,9187
6,9188
38,9189
34,9190
29,9191
19,9192
27,9193
16,9194
8,9195
5,9196
11,9197
38,9198
12,9199
19,9200
36,9201
14,9202
9,9203
12,9204
9,9205
30,9206
24,9207
25,9208
35,9209
31,9210
11,9211
27,9212
9,9213
21,9214
32,9215
6,9216
33,9217
11,9218
32,9219
4,9220
33,9221
0,9222
7,9223
21,9224
28,9225
21,9226
8,9227
9,9228
39,9229
11,9230
32,9231
32,9232
26,9233
19,9234
37,9235
30,9236
3,9237
15,9238
37,9239
20,9240
30,9241
1,9242
29,9243
29,9244
36,9245
30,9246
11,9247
34,9248
20,9249
24,9250
33,9251
19,9252
10,9253
31,9254
2,9255
28,9256
6,9257
23,9258
2,9259
3,9260
5,9261
34,9262
6,9263
21,9264
15,9265
6,9266
25,9267
4,9268
10,9269
22,9270
5,9271
16,9272
5,9273
29,9274
14,9275
6,9276
9,9277
10,9278
7,9279
9,9280
3,9281
19,9282
38,9283
0,9284
37,9285
37,9286
23,9287
5,9288
34,9289
8,9290
9,9291
10,9292
26,9293
0,9294
10,9295
27,9296
21,9297
14,9298
15,9299
6,9300
13,9301
28,9302
39,9303
12,9304
2,9305
31,9306
23,9307
12,9308
28,9309
35,9310
11,9311
0,9312
12,9313
4,9314
19,9315
29,9316
32,9317
18,9318
30,9319
2,9320
17,9321
34,9322
12,9323
34,9324
38,9325
30,9326
12,9327
29,9328
7,9329
4,9330
5,9331
39,9332
31,9333
32,9334
16,9335
23,9336
9,9337
28,9338
5,9339
3,9340
9,9341
35,9342
21,9343
4,9344
21,9345
26,9346
8,9347
2,9348
30,9349
0,9350
34,9351
35,9352
33,9353
21,9354
16,9355
31,9356
2,9357
3,9358
39,9359
21,9360
20,9361
4,9362
34,9363
5,9364
26,9365
6,9366
28,9367
18,9368
7,9369
9,9370
39,9371
24,9372
19,9373
27,9374
9,9375
10,9376
18,9377
4,9378
15,9379
22,9380
35,9381
5,9382
24,9383
33,9384
30,9385
12,9386
33,9387
30,9388
15,9389
23,9390
27,9391
26,9392
29,9393
36,9394
15,9395
37,9396
32,9397
32,9398
33,9399
7,9400
20,9401
15,9402
12,9403
34,9404
30,9405
37,9406
28,9407
37,9408
15,9409
0,9410
11,9411
20,9412
16,9413
8,9414
1,9415
1,9416
20,9417
31,9418
4,9419
2,9420
36,9421
11,9422
3,9423
30,9424
37,9425
7,9426
20,9427
30,9428
20,9429
36,9430
20,9431
18,9432
0,9433
8,9434
28,9435
3,9436
35,9437
31,9438
33,9439
38,9440
25,9441
13,9442
1,9443
29,9444
25,9445
19,9446
4,9447
0,9448
27,9449
12,9450
20,9451
1,9452
3,9453
37,9454
23,9455
2,9456
31,9457
4,9458
2,9459
3,9460
2,9461
0,9462
12,9463
33,9464
14,9465
38,9466
39,9467
27,9468
6,9469
18,9470
17,9471
20,9472
5,9473
11,9474
23,9475
36,9476
24,9477
25,9478
29,9479
8,9480
10,9481
25,9482
27,9483
17,9484
39,9485
13,9486
38,9487
28,9488
7,9489
37,9490
9,9491
14,9492
17,9493
17,9494
24,9495
5,9496
3,9497
24,9498
22,9499
20,9500
31,9501
24,9502
29,9503
8,9504
1,9505
31,9506
23,9507
7,9508
18,9509
18,9510
2,9511
6,9512
1,9513
29,9514
29,9515
37,9516
33,9517
0,9518
37,9519
5,9520
11,9521
8,9522
24,9523
17,9524
10,9525
1,9526
12,9527
1,9528
5,9529
4,9530
13,9531
35,9532
27,9533
0,9534
29,9535
26,9536
20,9537
1,9538
1,9539
2,9540
33,9541
3,9542
12,9543
17,9544
17,9545
0,9546
37,9547
30,9548
1,9549
7,9550
2,9551
20,9552
3,9553
15,9554
9,9555
10,9556
13,9557
34,9558
33,9559
27,9560
22,9561
7,9562
10,9563
19,9564
20,9565
35,9566
12,9567
37,9568
37,9569
20,9570
32,9571
10,9572
35,9573
7,9574
16,9575
35,9576
29,9577
2,9578
21,9579
37,9580
22,9581
29,9582
22,9583
15,9584
24,9585
31,9586
30,9587
39,9588
3,9589
6,9590
19,9591
32,9592
3,9593
39,9594
15,9595
18,9596
20,9597
11,9598
11,9599
22,9600
26,9601
21,9602
18,9603
33,9604
38,9605
21,9606
32,9607
0,9608
18,9609
1,9610
22,9611
39,9612
3,9613
8,9614
2,9615
32,9616
38,9617
26,9618
3,9619
17,9620
19,9621
5,9622
17,9623
24,9624
17,9625
2,9626
31,9627
5,9628
25,9629
1,9630
13,9631
5,9632
22,9633
27,9634
32,9635
12,9636
5,9637
9,9638
31,9639
9,9640
22,9641
27,9642
4,9643
7,9644
5,9645
17,9646
6,9647
24,9648
7,9649
23,9650
7,9651
29,9652
16,9653
19,9654
20,9655
27,9656
6,9657
39,9658
22,9659
38,9660
35,9661
27,9662
36,9663
26,9664
16,9665
18,9666
6,9667
14,9668
31,9669
9,9670
20,9671
18,9672
14,9673
0,9674
16,9675
2,9676
3,9677
2,9678
21,9679
27,9680
11,9681
9,9682
2,9683
4,9684
11,9685
35,9686
7,9687
9,9688
24,9689
30,9690
0,9691
21,9692
31,9693
10,9694
7,9695
19,9696
36,9697
27,9698
34,9699
0,9700
10,9701
3,9702
33,9703
33,9704
35,9705
30,9706
22,9707
35,9708
26,9709
24,9710
12,9711
35,9712
27,9713
23,9714
23,9715
23,9716
38,9717
21,9718
27,9719
2,9720
9,9721
35,9722
20,9723
14,9724
8,9725
18,9726
2,9727
38,9728
22,9729
4,9730
4,9731
5,9732
26,9733
10,9734
37,9735
6,9736
29,9737
7,9738
20,9739
9,9740
24,9741
10,9742
17,9743
0,9744
3,9745
31,9746
24,9747
24,9748
15,9749
26,9750
21,9751
27,9752
19,9753
1,9754
29,9755
28,9756
26,9757
18,9758
17,9759
35,9760
23,9761
18,9762
18,9763
20,9764
28,9765
2,9766
33,9767
29,9768
33,9769
8,9770
9,9771
11,9772
30,9773
30,9774
30,9775
0,9776
9,9777
15,9778
19,9779
33,9780
14,9781
2,9782
1,9783
22,9784
10,9785
2,9786
30,9787
24,9788
7,9789
29,9790
9,9791
25,9792
34,9793
21,9794
15,9795
30,9796
1,9797
37,9798
26,9799
2,9800
3,9801
15,9802
29,9803
14,9804
1,9805
12,9806
2,9807
0,9808
31,9809
12,9810
24,9811
27,9812
23,9813
9,9814
23,9815
14,9816
3,9817
7,9818
25,9819
9,9820
10,9821
22,9822
35,9823
1,9824
36,9825
14,9826
17,9827
19,9828
3,9829
34,9830
26,9831
11,9832
29,9833
3,9834
28,9835
35,9836
21,9837
39,9838
32,9839
20,9840
24,9841
16,9842
6,9843
18,9844
32,9845
38,9846
30,9847
9,9848
33,9849
37,9850
20,9851
5,9852
27,9853
38,9854
35,9855
7,9856
35,9857
37,9858
33,9859
33,9860
27,9861
7,9862
3,9863
16,9864
32,9865
13,9866
17,9867
38,9868
35,9869
38,9870
29,9871
39,9872
14,9873
27,9874
38,9875
17,9876
15,9877
17,9878
22,9879
0,9880
27,9881
0,9882
17,9883
34,9884
1,9885
30,9886
2,9887
10,9888
29,9889
24,9890
3,9891
2,9892
36,9893
13,9894
39,9895
23,9896
36,9897
16,9898
30,9899
29,9900
9,9901
19,9902
36,9903
20,9904
10,9905
13,9906
3,9907
25,9908
37,9909
26,9910
38,9911
15,9912
37,9913
1,9914
34,9915
27,9916
30,9917
39,9918
27,9919
5,9920
18,9921
14,9922
27,9923
16,9924
11,9925
28,9926
21,9927
19,9928
4,9929
4,9930
20,9931
14,9932
27,9933
35,9934
33,9935
33,9936
37,9937
1,9938
17,9939
8,9940
9,9941
39,9942
36,9943
21,9944
19,9945
35,9946
4,9947
21,9948
5,9949
5,9950
29,9951
15,9952
6,9953
22,9954
9,9955
7,9956
9,9957
13,9958
39,9959
5,9960
1,9961
18,9962
31,9963
21,9964
32,9965
2,9966
19,9967
16,9968
12,9969
23,9970
35,9971
14,9972
16,9973
8,9974
8,9975
16,9976
38,9977
15,9978
8,9979
12,9980
20,9981
5,9982
3,9983
24,9984
20,9985
23,9986
30,9987
26,9988
0,9989
13,9990
5,9991
35,9992
38,9993
28,9994
4,9995
3,9996
31,9997
13,9998
25,9999
