33,0
39,1
29,2
27,3
40,4
45,5
6,6
43,7
27,8
29,9
31,10
38,11
10,12
12,13
29,14
32,15
33,16
10,17
43,18
1,19
46,20
38,21
4,22
3,23
29,24
23,25
9,26
32,27
14,28
1,29
17,30
7,31
49,32
41,33
8,34
21,35
49,36
0,37
21,38
5,39
17,40
46,41
14,42
36,43
20,44
32,45
35,46
37,47
38,48
11,49
29,50
17,51
36,52
27,53
43,54
35,55
0,56
26,57
17,58
23,59
3,60
48,61
45,62
11,63
15,64
18,65
20,66
45,67
49,68
4,69
4,70
19,71
26,72
37,73
48,74
14,75
30,76
3,77
41,78
10,79
7,80
32,81
33,82
17,83
28,84
35,85
48,86
25,87
15,88
40,89
15,90
16,91
16,92
0,93
5,94
8,95
24,96
1,97
26,98
2,99
27,100
25,101
40,102
3,103
41,104
34,105
9,106
41,107
41,108
32,109
24,110
23,111
39,112
2,113
4,114
33,115
5,116
0,117
6,118
32,119
7,120
37,121
42,122
24,123
9,124
22,125
41,126
15,127
39,128
32,129
47,130
39,131
31,132
15,133
35,134
39,135
41,136
0,137
39,138
15,139
46,140
37,141
21,142
21,143
1,144
18,145
18,146
9,147
42,148
39,149
29,150
23,151
30,152
31,153
26,154
41,155
14,156
25,157
19,158
47,159
4,160
43,161
27,162
16,163
32,164
40,165
47,166
5,167
26,168
6,169
27,170
7,171
46,172
32,173
40,174
15,175
21,176
14,177
18,178
21,179
29,180
7,181
14,182
41,183
2,184
8,185
3,186
17,187
13,188
35,189
10,190
3,191
30,192
15,193
18,194
47,195
44,196
7,197
21,198
40,199
2,200
18,201
27,202
0,203
35,204
1,205
35,206
23,207
0,208
29,209
13,210
19,211
34,212
2,213
19,214
20,215
15,216
4,217
3,218
44,219
6,220
43,221
5,222
5,223
19,224
40,225
41,226
0,227
44,228
1,229
42,230
28,231
2,232
8,233
20,234
3,235
20,236
8,237
41,238
39,239
3,240
39,241
4,242
11,243
49,244
28,245
1,246
5,247
37,248
28,249
49,250
46,251
8,252
14,253
12,254
47,255
1,256
44,257
42,258
40,259
40,260
24,261
29,262
43,263
8,264
38,265
32,266
38,267
31,268
26,269
5,270
14,271
5,272
8,273
11,274
42,275
14,276
6,277
0,278
19,279
26,280
45,281
41,282
37,283
41,284
42,285
35,286
1,287
27,288
16,289
9,290
43,291
44,292
9,293
5,294
24,295
5,296
33,297
7,298
32,299
1,300
27,301
13,302
35,303
10,304
27,305
35,306
5,307
36,308
40,309
37,310
36,311
37,312
10,313
5,314
20,315
49,316
27,317
30,318
11,319
3,320
44,321
15,322
26,323
16,324
8,325
38,326
24,327
21,328
37,329
1,330
36,331
43,332
1,333
10,334
30,335
0,336
31,337
48,338
38,339
4,340
19,341
42,342
36,343
28,344
19,345
46,346
34,347
36,348
8,349
1,350
18,351
22,352
37,353
44,354
27,355
36,356
20,357
16,358
10,359
8,360
5,361
33,362
16,363
40,364
7,365
16,366
13,367
19,368
34,369
23,370
14,371
7,372
12,373
29,374
10,375
30,376
32,377
14,378
27,379
43,380
41,381
28,382
43,383
0,384
8,385
21,386
44,387
49,388
10,389
15,390
18,391
14,392
32,393
44,394
48,395
36,396
29,397
14,398
15,399
15,400
42,401
6,402
45,403
38,404
45,405
29,406
22,407
47,408
37,409
12,410
24,411
23,412
38,413
13,414
3,415
43,416
34,417
39,418
23,419
32,420
34,421
48,422
35,423
11,424
46,425
41,426
26,427
48,428
38,429
34,430
40,431
35,432
24,433
33,434
2,435
16,436
15,437
11,438
33,439
41,440
15,441
13,442
30,443
45,444
29,445
40,446
39,447
21,448
47,449
3,450
13,451
15,452
32,453
12,454
20,455
37,456
22,457
39,458
16,459
44,460
23,461
16,462
35,463
0,464
17,465
20,466
1,467
19,468
47,469
2,470
23,471
3,472
29,473
49,474
28,475
48,476
11,477
25,478
40,479
26,480
5,481
6,482
25,483
44,484
4,485
27,486
5,487
5,488
36,489
6,490
21,491
7,492
27,493
28,494
6,495
1,496
38,497
17,498
33,499
44,500
1,501
3,502
40,503
15,504
34,505
42,506
49,507
35,508
30,509
41,510
23,511
15,512
3,513
15,514
19,515
42,516
9,517
46,518
49,519
43,520
37,521
24,522
22,523
8,524
4,525
27,526
27,527
10,528
5,529
32,530
46,531
3,532
1,533
21,534
32,535
9,536
48,537
47,538
24,539
22,540
21,541
26,542
41,543
6,544
46,545
46,546
9,547
45,548
46,549
33,550
5,551
48,552
5,553
16,554
36,555
20,556
13,557
9,558
45,559
4,560
26,561
1,562
5,563
9,564
6,565
38,566
7,567
8,568
43,569
29,570
46,571
6,572
48,573
43,574
18,575
7,576
22,577
4,578
33,579
34,580
38,581
36,582
28,583
7,584
17,585
36,586
47,587
11,588
22,589
44,590
42,591
26,592
24,593
28,594
19,595
8,596
0,597
13,598
14,599
0,600
4,601
1,602
13,603
2,604
0,605
3,606
28,607
41,608
8,609
35,610
3,611
14,612
21,613
48,614
4,615
8,616
15,617
23,618
37,619
45,620
42,621
14,622
31,623
15,624
1,625
21,626
39,627
0,628
24,629
43,630
11,631
19,632
36,633
49,634
6,635
48,636
22,637
47,638
19,639
7,640
43,641
19,642
1,643
18,644
21,645
11,646
13,647
27,648
25,649
43,650
26,651
10,652
13,653
9,654
11,655
31,656
6,657
34,658
44,659
20,660
11,661
49,662
15,663
4,664
30,665
7,666
24,667
6,668
35,669
16,670
40,671
48,672
4,673
8,674
5,675
47,676
42,677
6,678
47,679
7,680
8,681
25,682
39,683
30,684
4,685
5,686
23,687
4,688
5,689
9,690
23,691
33,692
49,693
36,694
38,695
6,696
28,697
7,698
5,699
36,700
13,701
4,702
6,703
25,704
5,705
0,706
6,707
44,708
36,709
7,710
37,711
14,712
41,713
37,714
30,715
36,716
40,717
46,718
17,719
3,720
12,721
32,722
13,723
44,724
10,725
9,726
5,727
6,728
40,729
12,730
22,731
39,732
31,733
40,734
4,735
5,736
5,737
24,738
20,739
6,740
45,741
4,742
7,743
20,744
41,745
2,746
6,747
6,748
24,749
45,750
10,751
40,752
3,753
0,754
38,755
1,756
4,757
2,758
10,759
42,760
3,761
6,762
2,763
47,764
4,765
20,766
34,767
38,768
18,769
4,770
12,771
9,772
3,773
3,774
37,775
14,776
48,777
3,778
40,779
45,780
2,781
49,782
17,783
43,784
29,785
36,786
33,787
15,788
23,789
16,790
43,791
45,792
11,793
46,794
9,795
34,796
37,797
41,798
47,799
48,800
8,801
32,802
1,803
19,804
40,805
43,806
9,807
43,808
46,809
23,810
45,811
34,812
5,813
30,814
6,815
3,816
48,817
34,818
4,819
28,820
16,821
44,822
5,823
39,824
15,825
1,826
10,827
39,828
35,829
5,830
49,831
34,832
11,833
21,834
27,835
6,836
25,837
6,838
34,839
28,840
48,841
12,842
39,843
23,844
43,845
21,846
24,847
11,848
1,849
35,850
17,851
45,852
31,853
8,854
28,855
29,856
24,857
17,858
49,859
15,860
34,861
19,862
0,863
31,864
13,865
19,866
33,867
22,868
31,869
28,870
31,871
35,872
9,873
43,874
11,875
14,876
1,877
30,878
20,879
22,880
19,881
46,882
23,883
2,884
33,885
3,886
29,887
5,888
23,889
44,890
25,891
37,892
27,893
24,894
24,895
38,896
14,897
7,898
48,899
22,900
23,901
35,902
0,903
33,904
42,905
36,906
33,907
8,908
25,909
33,910
43,911
23,912
43,913
44,914
23,915
22,916
44,917
4,918
20,919
5,920
49,921
6,922
9,923
7,924
10,925
12,926
35,927
0,928
45,929
43,930
1,931
13,932
49,933
43,934
35,935
29,936
16,937
15,938
23,939
22,940
39,941
23,942
2,943
20,944
15,945
28,946
41,947
1,948
24,949
47,950
20,951
49,952
12,953
21,954
11,955
2,956
46,957
36,958
41,959
27,960
41,961
25,962
2,963
13,964
14,965
19,966
17,967
30,968
23,969
44,970
17,971
36,972
15,973
9,974
5,975
19,976
14,977
6,978
44,979
14,980
31,981
16,982
14,983
30,984
45,985
2,986
15,987
35,988
42,989
43,990
21,991
20,992
40,993
43,994
43,995
29,996
5,997
0,998
13,999
41,1000
39,1001
48,1002
6,1003
13,1004
19,1005
48,1006
23,1007
35,1008
17,1009
1,1010
32,1011
38,1012
30,1013
34,1014
0,1015
33,1016
9,1017
41,1018
25,1019
4,1020
30,1021
46,1022
49,1023
5,1024
40,1025
6,1026
33,1027
7,1028
34,1029
14,1030
36,1031
41,1032
5,1033
26,1034
27,1035
30,1036
12,1037
43,1038
24,1039
34,1040
47,1041
36,1042
33,1043
2,1044
34,1045
35,1046
26,1047
15,1048
36,1049
37,1050
19,1051
11,1052
46,1053
45,1054
35,1055
36,1056
38,1057
15,1058
20,1059
1,1060
32,1061
19,1062
19,1063
41,1064
7,1065
38,1066
43,1067
5,1068
45,1069
2,1070
13,1071
1,1072
32,1073
28,1074
30,1075
41,1076
39,1077
34,1078
46,1079
21,1080
34,1081
8,1082
0,1083
38,1084
1,1085
32,1086
1,1087
2,1088
44,1089
17,1090
5,1091
7,1092
3,1093
5,1094
23,1095
11,1096
11,1097
4,1098
4,1099
46,1100
5,1101
12,1102
6,1103
35,1104
7,1105
25,1106
11,1107
2,1108
40,1109
0,1110
12,1111
26,1112
32,1113
34,1114
41,1115
14,1116
43,1117
26,1118
24,1119
38,1120
12,1121
9,1122
37,1123
27,1124
33,1125
30,1126
18,1127
37,1128
7,1129
11,1130
22,1131
1,1132
27,1133
15,1134
6,1135
11,1136
26,1137
2,1138
44,1139
23,1140
5,1141
23,1142
33,1143
33,1144
29,1145
20,1146
49,1147
12,1148
49,1149
12,1150
46,1151
10,1152
9,1153
14,1154
27,1155
15,1156
41,1157
33,1158
49,1159
0,1160
48,1161
2,1162
40,1163
13,1164
23,1165
22,1166
13,1167
29,1168
31,1169
46,1170
8,1171
21,1172
49,1173
13,1174
45,1175
31,1176
20,1177
40,1178
13,1179
5,1180
46,1181
32,1182
4,1183
0,1184
6,1185
46,1186
41,1187
5,1188
47,1189
3,1190
15,1191
43,1192
6,1193
27,1194
7,1195
12,1196
20,1197
21,1198
38,1199
5,1200
4,1201
5,1202
18,1203
23,1204
22,1205
28,1206
20,1207
24,1208
21,1209
44,1210
26,1211
11,1212
40,1213
46,1214
31,1215
20,1216
8,1217
15,1218
26,1219
19,1220
40,1221
0,1222
38,1223
5,1224
5,1225
18,1226
43,1227
24,1228
2,1229
48,1230
39,1231
41,1232
46,1233
6,1234
33,1235
9,1236
20,1237
21,1238
27,1239
27,1240
46,1241
35,1242
8,1243
33,1244
22,1245
12,1246
25,1247
32,1248
27,1249
45,1250
32,1251
21,1252
24,1253
4,1254
38,1255
10,1256
5,1257
10,1258
6,1259
7,1260
40,1261
7,1262
1,1263
30,1264
23,1265
49,1266
1,1267
21,1268
44,1269
7,1270
4,1271
4,1272
16,1273
10,1274
41,1275
10,1276
34,1277
44,1278
32,1279
18,1280
23,1281
9,1282
47,1283
43,1284
4,1285
10,1286
12,1287
41,1288
8,1289
11,1290
30,1291
19,1292
22,1293
43,1294
40,1295
25,1296
21,1297
48,1298
3,1299
22,1300
18,1301
40,1302
26,1303
4,1304
12,1305
0,1306
41,1307
11,1308
33,1309
40,1310
0,1311
8,1312
11,1313
24,1314
5,1315
17,1316
36,1317
2,1318
32,1319
0,1320
28,1321
1,1322
38,1323
2,1324
49,1325
3,1326
4,1327
34,1328
39,1329
36,1330
39,1331
2,1332
15,1333
40,1334
49,1335
43,1336
10,1337
23,1338
13,1339
23,1340
40,1341
3,1342
36,1343
40,1344
42,1345
48,1346
37,1347
29,1348
49,1349
43,1350
7,1351
43,1352
31,1353
12,1354
15,1355
14,1356
5,1357
32,1358
14,1359
7,1360
47,1361
35,1362
11,1363
39,1364
17,1365
3,1366
44,1367
48,1368
49,1369
23,1370
38,1371
43,1372
24,1373
21,1374
10,1375
33,1376
38,1377
33,1378
9,1379
33,1380
33,1381
29,1382
35,1383
14,1384
7,1385
40,1386
41,1387
42,1388
42,1389
35,1390
31,1391
26,1392
7,1393
48,1394
11,1395
16,1396
7,1397
49,1398
3,1399
45,1400
17,1401
30,1402
43,1403
9,1404
47,1405
20,1406
43,1407
23,1408
45,1409
21,1410
26,1411
46,1412
24,1413
0,1414
28,1415
37,1416
19,1417
36,1418
0,1419
21,1420
1,1421
41,1422
19,1423
21,1424
2,1425
16,1426
3,1427
45,1428
25,1429
1,1430
35,1431
18,1432
22,1433
33,1434
34,1435
39,1436
45,1437
9,1438
2,1439
2,1440
34,1441
46,1442
28,1443
5,1444
15,1445
19,1446
41,1447
19,1448
36,1449
48,1450
32,1451
39,1452
43,1453
23,1454
1,1455
21,1456
22,1457
10,1458
6,1459
23,1460
6,1461
8,1462
28,1463
26,1464
20,1465
10,1466
36,1467
33,1468
16,1469
44,1470
33,1471
28,1472
22,1473
12,1474
47,1475
41,1476
11,1477
43,1478
26,1479
7,1480
35,1481
47,1482
22,1483
14,1484
46,1485
39,1486
16,1487
16,1488
43,1489
0,1490
36,1491
14,1492
43,1493
30,1494
36,1495
38,1496
2,1497
4,1498
48,1499
40,1500
38,1501
32,1502
34,1503
47,1504
21,1505
20,1506
21,1507
44,1508
42,1509
42,1510
49,1511
9,1512
37,1513
25,1514
32,1515
25,1516
14,1517
7,1518
41,1519
19,1520
15,1521
45,1522
2,1523
44,1524
44,1525
23,1526
0,1527
3,1528
37,1529
1,1530
43,1531
2,1532
37,1533
4,1534
49,1535
3,1536
19,1537
32,1538
14,1539
0,1540
16,1541
6,1542
39,1543
30,1544
34,1545
24,1546
40,1547
39,1548
8,1549
15,1550
46,1551
40,1552
14,1553
14,1554
46,1555
33,1556
34,1557
38,1558
34,1559
33,1560
25,1561
41,1562
15,1563
48,1564
17,1565
15,1566
49,1567
18,1568
7,1569
26,1570
8,1571
38,1572
42,1573
35,1574
12,1575
32,1576
46,1577
13,1578
41,1579
42,1580
23,1581
34,1582
49,1583
0,1584
0,1585
21,1586
18,1587
29,1588
49,1589
1,1590
27,1591
46,1592
44,1593
19,1594
27,1595
26,1596
5,1597
7,1598
25,1599
47,1600
28,1601
26,1602
39,1603
49,1604
12,1605
5,1606
46,1607
22,1608
18,1609
4,1610
20,1611
5,1612
34,1613
5,1614
9,1615
6,1616
15,1617
7,1618
21,1619
20,1620
5,1621
38,1622
45,1623
10,1624
7,1625
26,1626
21,1627
21,1628
4,1629
45,1630
25,1631
30,1632
18,1633
35,1634
38,1635
5,1636
30,1637
0,1638
44,1639
23,1640
9,1641
0,1642
30,1643
1,1644
0,1645
38,1646
40,1647
26,1648
2,1649
44,1650
3,1651
47,1652
37,1653
4,1654
33,1655
33,1656
40,1657
36,1658
0,1659
43,1660
20,1661
1,1662
6,1663
10,1664
46,1665
2,1666
10,1667
3,1668
18,1669
45,1670
31,1671
28,1672
39,1673
31,1674
40,1675
26,1676
32,1677
34,1678
4,1679
43,1680
24,1681
32,1682
44,1683
5,1684
0,1685
8,1686
6,1687
27,1688
7,1689
27,1690
18,1691
17,1692
13,1693
22,1694
2,1695
26,1696
47,1697
10,1698
39,1699
49,1700
0,1701
20,1702
3,1703
25,1704
42,1705
39,1706
24,1707
11,1708
30,1709
23,1710
30,1711
2,1712
47,1713
9,1714
12,1715
29,1716
17,1717
7,1718
9,1719
10,1720
20,1721
13,1722
33,1723
9,1724
34,1725
18,1726
45,1727
47,1728
40,1729
14,1730
22,1731
20,1732
28,1733
22,1734
26,1735
1,1736
0,1737
23,1738
42,1739
23,1740
3,1741
48,1742
40,1743
12,1744
24,1745
28,1746
8,1747
0,1748
13,1749
1,1750
35,1751
2,1752
19,1753
41,1754
10,1755
22,1756
3,1757
41,1758
36,1759
17,1760
30,1761
22,1762
35,1763
18,1764
46,1765
6,1766
16,1767
34,1768
12,1769
38,1770
48,1771
21,1772
27,1773
14,1774
27,1775
28,1776
1,1777
42,1778
13,1779
41,1780
26,1781
31,1782
20,1783
4,1784
10,1785
39,1786
21,1787
23,1788
26,1789
16,1790
18,1791
0,1792
28,1793
14,1794
1,1795
33,1796
2,1797
17,1798
3,1799
7,1800
45,1801
19,1802
27,1803
41,1804
46,1805
34,1806
7,1807
43,1808
7,1809
44,1810
0,1811
38,1812
2,1813
33,1814
40,1815
39,1816
19,1817
5,1818
15,1819
26,1820
25,1821
35,1822
24,1823
33,1824
17,1825
40,1826
8,1827
41,1828
23,1829
49,1830
0,1831
33,1832
1,1833
6,1834
2,1835
2,1836
33,1837
3,1838
14,1839
0,1840
7,1841
1,1842
27,1843
33,1844
30,1845
2,1846
27,1847
3,1848
27,1849
49,1850
36,1851
7,1852
39,1853
43,1854
18,1855
35,1856
3,1857
21,1858
35,1859
0,1860
43,1861
1,1862
42,1863
0,1864
2,1865
48,1866
31,1867
20,1868
3,1869
45,1870
37,1871
9,1872
18,1873
18,1874
5,1875
12,1876
2,1877
13,1878
2,1879
6,1880
44,1881
43,1882
7,1883
35,1884
31,1885
3,1886
19,1887
0,1888
29,1889
1,1890
10,1891
20,1892
39,1893
2,1894
8,1895
32,1896
3,1897
25,1898
4,1899
27,1900
7,1901
39,1902
0,1903
41,1904
11,1905
26,1906
20,1907
1,1908
23,1909
49,1910
29,1911
42,1912
10,1913
36,1914
31,1915
16,1916
37,1917
14,1918
49,1919
16,1920
29,1921
18,1922
49,1923
28,1924
0,1925
30,1926
3,1927
46,1928
14,1929
11,1930
33,1931
10,1932
17,1933
18,1934
21,1935
25,1936
22,1937
23,1938
40,1939
3,1940
13,1941
26,1942
42,1943
46,1944
21,1945
42,1946
37,1947
32,1948
26,1949
31,1950
38,1951
49,1952
46,1953
37,1954
8,1955
14,1956
41,1957
36,1958
32,1959
33,1960
45,1961
28,1962
19,1963
38,1964
29,1965
17,1966
38,1967
8,1968
47,1969
31,1970
43,1971
16,1972
37,1973
26,1974
33,1975
41,1976
22,1977
5,1978
1,1979
10,1980
13,1981
23,1982
15,1983
22,1984
43,1985
4,1986
35,1987
21,1988
17,1989
21,1990
34,1991
34,1992
44,1993
15,1994
4,1995
34,1996
30,1997
36,1998
44,1999
5,2000
4,2001
31,2002
16,2003
34,2004
8,2005
48,2006
47,2007
25,2008
29,2009
11,2010
41,2011
2,2012
10,2013
3,2014
37,2015
36,2016
44,2017
11,2018
22,2019
6,2020
40,2021
38,2022
32,2023
12,2024
32,2025
41,2026
46,2027
19,2028
49,2029
17,2030
0,2031
4,2032
6,2033
43,2034
6,2035
1,2036
4,2037
0,2038
32,2039
5,2040
6,2041
6,2042
29,2043
7,2044
36,2045
38,2046
28,2047
0,2048
12,2049
24,2050
17,2051
7,2052
21,2053
25,2054
42,2055
15,2056
27,2057
33,2058
24,2059
31,2060
10,2061
29,2062
35,2063
33,2064
3,2065
20,2066
15,2067
5,2068
26,2069
22,2070
2,2071
1,2072
15,2073
4,2074
4,2075
40,2076
41,2077
15,2078
42,2079
35,2080
44,2081
4,2082
19,2083
10,2084
15,2085
49,2086
12,2087
32,2088
44,2089
6,2090
28,2091
42,2092
44,2093
8,2094
20,2095
9,2096
35,2097
43,2098
41,2099
21,2100
15,2101
48,2102
35,2103
7,2104
0,2105
21,2106
20,2107
12,2108
27,2109
47,2110
40,2111
45,2112
0,2113
8,2114
1,2115
27,2116
2,2117
2,2118
26,2119
3,2120
17,2121
3,2122
45,2123
28,2124
48,2125
22,2126
2,2127
27,2128
39,2129
49,2130
46,2131
18,2132
2,2133
2,2134
19,2135
25,2136
24,2137
22,2138
29,2139
46,2140
4,2141
10,2142
16,2143
5,2144
20,2145
1,2146
30,2147
6,2148
14,2149
41,2150
7,2151
0,2152
11,2153
0,2154
1,2155
22,2156
39,2157
46,2158
46,2159
19,2160
12,2161
31,2162
0,2163
35,2164
1,2165
42,2166
2,2167
25,2168
4,2169
3,2170
48,2171
17,2172
35,2173
33,2174
46,2175
19,2176
22,2177
41,2178
17,2179
49,2180
19,2181
20,2182
13,2183
44,2184
37,2185
1,2186
25,2187
40,2188
49,2189
9,2190
12,2191
32,2192
16,2193
44,2194
40,2195
42,2196
34,2197
28,2198
46,2199
8,2200
35,2201
42,2202
12,2203
5,2204
44,2205
19,2206
40,2207
27,2208
0,2209
48,2210
33,2211
8,2212
11,2213
47,2214
41,2215
5,2216
12,2217
13,2218
19,2219
0,2220
5,2221
9,2222
17,2223
31,2224
49,2225
25,2226
39,2227
33,2228
47,2229
25,2230
5,2231
46,2232
17,2233
37,2234
39,2235
34,2236
38,2237
13,2238
0,2239
4,2240
16,2241
1,2242
47,2243
43,2244
40,2245
2,2246
26,2247
3,2248
2,2249
46,2250
12,2251
46,2252
48,2253
3,2254
16,2255
39,2256
1,2257
26,2258
17,2259
36,2260
24,2261
19,2262
8,2263
4,2264
23,2265
43,2266
34,2267
5,2268
14,2269
8,2270
3,2271
39,2272
6,2273
17,2274
7,2275
21,2276
4,2277
41,2278
1,2279
19,2280
31,2281
39,2282
25,2283
45,2284
31,2285
26,2286
17,2287
49,2288
25,2289
26,2290
36,2291
35,2292
25,2293
45,2294
18,2295
22,2296
44,2297
10,2298
11,2299
49,2300
40,2301
49,2302
33,2303
34,2304
45,2305
25,2306
4,2307
2,2308
34,2309
11,2310
0,2311
39,2312
2,2313
10,2314
1,2315
20,2316
12,2317
43,2318
28,2319
14,2320
22,2321
2,2322
10,2323
1,2324
16,2325
3,2326
23,2327
28,2328
31,2329
0,2330
30,2331
3,2332
39,2333
23,2334
1,2335
16,2336
2,2337
25,2338
15,2339
38,2340
43,2341
12,2342
45,2343
0,2344
45,2345
43,2346
3,2347
7,2348
49,2349
14,2350
19,2351
36,2352
4,2353
4,2354
41,2355
2,2356
5,2357
9,2358
13,2359
6,2360
26,2361
7,2362
21,2363
25,2364
46,2365
33,2366
30,2367
36,2368
22,2369
15,2370
32,2371
46,2372
23,2373
11,2374
2,2375
32,2376
9,2377
44,2378
47,2379
2,2380
25,2381
46,2382
25,2383
15,2384
38,2385
43,2386
25,2387
23,2388
2,2389
49,2390
18,2391
48,2392
35,2393
48,2394
28,2395
9,2396
42,2397
22,2398
11,2399
30,2400
14,2401
26,2402
37,2403
14,2404
18,2405
16,2406
23,2407
29,2408
3,2409
15,2410
38,2411
23,2412
29,2413
28,2414
14,2415
30,2416
15,2417
23,2418
24,2419
0,2420
8,2421
15,2422
14,2423
11,2424
2,2425
8,2426
47,2427
17,2428
12,2429
17,2430
23,2431
46,2432
12,2433
45,2434
7,2435
43,2436
24,2437
11,2438
5,2439
49,2440
38,2441
29,2442
36,2443
2,2444
14,2445
22,2446
18,2447
14,2448
4,2449
10,2450
1,2451
6,2452
13,2453
20,2454
25,2455
18,2456
30,2457
48,2458
7,2459
25,2460
42,2461
3,2462
46,2463
41,2464
0,2465
25,2466
40,2467
31,2468
28,2469
5,2470
37,2471
47,2472
44,2473
40,2474
12,2475
41,2476
32,2477
34,2478
39,2479
1,2480
21,2481
20,2482
35,2483
14,2484
25,2485
25,2486
12,2487
11,2488
0,2489
15,2490
11,2491
20,2492
33,2493
14,2494
3,2495
28,2496
31,2497
27,2498
21,2499
31,2500
36,2501
8,2502
0,2503
30,2504
0,2505
1,2506
38,2507
2,2508
45,2509
39,2510
3,2511
29,2512
38,2513
26,2514
23,2515
27,2516
27,2517
12,2518
22,2519
0,2520
43,2521
17,2522
46,2523
44,2524
5,2525
17,2526
34,2527
27,2528
1,2529
32,2530
2,2531
27,2532
38,2533
3,2534
12,2535
21,2536
31,2537
48,2538
31,2539
7,2540
22,2541
49,2542
37,2543
27,2544
22,2545
29,2546
29,2547
4,2548
43,2549
5,2550
43,2551
6,2552
34,2553
7,2554
1,2555
12,2556
9,2557
27,2558
32,2559
18,2560
28,2561
47,2562
20,2563
44,2564
26,2565
7,2566
21,2567
34,2568
8,2569
33,2570
2,2571
23,2572
33,2573
9,2574
12,2575
41,2576
14,2577
31,2578
45,2579
33,2580
34,2581
3,2582
30,2583
34,2584
23,2585
0,2586
29,2587
48,2588
47,2589
4,2590
34,2591
0,2592
44,2593
1,2594
13,2595
31,2596
2,2597
26,2598
7,2599
1,2600
36,2601
43,2602
3,2603
20,2604
47,2605
44,2606
18,2607
40,2608
7,2609
43,2610
27,2611
0,2612
37,2613
2,2614
5,2615
11,2616
28,2617
35,2618
44,2619
46,2620
10,2621
12,2622
9,2623
40,2624
8,2625
33,2626
34,2627
23,2628
48,2629
37,2630
28,2631
22,2632
0,2633
38,2634
20,2635
6,2636
5,2637
40,2638
12,2639
35,2640
3,2641
6,2642
23,2643
49,2644
26,2645
12,2646
37,2647
16,2648
31,2649
43,2650
5,2651
1,2652
27,2653
10,2654
17,2655
6,2656
28,2657
28,2658
16,2659
19,2660
45,2661
1,2662
39,2663
32,2664
42,2665
34,2666
25,2667
46,2668
19,2669
26,2670
39,2671
8,2672
41,2673
20,2674
1,2675
48,2676
26,2677
9,2678
30,2679
16,2680
23,2681
49,2682
13,2683
30,2684
23,2685
6,2686
1,2687
21,2688
39,2689
8,2690
19,2691
12,2692
8,2693
43,2694
20,2695
24,2696
5,2697
27,2698
39,2699
41,2700
27,2701
30,2702
22,2703
2,2704
32,2705
29,2706
29,2707
9,2708
39,2709
20,2710
21,2711
30,2712
38,2713
5,2714
36,2715
8,2716
16,2717
40,2718
13,2719
3,2720
6,2721
33,2722
46,2723
5,2724
36,2725
48,2726
15,2727
3,2728
23,2729
33,2730
45,2731
0,2732
6,2733
6,2734
7,2735
18,2736
35,2737
16,2738
47,2739
22,2740
1,2741
23,2742
20,2743
10,2744
31,2745
16,2746
1,2747
32,2748
33,2749
29,2750
44,2751
15,2752
45,2753
0,2754
28,2755
1,2756
38,2757
37,2758
2,2759
6,2760
14,2761
42,2762
3,2763
34,2764
8,2765
45,2766
13,2767
26,2768
48,2769
16,2770
10,2771
5,2772
26,2773
0,2774
30,2775
4,2776
32,2777
24,2778
3,2779
32,2780
36,2781
49,2782
33,2783
35,2784
15,2785
0,2786
8,2787
22,2788
3,2789
10,2790
38,2791
21,2792
5,2793
48,2794
7,2795
43,2796
23,2797
49,2798
35,2799
44,2800
48,2801
0,2802
19,2803
40,2804
2,2805
21,2806
14,2807
4,2808
1,2809
10,2810
42,2811
22,2812
21,2813
35,2814
47,2815
30,2816
15,2817
32,2818
12,2819
4,2820
0,2821
5,2822
11,2823
47,2824
6,2825
45,2826
7,2827
26,2828
19,2829
35,2830
47,2831
13,2832
38,2833
31,2834
9,2835
44,2836
26,2837
39,2838
16,2839
33,2840
10,2841
32,2842
14,2843
25,2844
34,2845
47,2846
35,2847
0,2848
17,2849
14,2850
33,2851
35,2852
27,2853
6,2854
14,2855
30,2856
46,2857
40,2858
22,2859
2,2860
0,2861
19,2862
35,2863
9,2864
27,2865
39,2866
9,2867
5,2868
16,2869
34,2870
20,2871
45,2872
6,2873
28,2874
47,2875
33,2876
24,2877
42,2878
12,2879
5,2880
48,2881
22,2882
16,2883
49,2884
23,2885
47,2886
18,2887
7,2888
16,2889
30,2890
29,2891
15,2892
22,2893
48,2894
37,2895
1,2896
11,2897
8,2898
46,2899
3,2900
20,2901
38,2902
4,2903
41,2904
11,2905
43,2906
40,2907
41,2908
18,2909
43,2910
0,2911
13,2912
35,2913
17,2914
28,2915
17,2916
34,2917
8,2918
31,2919
5,2920
11,2921
2,2922
18,2923
30,2924
38,2925
32,2926
46,2927
26,2928
44,2929
35,2930
29,2931
2,2932
5,2933
39,2934
41,2935
2,2936
47,2937
12,2938
17,2939
30,2940
15,2941
6,2942
22,2943
12,2944
44,2945
42,2946
27,2947
26,2948
3,2949
16,2950
1,2951
4,2952
8,2953
31,2954
39,2955
44,2956
38,2957
30,2958
13,2959
25,2960
34,2961
5,2962
10,2963
8,2964
33,2965
31,2966
11,2967
20,2968
24,2969
4,2970
8,2971
8,2972
22,2973
39,2974
39,2975
26,2976
12,2977
23,2978
23,2979
10,2980
6,2981
22,2982
43,2983
7,2984
35,2985
4,2986
8,2987
4,2988
30,2989
22,2990
35,2991
32,2992
14,2993
19,2994
12,2995
31,2996
43,2997
6,2998
15,2999
11,3000
31,3001
18,3002
44,3003
19,3004
10,3005
10,3006
33,3007
17,3008
39,3009
34,3010
27,3011
47,3012
5,3013
13,3014
43,3015
17,3016
7,3017
8,3018
43,3019
7,3020
3,3021
30,3022
20,3023
27,3024
30,3025
1,3026
9,3027
28,3028
46,3029
12,3030
39,3031
5,3032
40,3033
32,3034
43,3035
35,3036
31,3037
26,3038
5,3039
3,3040
33,3041
27,3042
31,3043
40,3044
14,3045
12,3046
0,3047
17,3048
6,3049
1,3050
2,3051
2,3052
7,3053
36,3054
3,3055
23,3056
26,3057
34,3058
15,3059
5,3060
27,3061
10,3062
14,3063
11,3064
49,3065
39,3066
11,3067
40,3068
43,3069
13,3070
28,3071
33,3072
34,3073
12,3074
15,3075
16,3076
4,3077
34,3078
4,3079
5,3080
5,3081
1,3082
6,3083
22,3084
7,3085
16,3086
1,3087
13,3088
35,3089
3,3090
2,3091
10,3092
26,3093
44,3094
40,3095
46,3096
17,3097
6,3098
48,3099
48,3100
47,3101
3,3102
30,3103
46,3104
32,3105
44,3106
18,3107
15,3108
17,3109
7,3110
26,3111
3,3112
35,3113
36,3114
11,3115
2,3116
30,3117
10,3118
45,3119
5,3120
45,3121
32,3122
12,3123
6,3124
14,3125
31,3126
45,3127
21,3128
31,3129
26,3130
3,3131
21,3132
29,3133
19,3134
33,3135
10,3136
37,3137
41,3138
15,3139
19,3140
26,3141
45,3142
1,3143
34,3144
49,3145
37,3146
12,3147
10,3148
20,3149
48,3150
11,3151
37,3152
48,3153
22,3154
39,3155
32,3156
17,3157
37,3158
18,3159
7,3160
49,3161
15,3162
10,3163
8,3164
0,3165
15,3166
42,3167
33,3168
36,3169
41,3170
39,3171
0,3172
31,3173
49,3174
43,3175
21,3176
45,3177
23,3178
5,3179
21,3180
5,3181
8,3182
49,3183
15,3184
34,3185
3,3186
38,3187
43,3188
44,3189
41,3190
19,3191
37,3192
40,3193
44,3194
36,3195
7,3196
29,3197
27,3198
30,3199
20,3200
29,3201
47,3202
46,3203
13,3204
25,3205
5,3206
13,3207
26,3208
39,3209
8,3210
42,3211
28,3212
31,3213
0,3214
8,3215
15,3216
7,3217
21,3218
11,3219
39,3220
2,3221
31,3222
39,3223
43,3224
40,3225
36,3226
18,3227
30,3228
48,3229
17,3230
9,3231
36,3232
10,3233
45,3234
0,3235
32,3236
20,3237
5,3238
12,3239
10,3240
16,3241
49,3242
0,3243
36,3244
1,3245
32,3246
49,3247
2,3248
36,3249
3,3250
7,3251
9,3252
27,3253
21,3254
41,3255
21,3256
45,3257
35,3258
29,3259
30,3260
3,3261
7,3262
49,3263
9,3264
16,3265
26,3266
38,3267
47,3268
37,3269
32,3270
45,3271
5,3272
6,3273
32,3274
22,3275
28,3276
7,3277
32,3278
18,3279
19,3280
12,3281
34,3282
46,3283
31,3284
32,3285
1,3286
41,3287
18,3288
47,3289
3,3290
34,3291
46,3292
43,3293
23,3294
8,3295
17,3296
21,3297
22,3298
44,3299
31,3300
29,3301
31,3302
30,3303
49,3304
7,3305
35,3306
31,3307
26,3308
8,3309
36,3310
19,3311
2,3312
29,3313
5,3314
16,3315
2,3316
15,3317
44,3318
21,3319
48,3320
24,3321
28,3322
18,3323
6,3324
1,3325
25,3326
15,3327
22,3328
9,3329
19,3330
49,3331
20,3332
15,3333
17,3334
11,3335
30,3336
9,3337
5,3338
21,3339
32,3340
41,3341
37,3342
42,3343
9,3344
25,3345
35,3346
46,3347
34,3348
7,3349
16,3350
33,3351
22,3352
18,3353
2,3354
24,3355
5,3356
23,3357
3,3358
31,3359
13,3360
36,3361
47,3362
47,3363
9,3364
11,3365
2,3366
8,3367
29,3368
23,3369
6,3370
45,3371
42,3372
0,3373
17,3374
19,3375
31,3376
29,3377
22,3378
47,3379
43,3380
40,3381
19,3382
49,3383
22,3384
29,3385
10,3386
6,3387
49,3388
23,3389
8,3390
43,3391
2,3392
37,3393
6,3394
3,3395
44,3396
47,3397
5,3398
0,3399
24,3400
1,3401
23,3402
10,3403
46,3404
34,3405
10,3406
18,3407
20,3408
48,3409
4,3410
30,3411
6,3412
3,3413
10,3414
18,3415
44,3416
3,3417
14,3418
13,3419
36,3420
23,3421
19,3422
48,3423
30,3424
10,3425
42,3426
1,3427
41,3428
39,3429
16,3430
15,3431
19,3432
43,3433
25,3434
11,3435
14,3436
31,3437
14,3438
23,3439
19,3440
17,3441
0,3442
12,3443
2,3444
49,3445
18,3446
17,3447
35,3448
24,3449
19,3450
8,3451
18,3452
41,3453
21,3454
10,3455
39,3456
38,3457
42,3458
1,3459
36,3460
0,3461
5,3462
47,3463
27,3464
4,3465
3,3466
5,3467
7,3468
6,3469
27,3470
7,3471
40,3472
41,3473
42,3474
6,3475
20,3476
4,3477
41,3478
17,3479
22,3480
22,3481
24,3482
48,3483
26,3484
35,3485
36,3486
13,3487
25,3488
4,3489
35,3490
20,3491
34,3492
4,3493
47,3494
27,3495
10,3496
16,3497
7,3498
5,3499
5,3500
6,3501
20,3502
7,3503
31,3504
27,3505
23,3506
47,3507
36,3508
12,3509
7,3510
13,3511
22,3512
24,3513
35,3514
33,3515
20,3516
33,3517
5,3518
24,3519
40,3520
15,3521
44,3522
40,3523
45,3524
42,3525
22,3526
28,3527
7,3528
1,3529
42,3530
38,3531
42,3532
19,3533
18,3534
15,3535
10,3536
28,3537
44,3538
7,3539
17,3540
15,3541
27,3542
32,3543
45,3544
31,3545
35,3546
19,3547
8,3548
21,3549
13,3550
35,3551
48,3552
0,3553
23,3554
16,3555
10,3556
3,3557
41,3558
15,3559
8,3560
48,3561
40,3562
26,3563
23,3564
7,3565
13,3566
18,3567
8,3568
41,3569
5,3570
48,3571
15,3572
3,3573
10,3574
11,3575
21,3576
25,3577
31,3578
40,3579
35,3580
33,3581
7,3582
11,3583
39,3584
33,3585
34,3586
48,3587
16,3588
22,3589
27,3590
24,3591
0,3592
45,3593
47,3594
40,3595
15,3596
37,3597
45,3598
42,3599
0,3600
33,3601
16,3602
10,3603
16,3604
0,3605
1,3606
16,3607
14,3608
28,3609
0,3610
7,3611
2,3612
17,3613
3,3614
8,3615
47,3616
8,3617
48,3618
17,3619
28,3620
0,3621
44,3622
23,3623
24,3624
17,3625
29,3626
37,3627
9,3628
33,3629
40,3630
33,3631
18,3632
21,3633
21,3634
3,3635
13,3636
39,3637
10,3638
45,3639
42,3640
30,3641
19,3642
43,3643
2,3644
12,3645
48,3646
4,3647
29,3648
25,3649
22,3650
29,3651
33,3652
35,3653
30,3654
19,3655
3,3656
37,3657
1,3658
22,3659
39,3660
49,3661
33,3662
46,3663
33,3664
40,3665
48,3666
24,3667
18,3668
21,3669
16,3670
11,3671
12,3672
8,3673
2,3674
36,3675
44,3676
11,3677
11,3678
21,3679
28,3680
34,3681
33,3682
40,3683
43,3684
31,3685
48,3686
21,3687
49,3688
38,3689
21,3690
4,3691
28,3692
1,3693
41,3694
12,3695
5,3696
17,3697
32,3698
6,3699
43,3700
44,3701
41,3702
37,3703
44,3704
7,3705
49,3706
0,3707
43,3708
0,3709
18,3710
20,3711
16,3712
49,3713
6,3714
17,3715
48,3716
16,3717
32,3718
27,3719
37,3720
16,3721
17,3722
0,3723
36,3724
26,3725
5,3726
25,3727
8,3728
48,3729
1,3730
20,3731
46,3732
4,3733
44,3734
42,3735
2,3736
19,3737
46,3738
23,3739
46,3740
37,3741
17,3742
20,3743
13,3744
12,3745
39,3746
7,3747
22,3748
23,3749
43,3750
38,3751
6,3752
37,3753
8,3754
20,3755
7,3756
25,3757
16,3758
11,3759
22,3760
24,3761
47,3762
28,3763
7,3764
27,3765
34,3766
25,3767
19,3768
34,3769
3,3770
38,3771
2,3772
34,3773
5,3774
4,3775
8,3776
33,3777
27,3778
41,3779
3,3780
3,3781
36,3782
20,3783
41,3784
29,3785
1,3786
33,3787
24,3788
39,3789
38,3790
5,3791
2,3792
34,3793
18,3794
2,3795
37,3796
13,3797
18,3798
18,3799
30,3800
18,3801
12,3802
39,3803
31,3804
32,3805
38,3806
31,3807
6,3808
27,3809
41,3810
5,3811
21,3812
32,3813
11,3814
47,3815
13,3816
4,3817
10,3818
12,3819
24,3820
32,3821
44,3822
16,3823
38,3824
17,3825
0,3826
33,3827
26,3828
9,3829
32,3830
25,3831
1,3832
14,3833
7,3834
49,3835
43,3836
29,3837
0,3838
44,3839
33,3840
25,3841
1,3842
35,3843
2,3844
23,3845
3,3846
29,3847
29,3848
14,3849
8,3850
33,3851
26,3852
0,3853
22,3854
41,3855
8,3856
18,3857
2,3858
4,3859
11,3860
45,3861
23,3862
9,3863
5,3864
17,3865
44,3866
6,3867
11,3868
7,3869
38,3870
10,3871
25,3872
35,3873
24,3874
1,3875
32,3876
26,3877
24,3878
27,3879
34,3880
39,3881
20,3882
44,3883
10,3884
4,3885
48,3886
22,3887
5,3888
16,3889
6,3890
46,3891
36,3892
7,3893
12,3894
22,3895
27,3896
40,3897
19,3898
43,3899
3,3900
46,3901
17,3902
33,3903
26,3904
35,3905
21,3906
16,3907
7,3908
46,3909
32,3910
40,3911
21,3912
21,3913
34,3914
6,3915
34,3916
28,3917
35,3918
3,3919
1,3920
45,3921
37,3922
36,3923
40,3924
0,3925
3,3926
23,3927
16,3928
13,3929
45,3930
20,3931
29,3932
8,3933
11,3934
43,3935
40,3936
27,3937
26,3938
18,3939
24,3940
24,3941
27,3942
34,3943
28,3944
46,3945
32,3946
23,3947
2,3948
11,3949
46,3950
20,3951
35,3952
14,3953
7,3954
38,3955
18,3956
22,3957
1,3958
20,3959
40,3960
46,3961
41,3962
31,3963
29,3964
42,3965
0,3966
47,3967
0,3968
17,3969
13,3970
2,3971
0,3972
29,3973
0,3974
44,3975
1,3976
47,3977
35,3978
2,3979
23,3980
3,3981
36,3982
8,3983
32,3984
25,3985
45,3986
28,3987
0,3988
18,3989
18,3990
31,3991
9,3992
26,3993
4,3994
17,3995
33,3996
42,3997
32,3998
27,3999
34,4000
44,4001
32,4002
45,4003
19,4004
19,4005
35,4006
30,4007
49,4008
9,4009
17,4010
7,4011
0,4012
21,4013
17,4014
20,4015
33,4016
7,4017
43,4018
10,4019
16,4020
7,4021
24,4022
47,4023
30,4024
1,4025
11,4026
4,4027
20,4028
49,4029
3,4030
36,4031
5,4032
26,4033
8,4034
17,4035
6,4036
12,4037
7,4038
24,4039
26,4040
19,4041
41,4042
46,4043
7,4044
32,4045
27,4046
18,4047
23,4048
35,4049
16,4050
10,4051
48,4052
41,4053
16,4054
42,4055
35,4056
29,4057
30,4058
5,4059
23,4060
14,4061
40,4062
14,4063
20,4064
47,4065
13,4066
22,4067
40,4068
29,4069
13,4070
39,4071
33,4072
44,4073
19,4074
3,4075
14,4076
4,4077
45,4078
12,4079
15,4080
1,4081
11,4082
28,4083
20,4084
39,4085
18,4086
20,4087
49,4088
40,4089
28,4090
4,4091
42,4092
12,4093
4,4094
45,4095
5,4096
47,4097
36,4098
6,4099
5,4100
7,4101
21,4102
3,4103
6,4104
3,4105
12,4106
30,4107
39,4108
6,4109
14,4110
43,4111
46,4112
26,4113
39,4114
16,4115
40,4116
13,4117
45,4118
48,4119
25,4120
28,4121
30,4122
31,4123
32,4124
33,4125
8,4126
21,4127
49,4128
18,4129
49,4130
30,4131
33,4132
20,4133
16,4134
13,4135
46,4136
4,4137
39,4138
45,4139
11,4140
40,4141
40,4142
30,4143
5,4144
38,4145
7,4146
10,4147
29,4148
33,4149
17,4150
41,4151
27,4152
20,4153
4,4154
3,4155
39,4156
26,4157
20,4158
39,4159
1,4160
20,4161
4,4162
29,4163
45,4164
49,4165
19,4166
19,4167
38,4168
17,4169
4,4170
45,4171
25,4172
45,4173
26,4174
0,4175
3,4176
48,4177
5,4178
1,4179
34,4180
2,4181
33,4182
35,4183
3,4184
20,4185
27,4186
17,4187
42,4188
28,4189
7,4190
3,4191
32,4192
41,4193
27,4194
43,4195
26,4196
4,4197
4,4198
5,4199
0,4200
6,4201
40,4202
40,4203
27,4204
24,4205
20,4206
7,4207
36,4208
26,4209
31,4210
49,4211
30,4212
9,4213
25,4214
32,4215
9,4216
0,4217
39,4218
15,4219
10,4220
49,4221
23,4222
36,4223
23,4224
24,4225
23,4226
9,4227
38,4228
38,4229
24,4230
39,4231
15,4232
22,4233
46,4234
24,4235
25,4236
1,4237
32,4238
34,4239
15,4240
29,4241
2,4242
13,4243
9,4244
17,4245
24,4246
39,4247
1,4248
25,4249
4,4250
0,4251
22,4252
0,4253
1,4254
42,4255
2,4256
8,4257
20,4258
32,4259
11,4260
33,4261
3,4262
32,4263
30,4264
22,4265
14,4266
37,4267
9,4268
34,4269
0,4270
21,4271
18,4272
1,4273
5,4274
2,4275
45,4276
30,4277
3,4278
19,4279
26,4280
19,4281
35,4282
18,4283
23,4284
30,4285
0,4286
36,4287
7,4288
35,4289
11,4290
16,4291
0,4292
25,4293
14,4294
35,4295
39,4296
31,4297
23,4298
27,4299
20,4300
9,4301
14,4302
25,4303
3,4304
30,4305
36,4306
10,4307
7,4308
13,4309
44,4310
3,4311
24,4312
40,4313
35,4314
10,4315
44,4316
26,4317
14,4318
7,4319
35,4320
19,4321
12,4322
16,4323
7,4324
32,4325
36,4326
21,4327
29,4328
18,4329
11,4330
21,4331
21,4332
25,4333
28,4334
12,4335
31,4336
39,4337
42,4338
13,4339
23,4340
47,4341
22,4342
29,4343
3,4344
1,4345
0,4346
46,4347
40,4348
21,4349
44,4350
26,4351
43,4352
19,4353
34,4354
13,4355
1,4356
34,4357
41,4358
11,4359
6,4360
12,4361
0,4362
48,4363
4,4364
1,4365
16,4366
2,4367
3,4368
3,4369
49,4370
15,4371
27,4372
30,4373
49,4374
0,4375
27,4376
8,4377
4,4378
3,4379
5,4380
47,4381
0,4382
3,4383
6,4384
49,4385
25,4386
11,4387
5,4388
7,4389
36,4390
7,4391
39,4392
36,4393
36,4394
13,4395
42,4396
22,4397
39,4398
42,4399
40,4400
12,4401
37,4402
38,4403
17,4404
22,4405
35,4406
9,4407
36,4408
1,4409
45,4410
17,4411
17,4412
23,4413
33,4414
27,4415
34,4416
2,4417
30,4418
40,4419
41,4420
16,4421
45,4422
24,4423
21,4424
39,4425
19,4426
8,4427
16,4428
40,4429
13,4430
30,4431
4,4432
2,4433
25,4434
1,4435
33,4436
10,4437
21,4438
12,4439
31,4440
4,4441
0,4442
5,4443
48,4444
6,4445
29,4446
48,4447
7,4448
22,4449
45,4450
8,4451
31,4452
26,4453
22,4454
47,4455
23,4456
40,4457
2,4458
2,4459
10,4460
2,4461
19,4462
11,4463
29,4464
27,4465
1,4466
38,4467
31,4468
29,4469
17,4470
36,4471
43,4472
17,4473
22,4474
27,4475
0,4476
21,4477
42,4478
1,4479
20,4480
22,4481
2,4482
0,4483
3,4484
32,4485
8,4486
15,4487
6,4488
39,4489
12,4490
11,4491
29,4492
45,4493
10,4494
45,4495
49,4496
46,4497
14,4498
49,4499
20,4500
20,4501
3,4502
19,4503
41,4504
40,4505
45,4506
26,4507
0,4508
11,4509
35,4510
2,4511
18,4512
19,4513
28,4514
4,4515
21,4516
15,4517
33,4518
34,4519
31,4520
21,4521
4,4522
44,4523
35,4524
5,4525
30,4526
27,4527
15,4528
3,4529
31,4530
18,4531
16,4532
48,4533
9,4534
6,4535
32,4536
16,4537
47,4538
36,4539
41,4540
18,4541
27,4542
7,4543
23,4544
9,4545
46,4546
13,4547
15,4548
39,4549
46,4550
31,4551
28,4552
35,4553
29,4554
33,4555
14,4556
12,4557
22,4558
46,4559
42,4560
15,4561
26,4562
29,4563
30,4564
37,4565
11,4566
10,4567
0,4568
8,4569
0,4570
31,4571
39,4572
46,4573
34,4574
45,4575
23,4576
48,4577
22,4578
30,4579
49,4580
4,4581
34,4582
43,4583
46,4584
4,4585
11,4586
5,4587
3,4588
6,4589
45,4590
0,4591
7,4592
9,4593
27,4594
16,4595
43,4596
12,4597
24,4598
24,4599
48,4600
0,4601
23,4602
9,4603
36,4604
40,4605
35,4606
9,4607
3,4608
40,4609
21,4610
48,4611
28,4612
38,4613
29,4614
23,4615
4,4616
19,4617
36,4618
23,4619
34,4620
25,4621
31,4622
33,4623
4,4624
41,4625
5,4626
35,4627
34,4628
27,4629
33,4630
16,4631
6,4632
12,4633
7,4634
36,4635
13,4636
26,4637
8,4638
49,4639
33,4640
5,4641
48,4642
29,4643
48,4644
33,4645
30,4646
0,4647
48,4648
3,4649
28,4650
48,4651
1,4652
30,4653
17,4654
34,4655
2,4656
32,4657
28,4658
3,4659
3,4660
34,4661
36,4662
14,4663
33,4664
35,4665
5,4666
43,4667
22,4668
43,4669
45,4670
7,4671
20,4672
29,4673
48,4674
15,4675
12,4676
27,4677
38,4678
24,4679
6,4680
33,4681
27,4682
18,4683
47,4684
19,4685
31,4686
8,4687
49,4688
40,4689
40,4690
47,4691
48,4692
18,4693
37,4694
18,4695
6,4696
35,4697
0,4698
46,4699
10,4700
47,4701
45,4702
41,4703
42,4704
3,4705
26,4706
27,4707
33,4708
35,4709
24,4710
27,4711
48,4712
10,4713
37,4714
22,4715
24,4716
36,4717
30,4718
17,4719
40,4720
47,4721
49,4722
3,4723
30,4724
29,4725
22,4726
22,4727
11,4728
15,4729
27,4730
43,4731
37,4732
22,4733
37,4734
18,4735
20,4736
47,4737
15,4738
13,4739
10,4740
29,4741
4,4742
44,4743
41,4744
18,4745
16,4746
15,4747
20,4748
24,4749
28,4750
1,4751
23,4752
33,4753
11,4754
16,4755
47,4756
41,4757
32,4758
23,4759
18,4760
10,4761
18,4762
41,4763
14,4764
25,4765
16,4766
10,4767
45,4768
22,4769
37,4770
47,4771
4,4772
12,4773
22,4774
5,4775
17,4776
38,4777
6,4778
36,4779
7,4780
1,4781
37,4782
6,4783
17,4784
44,4785
21,4786
47,4787
31,4788
43,4789
19,4790
31,4791
9,4792
36,4793
2,4794
18,4795
28,4796
10,4797
16,4798
49,4799
10,4800
3,4801
38,4802
11,4803
44,4804
4,4805
43,4806
23,4807
29,4808
7,4809
24,4810
5,4811
7,4812
6,4813
7,4814
7,4815
26,4816
5,4817
0,4818
41,4819
24,4820
42,4821
39,4822
40,4823
48,4824
49,4825
37,4826
11,4827
22,4828
0,4829
8,4830
38,4831
33,4832
29,4833
15,4834
46,4835
19,4836
46,4837
5,4838
21,4839
32,4840
37,4841
26,4842
36,4843
13,4844
22,4845
24,4846
22,4847
39,4848
19,4849
43,4850
27,4851
35,4852
14,4853
43,4854
11,4855
20,4856
43,4857
25,4858
27,4859
42,4860
6,4861
44,4862
23,4863
27,4864
29,4865
8,4866
14,4867
28,4868
18,4869
1,4870
42,4871
44,4872
46,4873
41,4874
26,4875
41,4876
16,4877
9,4878
24,4879
37,4880
30,4881
41,4882
10,4883
6,4884
27,4885
36,4886
45,4887
48,4888
13,4889
14,4890
29,4891
10,4892
7,4893
31,4894
0,4895
8,4896
30,4897
35,4898
17,4899
1,4900
48,4901
10,4902
44,4903
6,4904
13,4905
15,4906
2,4907
34,4908
3,4909
17,4910
6,4911
13,4912
14,4913
23,4914
7,4915
10,4916
0,4917
33,4918
8,4919
1,4920
37,4921
2,4922
49,4923
3,4924
45,4925
36,4926
33,4927
11,4928
30,4929
8,4930
0,4931
13,4932
1,4933
36,4934
48,4935
2,4936
8,4937
43,4938
3,4939
12,4940
12,4941
44,4942
19,4943
21,4944
16,4945
4,4946
28,4947
21,4948
0,4949
43,4950
3,4951
5,4952
20,4953
9,4954
47,4955
25,4956
48,4957
6,4958
49,4959
25,4960
7,4961
40,4962
23,4963
46,4964
48,4965
48,4966
7,4967
9,4968
28,4969
8,4970
24,4971
21,4972
27,4973
35,4974
25,4975
25,4976
4,4977
20,4978
47,4979
46,4980
22,4981
0,4982
7,4983
47,4984
47,4985
46,4986
21,4987
2,4988
2,4989
2,4990
46,4991
41,4992
1,4993
26,4994
17,4995
46,4996
15,4997
1,4998
29,4999
37,5000
17,5001
7,5002
23,5003
30,5004
27,5005
41,5006
15,5007
21,5008
20,5009
7,5010
9,5011
16,5012
10,5013
8,5014
9,5015
4,5016
32,5017
25,5018
15,5019
21,5020
2,5021
6,5022
26,5023
5,5024
40,5025
0,5026
0,5027
4,5028
15,5029
13,5030
19,5031
32,5032
7,5033
19,5034
13,5035
12,5036
22,5037
35,5038
33,5039
30,5040
9,5041
19,5042
5,5043
38,5044
22,5045
41,5046
43,5047
23,5048
29,5049
20,5050
23,5051
43,5052
35,5053
33,5054
11,5055
11,5056
23,5057
29,5058
43,5059
16,5060
37,5061
34,5062
45,5063
43,5064
45,5065
23,5066
24,5067
45,5068
10,5069
13,5070
49,5071
43,5072
39,5073
40,5074
17,5075
28,5076
1,5077
8,5078
38,5079
0,5080
43,5081
25,5082
13,5083
45,5084
11,5085
3,5086
9,5087
39,5088
27,5089
23,5090
22,5091
45,5092
47,5093
42,5094
28,5095
43,5096
43,5097
19,5098
16,5099
43,5100
38,5101
4,5102
10,5103
8,5104
41,5105
21,5106
6,5107
17,5108
25,5109
30,5110
32,5111
43,5112
38,5113
39,5114
43,5115
14,5116
29,5117
23,5118
16,5119
17,5120
46,5121
24,5122
1,5123
41,5124
1,5125
41,5126
40,5127
24,5128
5,5129
2,5130
27,5131
46,5132
7,5133
37,5134
35,5135
5,5136
47,5137
46,5138
6,5139
13,5140
19,5141
27,5142
6,5143
44,5144
23,5145
15,5146
29,5147
37,5148
40,5149
2,5150
11,5151
13,5152
43,5153
45,5154
46,5155
1,5156
41,5157
33,5158
10,5159
1,5160
39,5161
30,5162
35,5163
34,5164
1,5165
40,5166
16,5167
1,5168
21,5169
13,5170
0,5171
20,5172
44,5173
49,5174
25,5175
41,5176
21,5177
47,5178
17,5179
14,5180
46,5181
19,5182
19,5183
32,5184
18,5185
46,5186
39,5187
34,5188
3,5189
0,5190
15,5191
0,5192
30,5193
35,5194
32,5195
8,5196
17,5197
24,5198
6,5199
38,5200
9,5201
25,5202
49,5203
4,5204
16,5205
3,5206
35,5207
9,5208
45,5209
11,5210
5,5211
14,5212
6,5213
22,5214
7,5215
45,5216
2,5217
38,5218
40,5219
8,5220
14,5221
16,5222
18,5223
35,5224
37,5225
29,5226
29,5227
44,5228
28,5229
30,5230
40,5231
32,5232
6,5233
19,5234
28,5235
15,5236
11,5237
22,5238
11,5239
17,5240
16,5241
10,5242
41,5243
7,5244
37,5245
4,5246
28,5247
0,5248
43,5249
43,5250
9,5251
32,5252
39,5253
34,5254
47,5255
27,5256
29,5257
19,5258
34,5259
9,5260
3,5261
46,5262
41,5263
32,5264
43,5265
37,5266
39,5267
40,5268
49,5269
25,5270
19,5271
40,5272
47,5273
4,5274
13,5275
44,5276
37,5277
43,5278
7,5279
49,5280
25,5281
1,5282
39,5283
39,5284
43,5285
29,5286
48,5287
25,5288
0,5289
24,5290
20,5291
31,5292
11,5293
49,5294
1,5295
29,5296
7,5297
13,5298
23,5299
18,5300
46,5301
39,5302
41,5303
11,5304
49,5305
37,5306
29,5307
19,5308
42,5309
41,5310
30,5311
1,5312
18,5313
22,5314
8,5315
40,5316
42,5317
15,5318
14,5319
16,5320
23,5321
43,5322
39,5323
34,5324
5,5325
0,5326
39,5327
23,5328
6,5329
46,5330
21,5331
1,5332
26,5333
2,5334
43,5335
3,5336
22,5337
33,5338
2,5339
24,5340
44,5341
20,5342
45,5343
44,5344
41,5345
37,5346
7,5347
39,5348
34,5349
2,5350
26,5351
38,5352
14,5353
21,5354
23,5355
0,5356
5,5357
4,5358
24,5359
5,5360
9,5361
5,5362
19,5363
0,5364
36,5365
6,5366
30,5367
41,5368
34,5369
5,5370
26,5371
7,5372
10,5373
11,5374
22,5375
0,5376
21,5377
1,5378
40,5379
8,5380
25,5381
45,5382
46,5383
37,5384
14,5385
36,5386
47,5387
35,5388
27,5389
7,5390
17,5391
13,5392
0,5393
42,5394
46,5395
11,5396
26,5397
25,5398
32,5399
27,5400
11,5401
21,5402
35,5403
42,5404
23,5405
49,5406
1,5407
46,5408
24,5409
0,5410
38,5411
19,5412
24,5413
33,5414
28,5415
33,5416
35,5417
30,5418
24,5419
47,5420
25,5421
45,5422
3,5423
9,5424
1,5425
10,5426
18,5427
14,5428
14,5429
6,5430
39,5431
11,5432
17,5433
30,5434
32,5435
5,5436
0,5437
6,5438
1,5439
32,5440
12,5441
37,5442
14,5443
41,5444
14,5445
29,5446
28,5447
24,5448
25,5449
7,5450
20,5451
27,5452
28,5453
12,5454
30,5455
23,5456
37,5457
20,5458
48,5459
42,5460
21,5461
7,5462
5,5463
42,5464
15,5465
49,5466
3,5467
46,5468
40,5469
28,5470
0,5471
5,5472
11,5473
42,5474
46,5475
35,5476
15,5477
34,5478
44,5479
39,5480
45,5481
26,5482
48,5483
30,5484
35,5485
29,5486
36,5487
22,5488
23,5489
27,5490
4,5491
4,5492
45,5493
39,5494
0,5495
4,5496
27,5497
8,5498
1,5499
0,5500
3,5501
24,5502
1,5503
17,5504
13,5505
31,5506
40,5507
17,5508
25,5509
48,5510
2,5511
16,5512
48,5513
16,5514
3,5515
13,5516
49,5517
29,5518
28,5519
11,5520
20,5521
23,5522
41,5523
34,5524
36,5525
18,5526
4,5527
5,5528
32,5529
10,5530
5,5531
25,5532
6,5533
42,5534
7,5535
49,5536
15,5537
17,5538
18,5539
23,5540
19,5541
33,5542
5,5543
48,5544
0,5545
24,5546
31,5547
45,5548
30,5549
5,5550
29,5551
3,5552
23,5553
36,5554
44,5555
27,5556
41,5557
32,5558
43,5559
42,5560
26,5561
29,5562
21,5563
36,5564
4,5565
33,5566
10,5567
5,5568
19,5569
12,5570
6,5571
0,5572
7,5573
20,5574
36,5575
29,5576
0,5577
42,5578
1,5579
10,5580
2,5581
49,5582
29,5583
3,5584
3,5585
38,5586
21,5587
17,5588
13,5589
25,5590
41,5591
33,5592
25,5593
3,5594
23,5595
39,5596
49,5597
22,5598
1,5599
43,5600
40,5601
46,5602
31,5603
12,5604
6,5605
3,5606
44,5607
36,5608
37,5609
36,5610
31,5611
30,5612
20,5613
20,5614
4,5615
33,5616
16,5617
21,5618
29,5619
46,5620
15,5621
39,5622
33,5623
37,5624
3,5625
27,5626
45,5627
31,5628
40,5629
35,5630
42,5631
19,5632
42,5633
44,5634
42,5635
8,5636
28,5637
0,5638
17,5639
45,5640
31,5641
44,5642
11,5643
32,5644
4,5645
0,5646
16,5647
19,5648
10,5649
42,5650
25,5651
21,5652
46,5653
39,5654
16,5655
43,5656
40,5657
45,5658
8,5659
18,5660
33,5661
39,5662
26,5663
12,5664
3,5665
7,5666
26,5667
8,5668
40,5669
4,5670
8,5671
41,5672
5,5673
8,5674
4,5675
4,5676
22,5677
49,5678
41,5679
6,5680
47,5681
7,5682
33,5683
31,5684
27,5685
27,5686
3,5687
42,5688
48,5689
29,5690
21,5691
27,5692
24,5693
7,5694
34,5695
39,5696
2,5697
15,5698
26,5699
6,5700
7,5701
49,5702
37,5703
8,5704
39,5705
26,5706
48,5707
38,5708
14,5709
16,5710
10,5711
13,5712
1,5713
14,5714
28,5715
7,5716
39,5717
11,5718
43,5719
37,5720
33,5721
35,5722
42,5723
36,5724
0,5725
2,5726
29,5727
24,5728
17,5729
8,5730
2,5731
19,5732
39,5733
18,5734
23,5735
49,5736
1,5737
0,5738
4,5739
44,5740
45,5741
28,5742
10,5743
2,5744
18,5745
10,5746
48,5747
41,5748
39,5749
39,5750
40,5751
35,5752
30,5753
28,5754
4,5755
32,5756
35,5757
16,5758
29,5759
24,5760
48,5761
33,5762
22,5763
43,5764
7,5765
49,5766
10,5767
35,5768
36,5769
22,5770
49,5771
41,5772
38,5773
36,5774
2,5775
14,5776
49,5777
21,5778
10,5779
21,5780
35,5781
36,5782
38,5783
29,5784
33,5785
46,5786
36,5787
36,5788
23,5789
19,5790
18,5791
18,5792
16,5793
23,5794
26,5795
43,5796
39,5797
2,5798
11,5799
8,5800
41,5801
14,5802
43,5803
30,5804
31,5805
29,5806
41,5807
36,5808
0,5809
18,5810
15,5811
9,5812
27,5813
35,5814
15,5815
48,5816
14,5817
42,5818
28,5819
10,5820
30,5821
49,5822
29,5823
41,5824
15,5825
47,5826
3,5827
36,5828
40,5829
26,5830
14,5831
29,5832
17,5833
23,5834
2,5835
4,5836
2,5837
44,5838
49,5839
18,5840
18,5841
3,5842
43,5843
6,5844
2,5845
26,5846
2,5847
37,5848
45,5849
25,5850
11,5851
46,5852
29,5853
7,5854
41,5855
37,5856
4,5857
19,5858
5,5859
26,5860
44,5861
6,5862
24,5863
7,5864
17,5865
31,5866
14,5867
15,5868
10,5869
32,5870
25,5871
43,5872
47,5873
37,5874
22,5875
2,5876
47,5877
3,5878
28,5879
18,5880
0,5881
1,5882
1,5883
16,5884
34,5885
42,5886
37,5887
15,5888
20,5889
16,5890
25,5891
0,5892
15,5893
9,5894
47,5895
29,5896
33,5897
10,5898
12,5899
41,5900
11,5901
6,5902
12,5903
11,5904
35,5905
43,5906
33,5907
38,5908
14,5909
13,5910
0,5911
29,5912
22,5913
33,5914
38,5915
27,5916
33,5917
0,5918
20,5919
47,5920
49,5921
30,5922
32,5923
20,5924
33,5925
10,5926
46,5927
44,5928
4,5929
25,5930
21,5931
5,5932
21,5933
12,5934
11,5935
0,5936
14,5937
44,5938
1,5939
41,5940
27,5941
2,5942
35,5943
29,5944
3,5945
17,5946
24,5947
29,5948
27,5949
45,5950
7,5951
21,5952
39,5953
5,5954
36,5955
31,5956
10,5957
1,5958
42,5959
22,5960
28,5961
25,5962
47,5963
18,5964
44,5965
14,5966
20,5967
39,5968
5,5969
33,5970
25,5971
5,5972
40,5973
38,5974
31,5975
2,5976
33,5977
10,5978
32,5979
0,5980
19,5981
33,5982
23,5983
28,5984
0,5985
12,5986
5,5987
29,5988
12,5989
11,5990
10,5991
33,5992
46,5993
44,5994
25,5995
33,5996
33,5997
0,5998
36,5999
31,6000
45,6001
22,6002
17,6003
15,6004
38,6005
28,6006
6,6007
45,6008
25,6009
48,6010
46,6011
34,6012
28,6013
16,6014
35,6015
47,6016
19,6017
29,6018
39,6019
0,6020
15,6021
5,6022
7,6023
38,6024
29,6025
40,6026
41,6027
21,6028
39,6029
49,6030
9,6031
48,6032
35,6033
14,6034
47,6035
0,6036
4,6037
27,6038
29,6039
24,6040
48,6041
12,6042
43,6043
34,6044
47,6045
7,6046
0,6047
12,6048
0,6049
13,6050
49,6051
36,6052
49,6053
23,6054
20,6055
36,6056
5,6057
34,6058
0,6059
32,6060
1,6061
14,6062
43,6063
2,6064
37,6065
3,6066
20,6067
5,6068
16,6069
38,6070
25,6071
14,6072
13,6073
26,6074
6,6075
26,6076
19,6077
23,6078
9,6079
0,6080
13,6081
2,6082
5,6083
21,6084
1,6085
29,6086
6,6087
17,6088
49,6089
11,6090
22,6091
4,6092
20,6093
7,6094
43,6095
5,6096
28,6097
15,6098
6,6099
42,6100
12,6101
7,6102
38,6103
7,6104
41,6105
17,6106
36,6107
8,6108
15,6109
14,6110
4,6111
12,6112
0,6113
41,6114
2,6115
20,6116
41,6117
24,6118
6,6119
39,6120
10,6121
46,6122
38,6123
18,6124
26,6125
24,6126
32,6127
16,6128
3,6129
6,6130
2,6131
47,6132
22,6133
1,6134
33,6135
6,6136
29,6137
5,6138
36,6139
0,6140
47,6141
2,6142
37,6143
44,6144
8,6145
7,6146
46,6147
24,6148
11,6149
31,6150
27,6151
0,6152
14,6153
27,6154
10,6155
49,6156
18,6157
4,6158
33,6159
24,6160
38,6161
46,6162
43,6163
30,6164
7,6165
24,6166
36,6167
26,6168
11,6169
43,6170
44,6171
30,6172
3,6173
23,6174
9,6175
34,6176
9,6177
5,6178
15,6179
18,6180
4,6181
12,6182
34,6183
43,6184
25,6185
40,6186
44,6187
46,6188
39,6189
6,6190
34,6191
7,6192
26,6193
21,6194
14,6195
19,6196
38,6197
22,6198
21,6199
42,6200
46,6201
38,6202
24,6203
26,6204
19,6205
45,6206
25,6207
22,6208
27,6209
33,6210
10,6211
18,6212
21,6213
0,6214
18,6215
26,6216
35,6217
46,6218
15,6219
48,6220
47,6221
19,6222
34,6223
19,6224
26,6225
8,6226
16,6227
48,6228
1,6229
5,6230
42,6231
10,6232
1,6233
36,6234
7,6235
24,6236
48,6237
7,6238
49,6239
3,6240
20,6241
26,6242
6,6243
49,6244
27,6245
8,6246
41,6247
40,6248
32,6249
35,6250
23,6251
19,6252
21,6253
16,6254
37,6255
44,6256
40,6257
26,6258
4,6259
45,6260
5,6261
23,6262
6,6263
35,6264
6,6265
35,6266
7,6267
21,6268
0,6269
46,6270
41,6271
6,6272
24,6273
1,6274
15,6275
2,6276
13,6277
25,6278
22,6279
3,6280
48,6281
47,6282
2,6283
35,6284
36,6285
13,6286
26,6287
26,6288
39,6289
6,6290
46,6291
23,6292
10,6293
8,6294
17,6295
12,6296
48,6297
11,6298
45,6299
37,6300
2,6301
28,6302
21,6303
23,6304
45,6305
44,6306
49,6307
27,6308
4,6309
47,6310
12,6311
39,6312
0,6313
5,6314
42,6315
14,6316
18,6317
6,6318
46,6319
7,6320
36,6321
27,6322
9,6323
3,6324
25,6325
46,6326
33,6327
40,6328
20,6329
31,6330
11,6331
40,6332
43,6333
38,6334
2,6335
15,6336
17,6337
31,6338
0,6339
24,6340
28,6341
39,6342
40,6343
46,6344
48,6345
29,6346
5,6347
32,6348
0,6349
12,6350
9,6351
42,6352
37,6353
33,6354
0,6355
19,6356
39,6357
18,6358
10,6359
2,6360
15,6361
34,6362
36,6363
30,6364
36,6365
46,6366
34,6367
25,6368
3,6369
41,6370
21,6371
39,6372
5,6373
43,6374
45,6375
1,6376
35,6377
17,6378
10,6379
19,6380
17,6381
24,6382
42,6383
24,6384
19,6385
8,6386
29,6387
23,6388
42,6389
28,6390
16,6391
36,6392
48,6393
10,6394
14,6395
0,6396
18,6397
43,6398
45,6399
0,6400
8,6401
1,6402
24,6403
2,6404
26,6405
3,6406
45,6407
0,6408
33,6409
19,6410
22,6411
7,6412
20,6413
24,6414
9,6415
26,6416
6,6417
27,6418
39,6419
23,6420
46,6421
41,6422
16,6423
37,6424
1,6425
13,6426
40,6427
37,6428
23,6429
47,6430
3,6431
7,6432
20,6433
24,6434
38,6435
4,6436
47,6437
38,6438
31,6439
13,6440
11,6441
5,6442
46,6443
6,6444
39,6445
19,6446
0,6447
39,6448
36,6449
6,6450
7,6451
20,6452
4,6453
22,6454
31,6455
10,6456
19,6457
34,6458
25,6459
32,6460
22,6461
44,6462
27,6463
7,6464
27,6465
20,6466
31,6467
17,6468
10,6469
2,6470
46,6471
48,6472
24,6473
27,6474
10,6475
26,6476
28,6477
27,6478
41,6479
2,6480
28,6481
14,6482
22,6483
32,6484
47,6485
49,6486
7,6487
13,6488
2,6489
45,6490
47,6491
42,6492
10,6493
42,6494
8,6495
30,6496
20,6497
11,6498
36,6499
32,6500
5,6501
18,6502
18,6503
47,6504
36,6505
33,6506
10,6507
20,6508
0,6509
13,6510
1,6511
8,6512
2,6513
41,6514
3,6515
12,6516
39,6517
2,6518
45,6519
45,6520
10,6521
40,6522
40,6523
29,6524
35,6525
40,6526
15,6527
38,6528
12,6529
29,6530
20,6531
20,6532
11,6533
14,6534
22,6535
9,6536
5,6537
0,6538
11,6539
0,6540
5,6541
47,6542
27,6543
39,6544
1,6545
5,6546
2,6547
45,6548
6,6549
14,6550
3,6551
34,6552
43,6553
49,6554
9,6555
33,6556
4,6557
6,6558
4,6559
5,6560
35,6561
46,6562
6,6563
16,6564
16,6565
7,6566
38,6567
11,6568
33,6569
15,6570
29,6571
28,6572
2,6573
4,6574
48,6575
47,6576
5,6577
7,6578
6,6579
24,6580
27,6581
29,6582
7,6583
47,6584
13,6585
32,6586
23,6587
28,6588
47,6589
13,6590
35,6591
28,6592
0,6593
7,6594
4,6595
21,6596
48,6597
4,6598
5,6599
5,6600
28,6601
6,6602
12,6603
7,6604
6,6605
10,6606
17,6607
46,6608
34,6609
41,6610
42,6611
34,6612
23,6613
8,6614
26,6615
44,6616
14,6617
0,6618
3,6619
22,6620
35,6621
1,6622
13,6623
2,6624
3,6625
13,6626
3,6627
48,6628
25,6629
34,6630
21,6631
35,6632
42,6633
5,6634
39,6635
32,6636
12,6637
39,6638
4,6639
41,6640
6,6641
28,6642
45,6643
3,6644
6,6645
3,6646
39,6647
31,6648
17,6649
35,6650
42,6651
39,6652
26,6653
8,6654
13,6655
5,6656
11,6657
20,6658
45,6659
28,6660
24,6661
23,6662
19,6663
14,6664
25,6665
19,6666
14,6667
22,6668
0,6669
7,6670
1,6671
41,6672
2,6673
10,6674
47,6675
17,6676
21,6677
3,6678
47,6679
0,6680
43,6681
31,6682
7,6683
22,6684
28,6685
2,6686
32,6687
3,6688
1,6689
40,6690
14,6691
21,6692
5,6693
47,6694
42,6695
37,6696
46,6697
24,6698
26,6699
26,6700
26,6701
1,6702
42,6703
23,6704
9,6705
6,6706
48,6707
33,6708
10,6709
49,6710
28,6711
15,6712
16,6713
4,6714
22,6715
2,6716
5,6717
37,6718
6,6719
45,6720
7,6721
21,6722
17,6723
8,6724
14,6725
26,6726
32,6727
10,6728
23,6729
0,6730
38,6731
45,6732
2,6733
2,6734
15,6735
18,6736
32,6737
43,6738
20,6739
46,6740
2,6741
0,6742
35,6743
24,6744
27,6745
0,6746
32,6747
4,6748
30,6749
17,6750
36,6751
47,6752
29,6753
0,6754
3,6755
2,6756
46,6757
25,6758
1,6759
24,6760
11,6761
36,6762
47,6763
15,6764
43,6765
15,6766
49,6767
43,6768
26,6769
36,6770
28,6771
7,6772
12,6773
45,6774
0,6775
29,6776
19,6777
2,6778
31,6779
1,6780
4,6781
34,6782
32,6783
18,6784
19,6785
46,6786
25,6787
14,6788
14,6789
23,6790
10,6791
13,6792
37,6793
37,6794
8,6795
28,6796
48,6797
24,6798
27,6799
24,6800
16,6801
41,6802
3,6803
2,6804
37,6805
49,6806
34,6807
42,6808
36,6809
29,6810
4,6811
10,6812
13,6813
26,6814
5,6815
6,6816
28,6817
30,6818
6,6819
45,6820
32,6821
25,6822
39,6823
0,6824
32,6825
1,6826
16,6827
28,6828
3,6829
0,6830
18,6831
1,6832
24,6833
19,6834
41,6835
26,6836
32,6837
11,6838
2,6839
20,6840
24,6841
3,6842
12,6843
2,6844
38,6845
42,6846
14,6847
22,6848
11,6849
10,6850
6,6851
32,6852
8,6853
10,6854
1,6855
12,6856
22,6857
0,6858
41,6859
0,6860
4,6861
1,6862
1,6863
2,6864
10,6865
3,6866
0,6867
38,6868
1,6869
21,6870
6,6871
49,6872
46,6873
14,6874
25,6875
7,6876
27,6877
7,6878
43,6879
32,6880
16,6881
9,6882
25,6883
23,6884
37,6885
28,6886
38,6887
0,6888
5,6889
33,6890
18,6891
28,6892
12,6893
39,6894
35,6895
9,6896
45,6897
8,6898
3,6899
28,6900
11,6901
11,6902
35,6903
47,6904
35,6905
36,6906
27,6907
9,6908
47,6909
37,6910
37,6911
43,6912
46,6913
19,6914
21,6915
24,6916
17,6917
8,6918
3,6919
36,6920
33,6921
49,6922
25,6923
1,6924
19,6925
46,6926
2,6927
41,6928
12,6929
20,6930
0,6931
25,6932
29,6933
36,6934
29,6935
23,6936
41,6937
44,6938
48,6939
32,6940
7,6941
32,6942
23,6943
40,6944
40,6945
12,6946
32,6947
22,6948
16,6949
43,6950
5,6951
15,6952
22,6953
11,6954
33,6955
49,6956
29,6957
5,6958
11,6959
49,6960
42,6961
24,6962
25,6963
25,6964
19,6965
24,6966
45,6967
23,6968
5,6969
49,6970
10,6971
0,6972
30,6973
17,6974
18,6975
49,6976
1,6977
8,6978
2,6979
3,6980
14,6981
14,6982
23,6983
39,6984
6,6985
3,6986
13,6987
19,6988
3,6989
40,6990
12,6991
13,6992
39,6993
35,6994
29,6995
25,6996
36,6997
32,6998
36,6999
43,7000
41,7001
5,7002
46,7003
6,7004
20,7005
43,7006
5,7007
16,7008
30,7009
21,7010
24,7011
0,7012
22,7013
4,7014
24,7015
48,7016
22,7017
37,7018
42,7019
48,7020
9,7021
33,7022
6,7023
16,7024
17,7025
24,7026
26,7027
16,7028
24,7029
12,7030
23,7031
18,7032
20,7033
20,7034
36,7035
10,7036
35,7037
9,7038
5,7039
42,7040
10,7041
13,7042
27,7043
30,7044
20,7045
23,7046
38,7047
34,7048
49,7049
12,7050
44,7051
17,7052
44,7053
37,7054
15,7055
28,7056
0,7057
25,7058
11,7059
12,7060
43,7061
8,7062
27,7063
30,7064
44,7065
13,7066
23,7067
3,7068
48,7069
4,7070
4,7071
5,7072
4,7073
42,7074
6,7075
21,7076
7,7077
32,7078
10,7079
9,7080
40,7081
24,7082
23,7083
46,7084
31,7085
9,7086
5,7087
17,7088
22,7089
29,7090
16,7091
37,7092
13,7093
4,7094
21,7095
20,7096
24,7097
20,7098
1,7099
31,7100
23,7101
12,7102
15,7103
8,7104
40,7105
0,7106
0,7107
46,7108
1,7109
28,7110
2,7111
16,7112
3,7113
43,7114
7,7115
37,7116
29,7117
29,7118
7,7119
8,7120
6,7121
1,7122
29,7123
3,7124
29,7125
30,7126
42,7127
15,7128
45,7129
49,7130
38,7131
0,7132
8,7133
31,7134
1,7135
14,7136
2,7137
11,7138
3,7139
33,7140
5,7141
9,7142
32,7143
49,7144
28,7145
39,7146
44,7147
33,7148
37,7149
6,7150
13,7151
39,7152
49,7153
2,7154
2,7155
36,7156
22,7157
1,7158
12,7159
17,7160
10,7161
45,7162
35,7163
8,7164
33,7165
27,7166
5,7167
36,7168
43,7169
32,7170
6,7171
45,7172
31,7173
38,7174
24,7175
38,7176
39,7177
40,7178
19,7179
5,7180
38,7181
32,7182
36,7183
22,7184
40,7185
43,7186
8,7187
41,7188
26,7189
4,7190
35,7191
37,7192
25,7193
33,7194
8,7195
0,7196
31,7197
49,7198
41,7199
33,7200
8,7201
43,7202
31,7203
26,7204
42,7205
5,7206
4,7207
7,7208
8,7209
5,7210
4,7211
4,7212
5,7213
30,7214
5,7215
7,7216
26,7217
39,7218
6,7219
32,7220
7,7221
24,7222
27,7223
33,7224
4,7225
32,7226
38,7227
46,7228
5,7229
33,7230
32,7231
6,7232
14,7233
49,7234
7,7235
5,7236
47,7237
18,7238
39,7239
24,7240
27,7241
34,7242
49,7243
24,7244
48,7245
14,7246
29,7247
24,7248
17,7249
46,7250
13,7251
4,7252
32,7253
49,7254
14,7255
26,7256
20,7257
33,7258
29,7259
9,7260
5,7261
0,7262
7,7263
1,7264
33,7265
2,7266
29,7267
24,7268
22,7269
3,7270
12,7271
35,7272
33,7273
33,7274
10,7275
0,7276
13,7277
1,7278
22,7279
35,7280
2,7281
32,7282
41,7283
3,7284
20,7285
48,7286
32,7287
36,7288
0,7289
23,7290
3,7291
29,7292
27,7293
3,7294
24,7295
34,7296
26,7297
38,7298
45,7299
43,7300
20,7301
37,7302
36,7303
45,7304
17,7305
28,7306
29,7307
26,7308
6,7309
49,7310
30,7311
33,7312
46,7313
4,7314
43,7315
16,7316
20,7317
23,7318
38,7319
43,7320
42,7321
5,7322
21,7323
3,7324
18,7325
30,7326
44,7327
1,7328
30,7329
15,7330
32,7331
4,7332
15,7333
8,7334
40,7335
45,7336
41,7337
34,7338
33,7339
44,7340
41,7341
24,7342
21,7343
0,7344
45,7345
0,7346
30,7347
0,7348
30,7349
1,7350
3,7351
1,7352
2,7353
24,7354
11,7355
3,7356
25,7357
4,7358
3,7359
33,7360
5,7361
42,7362
6,7363
38,7364
6,7365
7,7366
36,7367
26,7368
7,7369
47,7370
25,7371
30,7372
30,7373
46,7374
8,7375
25,7376
21,7377
35,7378
22,7379
7,7380
20,7381
48,7382
35,7383
29,7384
42,7385
7,7386
3,7387
7,7388
5,7389
27,7390
47,7391
12,7392
41,7393
10,7394
5,7395
32,7396
12,7397
16,7398
0,7399
33,7400
25,7401
23,7402
1,7403
45,7404
4,7405
2,7406
46,7407
38,7408
3,7409
12,7410
13,7411
12,7412
41,7413
34,7414
3,7415
5,7416
47,7417
4,7418
16,7419
8,7420
46,7421
49,7422
16,7423
2,7424
15,7425
36,7426
48,7427
5,7428
7,7429
13,7430
3,7431
19,7432
4,7433
0,7434
49,7435
2,7436
42,7437
1,7438
6,7439
2,7440
8,7441
18,7442
33,7443
3,7444
26,7445
21,7446
22,7447
22,7448
44,7449
0,7450
42,7451
19,7452
0,7453
1,7454
6,7455
37,7456
2,7457
13,7458
3,7459
17,7460
15,7461
8,7462
13,7463
45,7464
6,7465
12,7466
9,7467
38,7468
34,7469
43,7470
0,7471
29,7472
35,7473
29,7474
41,7475
47,7476
28,7477
6,7478
36,7479
13,7480
42,7481
16,7482
1,7483
5,7484
5,7485
11,7486
14,7487
2,7488
41,7489
27,7490
0,7491
10,7492
25,7493
12,7494
44,7495
49,7496
39,7497
4,7498
29,7499
23,7500
36,7501
44,7502
19,7503
49,7504
30,7505
24,7506
6,7507
26,7508
8,7509
32,7510
22,7511
46,7512
41,7513
44,7514
41,7515
17,7516
6,7517
35,7518
21,7519
20,7520
29,7521
49,7522
28,7523
30,7524
18,7525
11,7526
3,7527
29,7528
1,7529
38,7530
29,7531
43,7532
36,7533
43,7534
6,7535
20,7536
49,7537
15,7538
17,7539
20,7540
21,7541
40,7542
8,7543
10,7544
13,7545
0,7546
10,7547
33,7548
27,7549
4,7550
18,7551
9,7552
41,7553
27,7554
15,7555
20,7556
45,7557
36,7558
24,7559
22,7560
14,7561
13,7562
45,7563
17,7564
30,7565
40,7566
24,7567
21,7568
27,7569
39,7570
4,7571
29,7572
24,7573
22,7574
28,7575
23,7576
24,7577
48,7578
0,7579
39,7580
38,7581
18,7582
49,7583
15,7584
1,7585
16,7586
48,7587
25,7588
48,7589
0,7590
23,7591
27,7592
3,7593
27,7594
30,7595
32,7596
1,7597
20,7598
46,7599
4,7600
4,7601
12,7602
28,7603
12,7604
10,7605
30,7606
6,7607
25,7608
8,7609
5,7610
30,7611
1,7612
21,7613
10,7614
38,7615
43,7616
45,7617
41,7618
38,7619
10,7620
21,7621
4,7622
25,7623
5,7624
32,7625
6,7626
27,7627
7,7628
20,7629
20,7630
33,7631
0,7632
18,7633
17,7634
49,7635
13,7636
15,7637
18,7638
24,7639
6,7640
44,7641
4,7642
28,7643
17,7644
30,7645
49,7646
0,7647
21,7648
31,7649
4,7650
6,7651
49,7652
41,7653
40,7654
2,7655
3,7656
1,7657
30,7658
12,7659
22,7660
9,7661
13,7662
46,7663
35,7664
4,7665
34,7666
2,7667
5,7668
35,7669
6,7670
40,7671
48,7672
7,7673
7,7674
43,7675
26,7676
11,7677
26,7678
23,7679
42,7680
12,7681
34,7682
42,7683
19,7684
8,7685
9,7686
0,7687
45,7688
2,7689
38,7690
48,7691
2,7692
3,7693
44,7694
19,7695
36,7696
42,7697
6,7698
39,7699
4,7700
22,7701
35,7702
15,7703
19,7704
43,7705
26,7706
5,7707
40,7708
41,7709
16,7710
7,7711
27,7712
28,7713
5,7714
24,7715
2,7716
10,7717
20,7718
13,7719
22,7720
0,7721
43,7722
12,7723
11,7724
35,7725
34,7726
20,7727
10,7728
12,7729
38,7730
13,7731
10,7732
49,7733
18,7734
4,7735
5,7736
44,7737
46,7738
45,7739
34,7740
28,7741
37,7742
33,7743
28,7744
9,7745
13,7746
25,7747
15,7748
29,7749
16,7750
40,7751
35,7752
18,7753
24,7754
48,7755
35,7756
9,7757
14,7758
5,7759
20,7760
40,7761
18,7762
29,7763
3,7764
40,7765
23,7766
40,7767
14,7768
18,7769
14,7770
23,7771
49,7772
43,7773
1,7774
12,7775
32,7776
24,7777
14,7778
46,7779
28,7780
24,7781
26,7782
2,7783
44,7784
6,7785
39,7786
36,7787
35,7788
4,7789
10,7790
29,7791
5,7792
37,7793
30,7794
28,7795
43,7796
0,7797
24,7798
38,7799
22,7800
37,7801
22,7802
26,7803
2,7804
17,7805
49,7806
13,7807
35,7808
37,7809
29,7810
23,7811
21,7812
18,7813
41,7814
1,7815
0,7816
32,7817
46,7818
12,7819
32,7820
16,7821
4,7822
48,7823
28,7824
29,7825
11,7826
16,7827
9,7828
3,7829
24,7830
29,7831
10,7832
12,7833
30,7834
34,7835
49,7836
0,7837
49,7838
42,7839
1,7840
7,7841
39,7842
43,7843
45,7844
2,7845
21,7846
29,7847
2,7848
31,7849
6,7850
38,7851
28,7852
7,7853
6,7854
35,7855
17,7856
4,7857
4,7858
32,7859
5,7860
0,7861
35,7862
29,7863
21,7864
23,7865
46,7866
4,7867
45,7868
35,7869
26,7870
6,7871
44,7872
8,7873
43,7874
7,7875
47,7876
37,7877
12,7878
25,7879
14,7880
31,7881
18,7882
30,7883
16,7884
22,7885
44,7886
36,7887
33,7888
19,7889
48,7890
27,7891
14,7892
19,7893
5,7894
4,7895
44,7896
39,7897
16,7898
32,7899
25,7900
34,7901
23,7902
40,7903
37,7904
24,7905
19,7906
42,7907
37,7908
29,7909
29,7910
0,7911
20,7912
23,7913
0,7914
49,7915
14,7916
18,7917
11,7918
29,7919
24,7920
41,7921
30,7922
23,7923
47,7924
46,7925
23,7926
0,7927
46,7928
1,7929
38,7930
2,7931
49,7932
3,7933
26,7934
11,7935
3,7936
31,7937
2,7938
6,7939
34,7940
20,7941
14,7942
35,7943
44,7944
6,7945
40,7946
21,7947
3,7948
27,7949
28,7950
12,7951
38,7952
44,7953
15,7954
35,7955
31,7956
32,7957
24,7958
11,7959
37,7960
4,7961
1,7962
8,7963
5,7964
0,7965
49,7966
20,7967
45,7968
47,7969
34,7970
3,7971
43,7972
6,7973
38,7974
7,7975
37,7976
38,7977
30,7978
18,7979
5,7980
13,7981
42,7982
45,7983
4,7984
8,7985
5,7986
8,7987
5,7988
31,7989
33,7990
6,7991
43,7992
3,7993
18,7994
13,7995
19,7996
7,7997
47,7998
6,7999
20,8000
14,8001
47,8002
35,8003
31,8004
8,8005
39,8006
18,8007
40,8008
17,8009
49,8010
22,8011
11,8012
40,8013
17,8014
39,8015
25,8016
7,8017
43,8018
33,8019
23,8020
6,8021
44,8022
0,8023
8,8024
20,8025
11,8026
41,8027
35,8028
5,8029
8,8030
30,8031
34,8032
40,8033
49,8034
22,8035
30,8036
4,8037
42,8038
35,8039
17,8040
37,8041
6,8042
39,8043
31,8044
6,8045
29,8046
34,8047
3,8048
22,8049
37,8050
1,8051
18,8052
40,8053
47,8054
25,8055
40,8056
37,8057
30,8058
33,8059
47,8060
2,8061
20,8062
6,8063
7,8064
10,8065
32,8066
16,8067
20,8068
46,8069
28,8070
25,8071
39,8072
1,8073
47,8074
28,8075
1,8076
45,8077
47,8078
43,8079
3,8080
36,8081
11,8082
20,8083
49,8084
36,8085
48,8086
48,8087
10,8088
14,8089
49,8090
23,8091
24,8092
0,8093
5,8094
1,8095
22,8096
40,8097
4,8098
14,8099
2,8100
10,8101
3,8102
32,8103
22,8104
19,8105
48,8106
0,8107
44,8108
42,8109
21,8110
41,8111
46,8112
28,8113
22,8114
23,8115
2,8116
47,8117
32,8118
25,8119
27,8120
43,8121
10,8122
17,8123
26,8124
38,8125
17,8126
1,8127
20,8128
16,8129
23,8130
29,8131
24,8132
26,8133
22,8134
23,8135
24,8136
48,8137
2,8138
44,8139
49,8140
36,8141
10,8142
8,8143
25,8144
9,8145
19,8146
35,8147
46,8148
23,8149
0,8150
3,8151
1,8152
35,8153
2,8154
37,8155
3,8156
23,8157
28,8158
1,8159
16,8160
9,8161
44,8162
3,8163
20,8164
13,8165
2,8166
0,8167
38,8168
4,8169
33,8170
26,8171
35,8172
21,8173
31,8174
10,8175
14,8176
32,8177
25,8178
37,8179
32,8180
35,8181
13,8182
4,8183
28,8184
13,8185
1,8186
30,8187
24,8188
31,8189
5,8190
37,8191
6,8192
25,8193
41,8194
18,8195
15,8196
7,8197
36,8198
2,8199
35,8200
30,8201
22,8202
30,8203
0,8204
8,8205
30,8206
28,8207
2,8208
9,8209
16,8210
13,8211
29,8212
43,8213
43,8214
40,8215
0,8216
43,8217
25,8218
26,8219
23,8220
38,8221
30,8222
14,8223
26,8224
47,8225
39,8226
5,8227
42,8228
1,8229
25,8230
0,8231
12,8232
21,8233
40,8234
45,8235
36,8236
32,8237
35,8238
3,8239
2,8240
5,8241
22,8242
7,8243
0,8244
8,8245
13,8246
10,8247
31,8248
7,8249
19,8250
0,8251
26,8252
12,8253
14,8254
1,8255
33,8256
4,8257
29,8258
2,8259
19,8260
3,8261
2,8262
1,8263
36,8264
2,8265
12,8266
35,8267
16,8268
31,8269
2,8270
12,8271
41,8272
8,8273
20,8274
20,8275
7,8276
24,8277
36,8278
47,8279
28,8280
42,8281
36,8282
27,8283
33,8284
26,8285
8,8286
20,8287
26,8288
42,8289
16,8290
47,8291
41,8292
29,8293
4,8294
20,8295
43,8296
30,8297
25,8298
18,8299
18,8300
18,8301
23,8302
3,8303
39,8304
4,8305
49,8306
5,8307
35,8308
18,8309
21,8310
35,8311
41,8312
46,8313
6,8314
14,8315
0,8316
2,8317
46,8318
0,8319
36,8320
8,8321
38,8322
20,8323
33,8324
44,8325
41,8326
16,8327
37,8328
0,8329
20,8330
17,8331
14,8332
32,8333
30,8334
21,8335
9,8336
10,8337
20,8338
19,8339
34,8340
4,8341
0,8342
7,8343
21,8344
40,8345
2,8346
3,8347
4,8348
22,8349
24,8350
20,8351
15,8352
39,8353
40,8354
8,8355
5,8356
44,8357
17,8358
6,8359
37,8360
7,8361
7,8362
41,8363
1,8364
43,8365
0,8366
15,8367
32,8368
48,8369
22,8370
48,8371
7,8372
21,8373
47,8374
1,8375
8,8376
37,8377
28,8378
38,8379
11,8380
11,8381
14,8382
25,8383
8,8384
39,8385
4,8386
44,8387
48,8388
45,8389
37,8390
5,8391
11,8392
12,8393
41,8394
11,8395
18,8396
33,8397
13,8398
1,8399
24,8400
35,8401
0,8402
39,8403
1,8404
36,8405
2,8406
15,8407
3,8408
38,8409
27,8410
25,8411
5,8412
19,8413
10,8414
13,8415
44,8416
14,8417
49,8418
5,8419
44,8420
46,8421
7,8422
40,8423
48,8424
1,8425
4,8426
19,8427
23,8428
19,8429
5,8430
34,8431
14,8432
6,8433
40,8434
7,8435
12,8436
10,8437
13,8438
0,8439
0,8440
25,8441
1,8442
16,8443
2,8444
25,8445
3,8446
2,8447
0,8448
41,8449
31,8450
46,8451
25,8452
41,8453
44,8454
4,8455
17,8456
28,8457
12,8458
7,8459
5,8460
30,8461
6,8462
7,8463
9,8464
7,8465
5,8466
37,8467
25,8468
22,8469
33,8470
43,8471
31,8472
0,8473
22,8474
1,8475
0,8476
38,8477
22,8478
2,8479
34,8480
4,8481
3,8482
40,8483
0,8484
25,8485
26,8486
13,8487
16,8488
10,8489
17,8490
18,8491
22,8492
46,8493
44,8494
47,8495
49,8496
5,8497
10,8498
0,8499
15,8500
15,8501
23,8502
37,8503
14,8504
46,8505
9,8506
48,8507
34,8508
44,8509
14,8510
32,8511
6,8512
42,8513
34,8514
3,8515
19,8516
0,8517
2,8518
19,8519
27,8520
4,8521
21,8522
23,8523
36,8524
38,8525
28,8526
40,8527
49,8528
5,8529
23,8530
3,8531
27,8532
31,8533
16,8534
30,8535
44,8536
49,8537
0,8538
47,8539
12,8540
27,8541
25,8542
11,8543
37,8544
42,8545
21,8546
40,8547
31,8548
7,8549
35,8550
23,8551
24,8552
15,8553
44,8554
30,8555
30,8556
41,8557
37,8558
11,8559
16,8560
21,8561
6,8562
6,8563
44,8564
49,8565
29,8566
38,8567
23,8568
18,8569
0,8570
24,8571
9,8572
35,8573
12,8574
45,8575
5,8576
32,8577
36,8578
37,8579
49,8580
44,8581
47,8582
27,8583
18,8584
5,8585
35,8586
40,8587
41,8588
47,8589
4,8590
30,8591
18,8592
43,8593
48,8594
17,8595
4,8596
14,8597
5,8598
9,8599
36,8600
40,8601
46,8602
6,8603
31,8604
47,8605
18,8606
7,8607
20,8608
43,8609
45,8610
28,8611
17,8612
30,8613
2,8614
17,8615
32,8616
25,8617
21,8618
39,8619
1,8620
5,8621
42,8622
34,8623
23,8624
35,8625
33,8626
7,8627
11,8628
20,8629
20,8630
6,8631
45,8632
6,8633
36,8634
38,8635
27,8636
17,8637
20,8638
34,8639
26,8640
15,8641
23,8642
0,8643
21,8644
1,8645
36,8646
2,8647
21,8648
37,8649
3,8650
28,8651
40,8652
29,8653
3,8654
14,8655
1,8656
47,8657
39,8658
31,8659
15,8660
26,8661
7,8662
10,8663
10,8664
6,8665
21,8666
4,8667
16,8668
43,8669
5,8670
27,8671
23,8672
5,8673
46,8674
4,8675
26,8676
16,8677
33,8678
6,8679
49,8680
28,8681
1,8682
37,8683
9,8684
49,8685
46,8686
34,8687
36,8688
20,8689
0,8690
18,8691
21,8692
35,8693
20,8694
35,8695
19,8696
8,8697
10,8698
47,8699
6,8700
26,8701
39,8702
40,8703
4,8704
9,8705
5,8706
7,8707
27,8708
6,8709
21,8710
7,8711
44,8712
23,8713
24,8714
33,8715
17,8716
7,8717
10,8718
37,8719
22,8720
18,8721
9,8722
18,8723
2,8724
27,8725
48,8726
17,8727
42,8728
48,8729
36,8730
29,8731
39,8732
16,8733
23,8734
1,8735
29,8736
36,8737
43,8738
3,8739
1,8740
11,8741
47,8742
37,8743
19,8744
35,8745
4,8746
47,8747
5,8748
48,8749
6,8750
32,8751
40,8752
42,8753
22,8754
7,8755
44,8756
24,8757
49,8758
24,8759
5,8760
49,8761
29,8762
11,8763
26,8764
28,8765
8,8766
10,8767
25,8768
12,8769
43,8770
20,8771
43,8772
38,8773
10,8774
39,8775
48,8776
25,8777
41,8778
11,8779
37,8780
22,8781
8,8782
5,8783
1,8784
24,8785
33,8786
20,8787
40,8788
37,8789
49,8790
41,8791
27,8792
11,8793
34,8794
41,8795
36,8796
47,8797
40,8798
41,8799
46,8800
44,8801
2,8802
40,8803
31,8804
10,8805
13,8806
22,8807
20,8808
35,8809
11,8810
25,8811
14,8812
14,8813
19,8814
9,8815
30,8816
16,8817
49,8818
10,8819
42,8820
48,8821
15,8822
49,8823
43,8824
31,8825
46,8826
45,8827
20,8828
26,8829
26,8830
44,8831
23,8832
18,8833
30,8834
28,8835
5,8836
16,8837
49,8838
17,8839
14,8840
43,8841
4,8842
8,8843
18,8844
49,8845
30,8846
12,8847
42,8848
13,8849
19,8850
46,8851
44,8852
42,8853
24,8854
5,8855
24,8856
9,8857
39,8858
36,8859
28,8860
44,8861
5,8862
37,8863
31,8864
25,8865
45,8866
31,8867
32,8868
4,8869
0,8870
24,8871
25,8872
12,8873
20,8874
7,8875
26,8876
1,8877
8,8878
43,8879
5,8880
5,8881
18,8882
14,8883
44,8884
30,8885
37,8886
31,8887
27,8888
3,8889
1,8890
13,8891
33,8892
40,8893
8,8894
15,8895
44,8896
13,8897
42,8898
48,8899
17,8900
31,8901
32,8902
42,8903
23,8904
38,8905
14,8906
22,8907
8,8908
1,8909
41,8910
43,8911
28,8912
21,8913
22,8914
46,8915
13,8916
7,8917
27,8918
26,8919
23,8920
39,8921
0,8922
7,8923
24,8924
26,8925
39,8926
34,8927
33,8928
38,8929
2,8930
15,8931
22,8932
43,8933
27,8934
31,8935
8,8936
43,8937
48,8938
3,8939
36,8940
0,8941
39,8942
1,8943
41,8944
2,8945
45,8946
37,8947
3,8948
39,8949
19,8950
31,8951
7,8952
43,8953
6,8954
46,8955
17,8956
7,8957
7,8958
44,8959
18,8960
22,8961
30,8962
32,8963
37,8964
48,8965
1,8966
46,8967
18,8968
3,8969
47,8970
9,8971
9,8972
47,8973
4,8974
44,8975
5,8976
45,8977
6,8978
43,8979
7,8980
8,8981
17,8982
1,8983
7,8984
44,8985
41,8986
41,8987
12,8988
37,8989
6,8990
37,8991
14,8992
9,8993
42,8994
12,8995
21,8996
42,8997
27,8998
21,8999
23,9000
46,9001
49,9002
14,9003
29,9004
41,9005
27,9006
35,9007
31,9008
30,9009
43,9010
25,9011
1,9012
34,9013
8,9014
1,9015
13,9016
27,9017
36,9018
6,9019
12,9020
24,9021
43,9022
32,9023
34,9024
12,9025
32,9026
25,9027
3,9028
33,9029
29,9030
12,9031
3,9032
19,9033
12,9034
43,9035
5,9036
12,9037
15,9038
11,9039
30,9040
12,9041
38,9042
2,9043
29,9044
23,9045
4,9046
27,9047
5,9048
32,9049
46,9050
6,9051
48,9052
7,9053
18,9054
21,9055
22,9056
14,9057
11,9058
7,9059
20,9060
11,9061
18,9062
19,9063
43,9064
41,9065
16,9066
46,9067
38,9068
23,9069
28,9070
44,9071
47,9072
20,9073
1,9074
46,9075
5,9076
43,9077
23,9078
40,9079
4,9080
34,9081
15,9082
5,9083
36,9084
12,9085
16,9086
19,9087
6,9088
1,9089
49,9090
33,9091
7,9092
10,9093
38,9094
30,9095
48,9096
11,9097
3,9098
38,9099
31,9100
30,9101
4,9102
12,9103
5,9104
23,9105
6,9106
39,9107
2,9108
7,9109
22,9110
18,9111
4,9112
44,9113
14,9114
47,9115
46,9116
5,9117
47,9118
6,9119
2,9120
3,9121
3,9122
7,9123
27,9124
21,9125
8,9126
13,9127
29,9128
27,9129
36,9130
29,9131
43,9132
33,9133
27,9134
26,9135
4,9136
11,9137
33,9138
5,9139
6,9140
38,9141
6,9142
5,9143
33,9144
32,9145
7,9146
47,9147
35,9148
31,9149
48,9150
38,9151
22,9152
8,9153
1,9154
10,9155
28,9156
29,9157
37,9158
6,9159
20,9160
11,9161
11,9162
30,9163
30,9164
8,9165
35,9166
3,9167
23,9168
8,9169
9,9170
2,9171
2,9172
4,9173
34,9174
44,9175
32,9176
18,9177
43,9178
27,9179
32,9180
4,9181
33,9182
33,9183
46,9184
12,9185
1,9186
35,9187
41,9188
24,9189
2,9190
13,9191
41,9192
33,9193
28,9194
3,9195
13,9196
44,9197
4,9198
22,9199
43,9200
24,9201
3,9202
38,9203
28,9204
6,9205
32,9206
45,9207
5,9208
38,9209
45,9210
25,9211
11,9212
30,9213
12,9214
47,9215
29,9216
30,9217
20,9218
23,9219
12,9220
12,9221
19,9222
27,9223
36,9224
0,9225
23,9226
41,9227
11,9228
27,9229
29,9230
23,9231
1,9232
43,9233
9,9234
9,9235
12,9236
38,9237
42,9238
34,9239
46,9240
20,9241
19,9242
7,9243
40,9244
48,9245
13,9246
3,9247
2,9248
3,9249
36,9250
47,9251
35,9252
18,9253
26,9254
9,9255
44,9256
13,9257
44,9258
48,9259
26,9260
23,9261
48,9262
8,9263
25,9264
46,9265
17,9266
6,9267
35,9268
3,9269
36,9270
20,9271
46,9272
13,9273
14,9274
22,9275
28,9276
2,9277
28,9278
4,9279
22,9280
29,9281
28,9282
22,9283
26,9284
5,9285
34,9286
25,9287
7,9288
6,9289
18,9290
0,9291
7,9292
25,9293
2,9294
44,9295
49,9296
31,9297
20,9298
6,9299
21,9300
38,9301
10,9302
15,9303
1,9304
38,9305
5,9306
18,9307
35,9308
36,9309
19,9310
43,9311
2,9312
7,9313
40,9314
45,9315
32,9316
40,9317
48,9318
28,9319
31,9320
5,9321
30,9322
3,9323
7,9324
17,9325
31,9326
14,9327
29,9328
37,9329
17,9330
27,9331
0,9332
6,9333
34,9334
15,9335
32,9336
34,9337
49,9338
41,9339
25,9340
14,9341
25,9342
14,9343
25,9344
23,9345
10,9346
40,9347
41,9348
4,9349
32,9350
28,9351
31,9352
14,9353
8,9354
37,9355
33,9356
17,9357
28,9358
28,9359
24,9360
1,9361
10,9362
37,9363
44,9364
33,9365
25,9366
6,9367
12,9368
20,9369
36,9370
33,9371
39,9372
46,9373
22,9374
30,9375
23,9376
20,9377
1,9378
0,9379
44,9380
27,9381
11,9382
35,9383
41,9384
4,9385
12,9386
46,9387
32,9388
22,9389
35,9390
15,9391
5,9392
12,9393
37,9394
10,9395
36,9396
11,9397
23,9398
47,9399
43,9400
15,9401
12,9402
32,9403
35,9404
39,9405
37,9406
1,9407
22,9408
39,9409
34,9410
29,9411
39,9412
1,9413
18,9414
26,9415
17,9416
22,9417
45,9418
37,9419
10,9420
39,9421
45,9422
46,9423
26,9424
6,9425
14,9426
47,9427
18,9428
9,9429
5,9430
25,9431
14,9432
45,9433
17,9434
8,9435
10,9436
49,9437
42,9438
11,9439
40,9440
31,9441
35,9442
26,9443
48,9444
24,9445
26,9446
21,9447
11,9448
34,9449
39,9450
42,9451
43,9452
28,9453
21,9454
13,9455
40,9456
37,9457
31,9458
37,9459
27,9460
43,9461
18,9462
14,9463
4,9464
33,9465
28,9466
19,9467
3,9468
27,9469
25,9470
32,9471
45,9472
37,9473
11,9474
4,9475
16,9476
3,9477
5,9478
47,9479
6,9480
21,9481
7,9482
10,9483
15,9484
20,9485
31,9486
39,9487
37,9488
20,9489
12,9490
41,9491
2,9492
37,9493
43,9494
26,9495
15,9496
19,9497
36,9498
45,9499
6,9500
0,9501
18,9502
44,9503
31,9504
6,9505
32,9506
43,9507
5,9508
18,9509
47,9510
0,9511
15,9512
1,9513
10,9514
2,9515
9,9516
3,9517
44,9518
10,9519
39,9520
30,9521
41,9522
10,9523
49,9524
8,9525
8,9526
0,9527
13,9528
31,9529
47,9530
20,9531
20,9532
21,9533
6,9534
22,9535
15,9536
43,9537
44,9538
46,9539
2,9540
47,9541
25,9542
45,9543
42,9544
12,9545
48,9546
20,9547
30,9548
13,9549
9,9550
3,9551
9,9552
30,9553
9,9554
42,9555
19,9556
0,9557
16,9558
1,9559
30,9560
43,9561
2,9562
36,9563
3,9564
47,9565
16,9566
40,9567
35,9568
5,9569
30,9570
0,9571
23,9572
29,9573
40,9574
38,9575
47,9576
12,9577
12,9578
6,9579
47,9580
18,9581
2,9582
2,9583
39,9584
44,9585
27,9586
35,9587
36,9588
42,9589
19,9590
46,9591
26,9592
27,9593
36,9594
8,9595
37,9596
31,9597
6,9598
41,9599
23,9600
36,9601
8,9602
21,9603
10,9604
30,9605
48,9606
28,9607
41,9608
15,9609
8,9610
4,9611
11,9612
12,9613
23,9614
2,9615
13,9616
9,9617
47,9618
12,9619
35,9620
8,9621
8,9622
6,9623
44,9624
49,9625
5,9626
33,9627
47,9628
43,9629
20,9630
47,9631
48,9632
47,9633
35,9634
28,9635
30,9636
45,9637
22,9638
35,9639
36,9640
18,9641
30,9642
0,9643
3,9644
2,9645
44,9646
31,9647
22,9648
44,9649
42,9650
48,9651
3,9652
32,9653
27,9654
48,9655
25,9656
34,9657
24,9658
39,9659
8,9660
7,9661
13,9662
2,9663
14,9664
47,9665
27,9666
36,9667
33,9668
18,9669
33,9670
14,9671
41,9672
28,9673
38,9674
32,9675
13,9676
29,9677
27,9678
41,9679
19,9680
19,9681
41,9682
24,9683
28,9684
34,9685
12,9686
32,9687
15,9688
45,9689
25,9690
8,9691
33,9692
1,9693
26,9694
21,9695
46,9696
32,9697
46,9698
2,9699
32,9700
42,9701
25,9702
11,9703
20,9704
4,9705
10,9706
4,9707
28,9708
33,9709
27,9710
41,9711
11,9712
10,9713
14,9714
1,9715
27,9716
18,9717
12,9718
29,9719
20,9720
49,9721
18,9722
20,9723
48,9724
0,9725
35,9726
1,9727
4,9728
27,9729
2,9730
12,9731
37,9732
3,9733
42,9734
25,9735
15,9736
13,9737
9,9738
8,9739
3,9740
39,9741
21,9742
37,9743
26,9744
10,9745
45,9746
37,9747
34,9748
20,9749
6,9750
39,9751
17,9752
15,9753
28,9754
30,9755
2,9756
15,9757
22,9758
9,9759
42,9760
36,9761
10,9762
16,9763
7,9764
21,9765
22,9766
21,9767
14,9768
44,9769
35,9770
36,9771
22,9772
5,9773
38,9774
9,9775
17,9776
30,9777
6,9778
14,9779
3,9780
15,9781
33,9782
19,9783
39,9784
31,9785
4,9786
42,9787
6,9788
45,9789
28,9790
21,9791
20,9792
11,9793
28,9794
3,9795
2,9796
12,9797
45,9798
17,9799
26,9800
19,9801
46,9802
40,9803
33,9804
9,9805
48,9806
14,9807
45,9808
29,9809
46,9810
5,9811
25,9812
48,9813
4,9814
20,9815
3,9816
34,9817
18,9818
49,9819
30,9820
30,9821
48,9822
7,9823
35,9824
14,9825
11,9826
39,9827
43,9828
21,9829
35,9830
39,9831
21,9832
29,9833
8,9834
2,9835
19,9836
34,9837
24,9838
36,9839
25,9840
5,9841
1,9842
18,9843
40,9844
8,9845
17,9846
9,9847
1,9848
25,9849
15,9850
39,9851
46,9852
37,9853
9,9854
9,9855
47,9856
48,9857
46,9858
1,9859
6,9860
13,9861
32,9862
33,9863
14,9864
24,9865
6,9866
24,9867
38,9868
20,9869
8,9870
37,9871
3,9872
30,9873
43,9874
13,9875
21,9876
19,9877
39,9878
21,9879
44,9880
18,9881
19,9882
36,9883
16,9884
36,9885
25,9886
22,9887
23,9888
48,9889
5,9890
32,9891
20,9892
27,9893
36,9894
11,9895
43,9896
25,9897
48,9898
13,9899
15,9900
6,9901
12,9902
27,9903
8,9904
27,9905
44,9906
15,9907
48,9908
6,9909
23,9910
18,9911
6,9912
45,9913
0,9914
44,9915
43,9916
2,9917
44,9918
13,9919
46,9920
35,9921
30,9922
16,9923
8,9924
22,9925
0,9926
35,9927
48,9928
42,9929
29,9930
0,9931
29,9932
1,9933
35,9934
32,9935
35,9936
2,9937
23,9938
24,9939
3,9940
30,9941
25,9942
45,9943
43,9944
43,9945
7,9946
15,9947
34,9948
43,9949
40,9950
1,9951
13,9952
33,9953
26,9954
21,9955
42,9956
47,9957
4,9958
16,9959
14,9960
35,9961
8,9962
15,9963
26,9964
17,9965
39,9966
41,9967
40,9968
26,9969
43,9970
30,9971
47,9972
26,9973
5,9974
14,9975
47,9976
36,9977
19,9978
0,9979
26,9980
2,9981
27,9982
43,9983
0,9984
32,9985
23,9986
6,9987
45,9988
6,9989
6,9990
30,9991
41,9992
15,9993
4,9994
20,9995
8,9996
37,9997
46,9998
33,9999
