5,0
19,1
2,2
6,3
3,4
1,5
7,6
6,7
12,8
15,9
17,10
14,11
13,12
17,13
5,14
18,15
19,16
1,17
16,18
6,19
3,20
14,21
19,22
19,23
3,24
16,25
18,26
9,27
1,28
13,29
0,30
15,31
15,32
0,33
7,34
6,35
0,36
2,37
16,38
18,39
16,40
6,41
16,42
13,43
8,44
0,45
9,46
12,47
14,48
1,49
18,50
13,51
1,52
17,53
0,54
18,55
13,56
1,57
16,58
11,59
2,60
9,61
3,62
0,63
16,64
6,65
7,66
16,67
11,68
16,69
17,70
5,71
18,72
12,73
9,74
15,75
4,76
19,77
19,78
19,79
6,80
0,81
15,82
14,83
11,84
6,85
4,86
14,87
19,88
7,89
0,90
14,91
1,92
10,93
4,94
18,95
7,96
10,97
5,98
0,99
17,100
2,101
5,102
19,103
11,104
14,105
3,106
18,107
17,108
18,109
17,110
18,111
16,112
13,113
19,114
5,115
19,116
18,117
18,118
11,119
4,120
18,121
0,122
13,123
2,124
1,125
8,126
2,127
2,128
3,129
7,130
1,131
19,132
0,133
16,134
8,135
13,136
15,137
8,138
14,139
8,140
0,141
1,142
0,143
6,144
6,145
12,146
3,147
13,148
1,149
12,150
19,151
10,152
14,153
14,154
2,155
18,156
5,157
15,158
8,159
1,160
3,161
19,162
3,163
12,164
3,165
11,166
2,167
11,168
17,169
6,170
7,171
16,172
12,173
8,174
10,175
0,176
10,177
9,178
2,179
11,180
9,181
0,182
17,183
1,184
15,185
5,186
9,187
2,188
15,189
3,190
2,191
18,192
16,193
7,194
4,195
12,196
6,197
1,198
5,199
18,200
3,201
6,202
14,203
16,204
7,205
6,206
15,207
6,208
12,209
14,210
9,211
16,212
1,213
18,214
16,215
16,216
10,217
4,218
8,219
15,220
17,221
17,222
12,223
1,224
13,225
10,226
1,227
5,228
19,229
7,230
16,231
12,232
8,233
5,234
11,235
19,236
9,237
5,238
10,239
8,240
11,241
13,242
11,243
16,244
19,245
16,246
1,247
7,248
2,249
8,250
10,251
13,252
8,253
15,254
12,255
4,256
2,257
5,258
1,259
6,260
9,261
3,262
15,263
7,264
7,265
15,266
10,267
17,268
7,269
11,270
10,271
18,272
2,273
10,274
15,275
8,276
5,277
18,278
2,279
13,280
19,281
0,282
15,283
16,284
13,285
3,286
7,287
18,288
11,289
14,290
13,291
5,292
0,293
3,294
3,295
7,296
12,297
1,298
11,299
11,300
12,301
10,302
17,303
17,304
1,305
17,306
5,307
19,308
1,309
13,310
13,311
4,312
18,313
5,314
2,315
0,316
15,317
6,318
7,319
16,320
1,321
11,322
7,323
6,324
0,325
4,326
8,327
6,328
1,329
13,330
2,331
14,332
12,333
1,334
3,335
0,336
2,337
1,338
0,339
15,340
1,341
17,342
1,343
4,344
15,345
2,346
17,347
9,348
14,349
11,350
4,351
17,352
9,353
17,354
7,355
18,356
18,357
19,358
8,359
11,360
16,361
11,362
11,363
3,364
14,365
13,366
4,367
15,368
1,369
8,370
12,371
16,372
0,373
15,374
4,375
5,376
13,377
15,378
8,379
2,380
0,381
15,382
8,383
1,384
3,385
19,386
14,387
12,388
8,389
1,390
5,391
14,392
10,393
8,394
10,395
17,396
3,397
3,398
6,399
2,400
1,401
5,402
5,403
9,404
4,405
1,406
5,407
8,408
14,409
10,410
8,411
7,412
15,413
9,414
13,415
6,416
5,417
5,418
14,419
7,420
17,421
17,422
9,423
14,424
3,425
16,426
3,427
12,428
19,429
18,430
11,431
2,432
17,433
5,434
14,435
19,436
0,437
2,438
11,439
6,440
3,441
1,442
9,443
3,444
18,445
7,446
10,447
8,448
14,449
0,450
3,451
2,452
6,453
1,454
7,455
1,456
0,457
13,458
19,459
19,460
2,461
11,462
1,463
10,464
18,465
3,466
12,467
8,468
6,469
8,470
10,471
0,472
5,473
0,474
15,475
9,476
6,477
6,478
5,479
18,480
12,481
13,482
8,483
15,484
6,485
8,486
4,487
18,488
2,489
10,490
15,491
11,492
4,493
11,494
10,495
7,496
5,497
5,498
0,499
17,500
13,501
16,502
0,503
5,504
1,505
17,506
4,507
10,508
17,509
6,510
11,511
15,512
4,513
3,514
7,515
14,516
0,517
10,518
0,519
13,520
11,521
13,522
7,523
9,524
2,525
9,526
14,527
5,528
16,529
14,530
19,531
11,532
1,533
13,534
15,535
18,536
2,537
1,538
10,539
8,540
13,541
19,542
16,543
1,544
16,545
4,546
5,547
2,548
6,549
15,550
1,551
9,552
16,553
17,554
15,555
8,556
6,557
8,558
15,559
10,560
13,561
16,562
11,563
16,564
8,565
18,566
0,567
3,568
1,569
5,570
18,571
14,572
6,573
1,574
13,575
15,576
4,577
3,578
8,579
17,580
1,581
12,582
8,583
10,584
2,585
2,586
2,587
15,588
16,589
10,590
15,591
14,592
5,593
1,594
0,595
0,596
12,597
6,598
19,599
2,600
17,601
15,602
4,603
16,604
17,605
11,606
5,607
19,608
6,609
10,610
18,611
10,612
9,613
11,614
11,615
5,616
14,617
2,618
13,619
1,620
16,621
4,622
11,623
1,624
7,625
8,626
6,627
19,628
0,629
15,630
15,631
0,632
13,633
2,634
4,635
8,636
6,637
8,638
14,639
11,640
4,641
11,642
12,643
6,644
9,645
1,646
15,647
12,648
9,649
10,650
0,651
5,652
0,653
19,654
6,655
1,656
4,657
2,658
7,659
3,660
8,661
17,662
1,663
15,664
6,665
12,666
14,667
12,668
8,669
17,670
0,671
4,672
17,673
7,674
13,675
1,676
19,677
1,678
19,679
14,680
17,681
10,682
2,683
19,684
9,685
18,686
4,687
5,688
2,689
16,690
4,691
8,692
5,693
12,694
18,695
5,696
7,697
8,698
14,699
14,700
10,701
17,702
18,703
4,704
11,705
3,706
17,707
1,708
1,709
2,710
11,711
1,712
4,713
6,714
0,715
7,716
9,717
5,718
12,719
8,720
16,721
3,722
13,723
18,724
4,725
6,726
5,727
3,728
18,729
6,730
15,731
17,732
7,733
8,734
17,735
12,736
1,737
5,738
10,739
3,740
3,741
10,742
7,743
18,744
19,745
15,746
11,747
15,748
19,749
16,750
8,751
17,752
7,753
17,754
12,755
0,756
19,757
1,758
16,759
10,760
9,761
1,762
8,763
18,764
2,765
18,766
9,767
3,768
19,769
17,770
14,771
3,772
9,773
19,774
14,775
4,776
11,777
11,778
18,779
16,780
18,781
12,782
2,783
1,784
1,785
7,786
4,787
14,788
8,789
12,790
16,791
14,792
16,793
4,794
6,795
7,796
2,797
12,798
11,799
9,800
5,801
7,802
6,803
16,804
8,805
14,806
3,807
2,808
3,809
0,810
8,811
15,812
12,813
15,814
15,815
7,816
6,817
7,818
5,819
3,820
7,821
13,822
17,823
2,824
2,825
5,826
11,827
11,828
1,829
13,830
16,831
6,832
5,833
1,834
3,835
11,836
11,837
7,838
10,839
9,840
9,841
1,842
17,843
4,844
11,845
14,846
6,847
11,848
9,849
0,850
3,851
6,852
9,853
2,854
12,855
17,856
1,857
7,858
10,859
15,860
9,861
19,862
17,863
16,864
17,865
4,866
0,867
18,868
19,869
17,870
6,871
16,872
6,873
0,874
1,875
3,876
6,877
1,878
7,879
2,880
17,881
15,882
2,883
2,884
3,885
6,886
15,887
10,888
19,889
0,890
14,891
5,892
2,893
1,894
8,895
10,896
0,897
4,898
6,899
19,900
1,901
12,902
8,903
10,904
13,905
9,906
16,907
3,908
13,909
3,910
8,911
15,912
6,913
4,914
12,915
11,916
4,917
0,918
5,919
13,920
6,921
1,922
12,923
0,924
6,925
11,926
12,927
7,928
6,929
1,930
18,931
9,932
14,933
0,934
13,935
16,936
8,937
0,938
15,939
15,940
11,941
4,942
8,943
10,944
4,945
10,946
15,947
0,948
5,949
1,950
2,951
8,952
10,953
12,954
12,955
12,956
2,957
17,958
4,959
1,960
16,961
7,962
13,963
11,964
16,965
18,966
7,967
6,968
10,969
19,970
9,971
13,972
17,973
1,974
12,975
17,976
1,977
7,978
8,979
0,980
16,981
9,982
14,983
19,984
8,985
16,986
7,987
16,988
0,989
10,990
5,991
13,992
16,993
9,994
13,995
2,996
3,997
2,998
8,999
9,1000
18,1001
12,1002
6,1003
18,1004
2,1005
18,1006
18,1007
12,1008
9,1009
13,1010
10,1011
6,1012
8,1013
6,1014
9,1015
13,1016
6,1017
13,1018
1,1019
9,1020
4,1021
0,1022
3,1023
16,1024
12,1025
1,1026
5,1027
3,1028
13,1029
17,1030
7,1031
4,1032
4,1033
17,1034
5,1035
19,1036
14,1037
1,1038
6,1039
6,1040
7,1041
0,1042
17,1043
12,1044
16,1045
4,1046
2,1047
2,1048
5,1049
7,1050
8,1051
6,1052
19,1053
2,1054
7,1055
11,1056
9,1057
14,1058
12,1059
8,1060
1,1061
0,1062
6,1063
6,1064
15,1065
0,1066
15,1067
4,1068
1,1069
18,1070
2,1071
7,1072
3,1073
12,1074
14,1075
15,1076
2,1077
0,1078
12,1079
5,1080
14,1081
15,1082
1,1083
18,1084
2,1085
16,1086
17,1087
3,1088
2,1089
12,1090
17,1091
2,1092
14,1093
19,1094
13,1095
3,1096
15,1097
10,1098
10,1099
17,1100
10,1101
1,1102
17,1103
9,1104
19,1105
11,1106
2,1107
9,1108
3,1109
2,1110
12,1111
0,1112
2,1113
11,1114
4,1115
11,1116
9,1117
19,1118
6,1119
7,1120
18,1121
3,1122
12,1123
14,1124
18,1125
2,1126
6,1127
3,1128
15,1129
14,1130
7,1131
10,1132
14,1133
19,1134
3,1135
9,1136
15,1137
5,1138
13,1139
17,1140
9,1141
15,1142
7,1143
7,1144
4,1145
7,1146
0,1147
18,1148
2,1149
11,1150
6,1151
12,1152
16,1153
4,1154
0,1155
16,1156
15,1157
8,1158
0,1159
14,1160
19,1161
3,1162
14,1163
3,1164
2,1165
14,1166
10,1167
17,1168
3,1169
2,1170
3,1171
6,1172
19,1173
8,1174
16,1175
1,1176
13,1177
1,1178
0,1179
4,1180
19,1181
5,1182
5,1183
6,1184
19,1185
4,1186
5,1187
17,1188
7,1189
16,1190
0,1191
5,1192
1,1193
19,1194
0,1195
12,1196
6,1197
3,1198
0,1199
13,1200
3,1201
18,1202
0,1203
5,1204
4,1205
6,1206
16,1207
6,1208
0,1209
18,1210
17,1211
18,1212
3,1213
19,1214
11,1215
17,1216
1,1217
15,1218
6,1219
16,1220
11,1221
10,1222
9,1223
16,1224
0,1225
5,1226
5,1227
19,1228
11,1229
1,1230
1,1231
13,1232
18,1233
4,1234
10,1235
13,1236
7,1237
3,1238
9,1239
3,1240
16,1241
5,1242
8,1243
2,1244
2,1245
15,1246
8,1247
18,1248
17,1249
14,1250
1,1251
10,1252
4,1253
14,1254
16,1255
13,1256
5,1257
3,1258
13,1259
6,1260
18,1261
7,1262
9,1263
3,1264
4,1265
10,1266
5,1267
10,1268
5,1269
6,1270
12,1271
6,1272
5,1273
7,1274
0,1275
2,1276
12,1277
14,1278
11,1279
13,1280
11,1281
11,1282
19,1283
4,1284
18,1285
5,1286
13,1287
17,1288
5,1289
7,1290
11,1291
13,1292
2,1293
5,1294
19,1295
16,1296
3,1297
12,1298
16,1299
3,1300
5,1301
19,1302
5,1303
0,1304
17,1305
9,1306
2,1307
18,1308
2,1309
1,1310
12,1311
7,1312
4,1313
13,1314
9,1315
5,1316
10,1317
9,1318
5,1319
6,1320
19,1321
19,1322
10,1323
18,1324
19,1325
6,1326
10,1327
0,1328
2,1329
4,1330
13,1331
6,1332
11,1333
14,1334
19,1335
19,1336
11,1337
7,1338
16,1339
4,1340
3,1341
5,1342
13,1343
6,1344
18,1345
7,1346
10,1347
8,1348
7,1349
2,1350
1,1351
18,1352
2,1353
15,1354
18,1355
8,1356
18,1357
15,1358
10,1359
18,1360
13,1361
4,1362
19,1363
8,1364
9,1365
7,1366
4,1367
6,1368
13,1369
6,1370
16,1371
12,1372
5,1373
9,1374
2,1375
9,1376
15,1377
8,1378
9,1379
12,1380
16,1381
11,1382
3,1383
7,1384
8,1385
2,1386
14,1387
7,1388
2,1389
6,1390
1,1391
18,1392
17,1393
9,1394
14,1395
13,1396
19,1397
1,1398
5,1399
14,1400
11,1401
16,1402
8,1403
18,1404
13,1405
16,1406
6,1407
11,1408
11,1409
4,1410
15,1411
5,1412
1,1413
2,1414
14,1415
19,1416
15,1417
10,1418
8,1419
14,1420
16,1421
6,1422
5,1423
19,1424
19,1425
13,1426
10,1427
9,1428
3,1429
6,1430
19,1431
13,1432
6,1433
7,1434
16,1435
4,1436
13,1437
5,1438
8,1439
13,1440
2,1441
6,1442
13,1443
7,1444
15,1445
0,1446
8,1447
5,1448
0,1449
2,1450
10,1451
15,1452
9,1453
1,1454
14,1455
16,1456
13,1457
9,1458
7,1459
17,1460
17,1461
18,1462
5,1463
1,1464
13,1465
16,1466
9,1467
17,1468
5,1469
5,1470
18,1471
0,1472
19,1473
1,1474
13,1475
3,1476
11,1477
4,1478
14,1479
17,1480
12,1481
7,1482
1,1483
10,1484
18,1485
12,1486
13,1487
8,1488
1,1489
16,1490
8,1491
13,1492
15,1493
19,1494
15,1495
7,1496
14,1497
3,1498
12,1499
6,1500
5,1501
16,1502
0,1503
18,1504
19,1505
11,1506
11,1507
18,1508
1,1509
1,1510
16,1511
18,1512
19,1513
3,1514
8,1515
18,1516
19,1517
18,1518
15,1519
15,1520
2,1521
12,1522
4,1523
1,1524
17,1525
17,1526
5,1527
19,1528
0,1529
15,1530
15,1531
18,1532
13,1533
15,1534
13,1535
8,1536
4,1537
19,1538
19,1539
8,1540
18,1541
1,1542
4,1543
15,1544
2,1545
18,1546
4,1547
0,1548
1,1549
7,1550
5,1551
1,1552
17,1553
14,1554
12,1555
5,1556
2,1557
11,1558
12,1559
0,1560
7,1561
0,1562
1,1563
8,1564
2,1565
8,1566
3,1567
9,1568
5,1569
10,1570
9,1571
19,1572
9,1573
19,1574
19,1575
7,1576
4,1577
2,1578
5,1579
10,1580
5,1581
15,1582
6,1583
12,1584
3,1585
7,1586
7,1587
12,1588
6,1589
2,1590
3,1591
9,1592
1,1593
15,1594
6,1595
13,1596
3,1597
18,1598
13,1599
0,1600
17,1601
10,1602
6,1603
1,1604
19,1605
18,1606
4,1607
6,1608
9,1609
5,1610
12,1611
6,1612
0,1613
16,1614
17,1615
4,1616
3,1617
6,1618
1,1619
8,1620
18,1621
10,1622
2,1623
17,1624
7,1625
0,1626
17,1627
18,1628
2,1629
17,1630
4,1631
10,1632
10,1633
12,1634
15,1635
16,1636
13,1637
8,1638
13,1639
5,1640
13,1641
0,1642
16,1643
4,1644
10,1645
12,1646
3,1647
19,1648
6,1649
4,1650
11,1651
5,1652
16,1653
6,1654
5,1655
7,1656
9,1657
1,1658
16,1659
0,1660
14,1661
12,1662
7,1663
8,1664
4,1665
14,1666
0,1667
2,1668
3,1669
17,1670
16,1671
12,1672
7,1673
18,1674
18,1675
0,1676
19,1677
19,1678
1,1679
17,1680
16,1681
11,1682
9,1683
5,1684
18,1685
13,1686
14,1687
8,1688
17,1689
2,1690
9,1691
3,1692
15,1693
19,1694
15,1695
15,1696
5,1697
2,1698
9,1699
0,1700
15,1701
7,1702
2,1703
1,1704
11,1705
13,1706
14,1707
16,1708
19,1709
15,1710
19,1711
6,1712
1,1713
3,1714
14,1715
2,1716
2,1717
3,1718
8,1719
1,1720
17,1721
2,1722
17,1723
0,1724
17,1725
1,1726
13,1727
17,1728
7,1729
4,1730
6,1731
3,1732
10,1733
7,1734
4,1735
2,1736
1,1737
18,1738
15,1739
2,1740
12,1741
1,1742
11,1743
9,1744
6,1745
6,1746
17,1747
9,1748
9,1749
11,1750
13,1751
5,1752
17,1753
13,1754
13,1755
6,1756
13,1757
2,1758
6,1759
10,1760
7,1761
17,1762
2,1763
9,1764
6,1765
5,1766
4,1767
17,1768
16,1769
0,1770
16,1771
16,1772
8,1773
3,1774
19,1775
8,1776
8,1777
4,1778
16,1779
6,1780
5,1781
4,1782
6,1783
12,1784
7,1785
6,1786
8,1787
12,1788
14,1789
15,1790
6,1791
4,1792
16,1793
14,1794
7,1795
10,1796
15,1797
12,1798
5,1799
10,1800
9,1801
17,1802
4,1803
19,1804
15,1805
10,1806
6,1807
18,1808
0,1809
14,1810
12,1811
1,1812
13,1813
2,1814
17,1815
18,1816
3,1817
17,1818
1,1819
1,1820
18,1821
1,1822
12,1823
14,1824
4,1825
9,1826
1,1827
18,1828
5,1829
14,1830
13,1831
3,1832
3,1833
2,1834
11,1835
2,1836
0,1837
6,1838
2,1839
18,1840
12,1841
19,1842
9,1843
1,1844
14,1845
12,1846
15,1847
1,1848
9,1849
17,1850
11,1851
1,1852
18,1853
16,1854
8,1855
1,1856
7,1857
13,1858
6,1859
11,1860
2,1861
17,1862
18,1863
2,1864
5,1865
1,1866
12,1867
4,1868
14,1869
17,1870
13,1871
8,1872
4,1873
15,1874
11,1875
0,1876
18,1877
4,1878
13,1879
19,1880
0,1881
3,1882
2,1883
0,1884
14,1885
19,1886
19,1887
9,1888
12,1889
15,1890
2,1891
4,1892
10,1893
19,1894
9,1895
16,1896
7,1897
6,1898
13,1899
9,1900
15,1901
15,1902
17,1903
2,1904
8,1905
2,1906
17,1907
6,1908
2,1909
10,1910
17,1911
16,1912
19,1913
3,1914
3,1915
2,1916
13,1917
12,1918
5,1919
6,1920
12,1921
9,1922
4,1923
0,1924
15,1925
19,1926
5,1927
12,1928
3,1929
3,1930
19,1931
19,1932
4,1933
12,1934
5,1935
1,1936
11,1937
13,1938
17,1939
0,1940
0,1941
11,1942
15,1943
3,1944
7,1945
16,1946
18,1947
12,1948
4,1949
18,1950
8,1951
1,1952
10,1953
1,1954
8,1955
8,1956
8,1957
15,1958
7,1959
17,1960
2,1961
13,1962
6,1963
11,1964
10,1965
13,1966
6,1967
19,1968
19,1969
5,1970
19,1971
7,1972
0,1973
4,1974
17,1975
12,1976
7,1977
16,1978
16,1979
16,1980
6,1981
10,1982
5,1983
4,1984
6,1985
14,1986
10,1987
4,1988
18,1989
13,1990
19,1991
17,1992
10,1993
1,1994
13,1995
5,1996
1,1997
5,1998
1,1999
12,2000
6,2001
9,2002
4,2003
0,2004
0,2005
14,2006
5,2007
19,2008
19,2009
15,2010
6,2011
8,2012
8,2013
1,2014
5,2015
7,2016
13,2017
18,2018
18,2019
12,2020
15,2021
0,2022
15,2023
19,2024
1,2025
17,2026
12,2027
2,2028
11,2029
14,2030
7,2031
18,2032
19,2033
1,2034
12,2035
9,2036
3,2037
15,2038
19,2039
9,2040
9,2041
15,2042
18,2043
19,2044
8,2045
18,2046
12,2047
2,2048
10,2049
16,2050
0,2051
2,2052
7,2053
15,2054
12,2055
14,2056
8,2057
10,2058
3,2059
17,2060
6,2061
12,2062
5,2063
5,2064
18,2065
17,2066
14,2067
17,2068
0,2069
3,2070
1,2071
14,2072
11,2073
1,2074
18,2075
10,2076
6,2077
4,2078
15,2079
19,2080
4,2081
19,2082
3,2083
10,2084
8,2085
13,2086
16,2087
14,2088
0,2089
16,2090
18,2091
10,2092
10,2093
5,2094
3,2095
0,2096
8,2097
2,2098
1,2099
10,2100
8,2101
2,2102
13,2103
18,2104
3,2105
19,2106
14,2107
7,2108
5,2109
10,2110
18,2111
13,2112
3,2113
18,2114
0,2115
8,2116
15,2117
1,2118
8,2119
2,2120
16,2121
17,2122
3,2123
19,2124
15,2125
3,2126
7,2127
2,2128
12,2129
13,2130
11,2131
2,2132
9,2133
11,2134
18,2135
1,2136
17,2137
14,2138
15,2139
2,2140
5,2141
1,2142
16,2143
3,2144
13,2145
7,2146
4,2147
15,2148
5,2149
5,2150
5,2151
3,2152
9,2153
6,2154
4,2155
3,2156
7,2157
13,2158
5,2159
6,2160
3,2161
2,2162
7,2163
6,2164
13,2165
6,2166
1,2167
15,2168
11,2169
13,2170
3,2171
16,2172
12,2173
18,2174
10,2175
3,2176
18,2177
12,2178
7,2179
11,2180
16,2181
7,2182
6,2183
7,2184
16,2185
18,2186
16,2187
4,2188
17,2189
5,2190
14,2191
2,2192
6,2193
15,2194
7,2195
8,2196
9,2197
14,2198
12,2199
3,2200
6,2201
16,2202
7,2203
8,2204
7,2205
6,2206
3,2207
12,2208
9,2209
12,2210
0,2211
15,2212
11,2213
14,2214
5,2215
4,2216
9,2217
1,2218
13,2219
12,2220
15,2221
12,2222
10,2223
5,2224
7,2225
12,2226
6,2227
7,2228
14,2229
3,2230
16,2231
19,2232
17,2233
9,2234
4,2235
8,2236
3,2237
2,2238
5,2239
9,2240
0,2241
12,2242
18,2243
19,2244
1,2245
14,2246
6,2247
19,2248
15,2249
15,2250
0,2251
4,2252
2,2253
2,2254
18,2255
10,2256
9,2257
13,2258
8,2259
9,2260
19,2261
13,2262
9,2263
14,2264
13,2265
6,2266
7,2267
4,2268
11,2269
12,2270
15,2271
8,2272
18,2273
5,2274
6,2275
5,2276
4,2277
5,2278
18,2279
10,2280
16,2281
12,2282
17,2283
4,2284
10,2285
17,2286
2,2287
2,2288
10,2289
17,2290
15,2291
17,2292
12,2293
6,2294
9,2295
0,2296
14,2297
8,2298
2,2299
7,2300
11,2301
11,2302
5,2303
10,2304
3,2305
19,2306
11,2307
11,2308
1,2309
14,2310
11,2311
7,2312
10,2313
5,2314
18,2315
17,2316
1,2317
18,2318
16,2319
3,2320
11,2321
17,2322
10,2323
19,2324
1,2325
0,2326
8,2327
7,2328
3,2329
14,2330
19,2331
0,2332
18,2333
9,2334
1,2335
18,2336
19,2337
2,2338
15,2339
3,2340
11,2341
8,2342
9,2343
6,2344
11,2345
3,2346
6,2347
0,2348
0,2349
16,2350
19,2351
5,2352
4,2353
11,2354
13,2355
7,2356
12,2357
3,2358
0,2359
4,2360
0,2361
0,2362
19,2363
7,2364
12,2365
19,2366
15,2367
16,2368
18,2369
1,2370
19,2371
5,2372
18,2373
2,2374
10,2375
3,2376
8,2377
15,2378
8,2379
10,2380
17,2381
15,2382
4,2383
3,2384
19,2385
6,2386
11,2387
12,2388
1,2389
8,2390
11,2391
16,2392
15,2393
4,2394
19,2395
15,2396
17,2397
11,2398
12,2399
4,2400
19,2401
15,2402
11,2403
1,2404
13,2405
1,2406
5,2407
8,2408
5,2409
13,2410
12,2411
13,2412
17,2413
0,2414
5,2415
10,2416
9,2417
11,2418
15,2419
11,2420
12,2421
14,2422
2,2423
5,2424
2,2425
7,2426
16,2427
18,2428
10,2429
1,2430
19,2431
11,2432
4,2433
0,2434
2,2435
16,2436
6,2437
5,2438
3,2439
6,2440
8,2441
10,2442
13,2443
4,2444
19,2445
11,2446
13,2447
13,2448
9,2449
2,2450
1,2451
18,2452
7,2453
13,2454
0,2455
12,2456
6,2457
13,2458
12,2459
13,2460
1,2461
19,2462
15,2463
2,2464
11,2465
3,2466
6,2467
17,2468
17,2469
12,2470
5,2471
11,2472
5,2473
8,2474
10,2475
0,2476
9,2477
14,2478
1,2479
19,2480
18,2481
19,2482
11,2483
5,2484
12,2485
5,2486
18,2487
17,2488
9,2489
12,2490
4,2491
14,2492
5,2493
19,2494
6,2495
18,2496
7,2497
0,2498
1,2499
10,2500
12,2501
11,2502
6,2503
12,2504
4,2505
5,2506
7,2507
11,2508
2,2509
9,2510
3,2511
19,2512
18,2513
4,2514
13,2515
1,2516
4,2517
4,2518
14,2519
1,2520
11,2521
12,2522
2,2523
12,2524
17,2525
6,2526
17,2527
19,2528
10,2529
8,2530
17,2531
0,2532
10,2533
9,2534
11,2535
5,2536
4,2537
10,2538
5,2539
3,2540
3,2541
6,2542
14,2543
1,2544
7,2545
16,2546
1,2547
0,2548
17,2549
5,2550
14,2551
16,2552
18,2553
19,2554
19,2555
14,2556
11,2557
9,2558
8,2559
12,2560
2,2561
15,2562
4,2563
11,2564
4,2565
6,2566
5,2567
0,2568
10,2569
11,2570
3,2571
5,2572
13,2573
4,2574
8,2575
13,2576
10,2577
19,2578
10,2579
19,2580
11,2581
16,2582
15,2583
4,2584
8,2585
8,2586
16,2587
11,2588
13,2589
9,2590
5,2591
19,2592
12,2593
16,2594
4,2595
13,2596
2,2597
11,2598
7,2599
4,2600
19,2601
5,2602
18,2603
6,2604
18,2605
7,2606
12,2607
3,2608
6,2609
5,2610
6,2611
5,2612
8,2613
6,2614
18,2615
12,2616
17,2617
1,2618
19,2619
1,2620
14,2621
2,2622
2,2623
5,2624
2,2625
7,2626
11,2627
17,2628
12,2629
10,2630
18,2631
13,2632
16,2633
5,2634
19,2635
8,2636
15,2637
5,2638
5,2639
0,2640
9,2641
6,2642
14,2643
14,2644
11,2645
11,2646
15,2647
5,2648
0,2649
12,2650
16,2651
7,2652
1,2653
19,2654
0,2655
2,2656
16,2657
12,2658
7,2659
0,2660
17,2661
12,2662
4,2663
6,2664
6,2665
14,2666
19,2667
2,2668
7,2669
18,2670
17,2671
8,2672
4,2673
14,2674
19,2675
19,2676
18,2677
10,2678
9,2679
6,2680
5,2681
19,2682
16,2683
5,2684
4,2685
19,2686
5,2687
10,2688
6,2689
6,2690
3,2691
7,2692
12,2693
10,2694
11,2695
15,2696
19,2697
18,2698
13,2699
10,2700
0,2701
15,2702
1,2703
10,2704
2,2705
5,2706
3,2707
0,2708
9,2709
12,2710
0,2711
14,2712
6,2713
2,2714
17,2715
9,2716
1,2717
16,2718
1,2719
1,2720
9,2721
12,2722
7,2723
12,2724
12,2725
12,2726
19,2727
6,2728
6,2729
13,2730
4,2731
9,2732
5,2733
4,2734
6,2735
17,2736
14,2737
7,2738
4,2739
8,2740
10,2741
2,2742
12,2743
17,2744
1,2745
18,2746
5,2747
11,2748
16,2749
12,2750
18,2751
19,2752
10,2753
16,2754
6,2755
5,2756
19,2757
8,2758
1,2759
16,2760
6,2761
0,2762
12,2763
18,2764
5,2765
4,2766
0,2767
7,2768
6,2769
1,2770
6,2771
10,2772
5,2773
15,2774
17,2775
5,2776
17,2777
10,2778
18,2779
2,2780
1,2781
19,2782
7,2783
14,2784
19,2785
2,2786
7,2787
11,2788
3,2789
16,2790
14,2791
4,2792
9,2793
13,2794
14,2795
5,2796
9,2797
6,2798
8,2799
7,2800
9,2801
14,2802
16,2803
3,2804
3,2805
12,2806
14,2807
14,2808
17,2809
18,2810
11,2811
18,2812
12,2813
15,2814
14,2815
10,2816
13,2817
5,2818
3,2819
19,2820
19,2821
3,2822
12,2823
8,2824
8,2825
13,2826
7,2827
1,2828
18,2829
1,2830
11,2831
2,2832
12,2833
12,2834
7,2835
0,2836
3,2837
16,2838
15,2839
11,2840
5,2841
16,2842
8,2843
3,2844
14,2845
7,2846
6,2847
1,2848
10,2849
16,2850
15,2851
3,2852
18,2853
16,2854
7,2855
2,2856
10,2857
9,2858
16,2859
6,2860
16,2861
5,2862
16,2863
0,2864
15,2865
5,2866
17,2867
4,2868
3,2869
19,2870
4,2871
16,2872
10,2873
9,2874
0,2875
0,2876
1,2877
18,2878
11,2879
10,2880
15,2881
5,2882
1,2883
16,2884
12,2885
7,2886
10,2887
16,2888
3,2889
12,2890
3,2891
3,2892
11,2893
6,2894
11,2895
16,2896
16,2897
12,2898
13,2899
0,2900
15,2901
5,2902
0,2903
15,2904
19,2905
6,2906
6,2907
1,2908
0,2909
18,2910
4,2911
5,2912
12,2913
18,2914
17,2915
2,2916
10,2917
3,2918
8,2919
10,2920
6,2921
12,2922
17,2923
9,2924
3,2925
13,2926
5,2927
15,2928
5,2929
1,2930
9,2931
13,2932
5,2933
14,2934
8,2935
8,2936
5,2937
17,2938
1,2939
5,2940
19,2941
8,2942
15,2943
18,2944
7,2945
7,2946
12,2947
7,2948
8,2949
9,2950
9,2951
19,2952
8,2953
9,2954
15,2955
18,2956
6,2957
0,2958
5,2959
1,2960
15,2961
4,2962
12,2963
2,2964
5,2965
0,2966
3,2967
1,2968
6,2969
5,2970
16,2971
9,2972
3,2973
1,2974
18,2975
18,2976
0,2977
13,2978
16,2979
10,2980
18,2981
19,2982
0,2983
18,2984
16,2985
0,2986
13,2987
2,2988
2,2989
17,2990
14,2991
14,2992
10,2993
8,2994
15,2995
2,2996
2,2997
12,2998
7,2999
17,3000
2,3001
15,3002
2,3003
12,3004
7,3005
2,3006
18,3007
4,3008
6,3009
18,3010
4,3011
2,3012
0,3013
4,3014
1,3015
3,3016
14,3017
19,3018
9,3019
10,3020
1,3021
17,3022
7,3023
13,3024
2,3025
5,3026
12,3027
9,3028
18,3029
1,3030
15,3031
10,3032
3,3033
6,3034
17,3035
10,3036
3,3037
7,3038
6,3039
7,3040
8,3041
1,3042
13,3043
5,3044
13,3045
17,3046
16,3047
15,3048
3,3049
7,3050
2,3051
12,3052
17,3053
10,3054
12,3055
15,3056
11,3057
6,3058
4,3059
19,3060
4,3061
19,3062
16,3063
12,3064
16,3065
6,3066
18,3067
11,3068
18,3069
1,3070
4,3071
7,3072
2,3073
18,3074
11,3075
12,3076
19,3077
15,3078
1,3079
6,3080
3,3081
6,3082
12,3083
15,3084
12,3085
19,3086
15,3087
9,3088
5,3089
18,3090
16,3091
4,3092
0,3093
18,3094
17,3095
19,3096
3,3097
1,3098
2,3099
2,3100
10,3101
8,3102
11,3103
3,3104
12,3105
15,3106
11,3107
3,3108
6,3109
16,3110
4,3111
0,3112
14,3113
1,3114
0,3115
19,3116
8,3117
15,3118
8,3119
3,3120
3,3121
9,3122
17,3123
13,3124
5,3125
10,3126
0,3127
1,3128
17,3129
18,3130
9,3131
4,3132
18,3133
19,3134
13,3135
0,3136
17,3137
1,3138
6,3139
16,3140
2,3141
4,3142
1,3143
5,3144
3,3145
8,3146
15,3147
6,3148
8,3149
17,3150
10,3151
12,3152
1,3153
12,3154
16,3155
16,3156
3,3157
15,3158
17,3159
0,3160
15,3161
9,3162
11,3163
6,3164
17,3165
2,3166
18,3167
10,3168
10,3169
7,3170
4,3171
19,3172
7,3173
9,3174
13,3175
13,3176
15,3177
12,3178
18,3179
5,3180
11,3181
12,3182
18,3183
9,3184
11,3185
1,3186
8,3187
16,3188
3,3189
5,3190
9,3191
7,3192
5,3193
18,3194
2,3195
17,3196
0,3197
16,3198
19,3199
19,3200
8,3201
3,3202
8,3203
5,3204
3,3205
4,3206
3,3207
5,3208
13,3209
0,3210
12,3211
2,3212
10,3213
15,3214
3,3215
15,3216
1,3217
10,3218
9,3219
6,3220
17,3221
15,3222
11,3223
14,3224
3,3225
17,3226
14,3227
12,3228
7,3229
3,3230
16,3231
10,3232
10,3233
17,3234
14,3235
19,3236
4,3237
0,3238
5,3239
5,3240
8,3241
6,3242
3,3243
12,3244
7,3245
0,3246
7,3247
5,3248
4,3249
19,3250
9,3251
13,3252
4,3253
4,3254
17,3255
9,3256
16,3257
12,3258
18,3259
5,3260
10,3261
2,3262
13,3263
18,3264
7,3265
1,3266
0,3267
10,3268
8,3269
12,3270
13,3271
18,3272
16,3273
14,3274
14,3275
19,3276
0,3277
1,3278
4,3279
11,3280
3,3281
4,3282
7,3283
5,3284
15,3285
0,3286
3,3287
14,3288
14,3289
8,3290
6,3291
4,3292
8,3293
7,3294
14,3295
19,3296
19,3297
16,3298
1,3299
14,3300
0,3301
18,3302
12,3303
19,3304
1,3305
16,3306
13,3307
1,3308
17,3309
2,3310
14,3311
19,3312
4,3313
15,3314
10,3315
0,3316
0,3317
9,3318
1,3319
14,3320
2,3321
17,3322
3,3323
8,3324
6,3325
17,3326
14,3327
17,3328
13,3329
0,3330
14,3331
17,3332
16,3333
15,3334
2,3335
18,3336
12,3337
4,3338
0,3339
18,3340
17,3341
5,3342
19,3343
5,3344
19,3345
17,3346
14,3347
19,3348
0,3349
14,3350
4,3351
10,3352
5,3353
5,3354
6,3355
6,3356
6,3357
7,3358
14,3359
3,3360
10,3361
6,3362
9,3363
18,3364
3,3365
17,3366
11,3367
1,3368
3,3369
3,3370
17,3371
8,3372
17,3373
6,3374
7,3375
0,3376
0,3377
10,3378
18,3379
16,3380
11,3381
18,3382
1,3383
9,3384
14,3385
14,3386
16,3387
9,3388
1,3389
4,3390
8,3391
16,3392
1,3393
7,3394
16,3395
2,3396
5,3397
7,3398
4,3399
10,3400
1,3401
18,3402
13,3403
18,3404
18,3405
17,3406
16,3407
14,3408
8,3409
11,3410
0,3411
18,3412
16,3413
3,3414
6,3415
3,3416
19,3417
5,3418
8,3419
9,3420
19,3421
0,3422
3,3423
2,3424
11,3425
8,3426
3,3427
15,3428
7,3429
1,3430
1,3431
0,3432
18,3433
14,3434
5,3435
16,3436
6,3437
9,3438
4,3439
15,3440
2,3441
12,3442
5,3443
15,3444
9,3445
13,3446
3,3447
16,3448
8,3449
7,3450
15,3451
3,3452
12,3453
18,3454
2,3455
1,3456
10,3457
13,3458
9,3459
1,3460
15,3461
15,3462
17,3463
11,3464
8,3465
7,3466
7,3467
15,3468
0,3469
15,3470
19,3471
12,3472
19,3473
0,3474
6,3475
16,3476
1,3477
0,3478
4,3479
15,3480
0,3481
6,3482
4,3483
9,3484
6,3485
4,3486
11,3487
14,3488
3,3489
17,3490
5,3491
14,3492
11,3493
18,3494
17,3495
1,3496
4,3497
14,3498
1,3499
10,3500
14,3501
2,3502
9,3503
3,3504
16,3505
4,3506
9,3507
19,3508
3,3509
0,3510
0,3511
3,3512
13,3513
19,3514
15,3515
10,3516
9,3517
0,3518
17,3519
1,3520
18,3521
14,3522
4,3523
18,3524
9,3525
2,3526
4,3527
11,3528
0,3529
6,3530
17,3531
13,3532
13,3533
4,3534
12,3535
18,3536
13,3537
15,3538
15,3539
16,3540
18,3541
0,3542
18,3543
7,3544
15,3545
14,3546
1,3547
14,3548
14,3549
10,3550
3,3551
12,3552
16,3553
1,3554
1,3555
18,3556
10,3557
3,3558
11,3559
16,3560
2,3561
13,3562
2,3563
18,3564
13,3565
7,3566
0,3567
10,3568
2,3569
16,3570
2,3571
11,3572
6,3573
12,3574
13,3575
10,3576
2,3577
11,3578
10,3579
0,3580
14,3581
12,3582
14,3583
2,3584
17,3585
15,3586
17,3587
16,3588
2,3589
5,3590
0,3591
11,3592
16,3593
16,3594
14,3595
12,3596
16,3597
7,3598
1,3599
12,3600
1,3601
7,3602
16,3603
11,3604
14,3605
12,3606
12,3607
4,3608
9,3609
8,3610
8,3611
4,3612
6,3613
15,3614
15,3615
5,3616
7,3617
7,3618
2,3619
4,3620
16,3621
0,3622
12,3623
19,3624
1,3625
8,3626
18,3627
14,3628
2,3629
19,3630
13,3631
6,3632
0,3633
18,3634
19,3635
19,3636
0,3637
1,3638
10,3639
16,3640
15,3641
2,3642
13,3643
3,3644
16,3645
13,3646
16,3647
15,3648
9,3649
12,3650
11,3651
8,3652
0,3653
7,3654
10,3655
6,3656
3,3657
13,3658
3,3659
12,3660
10,3661
9,3662
8,3663
11,3664
12,3665
1,3666
17,3667
4,3668
3,3669
8,3670
2,3671
5,3672
17,3673
6,3674
1,3675
7,3676
14,3677
7,3678
13,3679
2,3680
18,3681
10,3682
9,3683
8,3684
12,3685
3,3686
4,3687
9,3688
1,3689
18,3690
19,3691
8,3692
19,3693
13,3694
18,3695
13,3696
4,3697
18,3698
5,3699
0,3700
5,3701
6,3702
18,3703
17,3704
7,3705
13,3706
4,3707
4,3708
14,3709
19,3710
4,3711
13,3712
4,3713
3,3714
14,3715
18,3716
5,3717
12,3718
6,3719
16,3720
18,3721
6,3722
17,3723
8,3724
1,3725
4,3726
17,3727
7,3728
8,3729
11,3730
5,3731
17,3732
17,3733
3,3734
19,3735
9,3736
0,3737
4,3738
2,3739
5,3740
19,3741
15,3742
2,3743
4,3744
7,3745
7,3746
4,3747
11,3748
0,3749
16,3750
4,3751
7,3752
13,3753
1,3754
19,3755
8,3756
11,3757
3,3758
18,3759
9,3760
14,3761
3,3762
4,3763
3,3764
17,3765
14,3766
10,3767
6,3768
12,3769
8,3770
7,3771
0,3772
18,3773
2,3774
1,3775
1,3776
17,3777
2,3778
0,3779
15,3780
3,3781
11,3782
14,3783
1,3784
0,3785
18,3786
4,3787
16,3788
2,3789
1,3790
1,3791
10,3792
2,3793
0,3794
9,3795
8,3796
7,3797
7,3798
12,3799
13,3800
9,3801
15,3802
9,3803
17,3804
3,3805
12,3806
0,3807
8,3808
4,3809
17,3810
12,3811
19,3812
2,3813
13,3814
6,3815
11,3816
11,3817
0,3818
11,3819
11,3820
2,3821
15,3822
4,3823
13,3824
7,3825
17,3826
3,3827
17,3828
0,3829
9,3830
7,3831
1,3832
0,3833
7,3834
6,3835
2,3836
4,3837
17,3838
3,3839
7,3840
14,3841
15,3842
2,3843
17,3844
17,3845
9,3846
9,3847
15,3848
2,3849
17,3850
4,3851
6,3852
0,3853
7,3854
10,3855
19,3856
8,3857
10,3858
4,3859
13,3860
4,3861
3,3862
0,3863
5,3864
1,3865
10,3866
16,3867
10,3868
6,3869
18,3870
1,3871
5,3872
4,3873
8,3874
4,3875
11,3876
14,3877
10,3878
15,3879
2,3880
6,3881
16,3882
1,3883
4,3884
2,3885
8,3886
11,3887
13,3888
17,3889
8,3890
4,3891
10,3892
3,3893
13,3894
19,3895
7,3896
13,3897
12,3898
0,3899
7,3900
10,3901
8,3902
14,3903
19,3904
12,3905
16,3906
18,3907
1,3908
12,3909
2,3910
1,3911
8,3912
17,3913
18,3914
17,3915
0,3916
10,3917
18,3918
11,3919
6,3920
2,3921
12,3922
13,3923
9,3924
2,3925
1,3926
4,3927
2,3928
5,3929
17,3930
6,3931
18,3932
2,3933
18,3934
13,3935
1,3936
10,3937
6,3938
6,3939
12,3940
12,3941
2,3942
15,3943
13,3944
1,3945
2,3946
14,3947
9,3948
19,3949
19,3950
19,3951
10,3952
5,3953
12,3954
13,3955
7,3956
18,3957
6,3958
15,3959
18,3960
19,3961
13,3962
7,3963
0,3964
15,3965
4,3966
19,3967
4,3968
3,3969
1,3970
5,3971
16,3972
11,3973
10,3974
7,3975
1,3976
12,3977
6,3978
6,3979
19,3980
5,3981
18,3982
12,3983
19,3984
0,3985
3,3986
19,3987
1,3988
19,3989
1,3990
1,3991
10,3992
15,3993
13,3994
0,3995
18,3996
13,3997
1,3998
19,3999
17,4000
9,4001
5,4002
0,4003
0,4004
16,4005
2,4006
12,4007
3,4008
14,4009
0,4010
18,4011
18,4012
11,4013
15,4014
15,4015
4,4016
12,4017
8,4018
18,4019
4,4020
13,4021
18,4022
1,4023
10,4024
8,4025
6,4026
11,4027
4,4028
0,4029
4,4030
10,4031
8,4032
5,4033
6,4034
14,4035
3,4036
10,4037
14,4038
6,4039
6,4040
13,4041
16,4042
11,4043
15,4044
9,4045
19,4046
16,4047
18,4048
18,4049
15,4050
1,4051
19,4052
4,4053
3,4054
19,4055
2,4056
10,4057
5,4058
19,4059
6,4060
4,4061
7,4062
11,4063
0,4064
17,4065
9,4066
14,4067
17,4068
2,4069
9,4070
7,4071
7,4072
7,4073
4,4074
17,4075
7,4076
2,4077
1,4078
13,4079
2,4080
16,4081
0,4082
8,4083
4,4084
17,4085
0,4086
15,4087
4,4088
11,4089
11,4090
12,4091
7,4092
4,4093
8,4094
7,4095
5,4096
7,4097
6,4098
12,4099
9,4100
7,4101
4,4102
10,4103
4,4104
14,4105
2,4106
3,4107
19,4108
6,4109
9,4110
17,4111
3,4112
0,4113
1,4114
11,4115
8,4116
16,4117
7,4118
17,4119
2,4120
17,4121
6,4122
10,4123
2,4124
8,4125
7,4126
12,4127
1,4128
15,4129
2,4130
8,4131
17,4132
9,4133
5,4134
18,4135
14,4136
17,4137
10,4138
18,4139
10,4140
14,4141
19,4142
2,4143
15,4144
4,4145
9,4146
16,4147
7,4148
1,4149
12,4150
12,4151
13,4152
0,4153
0,4154
14,4155
5,4156
18,4157
4,4158
1,4159
16,4160
15,4161
4,4162
14,4163
8,4164
16,4165
15,4166
19,4167
17,4168
18,4169
11,4170
6,4171
15,4172
14,4173
19,4174
6,4175
13,4176
7,4177
18,4178
7,4179
12,4180
3,4181
11,4182
15,4183
16,4184
15,4185
2,4186
13,4187
16,4188
5,4189
6,4190
5,4191
10,4192
2,4193
10,4194
15,4195
17,4196
5,4197
17,4198
2,4199
14,4200
4,4201
5,4202
17,4203
5,4204
16,4205
6,4206
18,4207
12,4208
7,4209
7,4210
15,4211
10,4212
4,4213
18,4214
9,4215
9,4216
6,4217
19,4218
17,4219
4,4220
17,4221
0,4222
0,4223
1,4224
4,4225
2,4226
9,4227
18,4228
8,4229
5,4230
3,4231
14,4232
16,4233
10,4234
18,4235
4,4236
3,4237
8,4238
3,4239
17,4240
5,4241
18,4242
9,4243
14,4244
14,4245
17,4246
7,4247
14,4248
1,4249
13,4250
3,4251
14,4252
0,4253
11,4254
1,4255
12,4256
2,4257
2,4258
3,4259
5,4260
7,4261
3,4262
14,4263
18,4264
10,4265
12,4266
9,4267
4,4268
3,4269
14,4270
14,4271
16,4272
1,4273
19,4274
10,4275
14,4276
16,4277
3,4278
10,4279
3,4280
17,4281
8,4282
10,4283
18,4284
10,4285
16,4286
4,4287
19,4288
5,4289
0,4290
16,4291
18,4292
6,4293
8,4294
1,4295
9,4296
13,4297
17,4298
17,4299
7,4300
18,4301
19,4302
0,4303
12,4304
15,4305
0,4306
5,4307
10,4308
1,4309
9,4310
0,4311
2,4312
15,4313
9,4314
16,4315
3,4316
2,4317
14,4318
8,4319
19,4320
6,4321
11,4322
2,4323
10,4324
13,4325
16,4326
6,4327
18,4328
2,4329
16,4330
3,4331
18,4332
19,4333
5,4334
11,4335
11,4336
5,4337
19,4338
13,4339
4,4340
14,4341
11,4342
5,4343
13,4344
13,4345
7,4346
18,4347
2,4348
11,4349
18,4350
16,4351
10,4352
5,4353
2,4354
0,4355
9,4356
10,4357
15,4358
19,4359
0,4360
14,4361
4,4362
5,4363
10,4364
4,4365
0,4366
7,4367
17,4368
16,4369
18,4370
13,4371
17,4372
0,4373
9,4374
16,4375
3,4376
2,4377
13,4378
13,4379
12,4380
6,4381
19,4382
5,4383
0,4384
15,4385
11,4386
12,4387
8,4388
10,4389
0,4390
11,4391
3,4392
19,4393
11,4394
17,4395
2,4396
3,4397
1,4398
19,4399
3,4400
13,4401
0,4402
15,4403
8,4404
0,4405
15,4406
2,4407
7,4408
8,4409
17,4410
1,4411
4,4412
10,4413
10,4414
0,4415
8,4416
11,4417
1,4418
9,4419
7,4420
14,4421
2,4422
9,4423
3,4424
18,4425
4,4426
0,4427
11,4428
6,4429
0,4430
12,4431
15,4432
0,4433
9,4434
13,4435
14,4436
11,4437
12,4438
14,4439
5,4440
0,4441
15,4442
12,4443
14,4444
4,4445
15,4446
0,4447
18,4448
9,4449
6,4450
6,4451
4,4452
7,4453
16,4454
4,4455
16,4456
9,4457
13,4458
0,4459
18,4460
4,4461
11,4462
1,4463
17,4464
2,4465
14,4466
17,4467
3,4468
18,4469
2,4470
14,4471
19,4472
13,4473
11,4474
12,4475
19,4476
5,4477
3,4478
17,4479
5,4480
4,4481
8,4482
0,4483
6,4484
17,4485
14,4486
19,4487
17,4488
4,4489
9,4490
6,4491
4,4492
18,4493
3,4494
19,4495
3,4496
8,4497
17,4498
5,4499
17,4500
15,4501
11,4502
11,4503
14,4504
14,4505
1,4506
11,4507
11,4508
10,4509
13,4510
0,4511
16,4512
12,4513
2,4514
0,4515
12,4516
1,4517
8,4518
2,4519
4,4520
9,4521
11,4522
10,4523
3,4524
6,4525
9,4526
17,4527
0,4528
7,4529
10,4530
15,4531
17,4532
13,4533
17,4534
15,4535
9,4536
9,4537
18,4538
4,4539
16,4540
5,4541
15,4542
3,4543
15,4544
10,4545
10,4546
1,4547
19,4548
0,4549
8,4550
10,4551
19,4552
12,4553
19,4554
1,4555
3,4556
4,4557
17,4558
4,4559
9,4560
10,4561
13,4562
5,4563
18,4564
6,4565
4,4566
19,4567
0,4568
8,4569
16,4570
0,4571
5,4572
10,4573
6,4574
15,4575
10,4576
7,4577
18,4578
12,4579
4,4580
19,4581
12,4582
9,4583
0,4584
6,4585
3,4586
12,4587
8,4588
9,4589
3,4590
6,4591
5,4592
19,4593
1,4594
17,4595
7,4596
6,4597
16,4598
7,4599
12,4600
8,4601
10,4602
11,4603
0,4604
14,4605
17,4606
6,4607
19,4608
0,4609
6,4610
19,4611
6,4612
18,4613
2,4614
3,4615
12,4616
12,4617
19,4618
10,4619
1,4620
19,4621
0,4622
5,4623
15,4624
17,4625
1,4626
12,4627
13,4628
0,4629
10,4630
8,4631
2,4632
9,4633
12,4634
3,4635
7,4636
16,4637
12,4638
19,4639
19,4640
7,4641
7,4642
6,4643
7,4644
18,4645
16,4646
14,4647
5,4648
8,4649
11,4650
12,4651
14,4652
3,4653
2,4654
10,4655
18,4656
4,4657
19,4658
7,4659
5,4660
10,4661
6,4662
5,4663
14,4664
7,4665
17,4666
18,4667
9,4668
5,4669
1,4670
4,4671
6,4672
10,4673
8,4674
4,4675
4,4676
4,4677
16,4678
4,4679
0,4680
11,4681
16,4682
10,4683
7,4684
12,4685
13,4686
17,4687
4,4688
1,4689
17,4690
5,4691
18,4692
4,4693
0,4694
14,4695
13,4696
6,4697
4,4698
1,4699
8,4700
14,4701
17,4702
9,4703
2,4704
13,4705
16,4706
0,4707
10,4708
1,4709
14,4710
2,4711
5,4712
3,4713
9,4714
1,4715
18,4716
16,4717
14,4718
2,4719
9,4720
11,4721
17,4722
18,4723
5,4724
17,4725
13,4726
11,4727
4,4728
13,4729
4,4730
15,4731
5,4732
16,4733
7,4734
6,4735
19,4736
7,4737
13,4738
5,4739
8,4740
12,4741
1,4742
0,4743
6,4744
7,4745
18,4746
1,4747
8,4748
2,4749
3,4750
3,4751
18,4752
6,4753
19,4754
11,4755
14,4756
3,4757
1,4758
14,4759
2,4760
14,4761
19,4762
13,4763
5,4764
19,4765
19,4766
4,4767
6,4768
11,4769
15,4770
19,4771
4,4772
0,4773
5,4774
18,4775
6,4776
17,4777
7,4778
6,4779
16,4780
9,4781
6,4782
9,4783
10,4784
4,4785
13,4786
11,4787
12,4788
8,4789
13,4790
17,4791
16,4792
6,4793
18,4794
5,4795
17,4796
9,4797
6,4798
3,4799
0,4800
5,4801
3,4802
6,4803
9,4804
5,4805
3,4806
17,4807
5,4808
0,4809
18,4810
9,4811
9,4812
15,4813
19,4814
19,4815
5,4816
12,4817
1,4818
6,4819
1,4820
15,4821
8,4822
16,4823
10,4824
9,4825
3,4826
5,4827
14,4828
16,4829
18,4830
14,4831
16,4832
4,4833
9,4834
8,4835
1,4836
13,4837
6,4838
9,4839
16,4840
15,4841
6,4842
4,4843
11,4844
9,4845
5,4846
16,4847
17,4848
10,4849
12,4850
11,4851
13,4852
7,4853
10,4854
7,4855
6,4856
2,4857
5,4858
2,4859
8,4860
10,4861
5,4862
0,4863
19,4864
1,4865
4,4866
2,4867
8,4868
3,4869
19,4870
18,4871
3,4872
1,4873
17,4874
8,4875
2,4876
5,4877
13,4878
5,4879
10,4880
15,4881
8,4882
8,4883
6,4884
10,4885
8,4886
8,4887
12,4888
5,4889
19,4890
1,4891
2,4892
6,4893
15,4894
14,4895
4,4896
16,4897
6,4898
6,4899
4,4900
10,4901
18,4902
16,4903
0,4904
6,4905
1,4906
6,4907
2,4908
15,4909
4,4910
3,4911
10,4912
11,4913
15,4914
15,4915
9,4916
0,4917
10,4918
6,4919
3,4920
4,4921
13,4922
5,4923
9,4924
6,4925
5,4926
14,4927
11,4928
7,4929
9,4930
6,4931
0,4932
17,4933
18,4934
2,4935
10,4936
10,4937
16,4938
3,4939
4,4940
16,4941
14,4942
16,4943
18,4944
10,4945
1,4946
7,4947
9,4948
18,4949
4,4950
16,4951
5,4952
13,4953
3,4954
9,4955
13,4956
5,4957
3,4958
6,4959
1,4960
19,4961
7,4962
13,4963
2,4964
1,4965
10,4966
14,4967
12,4968
5,4969
15,4970
8,4971
10,4972
12,4973
18,4974
5,4975
12,4976
2,4977
3,4978
7,4979
8,4980
2,4981
8,4982
0,4983
9,4984
15,4985
19,4986
11,4987
1,4988
12,4989
6,4990
10,4991
8,4992
9,4993
8,4994
7,4995
2,4996
1,4997
10,4998
6,4999
1,5000
17,5001
4,5002
0,5003
7,5004
2,5005
1,5006
12,5007
16,5008
2,5009
8,5010
0,5011
7,5012
3,5013
14,5014
16,5015
4,5016
3,5017
16,5018
17,5019
0,5020
4,5021
9,5022
15,5023
0,5024
10,5025
7,5026
0,5027
16,5028
1,5029
10,5030
17,5031
11,5032
6,5033
5,5034
13,5035
16,5036
2,5037
2,5038
3,5039
7,5040
3,5041
14,5042
17,5043
2,5044
6,5045
0,5046
18,5047
19,5048
17,5049
1,5050
1,5051
7,5052
9,5053
11,5054
2,5055
14,5056
3,5057
13,5058
10,5059
10,5060
15,5061
2,5062
14,5063
4,5064
3,5065
2,5066
6,5067
18,5068
2,5069
12,5070
19,5071
0,5072
19,5073
2,5074
2,5075
17,5076
7,5077
11,5078
12,5079
16,5080
13,5081
18,5082
0,5083
15,5084
17,5085
1,5086
7,5087
11,5088
0,5089
1,5090
18,5091
12,5092
7,5093
4,5094
5,5095
7,5096
16,5097
1,5098
0,5099
5,5100
18,5101
0,5102
4,5103
19,5104
2,5105
8,5106
18,5107
13,5108
1,5109
8,5110
1,5111
4,5112
6,5113
5,5114
18,5115
6,5116
16,5117
7,5118
4,5119
9,5120
8,5121
16,5122
6,5123
3,5124
19,5125
12,5126
12,5127
14,5128
14,5129
10,5130
16,5131
19,5132
16,5133
18,5134
1,5135
12,5136
2,5137
9,5138
11,5139
2,5140
11,5141
14,5142
19,5143
11,5144
16,5145
18,5146
3,5147
12,5148
19,5149
2,5150
11,5151
11,5152
4,5153
8,5154
15,5155
11,5156
11,5157
2,5158
6,5159
9,5160
0,5161
6,5162
1,5163
3,5164
2,5165
15,5166
19,5167
1,5168
3,5169
3,5170
17,5171
3,5172
9,5173
13,5174
6,5175
1,5176
9,5177
9,5178
12,5179
8,5180
4,5181
3,5182
5,5183
17,5184
6,5185
10,5186
4,5187
18,5188
12,5189
7,5190
16,5191
1,5192
10,5193
15,5194
12,5195
19,5196
14,5197
6,5198
9,5199
15,5200
3,5201
7,5202
0,5203
15,5204
17,5205
0,5206
14,5207
19,5208
15,5209
5,5210
19,5211
1,5212
4,5213
9,5214
12,5215
18,5216
14,5217
16,5218
19,5219
10,5220
14,5221
11,5222
3,5223
4,5224
7,5225
12,5226
7,5227
6,5228
17,5229
17,5230
9,5231
14,5232
1,5233
17,5234
15,5235
1,5236
18,5237
8,5238
6,5239
17,5240
1,5241
0,5242
5,5243
16,5244
3,5245
2,5246
12,5247
6,5248
8,5249
6,5250
3,5251
2,5252
6,5253
3,5254
8,5255
6,5256
11,5257
2,5258
7,5259
15,5260
14,5261
1,5262
2,5263
14,5264
14,5265
12,5266
14,5267
17,5268
10,5269
19,5270
2,5271
1,5272
10,5273
6,5274
5,5275
19,5276
0,5277
3,5278
13,5279
9,5280
8,5281
15,5282
16,5283
4,5284
12,5285
2,5286
5,5287
3,5288
6,5289
8,5290
7,5291
6,5292
5,5293
19,5294
13,5295
16,5296
19,5297
2,5298
12,5299
7,5300
13,5301
3,5302
13,5303
6,5304
9,5305
9,5306
12,5307
17,5308
6,5309
11,5310
13,5311
1,5312
0,5313
15,5314
8,5315
4,5316
3,5317
6,5318
10,5319
5,5320
1,5321
2,5322
10,5323
7,5324
17,5325
4,5326
18,5327
5,5328
19,5329
16,5330
6,5331
5,5332
17,5333
1,5334
7,5335
17,5336
1,5337
13,5338
13,5339
9,5340
5,5341
19,5342
2,5343
7,5344
15,5345
5,5346
14,5347
0,5348
5,5349
17,5350
3,5351
15,5352
11,5353
11,5354
1,5355
15,5356
14,5357
19,5358
18,5359
10,5360
17,5361
1,5362
13,5363
19,5364
3,5365
7,5366
1,5367
5,5368
0,5369
2,5370
13,5371
7,5372
15,5373
1,5374
9,5375
17,5376
2,5377
2,5378
3,5379
14,5380
19,5381
9,5382
10,5383
18,5384
3,5385
1,5386
2,5387
10,5388
11,5389
10,5390
17,5391
5,5392
19,5393
12,5394
0,5395
13,5396
6,5397
13,5398
17,5399
5,5400
3,5401
13,5402
8,5403
1,5404
9,5405
0,5406
12,5407
19,5408
17,5409
1,5410
17,5411
4,5412
8,5413
5,5414
17,5415
12,5416
8,5417
12,5418
7,5419
8,5420
11,5421
8,5422
12,5423
2,5424
8,5425
14,5426
13,5427
13,5428
9,5429
12,5430
16,5431
12,5432
12,5433
2,5434
4,5435
10,5436
9,5437
7,5438
6,5439
1,5440
18,5441
16,5442
4,5443
9,5444
15,5445
2,5446
9,5447
11,5448
1,5449
19,5450
0,5451
7,5452
19,5453
14,5454
9,5455
3,5456
11,5457
15,5458
2,5459
2,5460
0,5461
0,5462
12,5463
16,5464
15,5465
11,5466
3,5467
13,5468
9,5469
7,5470
13,5471
5,5472
19,5473
6,5474
12,5475
4,5476
14,5477
7,5478
5,5479
17,5480
0,5481
5,5482
0,5483
3,5484
13,5485
0,5486
16,5487
12,5488
12,5489
0,5490
17,5491
15,5492
7,5493
19,5494
1,5495
10,5496
3,5497
1,5498
17,5499
16,5500
19,5501
6,5502
6,5503
4,5504
19,5505
4,5506
11,5507
5,5508
17,5509
14,5510
7,5511
0,5512
14,5513
9,5514
19,5515
18,5516
16,5517
10,5518
13,5519
3,5520
1,5521
16,5522
10,5523
0,5524
11,5525
11,5526
15,5527
4,5528
5,5529
1,5530
12,5531
1,5532
8,5533
11,5534
15,5535
8,5536
17,5537
16,5538
19,5539
0,5540
10,5541
11,5542
9,5543
1,5544
1,5545
17,5546
1,5547
0,5548
11,5549
0,5550
4,5551
18,5552
19,5553
15,5554
1,5555
14,5556
1,5557
2,5558
8,5559
3,5560
3,5561
10,5562
12,5563
2,5564
8,5565
12,5566
2,5567
0,5568
1,5569
18,5570
16,5571
4,5572
4,5573
12,5574
1,5575
6,5576
11,5577
5,5578
5,5579
4,5580
14,5581
2,5582
18,5583
17,5584
16,5585
0,5586
7,5587
9,5588
15,5589
2,5590
5,5591
19,5592
11,5593
1,5594
0,5595
2,5596
6,5597
3,5598
4,5599
5,5600
8,5601
9,5602
14,5603
0,5604
13,5605
1,5606
0,5607
2,5608
15,5609
10,5610
1,5611
8,5612
3,5613
19,5614
14,5615
19,5616
16,5617
2,5618
16,5619
11,5620
0,5621
8,5622
18,5623
10,5624
8,5625
4,5626
1,5627
7,5628
2,5629
8,5630
17,5631
3,5632
12,5633
3,5634
6,5635
12,5636
4,5637
9,5638
7,5639
7,5640
3,5641
1,5642
9,5643
17,5644
16,5645
14,5646
12,5647
6,5648
7,5649
14,5650
16,5651
10,5652
17,5653
8,5654
6,5655
12,5656
1,5657
13,5658
8,5659
17,5660
0,5661
14,5662
1,5663
0,5664
2,5665
17,5666
9,5667
17,5668
3,5669
18,5670
9,5671
12,5672
18,5673
13,5674
9,5675
7,5676
9,5677
13,5678
3,5679
19,5680
10,5681
14,5682
9,5683
12,5684
5,5685
13,5686
0,5687
4,5688
9,5689
5,5690
17,5691
6,5692
12,5693
5,5694
7,5695
7,5696
10,5697
16,5698
17,5699
4,5700
4,5701
5,5702
6,5703
7,5704
6,5705
10,5706
7,5707
5,5708
1,5709
17,5710
5,5711
1,5712
10,5713
3,5714
12,5715
1,5716
7,5717
13,5718
0,5719
17,5720
5,5721
12,5722
5,5723
17,5724
0,5725
9,5726
15,5727
14,5728
12,5729
8,5730
7,5731
0,5732
0,5733
1,5734
10,5735
7,5736
9,5737
7,5738
1,5739
2,5740
1,5741
16,5742
13,5743
11,5744
19,5745
19,5746
15,5747
9,5748
16,5749
8,5750
14,5751
12,5752
5,5753
4,5754
19,5755
3,5756
14,5757
3,5758
3,5759
3,5760
4,5761
12,5762
7,5763
1,5764
0,5765
12,5766
3,5767
12,5768
3,5769
12,5770
10,5771
17,5772
6,5773
6,5774
1,5775
12,5776
7,5777
14,5778
19,5779
3,5780
13,5781
3,5782
9,5783
15,5784
13,5785
11,5786
12,5787
14,5788
19,5789
0,5790
15,5791
12,5792
8,5793
7,5794
1,5795
16,5796
1,5797
19,5798
19,5799
13,5800
12,5801
3,5802
12,5803
16,5804
19,5805
12,5806
5,5807
3,5808
0,5809
9,5810
14,5811
17,5812
9,5813
4,5814
4,5815
15,5816
4,5817
3,5818
7,5819
7,5820
8,5821
9,5822
3,5823
0,5824
10,5825
1,5826
7,5827
2,5828
11,5829
3,5830
15,5831
12,5832
0,5833
18,5834
10,5835
1,5836
3,5837
16,5838
2,5839
13,5840
10,5841
18,5842
15,5843
19,5844
13,5845
0,5846
7,5847
18,5848
4,5849
10,5850
4,5851
8,5852
4,5853
4,5854
18,5855
11,5856
9,5857
5,5858
5,5859
6,5860
18,5861
15,5862
7,5863
6,5864
14,5865
19,5866
19,5867
12,5868
2,5869
6,5870
5,5871
7,5872
6,5873
13,5874
0,5875
2,5876
17,5877
6,5878
1,5879
13,5880
14,5881
16,5882
10,5883
14,5884
13,5885
4,5886
5,5887
10,5888
2,5889
7,5890
7,5891
10,5892
1,5893
17,5894
9,5895
13,5896
17,5897
0,5898
13,5899
0,5900
1,5901
9,5902
2,5903
6,5904
3,5905
12,5906
19,5907
1,5908
3,5909
13,5910
9,5911
5,5912
4,5913
9,5914
17,5915
4,5916
11,5917
16,5918
6,5919
13,5920
0,5921
12,5922
3,5923
10,5924
2,5925
0,5926
6,5927
18,5928
7,5929
6,5930
3,5931
13,5932
14,5933
0,5934
14,5935
12,5936
1,5937
15,5938
15,5939
7,5940
2,5941
7,5942
18,5943
16,5944
2,5945
0,5946
6,5947
13,5948
4,5949
10,5950
2,5951
6,5952
4,5953
3,5954
17,5955
4,5956
15,5957
11,5958
5,5959
5,5960
12,5961
4,5962
12,5963
14,5964
12,5965
5,5966
19,5967
14,5968
9,5969
8,5970
5,5971
14,5972
19,5973
7,5974
10,5975
18,5976
7,5977
15,5978
6,5979
14,5980
19,5981
18,5982
13,5983
16,5984
16,5985
3,5986
5,5987
7,5988
10,5989
1,5990
6,5991
11,5992
2,5993
18,5994
9,5995
5,5996
6,5997
1,5998
2,5999
4,6000
5,6001
4,6002
13,6003
16,6004
11,6005
10,6006
14,6007
3,6008
9,6009
5,6010
8,6011
16,6012
11,6013
11,6014
9,6015
0,6016
11,6017
15,6018
14,6019
16,6020
18,6021
13,6022
6,6023
19,6024
14,6025
5,6026
7,6027
7,6028
7,6029
4,6030
19,6031
0,6032
5,6033
11,6034
6,6035
6,6036
8,6037
18,6038
12,6039
10,6040
1,6041
7,6042
4,6043
2,6044
3,6045
19,6046
2,6047
6,6048
2,6049
0,6050
0,6051
14,6052
17,6053
9,6054
3,6055
13,6056
13,6057
17,6058
6,6059
9,6060
18,6061
5,6062
14,6063
15,6064
9,6065
3,6066
18,6067
7,6068
1,6069
8,6070
8,6071
2,6072
10,6073
2,6074
10,6075
16,6076
16,6077
5,6078
17,6079
7,6080
11,6081
9,6082
12,6083
19,6084
17,6085
0,6086
7,6087
5,6088
14,6089
19,6090
0,6091
17,6092
2,6093
13,6094
17,6095
2,6096
4,6097
6,6098
15,6099
15,6100
11,6101
9,6102
0,6103
6,6104
8,6105
17,6106
16,6107
2,6108
2,6109
6,6110
14,6111
0,6112
14,6113
3,6114
14,6115
6,6116
12,6117
2,6118
17,6119
4,6120
0,6121
0,6122
4,6123
3,6124
6,6125
5,6126
6,6127
6,6128
12,6129
12,6130
7,6131
4,6132
19,6133
3,6134
19,6135
16,6136
4,6137
8,6138
18,6139
0,6140
13,6141
0,6142
3,6143
13,6144
3,6145
6,6146
12,6147
19,6148
8,6149
4,6150
17,6151
6,6152
1,6153
4,6154
19,6155
1,6156
6,6157
3,6158
8,6159
4,6160
14,6161
19,6162
12,6163
1,6164
2,6165
13,6166
6,6167
4,6168
0,6169
5,6170
0,6171
1,6172
10,6173
0,6174
17,6175
9,6176
4,6177
5,6178
18,6179
15,6180
7,6181
7,6182
9,6183
3,6184
19,6185
0,6186
7,6187
17,6188
14,6189
1,6190
19,6191
17,6192
9,6193
5,6194
18,6195
4,6196
4,6197
15,6198
5,6199
12,6200
6,6201
2,6202
11,6203
14,6204
12,6205
1,6206
7,6207
10,6208
18,6209
1,6210
0,6211
6,6212
13,6213
15,6214
13,6215
10,6216
7,6217
0,6218
3,6219
14,6220
13,6221
5,6222
10,6223
15,6224
0,6225
17,6226
5,6227
18,6228
19,6229
13,6230
15,6231
4,6232
5,6233
12,6234
2,6235
18,6236
1,6237
17,6238
13,6239
5,6240
19,6241
15,6242
4,6243
16,6244
10,6245
14,6246
11,6247
16,6248
8,6249
14,6250
8,6251
16,6252
7,6253
5,6254
1,6255
0,6256
8,6257
18,6258
1,6259
17,6260
18,6261
5,6262
2,6263
11,6264
0,6265
12,6266
3,6267
19,6268
8,6269
12,6270
5,6271
9,6272
9,6273
3,6274
8,6275
17,6276
5,6277
9,6278
9,6279
3,6280
12,6281
8,6282
3,6283
10,6284
4,6285
15,6286
0,6287
14,6288
1,6289
4,6290
13,6291
4,6292
10,6293
5,6294
9,6295
6,6296
9,6297
3,6298
17,6299
6,6300
7,6301
7,6302
14,6303
19,6304
7,6305
17,6306
5,6307
7,6308
0,6309
18,6310
4,6311
9,6312
7,6313
0,6314
5,6315
9,6316
2,6317
15,6318
18,6319
3,6320
0,6321
6,6322
7,6323
0,6324
0,6325
16,6326
1,6327
8,6328
4,6329
7,6330
2,6331
6,6332
3,6333
13,6334
7,6335
18,6336
7,6337
2,6338
0,6339
13,6340
3,6341
3,6342
6,6343
9,6344
16,6345
17,6346
14,6347
3,6348
2,6349
16,6350
13,6351
6,6352
19,6353
8,6354
13,6355
10,6356
0,6357
14,6358
19,6359
10,6360
5,6361
1,6362
16,6363
15,6364
13,6365
0,6366
17,6367
6,6368
18,6369
5,6370
11,6371
7,6372
0,6373
7,6374
0,6375
9,6376
5,6377
0,6378
18,6379
18,6380
10,6381
11,6382
4,6383
10,6384
16,6385
3,6386
15,6387
6,6388
3,6389
8,6390
12,6391
8,6392
1,6393
16,6394
0,6395
17,6396
5,6397
16,6398
4,6399
15,6400
18,6401
7,6402
17,6403
12,6404
5,6405
14,6406
19,6407
15,6408
6,6409
18,6410
18,6411
13,6412
1,6413
6,6414
19,6415
18,6416
9,6417
11,6418
3,6419
16,6420
11,6421
9,6422
17,6423
8,6424
0,6425
15,6426
5,6427
11,6428
11,6429
13,6430
13,6431
0,6432
8,6433
7,6434
12,6435
0,6436
17,6437
1,6438
18,6439
14,6440
6,6441
15,6442
17,6443
6,6444
9,6445
3,6446
13,6447
4,6448
10,6449
3,6450
17,6451
5,6452
8,6453
6,6454
18,6455
7,6456
11,6457
0,6458
0,6459
8,6460
7,6461
9,6462
0,6463
10,6464
19,6465
1,6466
0,6467
1,6468
2,6469
14,6470
11,6471
14,6472
0,6473
8,6474
7,6475
18,6476
6,6477
12,6478
4,6479
4,6480
8,6481
1,6482
10,6483
17,6484
13,6485
17,6486
1,6487
11,6488
15,6489
15,6490
8,6491
2,6492
4,6493
2,6494
8,6495
5,6496
0,6497
15,6498
6,6499
5,6500
7,6501
16,6502
3,6503
5,6504
5,6505
16,6506
7,6507
11,6508
17,6509
2,6510
5,6511
0,6512
8,6513
6,6514
16,6515
6,6516
1,6517
19,6518
19,6519
19,6520
2,6521
5,6522
4,6523
3,6524
1,6525
13,6526
4,6527
9,6528
0,6529
17,6530
5,6531
15,6532
3,6533
13,6534
4,6535
5,6536
0,6537
17,6538
17,6539
17,6540
10,6541
6,6542
18,6543
13,6544
3,6545
16,6546
19,6547
15,6548
11,6549
0,6550
1,6551
17,6552
10,6553
1,6554
17,6555
2,6556
15,6557
19,6558
7,6559
19,6560
5,6561
5,6562
3,6563
3,6564
4,6565
15,6566
19,6567
15,6568
18,6569
1,6570
8,6571
0,6572
13,6573
1,6574
18,6575
3,6576
6,6577
18,6578
0,6579
16,6580
16,6581
8,6582
17,6583
8,6584
1,6585
18,6586
10,6587
6,6588
19,6589
17,6590
12,6591
11,6592
12,6593
3,6594
19,6595
14,6596
0,6597
2,6598
7,6599
12,6600
12,6601
16,6602
19,6603
1,6604
5,6605
18,6606
3,6607
12,6608
1,6609
9,6610
17,6611
2,6612
17,6613
14,6614
3,6615
12,6616
5,6617
13,6618
17,6619
3,6620
6,6621
11,6622
14,6623
2,6624
4,6625
11,6626
12,6627
5,6628
14,6629
6,6630
11,6631
7,6632
4,6633
12,6634
6,6635
13,6636
1,6637
7,6638
1,6639
1,6640
19,6641
4,6642
0,6643
18,6644
5,6645
13,6646
4,6647
14,6648
13,6649
11,6650
9,6651
8,6652
13,6653
3,6654
12,6655
11,6656
17,6657
10,6658
2,6659
5,6660
1,6661
17,6662
1,6663
12,6664
15,6665
0,6666
16,6667
3,6668
11,6669
16,6670
16,6671
19,6672
12,6673
1,6674
4,6675
19,6676
4,6677
3,6678
12,6679
16,6680
3,6681
4,6682
12,6683
19,6684
12,6685
18,6686
8,6687
8,6688
7,6689
3,6690
14,6691
11,6692
7,6693
17,6694
3,6695
19,6696
14,6697
4,6698
14,6699
1,6700
5,6701
0,6702
6,6703
5,6704
6,6705
7,6706
4,6707
16,6708
11,6709
2,6710
6,6711
11,6712
15,6713
6,6714
18,6715
11,6716
4,6717
10,6718
1,6719
18,6720
6,6721
8,6722
18,6723
5,6724
15,6725
0,6726
16,6727
11,6728
6,6729
4,6730
18,6731
1,6732
10,6733
0,6734
0,6735
3,6736
1,6737
19,6738
2,6739
4,6740
4,6741
7,6742
17,6743
3,6744
18,6745
17,6746
18,6747
19,6748
14,6749
16,6750
14,6751
8,6752
14,6753
6,6754
2,6755
8,6756
17,6757
14,6758
19,6759
8,6760
5,6761
19,6762
12,6763
15,6764
8,6765
15,6766
4,6767
17,6768
14,6769
0,6770
1,6771
18,6772
8,6773
13,6774
4,6775
2,6776
13,6777
8,6778
10,6779
14,6780
15,6781
2,6782
9,6783
1,6784
16,6785
12,6786
14,6787
10,6788
4,6789
10,6790
4,6791
17,6792
14,6793
11,6794
16,6795
8,6796
0,6797
16,6798
18,6799
18,6800
18,6801
10,6802
4,6803
12,6804
12,6805
3,6806
15,6807
3,6808
4,6809
6,6810
11,6811
5,6812
9,6813
6,6814
15,6815
6,6816
9,6817
16,6818
14,6819
7,6820
3,6821
19,6822
16,6823
17,6824
10,6825
15,6826
13,6827
8,6828
13,6829
4,6830
2,6831
1,6832
10,6833
17,6834
18,6835
10,6836
0,6837
15,6838
19,6839
17,6840
8,6841
16,6842
18,6843
19,6844
8,6845
11,6846
3,6847
13,6848
16,6849
8,6850
13,6851
10,6852
0,6853
12,6854
1,6855
2,6856
17,6857
2,6858
13,6859
12,6860
4,6861
3,6862
1,6863
16,6864
14,6865
8,6866
11,6867
11,6868
18,6869
4,6870
19,6871
1,6872
5,6873
13,6874
6,6875
7,6876
18,6877
1,6878
5,6879
6,6880
10,6881
15,6882
19,6883
16,6884
12,6885
16,6886
13,6887
15,6888
5,6889
14,6890
10,6891
18,6892
15,6893
12,6894
7,6895
17,6896
15,6897
2,6898
14,6899
0,6900
15,6901
0,6902
2,6903
1,6904
19,6905
4,6906
15,6907
2,6908
13,6909
3,6910
1,6911
5,6912
1,6913
7,6914
3,6915
16,6916
0,6917
9,6918
13,6919
3,6920
10,6921
1,6922
13,6923
0,6924
8,6925
8,6926
13,6927
13,6928
16,6929
1,6930
4,6931
3,6932
19,6933
17,6934
2,6935
14,6936
16,6937
2,6938
1,6939
0,6940
12,6941
16,6942
17,6943
17,6944
6,6945
4,6946
3,6947
3,6948
9,6949
5,6950
19,6951
16,6952
2,6953
13,6954
4,6955
14,6956
6,6957
8,6958
9,6959
17,6960
2,6961
17,6962
3,6963
12,6964
12,6965
16,6966
18,6967
19,6968
15,6969
4,6970
16,6971
0,6972
6,6973
1,6974
8,6975
9,6976
9,6977
3,6978
16,6979
1,6980
9,6981
13,6982
5,6983
19,6984
16,6985
2,6986
9,6987
5,6988
9,6989
5,6990
4,6991
5,6992
5,6993
5,6994
18,6995
6,6996
2,6997
7,6998
0,6999
13,7000
5,7001
17,7002
13,7003
14,7004
14,7005
13,7006
17,7007
15,7008
8,7009
5,7010
10,7011
3,7012
6,7013
8,7014
15,7015
7,7016
6,7017
7,7018
16,7019
7,7020
16,7021
7,7022
4,7023
0,7024
6,7025
18,7026
13,7027
15,7028
2,7029
0,7030
4,7031
3,7032
5,7033
14,7034
14,7035
8,7036
8,7037
12,7038
6,7039
5,7040
7,7041
7,7042
4,7043
16,7044
4,7045
7,7046
7,7047
7,7048
4,7049
15,7050
5,7051
10,7052
12,7053
6,7054
13,7055
18,7056
7,7057
6,7058
5,7059
15,7060
12,7061
18,7062
2,7063
3,7064
2,7065
17,7066
16,7067
3,7068
3,7069
0,7070
13,7071
1,7072
8,7073
12,7074
3,7075
2,7076
8,7077
15,7078
3,7079
19,7080
0,7081
6,7082
1,7083
1,7084
18,7085
4,7086
15,7087
8,7088
2,7089
9,7090
4,7091
12,7092
5,7093
18,7094
19,7095
1,7096
18,7097
16,7098
12,7099
19,7100
11,7101
12,7102
1,7103
16,7104
19,7105
18,7106
9,7107
19,7108
6,7109
8,7110
13,7111
4,7112
7,7113
16,7114
3,7115
16,7116
3,7117
19,7118
19,7119
19,7120
5,7121
0,7122
2,7123
11,7124
17,7125
0,7126
6,7127
11,7128
12,7129
17,7130
3,7131
18,7132
2,7133
4,7134
7,7135
12,7136
4,7137
10,7138
5,7139
0,7140
3,7141
19,7142
2,7143
7,7144
12,7145
5,7146
1,7147
0,7148
8,7149
10,7150
12,7151
15,7152
10,7153
18,7154
17,7155
12,7156
15,7157
14,7158
19,7159
10,7160
0,7161
18,7162
1,7163
5,7164
11,7165
9,7166
4,7167
12,7168
7,7169
0,7170
13,7171
1,7172
0,7173
17,7174
2,7175
2,7176
14,7177
3,7178
15,7179
19,7180
13,7181
0,7182
12,7183
19,7184
5,7185
1,7186
12,7187
12,7188
19,7189
0,7190
0,7191
15,7192
6,7193
18,7194
13,7195
12,7196
2,7197
11,7198
0,7199
1,7200
0,7201
15,7202
1,7203
3,7204
6,7205
2,7206
2,7207
4,7208
14,7209
15,7210
8,7211
3,7212
0,7213
11,7214
6,7215
16,7216
17,7217
7,7218
16,7219
5,7220
4,7221
5,7222
10,7223
15,7224
1,7225
7,7226
16,7227
19,7228
18,7229
19,7230
0,7231
13,7232
3,7233
18,7234
9,7235
2,7236
0,7237
3,7238
1,7239
5,7240
14,7241
13,7242
16,7243
2,7244
12,7245
1,7246
6,7247
4,7248
7,7249
9,7250
19,7251
5,7252
1,7253
4,7254
12,7255
15,7256
13,7257
19,7258
1,7259
1,7260
16,7261
15,7262
16,7263
7,7264
15,7265
4,7266
6,7267
11,7268
8,7269
12,7270
13,7271
11,7272
18,7273
2,7274
17,7275
4,7276
10,7277
3,7278
0,7279
15,7280
10,7281
4,7282
11,7283
11,7284
17,7285
6,7286
9,7287
5,7288
9,7289
3,7290
9,7291
11,7292
14,7293
5,7294
7,7295
12,7296
8,7297
0,7298
6,7299
19,7300
17,7301
5,7302
19,7303
1,7304
3,7305
2,7306
14,7307
3,7308
0,7309
17,7310
14,7311
19,7312
14,7313
8,7314
4,7315
15,7316
9,7317
4,7318
17,7319
14,7320
11,7321
16,7322
15,7323
17,7324
5,7325
18,7326
14,7327
13,7328
17,7329
0,7330
13,7331
17,7332
0,7333
6,7334
12,7335
18,7336
2,7337
5,7338
1,7339
2,7340
19,7341
2,7342
2,7343
2,7344
12,7345
12,7346
7,7347
6,7348
1,7349
13,7350
17,7351
1,7352
19,7353
5,7354
0,7355
7,7356
3,7357
3,7358
12,7359
12,7360
7,7361
8,7362
7,7363
11,7364
18,7365
18,7366
16,7367
15,7368
10,7369
15,7370
19,7371
17,7372
15,7373
10,7374
17,7375
8,7376
11,7377
5,7378
3,7379
4,7380
17,7381
2,7382
2,7383
7,7384
5,7385
18,7386
15,7387
12,7388
19,7389
8,7390
4,7391
8,7392
10,7393
4,7394
14,7395
4,7396
12,7397
15,7398
19,7399
6,7400
6,7401
5,7402
15,7403
1,7404
6,7405
18,7406
10,7407
16,7408
19,7409
1,7410
11,7411
16,7412
7,7413
2,7414
4,7415
7,7416
18,7417
14,7418
19,7419
9,7420
6,7421
16,7422
17,7423
15,7424
8,7425
7,7426
4,7427
5,7428
13,7429
0,7430
5,7431
1,7432
14,7433
6,7434
0,7435
17,7436
2,7437
10,7438
14,7439
7,7440
7,7441
5,7442
10,7443
4,7444
10,7445
9,7446
5,7447
3,7448
3,7449
5,7450
6,7451
11,7452
15,7453
3,7454
10,7455
13,7456
17,7457
17,7458
1,7459
4,7460
6,7461
18,7462
14,7463
4,7464
1,7465
7,7466
9,7467
10,7468
1,7469
2,7470
13,7471
4,7472
14,7473
4,7474
17,7475
4,7476
2,7477
3,7478
4,7479
8,7480
14,7481
7,7482
9,7483
15,7484
6,7485
4,7486
3,7487
6,7488
11,7489
18,7490
4,7491
14,7492
7,7493
7,7494
16,7495
8,7496
16,7497
10,7498
19,7499
16,7500
18,7501
5,7502
3,7503
10,7504
19,7505
0,7506
8,7507
0,7508
9,7509
14,7510
12,7511
8,7512
10,7513
1,7514
19,7515
8,7516
7,7517
14,7518
17,7519
8,7520
10,7521
8,7522
0,7523
18,7524
14,7525
0,7526
7,7527
3,7528
1,7529
6,7530
1,7531
8,7532
0,7533
9,7534
14,7535
14,7536
4,7537
17,7538
5,7539
19,7540
6,7541
9,7542
12,7543
7,7544
7,7545
12,7546
6,7547
8,7548
0,7549
13,7550
1,7551
8,7552
16,7553
18,7554
19,7555
3,7556
19,7557
11,7558
5,7559
10,7560
8,7561
3,7562
19,7563
19,7564
18,7565
19,7566
15,7567
0,7568
5,7569
7,7570
1,7571
8,7572
2,7573
11,7574
3,7575
12,7576
13,7577
10,7578
16,7579
4,7580
5,7581
5,7582
13,7583
16,7584
6,7585
15,7586
7,7587
0,7588
15,7589
4,7590
9,7591
3,7592
6,7593
10,7594
12,7595
15,7596
9,7597
7,7598
14,7599
10,7600
18,7601
4,7602
16,7603
8,7604
5,7605
19,7606
2,7607
1,7608
16,7609
19,7610
18,7611
7,7612
0,7613
16,7614
1,7615
10,7616
15,7617
6,7618
2,7619
7,7620
3,7621
15,7622
11,7623
4,7624
15,7625
13,7626
10,7627
8,7628
14,7629
15,7630
11,7631
13,7632
0,7633
16,7634
3,7635
13,7636
16,7637
8,7638
0,7639
6,7640
2,7641
8,7642
18,7643
13,7644
5,7645
0,7646
6,7647
6,7648
6,7649
4,7650
1,7651
2,7652
12,7653
12,7654
14,7655
9,7656
14,7657
17,7658
0,7659
5,7660
9,7661
1,7662
10,7663
2,7664
2,7665
7,7666
6,7667
3,7668
0,7669
7,7670
17,7671
10,7672
6,7673
12,7674
16,7675
18,7676
10,7677
16,7678
12,7679
12,7680
8,7681
5,7682
19,7683
7,7684
15,7685
11,7686
8,7687
6,7688
15,7689
6,7690
10,7691
1,7692
1,7693
0,7694
5,7695
10,7696
13,7697
7,7698
4,7699
5,7700
5,7701
3,7702
4,7703
6,7704
5,7705
15,7706
19,7707
16,7708
7,7709
2,7710
13,7711
5,7712
17,7713
5,7714
19,7715
0,7716
7,7717
9,7718
6,7719
19,7720
5,7721
5,7722
16,7723
8,7724
9,7725
0,7726
16,7727
14,7728
18,7729
4,7730
7,7731
5,7732
15,7733
6,7734
18,7735
15,7736
7,7737
6,7738
19,7739
11,7740
12,7741
15,7742
0,7743
6,7744
18,7745
7,7746
2,7747
2,7748
12,7749
13,7750
12,7751
3,7752
14,7753
1,7754
12,7755
17,7756
5,7757
12,7758
15,7759
7,7760
4,7761
3,7762
3,7763
14,7764
19,7765
15,7766
16,7767
15,7768
2,7769
14,7770
0,7771
4,7772
14,7773
0,7774
16,7775
10,7776
18,7777
6,7778
18,7779
16,7780
2,7781
1,7782
12,7783
17,7784
16,7785
6,7786
8,7787
1,7788
10,7789
15,7790
7,7791
10,7792
9,7793
13,7794
19,7795
16,7796
4,7797
19,7798
3,7799
7,7800
14,7801
19,7802
2,7803
13,7804
10,7805
0,7806
18,7807
12,7808
15,7809
1,7810
0,7811
12,7812
0,7813
16,7814
8,7815
7,7816
14,7817
13,7818
15,7819
13,7820
18,7821
2,7822
14,7823
0,7824
11,7825
11,7826
16,7827
14,7828
2,7829
5,7830
7,7831
9,7832
4,7833
17,7834
2,7835
2,7836
14,7837
17,7838
18,7839
2,7840
13,7841
4,7842
16,7843
4,7844
15,7845
17,7846
9,7847
14,7848
18,7849
14,7850
16,7851
7,7852
4,7853
5,7854
19,7855
1,7856
9,7857
9,7858
6,7859
5,7860
10,7861
3,7862
4,7863
7,7864
2,7865
14,7866
19,7867
13,7868
4,7869
16,7870
16,7871
7,7872
2,7873
17,7874
17,7875
13,7876
16,7877
2,7878
18,7879
6,7880
5,7881
0,7882
13,7883
15,7884
5,7885
5,7886
17,7887
17,7888
7,7889
0,7890
8,7891
7,7892
4,7893
14,7894
5,7895
19,7896
3,7897
19,7898
10,7899
7,7900
17,7901
2,7902
0,7903
13,7904
1,7905
4,7906
2,7907
1,7908
9,7909
13,7910
3,7911
16,7912
1,7913
9,7914
12,7915
19,7916
1,7917
10,7918
3,7919
4,7920
19,7921
5,7922
1,7923
6,7924
15,7925
17,7926
7,7927
11,7928
11,7929
19,7930
3,7931
8,7932
8,7933
8,7934
2,7935
2,7936
17,7937
2,7938
9,7939
15,7940
6,7941
18,7942
8,7943
6,7944
4,7945
4,7946
16,7947
3,7948
6,7949
5,7950
10,7951
6,7952
16,7953
7,7954
1,7955
19,7956
8,7957
0,7958
4,7959
0,7960
14,7961
10,7962
13,7963
8,7964
1,7965
1,7966
12,7967
0,7968
11,7969
10,7970
1,7971
0,7972
17,7973
8,7974
2,7975
19,7976
7,7977
3,7978
7,7979
6,7980
19,7981
17,7982
10,7983
11,7984
14,7985
8,7986
1,7987
10,7988
5,7989
14,7990
2,7991
18,7992
3,7993
9,7994
5,7995
15,7996
12,7997
9,7998
8,7999
11,8000
2,8001
13,8002
13,8003
7,8004
4,8005
10,8006
10,8007
19,8008
0,8009
4,8010
4,8011
14,8012
1,8013
0,8014
18,8015
4,8016
16,8017
3,8018
16,8019
0,8020
6,8021
10,8022
15,8023
19,8024
19,8025
6,8026
9,8027
15,8028
16,8029
3,8030
11,8031
17,8032
16,8033
11,8034
13,8035
4,8036
4,8037
4,8038
12,8039
17,8040
5,8041
10,8042
3,8043
19,8044
12,8045
12,8046
6,8047
9,8048
7,8049
12,8050
15,8051
2,8052
8,8053
6,8054
0,8055
10,8056
3,8057
2,8058
14,8059
0,8060
7,8061
13,8062
19,8063
18,8064
4,8065
12,8066
15,8067
9,8068
10,8069
2,8070
5,8071
10,8072
11,8073
14,8074
19,8075
15,8076
15,8077
7,8078
7,8079
6,8080
15,8081
13,8082
15,8083
6,8084
14,8085
3,8086
4,8087
7,8088
2,8089
1,8090
14,8091
4,8092
11,8093
4,8094
19,8095
5,8096
5,8097
8,8098
6,8099
5,8100
7,8101
13,8102
6,8103
17,8104
9,8105
1,8106
13,8107
16,8108
0,8109
4,8110
16,8111
1,8112
8,8113
11,8114
2,8115
12,8116
6,8117
1,8118
8,8119
0,8120
15,8121
3,8122
9,8123
3,8124
6,8125
0,8126
6,8127
1,8128
0,8129
5,8130
16,8131
16,8132
2,8133
11,8134
9,8135
3,8136
3,8137
11,8138
15,8139
4,8140
9,8141
2,8142
11,8143
16,8144
1,8145
7,8146
4,8147
13,8148
6,8149
11,8150
10,8151
4,8152
19,8153
18,8154
5,8155
19,8156
19,8157
6,8158
8,8159
7,8160
12,8161
8,8162
4,8163
12,8164
14,8165
3,8166
17,8167
7,8168
8,8169
17,8170
2,8171
1,8172
0,8173
9,8174
15,8175
11,8176
6,8177
2,8178
19,8179
9,8180
5,8181
12,8182
19,8183
2,8184
11,8185
1,8186
10,8187
7,8188
15,8189
1,8190
16,8191
12,8192
15,8193
4,8194
5,8195
17,8196
4,8197
13,8198
5,8199
10,8200
6,8201
14,8202
7,8203
11,8204
13,8205
14,8206
6,8207
18,8208
13,8209
18,8210
15,8211
7,8212
10,8213
16,8214
7,8215
7,8216
12,8217
16,8218
1,8219
0,8220
7,8221
16,8222
13,8223
14,8224
10,8225
7,8226
1,8227
16,8228
7,8229
13,8230
2,8231
16,8232
19,8233
19,8234
17,8235
18,8236
1,8237
16,8238
1,8239
16,8240
3,8241
7,8242
8,8243
6,8244
12,8245
0,8246
4,8247
8,8248
10,8249
11,8250
15,8251
6,8252
18,8253
13,8254
4,8255
1,8256
4,8257
5,8258
8,8259
6,8260
13,8261
0,8262
7,8263
6,8264
19,8265
13,8266
1,8267
15,8268
19,8269
4,8270
15,8271
11,8272
3,8273
6,8274
8,8275
14,8276
16,8277
0,8278
7,8279
11,8280
3,8281
5,8282
11,8283
14,8284
18,8285
18,8286
19,8287
2,8288
16,8289
15,8290
17,8291
7,8292
0,8293
3,8294
5,8295
14,8296
16,8297
15,8298
5,8299
14,8300
5,8301
12,8302
1,8303
10,8304
7,8305
9,8306
14,8307
7,8308
0,8309
1,8310
1,8311
15,8312
13,8313
17,8314
2,8315
3,8316
3,8317
17,8318
0,8319
7,8320
0,8321
0,8322
14,8323
7,8324
2,8325
8,8326
17,8327
12,8328
8,8329
4,8330
3,8331
6,8332
19,8333
5,8334
2,8335
6,8336
4,8337
7,8338
1,8339
18,8340
10,8341
8,8342
16,8343
8,8344
0,8345
10,8346
5,8347
8,8348
10,8349
6,8350
3,8351
0,8352
17,8353
10,8354
18,8355
2,8356
7,8357
2,8358
5,8359
16,8360
10,8361
19,8362
4,8363
3,8364
7,8365
14,8366
0,8367
13,8368
16,8369
0,8370
14,8371
1,8372
13,8373
2,8374
14,8375
2,8376
6,8377
12,8378
13,8379
1,8380
3,8381
15,8382
17,8383
6,8384
4,8385
1,8386
8,8387
15,8388
6,8389
11,8390
14,8391
17,8392
10,8393
3,8394
16,8395
11,8396
12,8397
7,8398
11,8399
2,8400
10,8401
1,8402
0,8403
7,8404
12,8405
19,8406
4,8407
6,8408
8,8409
3,8410
15,8411
8,8412
7,8413
12,8414
6,8415
19,8416
2,8417
11,8418
18,8419
14,8420
18,8421
1,8422
15,8423
1,8424
17,8425
5,8426
8,8427
16,8428
3,8429
15,8430
9,8431
0,8432
16,8433
1,8434
16,8435
3,8436
6,8437
2,8438
10,8439
3,8440
19,8441
3,8442
14,8443
14,8444
0,8445
19,8446
8,8447
1,8448
19,8449
12,8450
1,8451
7,8452
2,8453
6,8454
15,8455
3,8456
13,8457
10,8458
9,8459
15,8460
4,8461
5,8462
18,8463
14,8464
4,8465
16,8466
10,8467
5,8468
10,8469
9,8470
6,8471
2,8472
7,8473
13,8474
18,8475
11,8476
1,8477
18,8478
2,8479
12,8480
9,8481
8,8482
9,8483
18,8484
2,8485
17,8486
3,8487
19,8488
3,8489
9,8490
1,8491
19,8492
1,8493
12,8494
11,8495
19,8496
18,8497
10,8498
13,8499
16,8500
6,8501
15,8502
13,8503
15,8504
1,8505
0,8506
16,8507
8,8508
1,8509
17,8510
2,8511
8,8512
3,8513
17,8514
13,8515
18,8516
14,8517
19,8518
0,8519
7,8520
3,8521
12,8522
1,8523
14,8524
1,8525
0,8526
17,8527
3,8528
19,8529
1,8530
17,8531
16,8532
2,8533
10,8534
3,8535
17,8536
6,8537
3,8538
0,8539
7,8540
1,8541
19,8542
2,8543
10,8544
7,8545
3,8546
18,8547
11,8548
16,8549
1,8550
9,8551
12,8552
1,8553
7,8554
1,8555
16,8556
4,8557
4,8558
13,8559
10,8560
0,8561
19,8562
19,8563
18,8564
16,8565
10,8566
15,8567
11,8568
0,8569
7,8570
10,8571
8,8572
4,8573
7,8574
8,8575
1,8576
9,8577
10,8578
0,8579
13,8580
0,8581
15,8582
11,8583
7,8584
14,8585
17,8586
16,8587
9,8588
13,8589
14,8590
19,8591
13,8592
6,8593
4,8594
0,8595
10,8596
17,8597
10,8598
10,8599
9,8600
0,8601
6,8602
5,8603
6,8604
2,8605
15,8606
16,8607
6,8608
18,8609
11,8610
1,8611
11,8612
16,8613
3,8614
19,8615
2,8616
0,8617
11,8618
18,8619
9,8620
12,8621
5,8622
1,8623
9,8624
4,8625
15,8626
13,8627
18,8628
3,8629
14,8630
5,8631
15,8632
0,8633
8,8634
4,8635
17,8636
17,8637
9,8638
5,8639
16,8640
3,8641
8,8642
13,8643
0,8644
16,8645
19,8646
6,8647
1,8648
19,8649
17,8650
0,8651
4,8652
8,8653
1,8654
8,8655
10,8656
10,8657
18,8658
12,8659
11,8660
4,8661
2,8662
5,8663
12,8664
7,8665
16,8666
11,8667
6,8668
6,8669
5,8670
17,8671
17,8672
13,8673
12,8674
13,8675
1,8676
13,8677
2,8678
11,8679
13,8680
13,8681
3,8682
11,8683
0,8684
16,8685
6,8686
9,8687
5,8688
5,8689
9,8690
6,8691
1,8692
19,8693
0,8694
4,8695
19,8696
1,8697
8,8698
2,8699
7,8700
3,8701
11,8702
11,8703
14,8704
18,8705
15,8706
14,8707
4,8708
11,8709
5,8710
1,8711
14,8712
6,8713
10,8714
15,8715
7,8716
5,8717
18,8718
18,8719
5,8720
2,8721
12,8722
15,8723
10,8724
7,8725
13,8726
19,8727
7,8728
3,8729
17,8730
13,8731
14,8732
3,8733
18,8734
9,8735
2,8736
15,8737
17,8738
15,8739
0,8740
16,8741
18,8742
4,8743
19,8744
2,8745
4,8746
13,8747
0,8748
7,8749
18,8750
15,8751
7,8752
2,8753
13,8754
8,8755
11,8756
10,8757
17,8758
2,8759
1,8760
16,8761
8,8762
7,8763
14,8764
1,8765
10,8766
4,8767
5,8768
0,8769
0,8770
4,8771
12,8772
13,8773
5,8774
16,8775
18,8776
18,8777
9,8778
6,8779
11,8780
9,8781
10,8782
0,8783
7,8784
12,8785
18,8786
0,8787
15,8788
8,8789
17,8790
3,8791
0,8792
1,8793
13,8794
7,8795
0,8796
13,8797
18,8798
8,8799
9,8800
0,8801
16,8802
6,8803
10,8804
15,8805
7,8806
16,8807
19,8808
12,8809
9,8810
9,8811
11,8812
17,8813
12,8814
16,8815
19,8816
1,8817
19,8818
7,8819
16,8820
17,8821
2,8822
1,8823
6,8824
16,8825
16,8826
16,8827
11,8828
15,8829
4,8830
2,8831
5,8832
7,8833
8,8834
10,8835
13,8836
15,8837
7,8838
11,8839
6,8840
2,8841
8,8842
3,8843
14,8844
17,8845
11,8846
18,8847
0,8848
9,8849
17,8850
7,8851
15,8852
15,8853
4,8854
14,8855
15,8856
11,8857
0,8858
16,8859
13,8860
1,8861
19,8862
14,8863
19,8864
16,8865
15,8866
16,8867
7,8868
15,8869
8,8870
6,8871
8,8872
10,8873
13,8874
10,8875
13,8876
1,8877
0,8878
11,8879
3,8880
16,8881
13,8882
17,8883
10,8884
8,8885
10,8886
13,8887
14,8888
8,8889
0,8890
8,8891
16,8892
4,8893
7,8894
5,8895
19,8896
11,8897
3,8898
6,8899
9,8900
4,8901
7,8902
0,8903
2,8904
14,8905
8,8906
1,8907
18,8908
9,8909
15,8910
6,8911
15,8912
10,8913
15,8914
16,8915
0,8916
18,8917
1,8918
18,8919
1,8920
19,8921
2,8922
5,8923
3,8924
12,8925
19,8926
4,8927
0,8928
0,8929
15,8930
5,8931
14,8932
7,8933
10,8934
1,8935
1,8936
17,8937
2,8938
6,8939
2,8940
18,8941
0,8942
8,8943
6,8944
4,8945
0,8946
13,8947
9,8948
7,8949
11,8950
8,8951
5,8952
3,8953
17,8954
1,8955
13,8956
12,8957
18,8958
0,8959
19,8960
13,8961
15,8962
9,8963
3,8964
13,8965
18,8966
19,8967
19,8968
3,8969
2,8970
3,8971
19,8972
19,8973
1,8974
14,8975
19,8976
19,8977
7,8978
0,8979
0,8980
11,8981
9,8982
2,8983
12,8984
5,8985
6,8986
0,8987
7,8988
8,8989
18,8990
0,8991
8,8992
4,8993
15,8994
5,8995
1,8996
3,8997
7,8998
2,8999
11,9000
16,9001
9,9002
16,9003
3,9004
7,9005
4,9006
9,9007
11,9008
12,9009
7,9010
9,9011
2,9012
16,9013
12,9014
0,9015
10,9016
7,9017
14,9018
0,9019
17,9020
6,9021
4,9022
6,9023
2,9024
13,9025
5,9026
16,9027
18,9028
9,9029
19,9030
12,9031
8,9032
8,9033
0,9034
17,9035
16,9036
10,9037
17,9038
8,9039
15,9040
16,9041
11,9042
9,9043
1,9044
10,9045
14,9046
17,9047
16,9048
15,9049
3,9050
10,9051
17,9052
14,9053
19,9054
15,9055
9,9056
18,9057
8,9058
11,9059
1,9060
18,9061
0,9062
10,9063
4,9064
8,9065
1,9066
19,9067
16,9068
19,9069
9,9070
0,9071
6,9072
1,9073
8,9074
5,9075
2,9076
2,9077
16,9078
7,9079
4,9080
2,9081
16,9082
1,9083
10,9084
3,9085
11,9086
6,9087
14,9088
3,9089
1,9090
12,9091
1,9092
17,9093
12,9094
15,9095
7,9096
5,9097
4,9098
4,9099
17,9100
18,9101
19,9102
0,9103
2,9104
4,9105
7,9106
16,9107
11,9108
18,9109
12,9110
7,9111
5,9112
5,9113
18,9114
17,9115
18,9116
10,9117
3,9118
5,9119
5,9120
2,9121
8,9122
10,9123
13,9124
11,9125
17,9126
19,9127
14,9128
10,9129
3,9130
11,9131
5,9132
4,9133
15,9134
6,9135
5,9136
1,9137
0,9138
6,9139
12,9140
7,9141
11,9142
6,9143
1,9144
17,9145
9,9146
5,9147
15,9148
13,9149
19,9150
8,9151
2,9152
11,9153
16,9154
7,9155
9,9156
15,9157
10,9158
13,9159
14,9160
1,9161
0,9162
9,9163
3,9164
16,9165
4,9166
0,9167
1,9168
13,9169
13,9170
14,9171
1,9172
13,9173
17,9174
0,9175
6,9176
9,9177
11,9178
17,9179
10,9180
15,9181
8,9182
0,9183
15,9184
9,9185
5,9186
19,9187
18,9188
18,9189
13,9190
18,9191
17,9192
4,9193
11,9194
5,9195
7,9196
6,9197
19,9198
7,9199
7,9200
2,9201
9,9202
3,9203
10,9204
10,9205
4,9206
14,9207
15,9208
15,9209
2,9210
3,9211
2,9212
6,9213
3,9214
19,9215
6,9216
6,9217
12,9218
19,9219
10,9220
13,9221
6,9222
7,9223
9,9224
1,9225
4,9226
12,9227
12,9228
11,9229
5,9230
5,9231
12,9232
5,9233
6,9234
6,9235
2,9236
7,9237
0,9238
2,9239
12,9240
14,9241
19,9242
15,9243
1,9244
3,9245
13,9246
10,9247
15,9248
19,9249
18,9250
14,9251
12,9252
11,9253
15,9254
4,9255
12,9256
4,9257
15,9258
5,9259
15,9260
13,9261
18,9262
6,9263
17,9264
18,9265
4,9266
18,9267
7,9268
8,9269
2,9270
15,9271
9,9272
19,9273
11,9274
0,9275
8,9276
6,9277
14,9278
16,9279
4,9280
19,9281
8,9282
1,9283
19,9284
1,9285
6,9286
1,9287
19,9288
19,9289
5,9290
16,9291
0,9292
4,9293
3,9294
19,9295
14,9296
1,9297
14,9298
19,9299
19,9300
3,9301
11,9302
6,9303
16,9304
13,9305
8,9306
12,9307
8,9308
15,9309
6,9310
0,9311
4,9312
4,9313
4,9314
5,9315
17,9316
2,9317
15,9318
6,9319
4,9320
7,9321
17,9322
18,9323
16,9324
18,9325
8,9326
15,9327
10,9328
16,9329
0,9330
15,9331
1,9332
7,9333
4,9334
2,9335
2,9336
3,9337
14,9338
16,9339
3,9340
12,9341
13,9342
19,9343
12,9344
7,9345
4,9346
4,9347
15,9348
13,9349
0,9350
10,9351
5,9352
17,9353
15,9354
9,9355
14,9356
5,9357
5,9358
5,9359
18,9360
5,9361
16,9362
0,9363
6,9364
4,9365
6,9366
14,9367
1,9368
3,9369
16,9370
5,9371
12,9372
1,9373
19,9374
19,9375
18,9376
14,9377
17,9378
11,9379
14,9380
5,9381
19,9382
3,9383
19,9384
3,9385
6,9386
8,9387
16,9388
8,9389
4,9390
8,9391
18,9392
7,9393
0,9394
11,9395
1,9396
17,9397
2,9398
1,9399
17,9400
3,9401
14,9402
19,9403
1,9404
9,9405
15,9406
19,9407
8,9408
18,9409
14,9410
19,9411
19,9412
12,9413
5,9414
16,9415
0,9416
2,9417
14,9418
1,9419
14,9420
7,9421
17,9422
10,9423
7,9424
17,9425
12,9426
5,9427
17,9428
3,9429
0,9430
11,9431
13,9432
4,9433
12,9434
16,9435
10,9436
12,9437
7,9438
15,9439
12,9440
18,9441
16,9442
1,9443
9,9444
14,9445
5,9446
1,9447
7,9448
6,9449
5,9450
7,9451
14,9452
0,9453
10,9454
1,9455
9,9456
12,9457
5,9458
11,9459
1,9460
2,9461
13,9462
5,9463
10,9464
18,9465
1,9466
12,9467
11,9468
7,9469
17,9470
7,9471
2,9472
0,9473
4,9474
13,9475
9,9476
2,9477
13,9478
17,9479
11,9480
16,9481
3,9482
14,9483
14,9484
2,9485
17,9486
3,9487
2,9488
7,9489
14,9490
19,9491
0,9492
11,9493
14,9494
10,9495
9,9496
1,9497
13,9498
0,9499
19,9500
1,9501
10,9502
18,9503
2,9504
12,9505
15,9506
5,9507
5,9508
1,9509
3,9510
5,9511
17,9512
7,9513
13,9514
13,9515
2,9516
0,9517
19,9518
13,9519
16,9520
1,9521
7,9522
2,9523
8,9524
10,9525
3,9526
4,9527
5,9528
8,9529
3,9530
3,9531
16,9532
16,9533
14,9534
7,9535
15,9536
18,9537
4,9538
19,9539
0,9540
5,9541
19,9542
0,9543
7,9544
8,9545
16,9546
1,9547
16,9548
7,9549
16,9550
12,9551
17,9552
14,9553
19,9554
18,9555
11,9556
3,9557
11,9558
2,9559
5,9560
3,9561
7,9562
17,9563
14,9564
12,9565
4,9566
0,9567
14,9568
14,9569
10,9570
17,9571
6,9572
12,9573
11,9574
16,9575
17,9576
12,9577
4,9578
7,9579
14,9580
11,9581
18,9582
10,9583
18,9584
17,9585
10,9586
17,9587
0,9588
8,9589
1,9590
6,9591
9,9592
15,9593
2,9594
6,9595
7,9596
10,9597
6,9598
1,9599
19,9600
16,9601
12,9602
8,9603
1,9604
3,9605
6,9606
8,9607
12,9608
1,9609
13,9610
6,9611
9,9612
18,9613
5,9614
6,9615
19,9616
3,9617
9,9618
7,9619
14,9620
16,9621
9,9622
18,9623
0,9624
5,9625
15,9626
1,9627
17,9628
19,9629
7,9630
6,9631
11,9632
9,9633
18,9634
2,9635
8,9636
14,9637
7,9638
10,9639
15,9640
3,9641
17,9642
10,9643
18,9644
5,9645
7,9646
3,9647
8,9648
2,9649
5,9650
5,9651
1,9652
7,9653
1,9654
3,9655
3,9656
4,9657
8,9658
1,9659
14,9660
1,9661
12,9662
15,9663
1,9664
1,9665
9,9666
4,9667
0,9668
16,9669
10,9670
11,9671
1,9672
5,9673
19,9674
2,9675
8,9676
13,9677
10,9678
7,9679
14,9680
4,9681
0,9682
15,9683
3,9684
18,9685
7,9686
16,9687
15,9688
17,9689
17,9690
14,9691
15,9692
10,9693
3,9694
1,9695
7,9696
11,9697
12,9698
5,9699
5,9700
14,9701
8,9702
13,9703
0,9704
17,9705
10,9706
9,9707
7,9708
1,9709
16,9710
6,9711
11,9712
18,9713
14,9714
15,9715
9,9716
15,9717
11,9718
15,9719
0,9720
9,9721
9,9722
11,9723
3,9724
14,9725
8,9726
18,9727
14,9728
18,9729
14,9730
17,9731
14,9732
15,9733
0,9734
14,9735
6,9736
8,9737
15,9738
16,9739
9,9740
3,9741
2,9742
7,9743
6,9744
16,9745
4,9746
13,9747
0,9748
0,9749
18,9750
10,9751
17,9752
3,9753
6,9754
10,9755
2,9756
11,9757
8,9758
18,9759
10,9760
10,9761
10,9762
18,9763
5,9764
19,9765
9,9766
12,9767
1,9768
4,9769
8,9770
1,9771
16,9772
17,9773
9,9774
2,9775
1,9776
4,9777
5,9778
7,9779
5,9780
17,9781
6,9782
0,9783
7,9784
8,9785
1,9786
16,9787
2,9788
3,9789
18,9790
17,9791
12,9792
1,9793
18,9794
7,9795
6,9796
0,9797
13,9798
3,9799
18,9800
4,9801
15,9802
6,9803
12,9804
12,9805
6,9806
12,9807
3,9808
3,9809
19,9810
0,9811
16,9812
8,9813
13,9814
3,9815
2,9816
0,9817
13,9818
6,9819
1,9820
4,9821
19,9822
12,9823
19,9824
19,9825
0,9826
4,9827
0,9828
8,9829
7,9830
12,9831
19,9832
18,9833
4,9834
15,9835
16,9836
8,9837
15,9838
14,9839
19,9840
18,9841
19,9842
3,9843
7,9844
4,9845
8,9846
16,9847
16,9848
8,9849
19,9850
13,9851
15,9852
14,9853
2,9854
16,9855
11,9856
14,9857
9,9858
9,9859
7,9860
17,9861
15,9862
16,9863
6,9864
15,9865
5,9866
19,9867
0,9868
15,9869
19,9870
0,9871
18,9872
5,9873
5,9874
1,9875
19,9876
2,9877
19,9878
3,9879
14,9880
2,9881
10,9882
1,9883
17,9884
8,9885
18,9886
18,9887
7,9888
18,9889
3,9890
14,9891
17,9892
5,9893
6,9894
2,9895
8,9896
18,9897
16,9898
7,9899
4,9900
6,9901
5,9902
13,9903
6,9904
4,9905
4,9906
7,9907
8,9908
12,9909
17,9910
15,9911
9,9912
13,9913
17,9914
0,9915
13,9916
16,9917
13,9918
9,9919
16,9920
18,9921
11,9922
2,9923
12,9924
1,9925
17,9926
3,9927
7,9928
11,9929
10,9930
17,9931
14,9932
17,9933
4,9934
13,9935
8,9936
15,9937
3,9938
10,9939
6,9940
9,9941
18,9942
13,9943
6,9944
3,9945
1,9946
17,9947
16,9948
15,9949
7,9950
4,9951
7,9952
1,9953
8,9954
5,9955
15,9956
15,9957
13,9958
16,9959
14,9960
17,9961
0,9962
13,9963
5,9964
12,9965
19,9966
1,9967
15,9968
6,9969
11,9970
15,9971
15,9972
7,9973
1,9974
8,9975
1,9976
6,9977
13,9978
5,9979
19,9980
16,9981
14,9982
8,9983
14,9984
0,9985
13,9986
17,9987
4,9988
11,9989
17,9990
13,9991
5,9992
10,9993
11,9994
6,9995
13,9996
0,9997
0,9998
12,9999
