7,0
9,1
18,2
18,3
16,4
18,5
18,6
11,7
11,8
18,9
9,10
18,11
17,12
17,13
19,14
3,15
17,16
19,17
19,18
19,19
17,20
19,21
3,22
3,23
17,24
3,25
3,26
19,27
19,28
3,29
19,30
17,31
17,32
12,33
13,34
12,35
13,36
13,37
13,38
13,39
12,40
12,41
12,42
8,43
12,44
13,45
8,46
12,47
8,48
10,49
2,50
2,51
4,52
2,53
15,54
4,55
4,56
14,57
15,58
15,59
15,60
14,61
15,62
1,63
1,64
4,65
4,66
2,67
4,68
2,69
2,70
14,71
15,72
4,73
1,74
14,75
10,76
2,77
14,78
15,79
15,80
4,81
14,82
2,83
4,84
10,85
1,86
15,87
15,88
15,89
1,90
15,91
14,92
1,93
15,94
10,95
2,96
14,97
15,98
10,99
6,100
5,101
0,102
0,103
6,104
5,105
0,106
0,107
5,108
0,109
9,110
7,111
7,112
7,113
7,114
18,115
7,116
18,117
11,118
11,119
11,120
16,121
9,122
7,123
7,124
16,125
11,126
9,127
9,128
11,129
18,130
11,131
7,132
7,133
11,134
18,135
7,136
11,137
7,138
9,139
18,140
18,141
18,142
18,143
18,144
18,145
9,146
11,147
11,148
16,149
7,150
16,151
9,152
18,153
9,154
11,155
11,156
7,157
7,158
16,159
9,160
9,161
7,162
18,163
18,164
18,165
16,166
18,167
17,168
12,169
12,170
12,171
12,172
12,173
12,174
8,175
8,176
8,177
13,178
12,179
13,180
8,181
13,182
13,183
12,184
8,185
12,186
12,187
8,188
12,189
8,190
13,191
8,192
13,193
12,194
8,195
10,196
4,197
14,198
4,199
14,200
14,201
1,202
10,203
15,204
15,205
14,206
10,207
1,208
1,209
14,210
2,211
15,212
15,213
1,214
1,215
10,216
15,217
15,218
15,219
15,220
14,221
15,222
10,223
1,224
14,225
2,226
1,227
2,228
4,229
15,230
4,231
1,232
15,233
15,234
4,235
15,236
1,237
2,238
10,239
10,240
2,241
10,242
6,243
6,244
0,245
5,246
0,247
6,248
5,249
5,250
6,251
0,252
9,253
11,254
16,255
16,256
11,257
9,258
18,259
17,260
17,261
17,262
19,263
19,264
17,265
12,266
13,267
8,268
13,269
13,270
13,271
8,272
12,273
12,274
12,275
8,276
13,277
8,278
8,279
8,280
13,281
13,282
13,283
12,284
12,285
13,286
13,287
8,288
8,289
12,290
12,291
12,292
12,293
13,294
12,295
8,296
8,297
13,298
8,299
10,300
4,301
10,302
6,303
5,304
6,305
5,306
0,307
6,308
0,309
9,310
16,311
16,312
18,313
9,314
11,315
18,316
9,317
16,318
7,319
11,320
9,321
7,322
16,323
11,324
9,325
7,326
9,327
7,328
11,329
7,330
9,331
9,332
9,333
7,334
16,335
18,336
7,337
7,338
16,339
11,340
7,341
18,342
18,343
17,344
19,345
3,346
3,347
3,348
19,349
19,350
3,351
17,352
3,353
3,354
3,355
3,356
19,357
3,358
3,359
3,360
19,361
3,362
3,363
3,364
17,365
19,366
17,367
12,368
8,369
8,370
10,371
14,372
4,373
15,374
14,375
14,376
10,377
15,378
4,379
4,380
14,381
10,382
10,383
14,384
2,385
1,386
4,387
10,388
15,389
4,390
15,391
1,392
14,393
1,394
10,395
6,396
5,397
0,398
9,399
7,400
7,401
18,402
17,403
17,404
17,405
17,406
3,407
19,408
3,409
3,410
17,411
19,412
17,413
12,414
8,415
8,416
10,417
2,418
14,419
1,420
2,421
10,422
6,423
5,424
0,425
0,426
6,427
5,428
0,429
0,430
0,431
6,432
6,433
0,434
5,435
6,436
0,437
6,438
5,439
5,440
0,441
6,442
6,443
6,444
6,445
0,446
5,447
0,448
6,449
0,450
0,451
5,452
6,453
6,454
5,455
5,456
5,457
0,458
5,459
0,460
6,461
6,462
5,463
5,464
0,465
0,466
0,467
5,468
5,469
6,470
0,471
9,472
16,473
11,474
11,475
7,476
9,477
16,478
16,479
11,480
16,481
16,482
7,483
9,484
11,485
9,486
9,487
11,488
18,489
7,490
9,491
18,492
11,493
11,494
9,495
7,496
16,497
7,498
9,499
7,500
16,501
7,502
18,503
18,504
7,505
11,506
9,507
16,508
9,509
9,510
9,511
18,512
9,513
16,514
18,515
16,516
7,517
7,518
7,519
7,520
16,521
11,522
18,523
7,524
7,525
16,526
7,527
9,528
18,529
16,530
9,531
18,532
11,533
9,534
16,535
11,536
9,537
11,538
16,539
7,540
11,541
16,542
7,543
18,544
18,545
11,546
11,547
18,548
7,549
18,550
11,551
18,552
16,553
7,554
18,555
11,556
18,557
16,558
11,559
9,560
9,561
18,562
9,563
16,564
7,565
7,566
9,567
18,568
16,569
18,570
11,571
9,572
16,573
11,574
18,575
11,576
18,577
11,578
18,579
16,580
9,581
7,582
11,583
9,584
7,585
9,586
9,587
11,588
9,589
16,590
16,591
7,592
16,593
11,594
16,595
18,596
16,597
11,598
9,599
18,600
18,601
9,602
16,603
7,604
11,605
18,606
7,607
7,608
11,609
7,610
18,611
18,612
11,613
16,614
9,615
9,616
7,617
11,618
7,619
7,620
11,621
9,622
16,623
16,624
9,625
11,626
16,627
11,628
18,629
9,630
7,631
16,632
9,633
9,634
9,635
18,636
16,637
7,638
11,639
9,640
18,641
11,642
11,643
9,644
7,645
9,646
9,647
18,648
9,649
9,650
11,651
18,652
11,653
18,654
7,655
18,656
9,657
9,658
7,659
18,660
17,661
12,662
12,663
12,664
13,665
13,666
8,667
10,668
15,669
15,670
15,671
15,672
4,673
15,674
10,675
4,676
14,677
15,678
10,679
10,680
2,681
15,682
10,683
10,684
15,685
10,686
10,687
14,688
10,689
15,690
2,691
14,692
4,693
2,694
15,695
1,696
15,697
10,698
10,699
4,700
1,701
1,702
2,703
1,704
2,705
1,706
15,707
10,708
1,709
14,710
15,711
15,712
14,713
2,714
15,715
15,716
14,717
10,718
4,719
10,720
10,721
2,722
14,723
1,724
1,725
15,726
10,727
14,728
2,729
2,730
4,731
1,732
14,733
10,734
6,735
0,736
0,737
5,738
0,739
9,740
9,741
18,742
11,743
11,744
7,745
16,746
7,747
16,748
9,749
9,750
9,751
7,752
7,753
16,754
16,755
9,756
16,757
11,758
9,759
11,760
16,761
9,762
16,763
9,764
11,765
18,766
18,767
18,768
7,769
18,770
18,771
7,772
16,773
7,774
16,775
18,776
7,777
7,778
9,779
9,780
7,781
9,782
16,783
16,784
9,785
11,786
7,787
7,788
7,789
9,790
7,791
7,792
18,793
17,794
12,795
8,796
10,797
15,798
2,799
10,800
4,801
2,802
2,803
2,804
15,805
15,806
2,807
1,808
15,809
14,810
2,811
2,812
2,813
10,814
15,815
1,816
1,817
15,818
4,819
1,820
10,821
2,822
2,823
4,824
10,825
4,826
1,827
2,828
10,829
2,830
14,831
15,832
1,833
1,834
1,835
15,836
14,837
4,838
15,839
1,840
15,841
15,842
4,843
2,844
1,845
2,846
4,847
15,848
14,849
15,850
15,851
15,852
10,853
10,854
14,855
2,856
10,857
4,858
2,859
15,860
10,861
2,862
2,863
1,864
1,865
4,866
2,867
4,868
14,869
14,870
10,871
14,872
1,873
1,874
10,875
6,876
6,877
0,878
5,879
6,880
0,881
9,882
11,883
18,884
18,885
9,886
18,887
11,888
7,889
9,890
11,891
18,892
11,893
11,894
16,895
7,896
9,897
16,898
7,899
9,900
11,901
16,902
9,903
9,904
9,905
7,906
7,907
9,908
11,909
11,910
11,911
18,912
18,913
7,914
9,915
7,916
11,917
11,918
16,919
7,920
9,921
11,922
16,923
16,924
7,925
11,926
18,927
7,928
7,929
18,930
11,931
7,932
16,933
11,934
18,935
11,936
18,937
9,938
9,939
16,940
9,941
16,942
9,943
16,944
11,945
11,946
18,947
9,948
7,949
9,950
18,951
16,952
7,953
16,954
9,955
7,956
7,957
7,958
11,959
9,960
18,961
16,962
11,963
9,964
18,965
16,966
16,967
18,968
11,969
16,970
9,971
11,972
7,973
9,974
11,975
9,976
11,977
18,978
11,979
16,980
9,981
11,982
7,983
11,984
9,985
18,986
11,987
7,988
7,989
18,990
18,991
9,992
16,993
9,994
16,995
11,996
16,997
7,998
7,999
18,1000
7,1001
7,1002
18,1003
16,1004
16,1005
11,1006
9,1007
9,1008
11,1009
18,1010
9,1011
16,1012
7,1013
18,1014
9,1015
18,1016
11,1017
16,1018
9,1019
18,1020
11,1021
7,1022
16,1023
16,1024
11,1025
11,1026
16,1027
9,1028
11,1029
11,1030
7,1031
18,1032
18,1033
9,1034
9,1035
9,1036
16,1037
18,1038
9,1039
18,1040
16,1041
11,1042
18,1043
7,1044
18,1045
7,1046
9,1047
16,1048
9,1049
9,1050
9,1051
18,1052
9,1053
9,1054
11,1055
18,1056
18,1057
7,1058
11,1059
18,1060
18,1061
16,1062
7,1063
9,1064
7,1065
9,1066
16,1067
11,1068
7,1069
9,1070
7,1071
9,1072
9,1073
11,1074
16,1075
7,1076
7,1077
18,1078
17,1079
19,1080
17,1081
3,1082
19,1083
19,1084
3,1085
17,1086
17,1087
12,1088
8,1089
8,1090
10,1091
15,1092
4,1093
4,1094
10,1095
1,1096
14,1097
15,1098
10,1099
6,1100
0,1101
9,1102
16,1103
16,1104
11,1105
16,1106
11,1107
7,1108
11,1109
18,1110
16,1111
9,1112
18,1113
18,1114
9,1115
7,1116
9,1117
9,1118
9,1119
18,1120
9,1121
7,1122
18,1123
7,1124
18,1125
11,1126
11,1127
16,1128
16,1129
16,1130
11,1131
18,1132
17,1133
12,1134
8,1135
10,1136
4,1137
4,1138
1,1139
15,1140
10,1141
2,1142
4,1143
15,1144
4,1145
14,1146
4,1147
10,1148
15,1149
4,1150
10,1151
6,1152
6,1153
5,1154
6,1155
0,1156
0,1157
9,1158
9,1159
11,1160
18,1161
16,1162
18,1163
17,1164
19,1165
17,1166
17,1167
12,1168
8,1169
10,1170
10,1171
14,1172
15,1173
1,1174
2,1175
4,1176
1,1177
10,1178
14,1179
2,1180
10,1181
2,1182
1,1183
14,1184
1,1185
1,1186
1,1187
15,1188
2,1189
2,1190
4,1191
4,1192
15,1193
4,1194
10,1195
6,1196
6,1197
6,1198
5,1199
5,1200
5,1201
5,1202
5,1203
0,1204
6,1205
6,1206
5,1207
6,1208
0,1209
9,1210
7,1211
11,1212
11,1213
18,1214
7,1215
18,1216
11,1217
18,1218
9,1219
9,1220
9,1221
16,1222
9,1223
16,1224
11,1225
7,1226
7,1227
18,1228
17,1229
19,1230
17,1231
3,1232
3,1233
3,1234
3,1235
3,1236
3,1237
19,1238
3,1239
3,1240
17,1241
17,1242
19,1243
19,1244
19,1245
3,1246
3,1247
3,1248
17,1249
19,1250
17,1251
12,1252
8,1253
8,1254
10,1255
1,1256
2,1257
1,1258
10,1259
10,1260
14,1261
10,1262
10,1263
6,1264
5,1265
0,1266
0,1267
6,1268
6,1269
5,1270
0,1271
6,1272
6,1273
0,1274
0,1275
9,1276
18,1277
16,1278
11,1279
9,1280
18,1281
16,1282
16,1283
11,1284
16,1285
7,1286
16,1287
11,1288
11,1289
18,1290
7,1291
11,1292
18,1293
18,1294
11,1295
18,1296
9,1297
16,1298
11,1299
16,1300
9,1301
16,1302
16,1303
7,1304
7,1305
9,1306
18,1307
17,1308
19,1309
19,1310
17,1311
12,1312
12,1313
8,1314
8,1315
8,1316
10,1317
10,1318
4,1319
14,1320
4,1321
1,1322
10,1323
1,1324
4,1325
15,1326
2,1327
4,1328
14,1329
14,1330
4,1331
2,1332
4,1333
14,1334
15,1335
2,1336
10,1337
6,1338
5,1339
6,1340
0,1341
9,1342
16,1343
16,1344
9,1345
18,1346
16,1347
7,1348
7,1349
11,1350
7,1351
16,1352
18,1353
16,1354
11,1355
7,1356
9,1357
18,1358
11,1359
11,1360
7,1361
16,1362
18,1363
16,1364
9,1365
16,1366
11,1367
11,1368
18,1369
18,1370
16,1371
18,1372
17,1373
19,1374
19,1375
19,1376
3,1377
17,1378
19,1379
17,1380
17,1381
19,1382
19,1383
3,1384
3,1385
19,1386
17,1387
12,1388
12,1389
8,1390
8,1391
8,1392
13,1393
13,1394
13,1395
8,1396
12,1397
8,1398
13,1399
8,1400
13,1401
12,1402
8,1403
13,1404
13,1405
8,1406
8,1407
12,1408
13,1409
13,1410
13,1411
13,1412
8,1413
10,1414
1,1415
1,1416
2,1417
4,1418
15,1419
14,1420
2,1421
1,1422
2,1423
10,1424
4,1425
1,1426
4,1427
15,1428
4,1429
15,1430
15,1431
10,1432
4,1433
15,1434
10,1435
1,1436
14,1437
10,1438
1,1439
1,1440
4,1441
15,1442
15,1443
2,1444
10,1445
10,1446
2,1447
14,1448
10,1449
10,1450
2,1451
15,1452
1,1453
10,1454
14,1455
14,1456
1,1457
14,1458
4,1459
2,1460
4,1461
14,1462
14,1463
15,1464
10,1465
2,1466
4,1467
10,1468
14,1469
4,1470
15,1471
15,1472
2,1473
14,1474
2,1475
1,1476
2,1477
1,1478
10,1479
6,1480
6,1481
6,1482
5,1483
6,1484
5,1485
6,1486
6,1487
6,1488
6,1489
6,1490
5,1491
0,1492
5,1493
6,1494
0,1495
6,1496
5,1497
0,1498
5,1499
0,1500
6,1501
0,1502
0,1503
5,1504
0,1505
0,1506
6,1507
0,1508
9,1509
7,1510
16,1511
18,1512
16,1513
16,1514
7,1515
7,1516
9,1517
16,1518
9,1519
18,1520
16,1521
9,1522
18,1523
7,1524
18,1525
18,1526
9,1527
9,1528
7,1529
18,1530
7,1531
7,1532
16,1533
7,1534
7,1535
11,1536
16,1537
18,1538
18,1539
11,1540
18,1541
18,1542
9,1543
18,1544
11,1545
16,1546
16,1547
18,1548
9,1549
18,1550
18,1551
16,1552
16,1553
16,1554
16,1555
16,1556
18,1557
16,1558
18,1559
18,1560
11,1561
16,1562
11,1563
9,1564
9,1565
11,1566
11,1567
7,1568
16,1569
9,1570
9,1571
7,1572
18,1573
16,1574
11,1575
16,1576
16,1577
7,1578
11,1579
18,1580
9,1581
11,1582
16,1583
11,1584
7,1585
16,1586
9,1587
11,1588
11,1589
18,1590
18,1591
9,1592
16,1593
9,1594
16,1595
7,1596
7,1597
7,1598
7,1599
9,1600
18,1601
18,1602
9,1603
9,1604
9,1605
11,1606
16,1607
11,1608
18,1609
11,1610
18,1611
9,1612
16,1613
9,1614
18,1615
18,1616
16,1617
18,1618
16,1619
9,1620
9,1621
18,1622
18,1623
18,1624
7,1625
16,1626
18,1627
16,1628
18,1629
11,1630
11,1631
18,1632
16,1633
9,1634
11,1635
9,1636
11,1637
11,1638
7,1639
16,1640
16,1641
16,1642
9,1643
18,1644
11,1645
7,1646
11,1647
7,1648
9,1649
11,1650
16,1651
16,1652
7,1653
18,1654
11,1655
18,1656
7,1657
7,1658
11,1659
7,1660
18,1661
16,1662
16,1663
9,1664
18,1665
11,1666
11,1667
16,1668
18,1669
17,1670
12,1671
8,1672
8,1673
12,1674
12,1675
13,1676
12,1677
12,1678
13,1679
8,1680
8,1681
13,1682
8,1683
8,1684
12,1685
12,1686
12,1687
8,1688
8,1689
12,1690
12,1691
12,1692
8,1693
13,1694
12,1695
12,1696
12,1697
12,1698
8,1699
12,1700
12,1701
12,1702
12,1703
8,1704
12,1705
8,1706
12,1707
12,1708
12,1709
8,1710
8,1711
13,1712
8,1713
8,1714
12,1715
8,1716
13,1717
13,1718
8,1719
13,1720
12,1721
8,1722
8,1723
10,1724
14,1725
14,1726
4,1727
1,1728
1,1729
15,1730
14,1731
4,1732
14,1733
4,1734
2,1735
15,1736
15,1737
1,1738
4,1739
2,1740
15,1741
14,1742
2,1743
1,1744
2,1745
14,1746
2,1747
10,1748
1,1749
1,1750
14,1751
2,1752
2,1753
2,1754
14,1755
10,1756
4,1757
10,1758
6,1759
6,1760
0,1761
9,1762
7,1763
11,1764
11,1765
7,1766
9,1767
18,1768
17,1769
3,1770
17,1771
19,1772
3,1773
3,1774
3,1775
3,1776
3,1777
19,1778
3,1779
19,1780
17,1781
3,1782
17,1783
19,1784
17,1785
3,1786
17,1787
17,1788
3,1789
3,1790
17,1791
17,1792
19,1793
3,1794
3,1795
3,1796
3,1797
17,1798
12,1799
13,1800
8,1801
10,1802
10,1803
2,1804
4,1805
4,1806
4,1807
1,1808
10,1809
10,1810
1,1811
14,1812
15,1813
4,1814
1,1815
4,1816
4,1817
1,1818
10,1819
6,1820
5,1821
6,1822
0,1823
5,1824
0,1825
6,1826
5,1827
0,1828
6,1829
5,1830
6,1831
5,1832
5,1833
0,1834
9,1835
11,1836
9,1837
9,1838
11,1839
7,1840
11,1841
7,1842
18,1843
17,1844
12,1845
12,1846
12,1847
8,1848
13,1849
12,1850
12,1851
8,1852
10,1853
4,1854
15,1855
4,1856
2,1857
1,1858
1,1859
15,1860
15,1861
1,1862
14,1863
15,1864
10,1865
2,1866
15,1867
1,1868
10,1869
2,1870
15,1871
1,1872
2,1873
14,1874
2,1875
4,1876
2,1877
2,1878
15,1879
4,1880
4,1881
14,1882
15,1883
1,1884
1,1885
4,1886
10,1887
4,1888
10,1889
6,1890
0,1891
9,1892
18,1893
18,1894
11,1895
18,1896
11,1897
7,1898
9,1899
7,1900
11,1901
9,1902
18,1903
11,1904
18,1905
11,1906
16,1907
11,1908
11,1909
18,1910
9,1911
16,1912
11,1913
7,1914
7,1915
9,1916
7,1917
18,1918
16,1919
11,1920
9,1921
7,1922
7,1923
7,1924
7,1925
11,1926
7,1927
18,1928
11,1929
9,1930
16,1931
7,1932
18,1933
18,1934
9,1935
18,1936
7,1937
18,1938
7,1939
16,1940
11,1941
18,1942
16,1943
16,1944
11,1945
11,1946
9,1947
18,1948
7,1949
7,1950
16,1951
9,1952
11,1953
18,1954
16,1955
7,1956
9,1957
11,1958
11,1959
7,1960
16,1961
18,1962
11,1963
11,1964
18,1965
16,1966
9,1967
16,1968
7,1969
7,1970
7,1971
7,1972
7,1973
18,1974
16,1975
9,1976
16,1977
11,1978
11,1979
7,1980
18,1981
17,1982
3,1983
3,1984
3,1985
3,1986
3,1987
19,1988
17,1989
19,1990
17,1991
17,1992
3,1993
17,1994
3,1995
19,1996
3,1997
19,1998
17,1999
19,2000
3,2001
19,2002
19,2003
19,2004
17,2005
3,2006
17,2007
12,2008
8,2009
8,2010
10,2011
2,2012
14,2013
15,2014
10,2015
15,2016
2,2017
10,2018
1,2019
14,2020
15,2021
15,2022
2,2023
4,2024
14,2025
14,2026
15,2027
2,2028
14,2029
1,2030
4,2031
4,2032
4,2033
14,2034
1,2035
1,2036
2,2037
1,2038
4,2039
2,2040
15,2041
15,2042
1,2043
4,2044
1,2045
2,2046
10,2047
4,2048
2,2049
14,2050
15,2051
4,2052
10,2053
4,2054
10,2055
1,2056
15,2057
15,2058
4,2059
1,2060
14,2061
2,2062
2,2063
10,2064
15,2065
1,2066
10,2067
14,2068
4,2069
15,2070
15,2071
14,2072
15,2073
10,2074
14,2075
4,2076
2,2077
15,2078
2,2079
10,2080
10,2081
10,2082
15,2083
10,2084
4,2085
14,2086
2,2087
14,2088
4,2089
15,2090
10,2091
6,2092
5,2093
6,2094
5,2095
5,2096
5,2097
5,2098
5,2099
0,2100
9,2101
7,2102
9,2103
16,2104
16,2105
18,2106
17,2107
3,2108
19,2109
19,2110
17,2111
17,2112
12,2113
13,2114
12,2115
8,2116
12,2117
8,2118
12,2119
12,2120
8,2121
13,2122
13,2123
12,2124
12,2125
13,2126
8,2127
12,2128
12,2129
13,2130
13,2131
12,2132
8,2133
8,2134
10,2135
15,2136
2,2137
1,2138
15,2139
1,2140
10,2141
10,2142
14,2143
4,2144
4,2145
2,2146
1,2147
1,2148
4,2149
2,2150
14,2151
15,2152
2,2153
4,2154
15,2155
14,2156
2,2157
4,2158
1,2159
15,2160
10,2161
1,2162
15,2163
14,2164
15,2165
2,2166
10,2167
15,2168
14,2169
15,2170
14,2171
14,2172
15,2173
4,2174
10,2175
1,2176
14,2177
1,2178
4,2179
1,2180
2,2181
10,2182
1,2183
1,2184
10,2185
15,2186
1,2187
2,2188
14,2189
2,2190
2,2191
2,2192
14,2193
2,2194
1,2195
10,2196
6,2197
5,2198
5,2199
0,2200
9,2201
18,2202
11,2203
11,2204
18,2205
18,2206
11,2207
16,2208
16,2209
16,2210
7,2211
9,2212
9,2213
9,2214
11,2215
7,2216
9,2217
9,2218
18,2219
18,2220
9,2221
7,2222
11,2223
7,2224
9,2225
16,2226
11,2227
18,2228
11,2229
18,2230
7,2231
18,2232
11,2233
16,2234
11,2235
18,2236
16,2237
11,2238
7,2239
16,2240
7,2241
18,2242
9,2243
9,2244
18,2245
7,2246
18,2247
7,2248
9,2249
9,2250
11,2251
11,2252
11,2253
18,2254
11,2255
18,2256
11,2257
11,2258
16,2259
18,2260
9,2261
7,2262
9,2263
11,2264
9,2265
9,2266
11,2267
11,2268
11,2269
11,2270
16,2271
11,2272
7,2273
9,2274
9,2275
16,2276
9,2277
9,2278
11,2279
18,2280
17,2281
17,2282
12,2283
8,2284
13,2285
12,2286
12,2287
13,2288
12,2289
8,2290
8,2291
12,2292
12,2293
12,2294
12,2295
12,2296
8,2297
12,2298
13,2299
12,2300
12,2301
8,2302
10,2303
14,2304
1,2305
1,2306
15,2307
14,2308
4,2309
14,2310
1,2311
2,2312
1,2313
2,2314
4,2315
1,2316
15,2317
14,2318
14,2319
14,2320
1,2321
14,2322
4,2323
1,2324
1,2325
15,2326
15,2327
4,2328
4,2329
1,2330
4,2331
2,2332
2,2333
2,2334
4,2335
4,2336
10,2337
15,2338
2,2339
1,2340
14,2341
1,2342
15,2343
2,2344
4,2345
15,2346
4,2347
15,2348
4,2349
15,2350
1,2351
10,2352
15,2353
10,2354
1,2355
2,2356
14,2357
14,2358
14,2359
2,2360
4,2361
10,2362
1,2363
10,2364
15,2365
4,2366
1,2367
14,2368
1,2369
10,2370
14,2371
10,2372
10,2373
1,2374
10,2375
6,2376
0,2377
0,2378
6,2379
6,2380
0,2381
6,2382
6,2383
5,2384
5,2385
5,2386
5,2387
6,2388
0,2389
6,2390
6,2391
5,2392
6,2393
5,2394
6,2395
0,2396
6,2397
6,2398
0,2399
9,2400
11,2401
16,2402
18,2403
11,2404
9,2405
11,2406
18,2407
9,2408
9,2409
7,2410
7,2411
9,2412
18,2413
17,2414
19,2415
19,2416
17,2417
3,2418
3,2419
17,2420
12,2421
12,2422
8,2423
10,2424
15,2425
10,2426
15,2427
1,2428
14,2429
4,2430
2,2431
2,2432
2,2433
15,2434
1,2435
4,2436
10,2437
2,2438
15,2439
2,2440
2,2441
14,2442
2,2443
2,2444
4,2445
2,2446
10,2447
1,2448
1,2449
15,2450
4,2451
1,2452
14,2453
2,2454
2,2455
10,2456
1,2457
14,2458
14,2459
4,2460
14,2461
4,2462
1,2463
10,2464
1,2465
15,2466
10,2467
1,2468
15,2469
10,2470
14,2471
14,2472
10,2473
6,2474
6,2475
0,2476
5,2477
0,2478
6,2479
5,2480
0,2481
9,2482
9,2483
16,2484
11,2485
16,2486
7,2487
16,2488
11,2489
7,2490
18,2491
11,2492
9,2493
7,2494
16,2495
16,2496
9,2497
18,2498
16,2499
9,2500
11,2501
11,2502
9,2503
9,2504
18,2505
11,2506
16,2507
9,2508
16,2509
9,2510
11,2511
7,2512
9,2513
9,2514
16,2515
7,2516
7,2517
11,2518
18,2519
18,2520
7,2521
9,2522
16,2523
9,2524
11,2525
11,2526
11,2527
18,2528
16,2529
7,2530
18,2531
18,2532
18,2533
7,2534
7,2535
9,2536
16,2537
7,2538
18,2539
16,2540
11,2541
18,2542
16,2543
16,2544
7,2545
18,2546
7,2547
18,2548
18,2549
9,2550
7,2551
18,2552
18,2553
16,2554
18,2555
16,2556
16,2557
16,2558
11,2559
7,2560
18,2561
17,2562
19,2563
17,2564
12,2565
13,2566
13,2567
8,2568
12,2569
12,2570
12,2571
12,2572
12,2573
13,2574
8,2575
8,2576
10,2577
14,2578
15,2579
15,2580
4,2581
4,2582
1,2583
2,2584
10,2585
10,2586
15,2587
15,2588
15,2589
4,2590
1,2591
15,2592
2,2593
4,2594
14,2595
4,2596
1,2597
2,2598
4,2599
2,2600
1,2601
2,2602
10,2603
1,2604
1,2605
1,2606
10,2607
4,2608
15,2609
14,2610
14,2611
14,2612
15,2613
4,2614
4,2615
1,2616
14,2617
4,2618
4,2619
1,2620
2,2621
1,2622
4,2623
10,2624
6,2625
6,2626
0,2627
9,2628
11,2629
9,2630
16,2631
9,2632
9,2633
7,2634
18,2635
9,2636
18,2637
9,2638
11,2639
9,2640
16,2641
11,2642
9,2643
9,2644
9,2645
9,2646
18,2647
11,2648
7,2649
7,2650
16,2651
7,2652
16,2653
7,2654
11,2655
18,2656
18,2657
18,2658
16,2659
7,2660
18,2661
18,2662
18,2663
17,2664
19,2665
19,2666
3,2667
17,2668
17,2669
3,2670
17,2671
17,2672
19,2673
17,2674
12,2675
12,2676
8,2677
8,2678
8,2679
13,2680
8,2681
13,2682
8,2683
12,2684
8,2685
13,2686
13,2687
13,2688
12,2689
12,2690
8,2691
13,2692
12,2693
8,2694
12,2695
12,2696
13,2697
12,2698
13,2699
8,2700
13,2701
13,2702
12,2703
8,2704
8,2705
13,2706
13,2707
13,2708
12,2709
13,2710
12,2711
12,2712
8,2713
13,2714
12,2715
12,2716
12,2717
12,2718
8,2719
10,2720
14,2721
15,2722
4,2723
2,2724
4,2725
14,2726
1,2727
10,2728
4,2729
1,2730
2,2731
15,2732
15,2733
14,2734
1,2735
10,2736
15,2737
4,2738
1,2739
15,2740
1,2741
10,2742
2,2743
15,2744
10,2745
10,2746
1,2747
14,2748
15,2749
15,2750
15,2751
2,2752
15,2753
14,2754
15,2755
4,2756
14,2757
4,2758
2,2759
15,2760
14,2761
1,2762
10,2763
15,2764
1,2765
4,2766
4,2767
2,2768
10,2769
1,2770
10,2771
6,2772
0,2773
6,2774
5,2775
6,2776
5,2777
0,2778
5,2779
0,2780
0,2781
9,2782
18,2783
18,2784
16,2785
18,2786
9,2787
9,2788
16,2789
18,2790
9,2791
18,2792
11,2793
18,2794
9,2795
9,2796
18,2797
9,2798
7,2799
7,2800
7,2801
16,2802
11,2803
7,2804
7,2805
9,2806
9,2807
16,2808
7,2809
16,2810
16,2811
16,2812
18,2813
7,2814
9,2815
11,2816
9,2817
9,2818
9,2819
16,2820
16,2821
7,2822
11,2823
9,2824
18,2825
7,2826
7,2827
18,2828
11,2829
18,2830
9,2831
7,2832
9,2833
9,2834
11,2835
11,2836
11,2837
18,2838
17,2839
12,2840
8,2841
13,2842
12,2843
13,2844
8,2845
12,2846
12,2847
12,2848
8,2849
12,2850
13,2851
8,2852
12,2853
13,2854
8,2855
8,2856
8,2857
13,2858
12,2859
13,2860
13,2861
8,2862
13,2863
8,2864
10,2865
10,2866
2,2867
14,2868
4,2869
10,2870
4,2871
10,2872
1,2873
1,2874
2,2875
15,2876
14,2877
15,2878
2,2879
14,2880
4,2881
1,2882
1,2883
10,2884
10,2885
14,2886
4,2887
1,2888
10,2889
1,2890
14,2891
15,2892
10,2893
15,2894
1,2895
15,2896
1,2897
14,2898
4,2899
2,2900
15,2901
10,2902
4,2903
14,2904
15,2905
14,2906
1,2907
10,2908
2,2909
15,2910
2,2911
15,2912
10,2913
6,2914
6,2915
6,2916
5,2917
0,2918
9,2919
18,2920
7,2921
18,2922
7,2923
18,2924
9,2925
7,2926
7,2927
7,2928
9,2929
18,2930
7,2931
7,2932
16,2933
7,2934
11,2935
9,2936
7,2937
18,2938
7,2939
18,2940
9,2941
11,2942
9,2943
9,2944
18,2945
16,2946
11,2947
11,2948
9,2949
18,2950
16,2951
7,2952
16,2953
18,2954
11,2955
9,2956
9,2957
18,2958
18,2959
16,2960
18,2961
18,2962
17,2963
12,2964
13,2965
8,2966
10,2967
1,2968
10,2969
14,2970
4,2971
1,2972
14,2973
2,2974
2,2975
15,2976
2,2977
4,2978
4,2979
2,2980
15,2981
2,2982
1,2983
10,2984
1,2985
1,2986
14,2987
1,2988
1,2989
15,2990
15,2991
4,2992
14,2993
1,2994
1,2995
15,2996
2,2997
4,2998
10,2999
10,3000
2,3001
2,3002
4,3003
1,3004
10,3005
15,3006
4,3007
14,3008
2,3009
1,3010
2,3011
14,3012
15,3013
4,3014
1,3015
15,3016
4,3017
4,3018
1,3019
4,3020
4,3021
4,3022
1,3023
10,3024
10,3025
14,3026
10,3027
6,3028
5,3029
0,3030
5,3031
5,3032
6,3033
6,3034
5,3035
6,3036
0,3037
6,3038
6,3039
0,3040
6,3041
6,3042
0,3043
6,3044
5,3045
0,3046
5,3047
6,3048
0,3049
6,3050
0,3051
9,3052
11,3053
9,3054
16,3055
7,3056
9,3057
11,3058
18,3059
18,3060
16,3061
11,3062
18,3063
16,3064
9,3065
18,3066
18,3067
7,3068
7,3069
7,3070
16,3071
18,3072
7,3073
16,3074
11,3075
7,3076
11,3077
18,3078
7,3079
7,3080
7,3081
9,3082
7,3083
16,3084
16,3085
11,3086
16,3087
16,3088
11,3089
18,3090
9,3091
7,3092
7,3093
7,3094
16,3095
16,3096
16,3097
16,3098
18,3099
16,3100
16,3101
16,3102
16,3103
11,3104
7,3105
16,3106
7,3107
11,3108
11,3109
16,3110
11,3111
18,3112
7,3113
9,3114
18,3115
17,3116
12,3117
12,3118
13,3119
8,3120
13,3121
8,3122
13,3123
8,3124
12,3125
13,3126
8,3127
13,3128
8,3129
10,3130
10,3131
14,3132
14,3133
14,3134
2,3135
10,3136
15,3137
1,3138
14,3139
4,3140
4,3141
15,3142
10,3143
2,3144
2,3145
15,3146
14,3147
15,3148
10,3149
1,3150
2,3151
2,3152
4,3153
10,3154
15,3155
10,3156
14,3157
10,3158
14,3159
2,3160
1,3161
14,3162
10,3163
10,3164
4,3165
4,3166
14,3167
1,3168
15,3169
1,3170
10,3171
4,3172
14,3173
4,3174
15,3175
15,3176
4,3177
15,3178
10,3179
4,3180
10,3181
6,3182
6,3183
6,3184
5,3185
6,3186
6,3187
5,3188
6,3189
5,3190
6,3191
6,3192
6,3193
6,3194
6,3195
0,3196
6,3197
0,3198
6,3199
5,3200
6,3201
6,3202
0,3203
5,3204
6,3205
0,3206
5,3207
6,3208
0,3209
9,3210
16,3211
11,3212
18,3213
11,3214
16,3215
7,3216
7,3217
9,3218
7,3219
16,3220
7,3221
7,3222
11,3223
11,3224
11,3225
7,3226
18,3227
11,3228
11,3229
7,3230
9,3231
9,3232
9,3233
16,3234
16,3235
16,3236
9,3237
9,3238
16,3239
7,3240
11,3241
7,3242
9,3243
16,3244
18,3245
18,3246
9,3247
18,3248
7,3249
7,3250
7,3251
11,3252
11,3253
18,3254
7,3255
9,3256
16,3257
11,3258
11,3259
9,3260
9,3261
9,3262
11,3263
18,3264
11,3265
18,3266
9,3267
11,3268
7,3269
11,3270
18,3271
17,3272
19,3273
3,3274
3,3275
17,3276
19,3277
19,3278
19,3279
3,3280
19,3281
19,3282
17,3283
19,3284
17,3285
3,3286
3,3287
3,3288
3,3289
19,3290
19,3291
3,3292
19,3293
3,3294
3,3295
3,3296
3,3297
17,3298
12,3299
8,3300
12,3301
8,3302
13,3303
8,3304
10,3305
10,3306
6,3307
5,3308
0,3309
0,3310
0,3311
6,3312
5,3313
0,3314
9,3315
9,3316
16,3317
18,3318
16,3319
11,3320
18,3321
11,3322
7,3323
7,3324
7,3325
7,3326
18,3327
18,3328
7,3329
18,3330
17,3331
12,3332
8,3333
8,3334
8,3335
13,3336
8,3337
8,3338
10,3339
14,3340
4,3341
1,3342
4,3343
15,3344
2,3345
4,3346
4,3347
10,3348
14,3349
10,3350
6,3351
5,3352
5,3353
5,3354
0,3355
0,3356
0,3357
5,3358
5,3359
5,3360
6,3361
0,3362
6,3363
5,3364
5,3365
5,3366
6,3367
5,3368
6,3369
0,3370
5,3371
6,3372
5,3373
6,3374
6,3375
5,3376
6,3377
5,3378
0,3379
5,3380
6,3381
5,3382
0,3383
9,3384
16,3385
18,3386
9,3387
11,3388
9,3389
9,3390
16,3391
9,3392
18,3393
7,3394
7,3395
9,3396
11,3397
18,3398
9,3399
7,3400
16,3401
9,3402
16,3403
9,3404
7,3405
11,3406
16,3407
18,3408
9,3409
18,3410
9,3411
16,3412
18,3413
11,3414
9,3415
7,3416
16,3417
16,3418
16,3419
18,3420
11,3421
9,3422
9,3423
16,3424
11,3425
16,3426
11,3427
16,3428
16,3429
11,3430
18,3431
16,3432
9,3433
16,3434
9,3435
9,3436
18,3437
11,3438
18,3439
17,3440
12,3441
13,3442
8,3443
12,3444
8,3445
13,3446
8,3447
12,3448
8,3449
10,3450
6,3451
0,3452
5,3453
6,3454
6,3455
5,3456
5,3457
6,3458
5,3459
6,3460
0,3461
6,3462
6,3463
6,3464
5,3465
0,3466
9,3467
7,3468
9,3469
9,3470
16,3471
16,3472
11,3473
18,3474
18,3475
7,3476
7,3477
9,3478
11,3479
18,3480
17,3481
17,3482
3,3483
19,3484
19,3485
19,3486
3,3487
17,3488
17,3489
17,3490
12,3491
12,3492
12,3493
8,3494
12,3495
12,3496
8,3497
10,3498
1,3499
2,3500
14,3501
10,3502
14,3503
4,3504
2,3505
14,3506
4,3507
4,3508
14,3509
15,3510
15,3511
14,3512
2,3513
4,3514
14,3515
1,3516
14,3517
2,3518
1,3519
4,3520
4,3521
4,3522
14,3523
1,3524
10,3525
14,3526
14,3527
15,3528
1,3529
2,3530
1,3531
10,3532
2,3533
10,3534
15,3535
2,3536
1,3537
15,3538
14,3539
10,3540
1,3541
4,3542
2,3543
1,3544
4,3545
10,3546
6,3547
6,3548
6,3549
0,3550
5,3551
0,3552
6,3553
6,3554
5,3555
6,3556
0,3557
5,3558
0,3559
0,3560
6,3561
0,3562
6,3563
5,3564
5,3565
5,3566
0,3567
5,3568
5,3569
6,3570
0,3571
5,3572
0,3573
5,3574
5,3575
0,3576
9,3577
9,3578
16,3579
18,3580
18,3581
11,3582
18,3583
9,3584
16,3585
7,3586
11,3587
9,3588
7,3589
11,3590
7,3591
9,3592
9,3593
7,3594
9,3595
7,3596
18,3597
16,3598
7,3599
9,3600
18,3601
16,3602
16,3603
7,3604
7,3605
18,3606
18,3607
9,3608
7,3609
16,3610
11,3611
7,3612
18,3613
7,3614
11,3615
16,3616
11,3617
7,3618
18,3619
17,3620
3,3621
19,3622
3,3623
19,3624
19,3625
17,3626
3,3627
19,3628
17,3629
19,3630
3,3631
19,3632
3,3633
3,3634
3,3635
19,3636
17,3637
17,3638
19,3639
19,3640
17,3641
12,3642
12,3643
12,3644
12,3645
8,3646
8,3647
10,3648
2,3649
14,3650
1,3651
10,3652
10,3653
6,3654
6,3655
6,3656
0,3657
9,3658
18,3659
18,3660
18,3661
16,3662
18,3663
16,3664
16,3665
16,3666
9,3667
9,3668
9,3669
9,3670
7,3671
9,3672
7,3673
7,3674
9,3675
18,3676
9,3677
11,3678
9,3679
18,3680
9,3681
18,3682
17,3683
12,3684
13,3685
12,3686
12,3687
12,3688
13,3689
12,3690
12,3691
12,3692
8,3693
13,3694
13,3695
8,3696
10,3697
10,3698
1,3699
15,3700
14,3701
4,3702
1,3703
2,3704
4,3705
10,3706
4,3707
10,3708
6,3709
5,3710
6,3711
0,3712
0,3713
9,3714
9,3715
16,3716
11,3717
16,3718
16,3719
11,3720
7,3721
7,3722
9,3723
9,3724
9,3725
18,3726
7,3727
11,3728
11,3729
7,3730
11,3731
11,3732
18,3733
18,3734
11,3735
7,3736
16,3737
11,3738
18,3739
16,3740
7,3741
11,3742
7,3743
18,3744
11,3745
9,3746
18,3747
16,3748
9,3749
9,3750
16,3751
9,3752
16,3753
9,3754
11,3755
18,3756
11,3757
11,3758
18,3759
9,3760
7,3761
7,3762
18,3763
17,3764
12,3765
12,3766
8,3767
10,3768
6,3769
5,3770
0,3771
9,3772
16,3773
16,3774
11,3775
16,3776
11,3777
16,3778
16,3779
16,3780
7,3781
7,3782
16,3783
16,3784
9,3785
16,3786
16,3787
7,3788
18,3789
16,3790
7,3791
7,3792
7,3793
7,3794
11,3795
18,3796
9,3797
16,3798
16,3799
9,3800
18,3801
9,3802
16,3803
11,3804
11,3805
18,3806
18,3807
18,3808
17,3809
3,3810
17,3811
12,3812
8,3813
12,3814
13,3815
12,3816
8,3817
10,3818
4,3819
15,3820
1,3821
10,3822
1,3823
15,3824
4,3825
14,3826
4,3827
10,3828
6,3829
6,3830
0,3831
6,3832
6,3833
0,3834
5,3835
5,3836
0,3837
9,3838
16,3839
11,3840
16,3841
9,3842
9,3843
18,3844
9,3845
11,3846
9,3847
18,3848
18,3849
7,3850
9,3851
16,3852
7,3853
16,3854
9,3855
11,3856
16,3857
16,3858
11,3859
7,3860
7,3861
7,3862
18,3863
16,3864
9,3865
18,3866
16,3867
18,3868
18,3869
16,3870
11,3871
7,3872
16,3873
11,3874
9,3875
16,3876
7,3877
18,3878
9,3879
9,3880
16,3881
11,3882
11,3883
11,3884
9,3885
7,3886
7,3887
18,3888
7,3889
16,3890
9,3891
11,3892
11,3893
7,3894
18,3895
16,3896
9,3897
18,3898
18,3899
17,3900
19,3901
19,3902
19,3903
17,3904
17,3905
12,3906
13,3907
12,3908
12,3909
13,3910
13,3911
8,3912
12,3913
8,3914
12,3915
12,3916
8,3917
13,3918
12,3919
13,3920
8,3921
8,3922
8,3923
12,3924
12,3925
13,3926
12,3927
8,3928
8,3929
13,3930
13,3931
8,3932
12,3933
12,3934
13,3935
12,3936
8,3937
13,3938
12,3939
12,3940
12,3941
8,3942
13,3943
12,3944
8,3945
8,3946
10,3947
15,3948
2,3949
15,3950
14,3951
4,3952
15,3953
4,3954
4,3955
2,3956
15,3957
4,3958
15,3959
1,3960
2,3961
1,3962
10,3963
10,3964
2,3965
1,3966
1,3967
2,3968
4,3969
1,3970
15,3971
10,3972
10,3973
15,3974
10,3975
2,3976
14,3977
2,3978
1,3979
14,3980
4,3981
2,3982
10,3983
2,3984
2,3985
2,3986
2,3987
15,3988
1,3989
14,3990
10,3991
15,3992
1,3993
10,3994
10,3995
4,3996
2,3997
14,3998
2,3999
1,4000
10,4001
4,4002
4,4003
15,4004
4,4005
15,4006
14,4007
10,4008
2,4009
14,4010
2,4011
4,4012
15,4013
10,4014
4,4015
2,4016
10,4017
14,4018
14,4019
1,4020
15,4021
15,4022
14,4023
15,4024
14,4025
10,4026
15,4027
10,4028
1,4029
2,4030
2,4031
4,4032
14,4033
10,4034
1,4035
14,4036
4,4037
14,4038
10,4039
15,4040
15,4041
14,4042
10,4043
15,4044
1,4045
10,4046
15,4047
15,4048
15,4049
15,4050
4,4051
1,4052
2,4053
15,4054
4,4055
10,4056
10,4057
2,4058
14,4059
14,4060
4,4061
10,4062
14,4063
1,4064
15,4065
14,4066
14,4067
1,4068
1,4069
14,4070
15,4071
1,4072
15,4073
4,4074
4,4075
4,4076
15,4077
2,4078
2,4079
2,4080
4,4081
1,4082
14,4083
15,4084
1,4085
14,4086
10,4087
1,4088
14,4089
15,4090
2,4091
14,4092
10,4093
2,4094
15,4095
10,4096
6,4097
5,4098
0,4099
0,4100
6,4101
5,4102
5,4103
6,4104
0,4105
0,4106
0,4107
5,4108
6,4109
0,4110
9,4111
7,4112
9,4113
9,4114
16,4115
16,4116
11,4117
9,4118
18,4119
11,4120
16,4121
9,4122
11,4123
18,4124
9,4125
7,4126
7,4127
16,4128
16,4129
11,4130
18,4131
17,4132
12,4133
12,4134
8,4135
12,4136
12,4137
12,4138
12,4139
8,4140
8,4141
8,4142
12,4143
8,4144
13,4145
13,4146
13,4147
8,4148
8,4149
12,4150
13,4151
8,4152
12,4153
12,4154
12,4155
8,4156
12,4157
12,4158
8,4159
12,4160
8,4161
10,4162
2,4163
2,4164
1,4165
2,4166
10,4167
15,4168
2,4169
4,4170
15,4171
1,4172
2,4173
4,4174
1,4175
15,4176
2,4177
4,4178
1,4179
1,4180
14,4181
2,4182
15,4183
15,4184
4,4185
15,4186
4,4187
1,4188
10,4189
10,4190
2,4191
4,4192
2,4193
2,4194
1,4195
1,4196
10,4197
14,4198
15,4199
2,4200
1,4201
2,4202
1,4203
4,4204
4,4205
10,4206
10,4207
4,4208
10,4209
2,4210
4,4211
14,4212
4,4213
14,4214
10,4215
1,4216
2,4217
4,4218
2,4219
4,4220
10,4221
15,4222
2,4223
4,4224
1,4225
4,4226
14,4227
4,4228
15,4229
1,4230
4,4231
2,4232
4,4233
15,4234
10,4235
6,4236
6,4237
6,4238
5,4239
0,4240
0,4241
6,4242
5,4243
6,4244
0,4245
5,4246
6,4247
0,4248
0,4249
9,4250
18,4251
9,4252
16,4253
16,4254
9,4255
18,4256
17,4257
19,4258
19,4259
19,4260
3,4261
17,4262
3,4263
17,4264
12,4265
12,4266
12,4267
8,4268
8,4269
12,4270
12,4271
12,4272
12,4273
8,4274
10,4275
1,4276
10,4277
6,4278
6,4279
5,4280
0,4281
0,4282
6,4283
0,4284
0,4285
0,4286
6,4287
0,4288
6,4289
6,4290
6,4291
6,4292
6,4293
5,4294
5,4295
5,4296
0,4297
9,4298
9,4299
7,4300
18,4301
18,4302
7,4303
11,4304
18,4305
16,4306
9,4307
9,4308
9,4309
18,4310
16,4311
11,4312
18,4313
16,4314
16,4315
16,4316
11,4317
9,4318
18,4319
16,4320
16,4321
9,4322
11,4323
18,4324
16,4325
11,4326
11,4327
18,4328
16,4329
18,4330
7,4331
7,4332
16,4333
7,4334
7,4335
18,4336
17,4337
3,4338
19,4339
19,4340
17,4341
3,4342
19,4343
19,4344
17,4345
12,4346
12,4347
13,4348
13,4349
13,4350
13,4351
12,4352
8,4353
12,4354
12,4355
8,4356
10,4357
2,4358
1,4359
14,4360
14,4361
2,4362
4,4363
14,4364
2,4365
14,4366
4,4367
14,4368
1,4369
1,4370
10,4371
4,4372
15,4373
14,4374
15,4375
2,4376
14,4377
4,4378
4,4379
2,4380
2,4381
14,4382
14,4383
10,4384
15,4385
10,4386
15,4387
2,4388
14,4389
1,4390
14,4391
15,4392
2,4393
10,4394
10,4395
15,4396
4,4397
2,4398
10,4399
15,4400
14,4401
14,4402
15,4403
4,4404
4,4405
1,4406
4,4407
4,4408
14,4409
14,4410
2,4411
14,4412
15,4413
1,4414
2,4415
15,4416
10,4417
14,4418
1,4419
1,4420
2,4421
2,4422
14,4423
1,4424
15,4425
14,4426
14,4427
15,4428
14,4429
15,4430
15,4431
14,4432
15,4433
10,4434
14,4435
4,4436
4,4437
10,4438
14,4439
14,4440
15,4441
4,4442
15,4443
14,4444
1,4445
15,4446
15,4447
1,4448
14,4449
15,4450
15,4451
4,4452
10,4453
14,4454
2,4455
4,4456
2,4457
4,4458
15,4459
14,4460
4,4461
10,4462
1,4463
2,4464
14,4465
1,4466
2,4467
2,4468
1,4469
10,4470
2,4471
14,4472
10,4473
1,4474
15,4475
15,4476
1,4477
14,4478
1,4479
1,4480
15,4481
4,4482
15,4483
1,4484
2,4485
14,4486
4,4487
2,4488
4,4489
15,4490
4,4491
2,4492
1,4493
14,4494
14,4495
10,4496
10,4497
10,4498
1,4499
15,4500
2,4501
2,4502
2,4503
4,4504
14,4505
4,4506
14,4507
1,4508
1,4509
2,4510
1,4511
4,4512
2,4513
4,4514
1,4515
4,4516
10,4517
6,4518
6,4519
0,4520
0,4521
0,4522
6,4523
6,4524
0,4525
5,4526
5,4527
6,4528
0,4529
0,4530
0,4531
6,4532
6,4533
6,4534
0,4535
5,4536
5,4537
6,4538
0,4539
5,4540
5,4541
5,4542
0,4543
6,4544
6,4545
0,4546
9,4547
18,4548
7,4549
18,4550
18,4551
18,4552
9,4553
11,4554
7,4555
7,4556
11,4557
16,4558
18,4559
16,4560
11,4561
18,4562
7,4563
18,4564
9,4565
16,4566
9,4567
18,4568
7,4569
16,4570
18,4571
9,4572
16,4573
7,4574
11,4575
16,4576
9,4577
18,4578
11,4579
9,4580
16,4581
9,4582
18,4583
9,4584
18,4585
17,4586
17,4587
12,4588
12,4589
12,4590
13,4591
13,4592
13,4593
8,4594
12,4595
13,4596
12,4597
13,4598
13,4599
12,4600
13,4601
12,4602
8,4603
10,4604
1,4605
14,4606
15,4607
15,4608
14,4609
15,4610
10,4611
6,4612
0,4613
9,4614
16,4615
16,4616
11,4617
9,4618
7,4619
9,4620
18,4621
7,4622
16,4623
16,4624
16,4625
16,4626
16,4627
9,4628
16,4629
11,4630
7,4631
7,4632
9,4633
18,4634
17,4635
19,4636
3,4637
19,4638
17,4639
12,4640
12,4641
8,4642
13,4643
13,4644
13,4645
12,4646
8,4647
8,4648
10,4649
6,4650
6,4651
6,4652
5,4653
5,4654
0,4655
0,4656
5,4657
0,4658
6,4659
6,4660
0,4661
0,4662
5,4663
0,4664
6,4665
5,4666
6,4667
6,4668
5,4669
0,4670
9,4671
18,4672
18,4673
18,4674
16,4675
18,4676
16,4677
16,4678
11,4679
16,4680
7,4681
18,4682
18,4683
16,4684
11,4685
7,4686
7,4687
11,4688
9,4689
9,4690
11,4691
11,4692
9,4693
11,4694
18,4695
9,4696
16,4697
16,4698
18,4699
11,4700
7,4701
9,4702
11,4703
18,4704
11,4705
11,4706
18,4707
18,4708
9,4709
9,4710
11,4711
18,4712
9,4713
9,4714
18,4715
7,4716
11,4717
7,4718
7,4719
16,4720
9,4721
18,4722
16,4723
9,4724
16,4725
16,4726
16,4727
18,4728
9,4729
11,4730
11,4731
7,4732
9,4733
11,4734
16,4735
18,4736
11,4737
7,4738
9,4739
16,4740
7,4741
16,4742
7,4743
11,4744
16,4745
18,4746
16,4747
7,4748
11,4749
9,4750
9,4751
11,4752
9,4753
16,4754
16,4755
7,4756
18,4757
9,4758
7,4759
18,4760
17,4761
12,4762
13,4763
8,4764
12,4765
13,4766
13,4767
12,4768
12,4769
8,4770
8,4771
13,4772
8,4773
10,4774
15,4775
14,4776
10,4777
2,4778
1,4779
15,4780
2,4781
1,4782
2,4783
10,4784
4,4785
10,4786
10,4787
2,4788
15,4789
15,4790
4,4791
2,4792
2,4793
10,4794
10,4795
10,4796
6,4797
5,4798
0,4799
5,4800
0,4801
0,4802
9,4803
16,4804
18,4805
18,4806
9,4807
9,4808
16,4809
11,4810
16,4811
18,4812
11,4813
18,4814
7,4815
16,4816
16,4817
16,4818
7,4819
16,4820
7,4821
16,4822
16,4823
7,4824
18,4825
9,4826
7,4827
16,4828
11,4829
16,4830
11,4831
7,4832
18,4833
7,4834
7,4835
9,4836
7,4837
11,4838
16,4839
9,4840
11,4841
18,4842
11,4843
7,4844
7,4845
9,4846
16,4847
11,4848
9,4849
9,4850
16,4851
11,4852
9,4853
11,4854
18,4855
16,4856
9,4857
7,4858
18,4859
16,4860
16,4861
18,4862
9,4863
16,4864
18,4865
11,4866
16,4867
18,4868
7,4869
7,4870
11,4871
9,4872
7,4873
9,4874
9,4875
7,4876
18,4877
11,4878
11,4879
9,4880
7,4881
11,4882
11,4883
9,4884
11,4885
7,4886
18,4887
16,4888
7,4889
18,4890
7,4891
9,4892
9,4893
18,4894
16,4895
16,4896
7,4897
16,4898
7,4899
7,4900
11,4901
7,4902
11,4903
7,4904
16,4905
11,4906
18,4907
9,4908
9,4909
7,4910
18,4911
16,4912
11,4913
11,4914
9,4915
16,4916
16,4917
18,4918
9,4919
11,4920
9,4921
18,4922
9,4923
9,4924
11,4925
11,4926
7,4927
18,4928
18,4929
7,4930
18,4931
11,4932
9,4933
7,4934
11,4935
7,4936
16,4937
16,4938
11,4939
18,4940
18,4941
18,4942
16,4943
7,4944
16,4945
18,4946
9,4947
11,4948
16,4949
7,4950
7,4951
16,4952
18,4953
11,4954
16,4955
18,4956
11,4957
7,4958
11,4959
9,4960
16,4961
16,4962
18,4963
7,4964
16,4965
16,4966
18,4967
17,4968
12,4969
12,4970
13,4971
13,4972
13,4973
8,4974
12,4975
13,4976
13,4977
12,4978
13,4979
13,4980
13,4981
12,4982
12,4983
13,4984
8,4985
12,4986
12,4987
8,4988
12,4989
12,4990
8,4991
8,4992
12,4993
12,4994
13,4995
8,4996
13,4997
13,4998
12,4999
13,5000
13,5001
12,5002
8,5003
8,5004
12,5005
13,5006
8,5007
8,5008
13,5009
8,5010
10,5011
2,5012
1,5013
10,5014
14,5015
15,5016
4,5017
2,5018
14,5019
1,5020
2,5021
10,5022
4,5023
2,5024
4,5025
10,5026
15,5027
15,5028
1,5029
10,5030
14,5031
2,5032
14,5033
2,5034
10,5035
10,5036
14,5037
10,5038
15,5039
2,5040
4,5041
10,5042
14,5043
15,5044
1,5045
1,5046
4,5047
4,5048
10,5049
4,5050
2,5051
14,5052
10,5053
2,5054
15,5055
10,5056
10,5057
6,5058
0,5059
6,5060
6,5061
6,5062
0,5063
0,5064
9,5065
11,5066
7,5067
11,5068
11,5069
7,5070
16,5071
9,5072
7,5073
18,5074
16,5075
18,5076
9,5077
11,5078
16,5079
18,5080
18,5081
11,5082
7,5083
16,5084
11,5085
11,5086
9,5087
18,5088
9,5089
9,5090
18,5091
7,5092
11,5093
18,5094
9,5095
9,5096
9,5097
9,5098
7,5099
7,5100
16,5101
11,5102
7,5103
16,5104
11,5105
16,5106
11,5107
11,5108
11,5109
18,5110
7,5111
11,5112
9,5113
9,5114
9,5115
16,5116
7,5117
7,5118
11,5119
9,5120
7,5121
7,5122
11,5123
18,5124
9,5125
9,5126
16,5127
7,5128
9,5129
16,5130
11,5131
7,5132
18,5133
16,5134
7,5135
7,5136
18,5137
11,5138
9,5139
9,5140
18,5141
11,5142
16,5143
9,5144
18,5145
17,5146
12,5147
12,5148
8,5149
12,5150
8,5151
10,5152
14,5153
4,5154
2,5155
15,5156
4,5157
1,5158
2,5159
10,5160
1,5161
10,5162
10,5163
14,5164
2,5165
14,5166
1,5167
14,5168
15,5169
2,5170
15,5171
14,5172
1,5173
10,5174
15,5175
10,5176
6,5177
0,5178
9,5179
11,5180
11,5181
11,5182
11,5183
18,5184
11,5185
16,5186
11,5187
11,5188
18,5189
17,5190
3,5191
17,5192
19,5193
19,5194
3,5195
17,5196
19,5197
19,5198
17,5199
12,5200
12,5201
8,5202
12,5203
12,5204
12,5205
13,5206
8,5207
12,5208
12,5209
8,5210
12,5211
13,5212
13,5213
13,5214
12,5215
13,5216
12,5217
8,5218
8,5219
13,5220
8,5221
10,5222
1,5223
10,5224
15,5225
10,5226
2,5227
14,5228
4,5229
2,5230
10,5231
10,5232
1,5233
4,5234
10,5235
1,5236
2,5237
15,5238
2,5239
15,5240
10,5241
15,5242
10,5243
15,5244
10,5245
2,5246
15,5247
2,5248
1,5249
2,5250
10,5251
6,5252
0,5253
0,5254
0,5255
6,5256
5,5257
6,5258
5,5259
5,5260
6,5261
5,5262
5,5263
6,5264
6,5265
6,5266
6,5267
0,5268
5,5269
0,5270
5,5271
0,5272
9,5273
7,5274
9,5275
11,5276
11,5277
18,5278
16,5279
9,5280
16,5281
11,5282
18,5283
16,5284
7,5285
7,5286
9,5287
9,5288
11,5289
7,5290
18,5291
7,5292
18,5293
17,5294
17,5295
19,5296
19,5297
3,5298
19,5299
3,5300
17,5301
12,5302
8,5303
12,5304
12,5305
13,5306
8,5307
8,5308
8,5309
8,5310
13,5311
13,5312
12,5313
8,5314
13,5315
13,5316
8,5317
12,5318
12,5319
8,5320
13,5321
8,5322
8,5323
12,5324
8,5325
10,5326
15,5327
1,5328
15,5329
15,5330
4,5331
1,5332
4,5333
10,5334
10,5335
14,5336
2,5337
14,5338
2,5339
14,5340
2,5341
10,5342
1,5343
15,5344
1,5345
15,5346
14,5347
1,5348
14,5349
15,5350
4,5351
1,5352
14,5353
10,5354
14,5355
2,5356
14,5357
4,5358
4,5359
2,5360
14,5361
15,5362
15,5363
14,5364
4,5365
10,5366
1,5367
14,5368
1,5369
14,5370
1,5371
10,5372
1,5373
1,5374
4,5375
15,5376
2,5377
10,5378
4,5379
1,5380
10,5381
2,5382
4,5383
15,5384
1,5385
10,5386
10,5387
14,5388
15,5389
2,5390
4,5391
14,5392
10,5393
2,5394
2,5395
4,5396
4,5397
15,5398
15,5399
10,5400
14,5401
1,5402
14,5403
15,5404
4,5405
15,5406
4,5407
10,5408
4,5409
1,5410
4,5411
1,5412
15,5413
2,5414
14,5415
14,5416
1,5417
2,5418
2,5419
15,5420
15,5421
15,5422
10,5423
1,5424
4,5425
1,5426
2,5427
14,5428
10,5429
10,5430
2,5431
14,5432
15,5433
15,5434
4,5435
10,5436
14,5437
10,5438
15,5439
4,5440
4,5441
1,5442
15,5443
2,5444
14,5445
14,5446
1,5447
15,5448
10,5449
4,5450
2,5451
1,5452
10,5453
1,5454
1,5455
4,5456
15,5457
1,5458
14,5459
10,5460
14,5461
4,5462
2,5463
4,5464
15,5465
1,5466
15,5467
10,5468
10,5469
4,5470
15,5471
10,5472
4,5473
10,5474
2,5475
4,5476
1,5477
2,5478
2,5479
4,5480
2,5481
4,5482
15,5483
14,5484
14,5485
15,5486
1,5487
15,5488
10,5489
2,5490
10,5491
14,5492
14,5493
2,5494
1,5495
14,5496
2,5497
14,5498
10,5499
1,5500
10,5501
15,5502
10,5503
15,5504
14,5505
15,5506
4,5507
1,5508
4,5509
1,5510
2,5511
15,5512
15,5513
14,5514
15,5515
10,5516
10,5517
10,5518
2,5519
15,5520
1,5521
4,5522
14,5523
2,5524
14,5525
2,5526
2,5527
14,5528
10,5529
6,5530
5,5531
0,5532
0,5533
6,5534
6,5535
6,5536
6,5537
6,5538
5,5539
5,5540
5,5541
5,5542
0,5543
0,5544
5,5545
6,5546
5,5547
5,5548
6,5549
6,5550
6,5551
0,5552
9,5553
7,5554
11,5555
18,5556
18,5557
9,5558
18,5559
16,5560
9,5561
11,5562
7,5563
18,5564
9,5565
9,5566
9,5567
16,5568
16,5569
11,5570
16,5571
7,5572
18,5573
11,5574
11,5575
16,5576
9,5577
16,5578
11,5579
9,5580
7,5581
7,5582
9,5583
11,5584
9,5585
11,5586
7,5587
7,5588
16,5589
11,5590
11,5591
7,5592
11,5593
16,5594
18,5595
18,5596
11,5597
11,5598
7,5599
11,5600
18,5601
18,5602
11,5603
9,5604
11,5605
7,5606
16,5607
18,5608
7,5609
16,5610
18,5611
18,5612
16,5613
11,5614
18,5615
7,5616
18,5617
9,5618
7,5619
18,5620
9,5621
16,5622
18,5623
9,5624
11,5625
9,5626
16,5627
18,5628
11,5629
9,5630
7,5631
11,5632
7,5633
7,5634
11,5635
16,5636
11,5637
9,5638
18,5639
16,5640
11,5641
11,5642
18,5643
7,5644
9,5645
11,5646
16,5647
18,5648
11,5649
7,5650
9,5651
9,5652
16,5653
7,5654
16,5655
16,5656
16,5657
9,5658
7,5659
11,5660
16,5661
9,5662
18,5663
16,5664
16,5665
18,5666
17,5667
12,5668
13,5669
8,5670
12,5671
13,5672
13,5673
8,5674
12,5675
8,5676
8,5677
13,5678
12,5679
12,5680
13,5681
8,5682
12,5683
12,5684
12,5685
12,5686
13,5687
13,5688
13,5689
8,5690
13,5691
13,5692
12,5693
8,5694
8,5695
12,5696
13,5697
13,5698
13,5699
8,5700
13,5701
8,5702
13,5703
12,5704
13,5705
12,5706
8,5707
10,5708
10,5709
2,5710
14,5711
2,5712
14,5713
2,5714
4,5715
15,5716
2,5717
15,5718
2,5719
2,5720
14,5721
1,5722
4,5723
15,5724
15,5725
2,5726
4,5727
4,5728
1,5729
4,5730
10,5731
15,5732
10,5733
10,5734
1,5735
4,5736
10,5737
2,5738
1,5739
15,5740
4,5741
10,5742
14,5743
2,5744
1,5745
10,5746
1,5747
14,5748
1,5749
10,5750
2,5751
4,5752
4,5753
1,5754
10,5755
15,5756
2,5757
15,5758
1,5759
1,5760
15,5761
15,5762
15,5763
14,5764
15,5765
15,5766
14,5767
14,5768
4,5769
14,5770
15,5771
14,5772
14,5773
1,5774
4,5775
15,5776
14,5777
4,5778
15,5779
2,5780
4,5781
4,5782
4,5783
1,5784
14,5785
14,5786
15,5787
10,5788
2,5789
2,5790
15,5791
14,5792
15,5793
2,5794
10,5795
4,5796
1,5797
4,5798
10,5799
14,5800
2,5801
1,5802
10,5803
10,5804
1,5805
10,5806
2,5807
4,5808
15,5809
4,5810
1,5811
1,5812
1,5813
4,5814
10,5815
4,5816
2,5817
15,5818
2,5819
10,5820
15,5821
14,5822
1,5823
1,5824
2,5825
4,5826
4,5827
10,5828
4,5829
1,5830
4,5831
10,5832
10,5833
2,5834
2,5835
4,5836
14,5837
15,5838
15,5839
2,5840
10,5841
1,5842
2,5843
4,5844
14,5845
14,5846
2,5847
4,5848
14,5849
1,5850
2,5851
2,5852
10,5853
4,5854
14,5855
15,5856
2,5857
10,5858
4,5859
1,5860
4,5861
14,5862
15,5863
15,5864
2,5865
4,5866
2,5867
15,5868
1,5869
14,5870
14,5871
1,5872
15,5873
4,5874
14,5875
14,5876
14,5877
14,5878
15,5879
2,5880
14,5881
4,5882
10,5883
4,5884
14,5885
14,5886
4,5887
4,5888
2,5889
2,5890
2,5891
2,5892
14,5893
2,5894
14,5895
1,5896
10,5897
4,5898
15,5899
4,5900
4,5901
1,5902
2,5903
2,5904
14,5905
14,5906
1,5907
2,5908
15,5909
15,5910
2,5911
4,5912
15,5913
14,5914
4,5915
2,5916
10,5917
4,5918
4,5919
1,5920
14,5921
14,5922
1,5923
14,5924
15,5925
1,5926
1,5927
1,5928
15,5929
15,5930
15,5931
4,5932
1,5933
1,5934
14,5935
14,5936
15,5937
10,5938
15,5939
1,5940
10,5941
15,5942
10,5943
15,5944
15,5945
2,5946
15,5947
15,5948
10,5949
14,5950
15,5951
2,5952
14,5953
4,5954
14,5955
4,5956
1,5957
10,5958
4,5959
10,5960
15,5961
1,5962
2,5963
1,5964
4,5965
1,5966
14,5967
1,5968
2,5969
2,5970
15,5971
2,5972
2,5973
15,5974
14,5975
4,5976
4,5977
4,5978
4,5979
2,5980
4,5981
14,5982
4,5983
15,5984
14,5985
1,5986
14,5987
2,5988
15,5989
1,5990
15,5991
2,5992
14,5993
1,5994
10,5995
2,5996
2,5997
15,5998
2,5999
10,6000
15,6001
15,6002
10,6003
2,6004
4,6005
1,6006
1,6007
1,6008
2,6009
4,6010
1,6011
14,6012
14,6013
15,6014
14,6015
2,6016
4,6017
14,6018
15,6019
2,6020
4,6021
15,6022
15,6023
1,6024
15,6025
14,6026
15,6027
14,6028
14,6029
10,6030
1,6031
1,6032
14,6033
10,6034
2,6035
1,6036
15,6037
10,6038
4,6039
14,6040
10,6041
6,6042
5,6043
6,6044
6,6045
6,6046
6,6047
0,6048
5,6049
5,6050
0,6051
9,6052
7,6053
16,6054
16,6055
16,6056
16,6057
9,6058
7,6059
18,6060
16,6061
16,6062
16,6063
16,6064
11,6065
11,6066
18,6067
16,6068
9,6069
16,6070
16,6071
16,6072
16,6073
11,6074
18,6075
16,6076
18,6077
18,6078
16,6079
16,6080
18,6081
9,6082
18,6083
9,6084
18,6085
16,6086
7,6087
7,6088
16,6089
16,6090
16,6091
18,6092
11,6093
18,6094
11,6095
16,6096
18,6097
17,6098
12,6099
8,6100
12,6101
8,6102
12,6103
8,6104
10,6105
4,6106
15,6107
15,6108
4,6109
4,6110
15,6111
15,6112
14,6113
4,6114
10,6115
15,6116
10,6117
10,6118
10,6119
14,6120
1,6121
14,6122
15,6123
15,6124
14,6125
14,6126
4,6127
1,6128
15,6129
10,6130
10,6131
14,6132
15,6133
1,6134
4,6135
4,6136
2,6137
10,6138
14,6139
14,6140
4,6141
10,6142
15,6143
10,6144
2,6145
15,6146
10,6147
15,6148
1,6149
14,6150
1,6151
2,6152
14,6153
4,6154
10,6155
1,6156
10,6157
4,6158
15,6159
2,6160
14,6161
2,6162
15,6163
2,6164
10,6165
6,6166
0,6167
9,6168
16,6169
16,6170
16,6171
11,6172
11,6173
9,6174
18,6175
7,6176
16,6177
9,6178
18,6179
16,6180
7,6181
7,6182
11,6183
9,6184
7,6185
11,6186
7,6187
16,6188
18,6189
11,6190
9,6191
9,6192
11,6193
7,6194
18,6195
9,6196
7,6197
11,6198
18,6199
11,6200
11,6201
18,6202
16,6203
7,6204
7,6205
11,6206
11,6207
11,6208
11,6209
16,6210
18,6211
18,6212
7,6213
11,6214
18,6215
17,6216
3,6217
3,6218
17,6219
19,6220
3,6221
3,6222
17,6223
12,6224
8,6225
12,6226
8,6227
8,6228
10,6229
10,6230
10,6231
2,6232
14,6233
15,6234
2,6235
1,6236
15,6237
2,6238
15,6239
15,6240
4,6241
1,6242
1,6243
2,6244
10,6245
1,6246
2,6247
10,6248
4,6249
15,6250
10,6251
15,6252
4,6253
1,6254
15,6255
4,6256
10,6257
1,6258
4,6259
15,6260
14,6261
4,6262
10,6263
15,6264
2,6265
4,6266
1,6267
10,6268
15,6269
15,6270
14,6271
10,6272
15,6273
4,6274
10,6275
2,6276
4,6277
2,6278
4,6279
14,6280
15,6281
4,6282
1,6283
10,6284
15,6285
2,6286
10,6287
15,6288
15,6289
2,6290
15,6291
4,6292
14,6293
2,6294
4,6295
10,6296
2,6297
14,6298
10,6299
1,6300
4,6301
4,6302
10,6303
15,6304
10,6305
1,6306
4,6307
14,6308
15,6309
10,6310
10,6311
4,6312
4,6313
15,6314
10,6315
1,6316
2,6317
4,6318
4,6319
14,6320
10,6321
4,6322
10,6323
14,6324
1,6325
15,6326
14,6327
10,6328
10,6329
6,6330
5,6331
6,6332
5,6333
0,6334
5,6335
0,6336
5,6337
0,6338
6,6339
5,6340
0,6341
6,6342
0,6343
9,6344
11,6345
9,6346
18,6347
18,6348
16,6349
9,6350
9,6351
11,6352
7,6353
7,6354
7,6355
9,6356
18,6357
7,6358
7,6359
7,6360
9,6361
11,6362
18,6363
16,6364
11,6365
9,6366
16,6367
9,6368
9,6369
7,6370
9,6371
7,6372
16,6373
7,6374
9,6375
7,6376
11,6377
9,6378
7,6379
7,6380
9,6381
9,6382
18,6383
7,6384
11,6385
18,6386
16,6387
18,6388
9,6389
11,6390
18,6391
9,6392
7,6393
18,6394
17,6395
3,6396
17,6397
12,6398
12,6399
8,6400
12,6401
13,6402
12,6403
8,6404
13,6405
13,6406
12,6407
8,6408
10,6409
10,6410
6,6411
0,6412
9,6413
18,6414
9,6415
16,6416
16,6417
16,6418
18,6419
9,6420
16,6421
16,6422
16,6423
7,6424
9,6425
11,6426
7,6427
18,6428
11,6429
7,6430
11,6431
16,6432
16,6433
11,6434
16,6435
16,6436
7,6437
9,6438
16,6439
11,6440
16,6441
16,6442
16,6443
9,6444
18,6445
17,6446
19,6447
3,6448
3,6449
19,6450
19,6451
3,6452
3,6453
3,6454
17,6455
19,6456
17,6457
17,6458
19,6459
17,6460
3,6461
19,6462
3,6463
19,6464
19,6465
3,6466
3,6467
17,6468
19,6469
3,6470
19,6471
17,6472
12,6473
8,6474
10,6475
2,6476
15,6477
14,6478
4,6479
1,6480
10,6481
10,6482
14,6483
15,6484
10,6485
1,6486
1,6487
1,6488
2,6489
4,6490
2,6491
4,6492
10,6493
6,6494
5,6495
5,6496
5,6497
5,6498
6,6499
6,6500
6,6501
6,6502
5,6503
6,6504
0,6505
5,6506
5,6507
6,6508
5,6509
6,6510
6,6511
0,6512
0,6513
5,6514
0,6515
6,6516
5,6517
6,6518
5,6519
6,6520
6,6521
0,6522
0,6523
9,6524
7,6525
11,6526
11,6527
18,6528
9,6529
9,6530
9,6531
18,6532
17,6533
3,6534
3,6535
19,6536
17,6537
3,6538
3,6539
3,6540
17,6541
17,6542
3,6543
3,6544
3,6545
3,6546
19,6547
19,6548
3,6549
3,6550
19,6551
3,6552
3,6553
3,6554
17,6555
12,6556
12,6557
13,6558
8,6559
10,6560
15,6561
10,6562
2,6563
1,6564
1,6565
4,6566
1,6567
1,6568
2,6569
15,6570
14,6571
15,6572
14,6573
1,6574
4,6575
15,6576
4,6577
4,6578
2,6579
14,6580
2,6581
15,6582
1,6583
4,6584
2,6585
14,6586
1,6587
2,6588
1,6589
10,6590
1,6591
15,6592
1,6593
1,6594
1,6595
10,6596
2,6597
2,6598
2,6599
10,6600
4,6601
1,6602
2,6603
15,6604
10,6605
10,6606
10,6607
6,6608
5,6609
0,6610
9,6611
18,6612
18,6613
18,6614
16,6615
9,6616
11,6617
18,6618
11,6619
7,6620
16,6621
18,6622
9,6623
11,6624
9,6625
18,6626
16,6627
11,6628
16,6629
18,6630
18,6631
9,6632
16,6633
9,6634
18,6635
17,6636
12,6637
13,6638
12,6639
12,6640
13,6641
12,6642
8,6643
8,6644
8,6645
10,6646
1,6647
1,6648
4,6649
4,6650
1,6651
4,6652
1,6653
15,6654
2,6655
4,6656
1,6657
1,6658
4,6659
14,6660
15,6661
4,6662
14,6663
4,6664
15,6665
14,6666
4,6667
1,6668
15,6669
1,6670
2,6671
1,6672
4,6673
4,6674
1,6675
10,6676
1,6677
2,6678
2,6679
15,6680
2,6681
15,6682
10,6683
2,6684
2,6685
10,6686
1,6687
1,6688
15,6689
2,6690
4,6691
1,6692
15,6693
15,6694
4,6695
4,6696
14,6697
2,6698
10,6699
10,6700
10,6701
2,6702
4,6703
1,6704
4,6705
15,6706
2,6707
4,6708
1,6709
14,6710
14,6711
4,6712
4,6713
4,6714
10,6715
1,6716
14,6717
4,6718
14,6719
15,6720
10,6721
15,6722
4,6723
15,6724
15,6725
1,6726
2,6727
2,6728
10,6729
10,6730
14,6731
14,6732
2,6733
1,6734
4,6735
2,6736
4,6737
14,6738
4,6739
4,6740
1,6741
4,6742
15,6743
14,6744
2,6745
10,6746
14,6747
1,6748
4,6749
4,6750
15,6751
4,6752
10,6753
6,6754
5,6755
5,6756
0,6757
9,6758
18,6759
17,6760
17,6761
17,6762
19,6763
17,6764
12,6765
12,6766
12,6767
12,6768
13,6769
12,6770
12,6771
12,6772
8,6773
12,6774
12,6775
13,6776
13,6777
13,6778
12,6779
12,6780
13,6781
13,6782
8,6783
8,6784
8,6785
8,6786
13,6787
8,6788
13,6789
8,6790
8,6791
12,6792
12,6793
8,6794
8,6795
12,6796
12,6797
8,6798
10,6799
10,6800
15,6801
4,6802
10,6803
14,6804
15,6805
15,6806
2,6807
4,6808
14,6809
4,6810
14,6811
4,6812
4,6813
14,6814
1,6815
10,6816
4,6817
14,6818
15,6819
4,6820
15,6821
14,6822
2,6823
2,6824
2,6825
14,6826
15,6827
15,6828
1,6829
2,6830
2,6831
15,6832
10,6833
4,6834
14,6835
15,6836
15,6837
2,6838
2,6839
4,6840
1,6841
15,6842
10,6843
4,6844
2,6845
15,6846
15,6847
10,6848
1,6849
15,6850
4,6851
4,6852
1,6853
1,6854
10,6855
15,6856
14,6857
14,6858
15,6859
14,6860
1,6861
4,6862
2,6863
10,6864
14,6865
4,6866
10,6867
6,6868
0,6869
5,6870
5,6871
6,6872
0,6873
9,6874
11,6875
18,6876
9,6877
9,6878
18,6879
9,6880
16,6881
9,6882
18,6883
16,6884
9,6885
18,6886
9,6887
16,6888
18,6889
18,6890
9,6891
7,6892
11,6893
18,6894
7,6895
16,6896
9,6897
16,6898
16,6899
9,6900
11,6901
18,6902
17,6903
3,6904
19,6905
19,6906
19,6907
19,6908
19,6909
17,6910
3,6911
17,6912
12,6913
13,6914
13,6915
13,6916
12,6917
12,6918
12,6919
12,6920
8,6921
12,6922
8,6923
10,6924
2,6925
10,6926
6,6927
0,6928
6,6929
6,6930
6,6931
0,6932
9,6933
11,6934
9,6935
9,6936
9,6937
16,6938
9,6939
11,6940
16,6941
7,6942
7,6943
11,6944
11,6945
9,6946
9,6947
18,6948
9,6949
9,6950
18,6951
17,6952
3,6953
3,6954
3,6955
3,6956
3,6957
3,6958
19,6959
17,6960
12,6961
8,6962
10,6963
2,6964
10,6965
2,6966
2,6967
4,6968
2,6969
4,6970
15,6971
10,6972
6,6973
6,6974
6,6975
6,6976
5,6977
6,6978
0,6979
6,6980
6,6981
5,6982
6,6983
5,6984
5,6985
6,6986
5,6987
5,6988
6,6989
6,6990
0,6991
6,6992
6,6993
6,6994
0,6995
6,6996
0,6997
0,6998
6,6999
5,7000
0,7001
9,7002
11,7003
18,7004
9,7005
11,7006
18,7007
18,7008
11,7009
18,7010
7,7011
7,7012
9,7013
18,7014
18,7015
9,7016
9,7017
7,7018
18,7019
9,7020
11,7021
18,7022
11,7023
18,7024
7,7025
9,7026
11,7027
18,7028
9,7029
18,7030
9,7031
11,7032
16,7033
18,7034
9,7035
18,7036
18,7037
9,7038
11,7039
18,7040
7,7041
7,7042
9,7043
18,7044
11,7045
16,7046
18,7047
17,7048
12,7049
8,7050
13,7051
8,7052
8,7053
12,7054
13,7055
12,7056
8,7057
10,7058
14,7059
14,7060
14,7061
4,7062
15,7063
2,7064
15,7065
1,7066
15,7067
15,7068
10,7069
15,7070
2,7071
10,7072
1,7073
15,7074
10,7075
10,7076
15,7077
14,7078
2,7079
15,7080
1,7081
15,7082
15,7083
15,7084
1,7085
1,7086
15,7087
4,7088
10,7089
2,7090
15,7091
10,7092
6,7093
0,7094
9,7095
16,7096
11,7097
16,7098
7,7099
11,7100
7,7101
7,7102
9,7103
11,7104
7,7105
11,7106
18,7107
11,7108
7,7109
7,7110
18,7111
18,7112
18,7113
16,7114
16,7115
18,7116
18,7117
7,7118
18,7119
18,7120
16,7121
11,7122
9,7123
16,7124
11,7125
18,7126
17,7127
17,7128
17,7129
17,7130
19,7131
3,7132
3,7133
17,7134
12,7135
8,7136
13,7137
13,7138
13,7139
8,7140
12,7141
8,7142
13,7143
8,7144
12,7145
13,7146
8,7147
8,7148
12,7149
8,7150
10,7151
1,7152
2,7153
15,7154
14,7155
10,7156
4,7157
2,7158
10,7159
14,7160
15,7161
4,7162
4,7163
1,7164
1,7165
2,7166
15,7167
4,7168
4,7169
2,7170
4,7171
10,7172
4,7173
4,7174
14,7175
10,7176
14,7177
1,7178
14,7179
4,7180
14,7181
4,7182
15,7183
15,7184
1,7185
14,7186
2,7187
4,7188
4,7189
14,7190
4,7191
4,7192
4,7193
15,7194
15,7195
10,7196
15,7197
14,7198
4,7199
15,7200
10,7201
15,7202
1,7203
14,7204
14,7205
10,7206
2,7207
15,7208
1,7209
14,7210
1,7211
2,7212
2,7213
10,7214
4,7215
1,7216
14,7217
1,7218
1,7219
14,7220
1,7221
10,7222
15,7223
10,7224
10,7225
14,7226
14,7227
15,7228
4,7229
2,7230
2,7231
2,7232
2,7233
4,7234
4,7235
2,7236
10,7237
4,7238
10,7239
14,7240
2,7241
14,7242
15,7243
14,7244
14,7245
15,7246
4,7247
2,7248
10,7249
15,7250
15,7251
1,7252
2,7253
1,7254
1,7255
10,7256
4,7257
14,7258
15,7259
15,7260
15,7261
1,7262
10,7263
10,7264
6,7265
0,7266
5,7267
5,7268
5,7269
6,7270
0,7271
0,7272
9,7273
18,7274
18,7275
9,7276
11,7277
11,7278
7,7279
9,7280
16,7281
11,7282
11,7283
11,7284
7,7285
7,7286
11,7287
7,7288
9,7289
7,7290
11,7291
9,7292
18,7293
7,7294
7,7295
11,7296
18,7297
7,7298
7,7299
16,7300
9,7301
9,7302
16,7303
16,7304
16,7305
16,7306
16,7307
16,7308
16,7309
7,7310
7,7311
7,7312
16,7313
11,7314
18,7315
7,7316
18,7317
7,7318
7,7319
7,7320
9,7321
18,7322
16,7323
7,7324
7,7325
16,7326
7,7327
7,7328
18,7329
18,7330
16,7331
7,7332
16,7333
18,7334
17,7335
3,7336
19,7337
19,7338
3,7339
19,7340
17,7341
12,7342
8,7343
13,7344
12,7345
12,7346
12,7347
12,7348
12,7349
12,7350
8,7351
10,7352
1,7353
14,7354
4,7355
2,7356
15,7357
14,7358
1,7359
2,7360
1,7361
1,7362
15,7363
1,7364
14,7365
15,7366
15,7367
15,7368
14,7369
1,7370
10,7371
14,7372
2,7373
15,7374
15,7375
2,7376
15,7377
2,7378
10,7379
10,7380
6,7381
5,7382
5,7383
0,7384
0,7385
9,7386
9,7387
11,7388
9,7389
11,7390
9,7391
18,7392
18,7393
16,7394
18,7395
7,7396
7,7397
18,7398
7,7399
11,7400
9,7401
9,7402
7,7403
9,7404
11,7405
18,7406
11,7407
16,7408
9,7409
18,7410
18,7411
11,7412
11,7413
9,7414
16,7415
16,7416
11,7417
18,7418
16,7419
11,7420
7,7421
9,7422
9,7423
9,7424
16,7425
16,7426
11,7427
11,7428
16,7429
7,7430
18,7431
11,7432
7,7433
11,7434
9,7435
11,7436
18,7437
9,7438
18,7439
9,7440
11,7441
7,7442
18,7443
7,7444
11,7445
18,7446
7,7447
18,7448
9,7449
9,7450
11,7451
7,7452
11,7453
11,7454
7,7455
16,7456
11,7457
11,7458
11,7459
18,7460
9,7461
18,7462
17,7463
17,7464
12,7465
12,7466
13,7467
12,7468
12,7469
13,7470
8,7471
13,7472
12,7473
12,7474
8,7475
8,7476
10,7477
6,7478
6,7479
0,7480
9,7481
18,7482
18,7483
11,7484
16,7485
11,7486
11,7487
16,7488
18,7489
9,7490
9,7491
9,7492
11,7493
11,7494
18,7495
18,7496
18,7497
17,7498
19,7499
17,7500
12,7501
12,7502
13,7503
8,7504
12,7505
8,7506
13,7507
8,7508
13,7509
12,7510
13,7511
8,7512
12,7513
12,7514
12,7515
12,7516
12,7517
8,7518
8,7519
8,7520
12,7521
12,7522
13,7523
8,7524
13,7525
8,7526
13,7527
12,7528
13,7529
8,7530
13,7531
12,7532
8,7533
8,7534
8,7535
8,7536
8,7537
10,7538
1,7539
10,7540
4,7541
4,7542
14,7543
2,7544
1,7545
4,7546
10,7547
2,7548
4,7549
15,7550
4,7551
10,7552
2,7553
2,7554
15,7555
10,7556
2,7557
4,7558
15,7559
4,7560
2,7561
14,7562
4,7563
14,7564
15,7565
14,7566
14,7567
14,7568
15,7569
14,7570
10,7571
1,7572
14,7573
14,7574
1,7575
2,7576
4,7577
1,7578
1,7579
1,7580
10,7581
10,7582
6,7583
6,7584
0,7585
0,7586
6,7587
6,7588
6,7589
5,7590
5,7591
0,7592
0,7593
5,7594
0,7595
5,7596
6,7597
6,7598
0,7599
6,7600
6,7601
6,7602
5,7603
5,7604
5,7605
0,7606
0,7607
0,7608
0,7609
0,7610
0,7611
0,7612
5,7613
5,7614
0,7615
0,7616
9,7617
9,7618
16,7619
18,7620
16,7621
16,7622
11,7623
9,7624
7,7625
9,7626
18,7627
11,7628
18,7629
9,7630
16,7631
16,7632
11,7633
7,7634
7,7635
11,7636
7,7637
16,7638
11,7639
18,7640
7,7641
16,7642
7,7643
11,7644
7,7645
18,7646
17,7647
12,7648
8,7649
13,7650
12,7651
8,7652
10,7653
15,7654
4,7655
15,7656
10,7657
2,7658
15,7659
1,7660
4,7661
15,7662
14,7663
2,7664
14,7665
10,7666
15,7667
2,7668
4,7669
10,7670
2,7671
15,7672
15,7673
10,7674
15,7675
4,7676
10,7677
1,7678
14,7679
15,7680
15,7681
10,7682
15,7683
14,7684
10,7685
6,7686
0,7687
9,7688
7,7689
16,7690
11,7691
7,7692
11,7693
18,7694
9,7695
9,7696
11,7697
9,7698
7,7699
16,7700
9,7701
16,7702
7,7703
7,7704
16,7705
9,7706
16,7707
7,7708
7,7709
18,7710
7,7711
7,7712
11,7713
7,7714
16,7715
7,7716
16,7717
18,7718
9,7719
18,7720
16,7721
18,7722
18,7723
9,7724
18,7725
7,7726
16,7727
7,7728
9,7729
7,7730
9,7731
16,7732
18,7733
17,7734
12,7735
13,7736
13,7737
13,7738
13,7739
8,7740
12,7741
13,7742
8,7743
8,7744
13,7745
8,7746
10,7747
1,7748
1,7749
15,7750
2,7751
10,7752
14,7753
2,7754
10,7755
4,7756
10,7757
6,7758
0,7759
6,7760
5,7761
0,7762
5,7763
6,7764
0,7765
9,7766
11,7767
7,7768
9,7769
11,7770
9,7771
9,7772
7,7773
18,7774
11,7775
18,7776
7,7777
9,7778
11,7779
9,7780
16,7781
18,7782
17,7783
19,7784
3,7785
3,7786
17,7787
17,7788
19,7789
19,7790
3,7791
17,7792
19,7793
3,7794
3,7795
19,7796
3,7797
19,7798
19,7799
17,7800
3,7801
17,7802
19,7803
3,7804
3,7805
19,7806
19,7807
17,7808
17,7809
19,7810
17,7811
19,7812
3,7813
19,7814
3,7815
3,7816
17,7817
12,7818
12,7819
8,7820
8,7821
12,7822
12,7823
13,7824
8,7825
10,7826
15,7827
2,7828
14,7829
10,7830
1,7831
14,7832
15,7833
2,7834
2,7835
2,7836
14,7837
2,7838
10,7839
10,7840
15,7841
1,7842
1,7843
10,7844
15,7845
2,7846
14,7847
15,7848
1,7849
2,7850
10,7851
6,7852
0,7853
0,7854
9,7855
11,7856
9,7857
18,7858
17,7859
3,7860
19,7861
3,7862
3,7863
19,7864
19,7865
3,7866
3,7867
3,7868
19,7869
17,7870
12,7871
13,7872
12,7873
12,7874
13,7875
13,7876
8,7877
12,7878
13,7879
12,7880
12,7881
13,7882
8,7883
13,7884
8,7885
10,7886
15,7887
14,7888
15,7889
1,7890
15,7891
4,7892
15,7893
15,7894
14,7895
4,7896
15,7897
14,7898
4,7899
4,7900
15,7901
1,7902
2,7903
15,7904
14,7905
15,7906
4,7907
14,7908
4,7909
15,7910
4,7911
2,7912
10,7913
10,7914
1,7915
1,7916
14,7917
14,7918
2,7919
15,7920
10,7921
6,7922
0,7923
6,7924
6,7925
6,7926
5,7927
0,7928
9,7929
16,7930
7,7931
16,7932
16,7933
18,7934
18,7935
16,7936
18,7937
16,7938
11,7939
11,7940
7,7941
18,7942
7,7943
11,7944
18,7945
9,7946
9,7947
11,7948
16,7949
16,7950
16,7951
9,7952
9,7953
7,7954
11,7955
18,7956
11,7957
18,7958
11,7959
16,7960
9,7961
18,7962
17,7963
12,7964
8,7965
10,7966
2,7967
4,7968
1,7969
2,7970
1,7971
4,7972
2,7973
1,7974
14,7975
4,7976
1,7977
2,7978
10,7979
10,7980
4,7981
2,7982
14,7983
2,7984
15,7985
1,7986
4,7987
2,7988
14,7989
2,7990
2,7991
4,7992
4,7993
15,7994
10,7995
4,7996
2,7997
14,7998
15,7999
4,8000
1,8001
14,8002
4,8003
1,8004
1,8005
4,8006
2,8007
15,8008
1,8009
1,8010
10,8011
1,8012
1,8013
4,8014
10,8015
14,8016
10,8017
2,8018
15,8019
15,8020
2,8021
2,8022
14,8023
4,8024
15,8025
10,8026
10,8027
1,8028
14,8029
15,8030
14,8031
1,8032
15,8033
10,8034
2,8035
4,8036
2,8037
4,8038
10,8039
10,8040
10,8041
1,8042
1,8043
2,8044
1,8045
15,8046
15,8047
4,8048
4,8049
14,8050
10,8051
14,8052
15,8053
4,8054
10,8055
10,8056
10,8057
6,8058
0,8059
9,8060
18,8061
16,8062
7,8063
7,8064
16,8065
7,8066
11,8067
9,8068
11,8069
16,8070
7,8071
9,8072
7,8073
9,8074
11,8075
7,8076
16,8077
18,8078
16,8079
16,8080
11,8081
7,8082
11,8083
9,8084
18,8085
7,8086
16,8087
7,8088
16,8089
16,8090
16,8091
9,8092
18,8093
7,8094
16,8095
11,8096
11,8097
18,8098
18,8099
18,8100
11,8101
18,8102
16,8103
18,8104
17,8105
19,8106
17,8107
17,8108
3,8109
17,8110
3,8111
19,8112
3,8113
3,8114
3,8115
17,8116
12,8117
8,8118
8,8119
12,8120
12,8121
8,8122
13,8123
8,8124
13,8125
8,8126
8,8127
8,8128
12,8129
13,8130
12,8131
13,8132
8,8133
10,8134
6,8135
0,8136
9,8137
9,8138
18,8139
16,8140
18,8141
18,8142
7,8143
11,8144
16,8145
11,8146
11,8147
7,8148
11,8149
9,8150
11,8151
18,8152
9,8153
7,8154
7,8155
11,8156
11,8157
9,8158
9,8159
7,8160
18,8161
16,8162
11,8163
9,8164
16,8165
16,8166
7,8167
11,8168
9,8169
11,8170
16,8171
18,8172
9,8173
11,8174
11,8175
11,8176
16,8177
9,8178
18,8179
11,8180
9,8181
9,8182
16,8183
7,8184
18,8185
17,8186
19,8187
17,8188
12,8189
13,8190
13,8191
12,8192
12,8193
8,8194
8,8195
12,8196
8,8197
12,8198
13,8199
8,8200
13,8201
13,8202
8,8203
10,8204
4,8205
2,8206
14,8207
10,8208
1,8209
4,8210
14,8211
10,8212
14,8213
2,8214
4,8215
1,8216
14,8217
4,8218
15,8219
14,8220
10,8221
2,8222
2,8223
2,8224
15,8225
10,8226
1,8227
4,8228
14,8229
15,8230
15,8231
4,8232
10,8233
4,8234
15,8235
4,8236
2,8237
14,8238
2,8239
4,8240
2,8241
4,8242
1,8243
2,8244
4,8245
15,8246
15,8247
10,8248
1,8249
14,8250
4,8251
2,8252
15,8253
1,8254
15,8255
15,8256
14,8257
1,8258
2,8259
10,8260
2,8261
1,8262
1,8263
10,8264
2,8265
2,8266
2,8267
2,8268
10,8269
2,8270
15,8271
4,8272
10,8273
4,8274
4,8275
15,8276
14,8277
14,8278
14,8279
14,8280
1,8281
14,8282
14,8283
15,8284
14,8285
15,8286
10,8287
15,8288
4,8289
14,8290
1,8291
1,8292
2,8293
15,8294
4,8295
1,8296
4,8297
4,8298
14,8299
2,8300
2,8301
1,8302
4,8303
2,8304
1,8305
15,8306
14,8307
2,8308
2,8309
2,8310
1,8311
2,8312
15,8313
2,8314
1,8315
14,8316
2,8317
2,8318
2,8319
2,8320
1,8321
1,8322
4,8323
15,8324
1,8325
1,8326
10,8327
2,8328
10,8329
14,8330
1,8331
4,8332
10,8333
10,8334
6,8335
0,8336
0,8337
5,8338
0,8339
5,8340
0,8341
5,8342
6,8343
0,8344
5,8345
5,8346
6,8347
0,8348
6,8349
5,8350
5,8351
5,8352
0,8353
0,8354
6,8355
0,8356
6,8357
6,8358
5,8359
5,8360
6,8361
6,8362
5,8363
5,8364
6,8365
0,8366
5,8367
6,8368
5,8369
0,8370
5,8371
6,8372
6,8373
6,8374
6,8375
5,8376
5,8377
6,8378
0,8379
6,8380
5,8381
5,8382
6,8383
0,8384
5,8385
6,8386
0,8387
9,8388
7,8389
11,8390
16,8391
9,8392
16,8393
16,8394
11,8395
7,8396
18,8397
7,8398
18,8399
18,8400
11,8401
7,8402
11,8403
11,8404
16,8405
16,8406
7,8407
11,8408
18,8409
17,8410
3,8411
17,8412
12,8413
13,8414
13,8415
8,8416
8,8417
10,8418
14,8419
4,8420
1,8421
4,8422
1,8423
10,8424
4,8425
10,8426
10,8427
10,8428
14,8429
15,8430
15,8431
14,8432
2,8433
1,8434
4,8435
10,8436
14,8437
2,8438
4,8439
14,8440
15,8441
4,8442
14,8443
15,8444
10,8445
2,8446
14,8447
1,8448
1,8449
2,8450
2,8451
2,8452
14,8453
10,8454
14,8455
10,8456
1,8457
4,8458
1,8459
10,8460
4,8461
10,8462
15,8463
14,8464
14,8465
15,8466
15,8467
2,8468
2,8469
1,8470
2,8471
14,8472
14,8473
1,8474
10,8475
4,8476
1,8477
2,8478
14,8479
14,8480
10,8481
2,8482
4,8483
4,8484
2,8485
2,8486
2,8487
14,8488
10,8489
15,8490
10,8491
14,8492
1,8493
15,8494
2,8495
2,8496
4,8497
4,8498
15,8499
14,8500
1,8501
14,8502
14,8503
15,8504
2,8505
15,8506
10,8507
15,8508
2,8509
1,8510
10,8511
6,8512
6,8513
6,8514
6,8515
5,8516
0,8517
9,8518
18,8519
16,8520
18,8521
18,8522
18,8523
16,8524
9,8525
18,8526
9,8527
7,8528
16,8529
18,8530
7,8531
16,8532
16,8533
16,8534
11,8535
16,8536
9,8537
18,8538
9,8539
9,8540
11,8541
18,8542
11,8543
9,8544
7,8545
16,8546
9,8547
9,8548
16,8549
9,8550
7,8551
11,8552
9,8553
9,8554
18,8555
11,8556
9,8557
9,8558
18,8559
18,8560
18,8561
9,8562
18,8563
18,8564
11,8565
7,8566
11,8567
11,8568
18,8569
16,8570
18,8571
9,8572
18,8573
9,8574
18,8575
16,8576
18,8577
9,8578
16,8579
18,8580
18,8581
7,8582
18,8583
18,8584
7,8585
7,8586
16,8587
9,8588
16,8589
18,8590
16,8591
7,8592
7,8593
18,8594
7,8595
9,8596
9,8597
11,8598
18,8599
7,8600
11,8601
18,8602
7,8603
11,8604
16,8605
16,8606
11,8607
9,8608
16,8609
16,8610
16,8611
16,8612
7,8613
16,8614
18,8615
7,8616
11,8617
16,8618
16,8619
11,8620
9,8621
18,8622
16,8623
11,8624
7,8625
18,8626
17,8627
19,8628
19,8629
3,8630
17,8631
3,8632
19,8633
19,8634
3,8635
17,8636
19,8637
17,8638
19,8639
19,8640
3,8641
19,8642
3,8643
19,8644
17,8645
3,8646
19,8647
17,8648
12,8649
13,8650
8,8651
13,8652
8,8653
10,8654
15,8655
1,8656
2,8657
10,8658
2,8659
14,8660
15,8661
1,8662
10,8663
2,8664
15,8665
14,8666
15,8667
1,8668
15,8669
14,8670
14,8671
14,8672
2,8673
4,8674
10,8675
2,8676
2,8677
4,8678
15,8679
15,8680
2,8681
15,8682
14,8683
4,8684
10,8685
1,8686
10,8687
1,8688
4,8689
15,8690
15,8691
1,8692
10,8693
15,8694
1,8695
10,8696
15,8697
4,8698
2,8699
10,8700
6,8701
5,8702
6,8703
5,8704
6,8705
5,8706
0,8707
9,8708
18,8709
9,8710
11,8711
7,8712
7,8713
7,8714
7,8715
11,8716
9,8717
18,8718
11,8719
9,8720
18,8721
16,8722
9,8723
18,8724
16,8725
11,8726
9,8727
18,8728
9,8729
7,8730
16,8731
16,8732
9,8733
18,8734
16,8735
18,8736
17,8737
19,8738
19,8739
17,8740
12,8741
12,8742
8,8743
12,8744
13,8745
12,8746
12,8747
12,8748
8,8749
13,8750
13,8751
13,8752
8,8753
12,8754
12,8755
8,8756
8,8757
10,8758
14,8759
10,8760
2,8761
15,8762
4,8763
14,8764
14,8765
15,8766
14,8767
14,8768
15,8769
4,8770
14,8771
14,8772
2,8773
2,8774
15,8775
10,8776
15,8777
1,8778
1,8779
15,8780
1,8781
1,8782
4,8783
2,8784
15,8785
2,8786
15,8787
14,8788
15,8789
10,8790
1,8791
1,8792
2,8793
15,8794
4,8795
4,8796
1,8797
1,8798
14,8799
10,8800
15,8801
10,8802
6,8803
5,8804
6,8805
6,8806
0,8807
6,8808
6,8809
5,8810
0,8811
5,8812
6,8813
5,8814
5,8815
5,8816
5,8817
5,8818
5,8819
6,8820
5,8821
5,8822
0,8823
0,8824
6,8825
5,8826
6,8827
5,8828
0,8829
6,8830
5,8831
6,8832
5,8833
5,8834
0,8835
5,8836
5,8837
6,8838
0,8839
5,8840
5,8841
5,8842
6,8843
0,8844
6,8845
0,8846
6,8847
5,8848
0,8849
6,8850
0,8851
0,8852
0,8853
6,8854
5,8855
6,8856
5,8857
5,8858
0,8859
0,8860
0,8861
0,8862
6,8863
6,8864
6,8865
5,8866
5,8867
6,8868
6,8869
6,8870
6,8871
0,8872
9,8873
11,8874
11,8875
18,8876
17,8877
3,8878
17,8879
19,8880
3,8881
3,8882
19,8883
17,8884
19,8885
3,8886
17,8887
17,8888
17,8889
17,8890
12,8891
8,8892
12,8893
8,8894
10,8895
10,8896
2,8897
14,8898
14,8899
15,8900
1,8901
10,8902
1,8903
15,8904
1,8905
14,8906
2,8907
1,8908
1,8909
4,8910
15,8911
10,8912
10,8913
4,8914
1,8915
15,8916
4,8917
15,8918
14,8919
14,8920
4,8921
2,8922
14,8923
10,8924
14,8925
4,8926
10,8927
4,8928
4,8929
14,8930
2,8931
1,8932
15,8933
4,8934
2,8935
4,8936
1,8937
1,8938
1,8939
1,8940
14,8941
15,8942
14,8943
15,8944
10,8945
6,8946
0,8947
5,8948
5,8949
6,8950
6,8951
5,8952
5,8953
6,8954
5,8955
0,8956
0,8957
6,8958
6,8959
5,8960
0,8961
6,8962
0,8963
0,8964
9,8965
16,8966
16,8967
9,8968
9,8969
11,8970
16,8971
7,8972
7,8973
16,8974
16,8975
16,8976
7,8977
7,8978
18,8979
9,8980
9,8981
9,8982
9,8983
9,8984
16,8985
18,8986
7,8987
9,8988
18,8989
16,8990
7,8991
9,8992
7,8993
11,8994
18,8995
7,8996
7,8997
16,8998
16,8999
18,9000
11,9001
18,9002
16,9003
16,9004
16,9005
18,9006
16,9007
16,9008
18,9009
9,9010
18,9011
7,9012
11,9013
9,9014
18,9015
18,9016
11,9017
7,9018
9,9019
9,9020
9,9021
18,9022
16,9023
7,9024
7,9025
7,9026
11,9027
7,9028
11,9029
7,9030
16,9031
9,9032
18,9033
17,9034
17,9035
3,9036
19,9037
3,9038
17,9039
12,9040
12,9041
12,9042
12,9043
8,9044
10,9045
6,9046
0,9047
5,9048
0,9049
5,9050
6,9051
5,9052
6,9053
0,9054
9,9055
9,9056
11,9057
18,9058
9,9059
9,9060
18,9061
16,9062
18,9063
18,9064
16,9065
18,9066
7,9067
16,9068
18,9069
11,9070
16,9071
18,9072
17,9073
19,9074
17,9075
3,9076
19,9077
17,9078
12,9079
8,9080
10,9081
1,9082
1,9083
10,9084
1,9085
14,9086
15,9087
2,9088
14,9089
15,9090
4,9091
2,9092
1,9093
1,9094
10,9095
6,9096
5,9097
6,9098
5,9099
6,9100
0,9101
9,9102
9,9103
18,9104
11,9105
16,9106
9,9107
11,9108
16,9109
18,9110
9,9111
7,9112
18,9113
16,9114
9,9115
9,9116
7,9117
7,9118
18,9119
9,9120
7,9121
11,9122
11,9123
11,9124
7,9125
18,9126
18,9127
16,9128
18,9129
16,9130
11,9131
18,9132
18,9133
16,9134
7,9135
18,9136
7,9137
18,9138
7,9139
11,9140
16,9141
11,9142
7,9143
7,9144
9,9145
11,9146
16,9147
7,9148
11,9149
7,9150
9,9151
9,9152
9,9153
9,9154
16,9155
18,9156
17,9157
3,9158
19,9159
19,9160
3,9161
3,9162
17,9163
19,9164
17,9165
17,9166
12,9167
8,9168
13,9169
13,9170
12,9171
8,9172
10,9173
10,9174
6,9175
6,9176
6,9177
6,9178
0,9179
5,9180
5,9181
6,9182
5,9183
5,9184
5,9185
5,9186
5,9187
5,9188
5,9189
6,9190
0,9191
9,9192
7,9193
9,9194
9,9195
18,9196
16,9197
7,9198
9,9199
11,9200
11,9201
16,9202
9,9203
18,9204
9,9205
16,9206
11,9207
9,9208
16,9209
11,9210
7,9211
9,9212
9,9213
16,9214
16,9215
11,9216
18,9217
11,9218
16,9219
11,9220
16,9221
18,9222
16,9223
16,9224
11,9225
9,9226
9,9227
11,9228
18,9229
17,9230
12,9231
8,9232
10,9233
14,9234
1,9235
15,9236
15,9237
15,9238
14,9239
15,9240
14,9241
1,9242
14,9243
14,9244
4,9245
15,9246
15,9247
15,9248
10,9249
1,9250
1,9251
15,9252
2,9253
1,9254
1,9255
14,9256
10,9257
6,9258
0,9259
6,9260
6,9261
0,9262
6,9263
6,9264
6,9265
5,9266
6,9267
5,9268
0,9269
6,9270
0,9271
0,9272
5,9273
0,9274
0,9275
6,9276
6,9277
5,9278
6,9279
6,9280
0,9281
6,9282
5,9283
6,9284
0,9285
0,9286
5,9287
0,9288
5,9289
5,9290
0,9291
0,9292
5,9293
5,9294
5,9295
5,9296
0,9297
6,9298
5,9299
0,9300
0,9301
9,9302
9,9303
9,9304
9,9305
18,9306
18,9307
16,9308
7,9309
11,9310
18,9311
9,9312
9,9313
7,9314
9,9315
9,9316
18,9317
18,9318
18,9319
18,9320
11,9321
16,9322
7,9323
18,9324
11,9325
11,9326
16,9327
9,9328
18,9329
18,9330
11,9331
18,9332
16,9333
11,9334
7,9335
18,9336
16,9337
11,9338
7,9339
9,9340
18,9341
7,9342
9,9343
18,9344
11,9345
18,9346
7,9347
18,9348
9,9349
11,9350
18,9351
11,9352
16,9353
16,9354
7,9355
9,9356
9,9357
9,9358
11,9359
18,9360
7,9361
18,9362
9,9363
11,9364
9,9365
18,9366
17,9367
17,9368
17,9369
17,9370
19,9371
3,9372
3,9373
19,9374
3,9375
19,9376
19,9377
3,9378
19,9379
17,9380
19,9381
17,9382
19,9383
3,9384
19,9385
3,9386
3,9387
17,9388
3,9389
3,9390
19,9391
19,9392
17,9393
12,9394
12,9395
12,9396
8,9397
12,9398
8,9399
13,9400
8,9401
8,9402
12,9403
12,9404
13,9405
12,9406
12,9407
8,9408
8,9409
12,9410
12,9411
13,9412
12,9413
8,9414
12,9415
8,9416
12,9417
12,9418
13,9419
8,9420
12,9421
12,9422
13,9423
8,9424
13,9425
12,9426
12,9427
12,9428
8,9429
13,9430
8,9431
12,9432
8,9433
12,9434
8,9435
8,9436
10,9437
4,9438
10,9439
10,9440
14,9441
14,9442
15,9443
14,9444
15,9445
14,9446
4,9447
1,9448
14,9449
2,9450
4,9451
14,9452
14,9453
15,9454
14,9455
10,9456
4,9457
14,9458
10,9459
2,9460
1,9461
1,9462
4,9463
14,9464
4,9465
10,9466
4,9467
15,9468
2,9469
14,9470
10,9471
10,9472
15,9473
2,9474
2,9475
15,9476
15,9477
1,9478
4,9479
10,9480
6,9481
5,9482
0,9483
0,9484
9,9485
16,9486
18,9487
11,9488
9,9489
18,9490
17,9491
3,9492
19,9493
17,9494
19,9495
3,9496
19,9497
3,9498
19,9499
19,9500
19,9501
19,9502
3,9503
3,9504
19,9505
3,9506
19,9507
17,9508
3,9509
19,9510
17,9511
17,9512
3,9513
17,9514
3,9515
17,9516
3,9517
19,9518
3,9519
19,9520
19,9521
17,9522
17,9523
17,9524
19,9525
17,9526
12,9527
8,9528
10,9529
2,9530
14,9531
2,9532
4,9533
4,9534
4,9535
1,9536
4,9537
10,9538
4,9539
14,9540
15,9541
4,9542
10,9543
2,9544
1,9545
4,9546
1,9547
10,9548
14,9549
2,9550
14,9551
10,9552
14,9553
1,9554
10,9555
10,9556
10,9557
6,9558
0,9559
5,9560
6,9561
5,9562
6,9563
5,9564
5,9565
5,9566
5,9567
5,9568
6,9569
5,9570
5,9571
0,9572
6,9573
0,9574
0,9575
0,9576
9,9577
16,9578
16,9579
16,9580
7,9581
16,9582
18,9583
9,9584
7,9585
9,9586
18,9587
16,9588
11,9589
16,9590
16,9591
7,9592
7,9593
9,9594
16,9595
18,9596
7,9597
9,9598
9,9599
11,9600
16,9601
11,9602
11,9603
16,9604
11,9605
18,9606
9,9607
16,9608
7,9609
16,9610
7,9611
16,9612
18,9613
18,9614
7,9615
11,9616
9,9617
18,9618
17,9619
17,9620
3,9621
19,9622
3,9623
19,9624
19,9625
19,9626
19,9627
3,9628
17,9629
3,9630
19,9631
3,9632
3,9633
19,9634
19,9635
19,9636
19,9637
19,9638
19,9639
19,9640
3,9641
19,9642
17,9643
19,9644
17,9645
19,9646
17,9647
19,9648
3,9649
19,9650
17,9651
17,9652
3,9653
19,9654
17,9655
12,9656
13,9657
13,9658
8,9659
12,9660
8,9661
13,9662
8,9663
10,9664
15,9665
1,9666
4,9667
10,9668
10,9669
4,9670
15,9671
4,9672
2,9673
2,9674
14,9675
2,9676
4,9677
4,9678
14,9679
10,9680
14,9681
4,9682
10,9683
10,9684
14,9685
4,9686
1,9687
10,9688
15,9689
1,9690
10,9691
15,9692
15,9693
1,9694
1,9695
14,9696
15,9697
15,9698
14,9699
15,9700
1,9701
10,9702
15,9703
15,9704
14,9705
4,9706
2,9707
15,9708
10,9709
1,9710
4,9711
1,9712
2,9713
14,9714
15,9715
2,9716
4,9717
14,9718
10,9719
10,9720
2,9721
10,9722
15,9723
10,9724
15,9725
15,9726
2,9727
10,9728
1,9729
1,9730
15,9731
2,9732
2,9733
1,9734
4,9735
2,9736
4,9737
10,9738
2,9739
14,9740
1,9741
15,9742
1,9743
2,9744
10,9745
1,9746
4,9747
2,9748
10,9749
10,9750
10,9751
15,9752
1,9753
14,9754
1,9755
14,9756
15,9757
2,9758
14,9759
4,9760
14,9761
14,9762
10,9763
4,9764
1,9765
1,9766
1,9767
2,9768
4,9769
2,9770
10,9771
2,9772
2,9773
15,9774
2,9775
10,9776
1,9777
2,9778
10,9779
10,9780
1,9781
4,9782
10,9783
4,9784
14,9785
1,9786
2,9787
4,9788
2,9789
4,9790
14,9791
10,9792
15,9793
10,9794
2,9795
2,9796
14,9797
10,9798
14,9799
2,9800
14,9801
14,9802
2,9803
1,9804
2,9805
14,9806
15,9807
1,9808
10,9809
4,9810
4,9811
1,9812
15,9813
2,9814
1,9815
10,9816
1,9817
14,9818
14,9819
4,9820
14,9821
4,9822
1,9823
14,9824
1,9825
4,9826
14,9827
15,9828
1,9829
10,9830
10,9831
1,9832
1,9833
10,9834
4,9835
4,9836
15,9837
14,9838
15,9839
1,9840
2,9841
15,9842
14,9843
2,9844
2,9845
4,9846
2,9847
1,9848
4,9849
10,9850
4,9851
15,9852
15,9853
2,9854
1,9855
14,9856
10,9857
1,9858
15,9859
10,9860
4,9861
15,9862
15,9863
10,9864
4,9865
4,9866
14,9867
2,9868
2,9869
2,9870
15,9871
10,9872
15,9873
4,9874
4,9875
2,9876
2,9877
10,9878
1,9879
2,9880
1,9881
1,9882
10,9883
4,9884
15,9885
10,9886
10,9887
10,9888
2,9889
10,9890
2,9891
2,9892
4,9893
10,9894
1,9895
10,9896
10,9897
10,9898
2,9899
10,9900
10,9901
2,9902
15,9903
14,9904
10,9905
14,9906
4,9907
4,9908
15,9909
2,9910
4,9911
2,9912
14,9913
10,9914
2,9915
15,9916
10,9917
2,9918
4,9919
1,9920
14,9921
15,9922
15,9923
14,9924
4,9925
1,9926
15,9927
1,9928
14,9929
1,9930
1,9931
4,9932
10,9933
1,9934
10,9935
1,9936
1,9937
15,9938
2,9939
1,9940
14,9941
2,9942
10,9943
6,9944
6,9945
0,9946
5,9947
0,9948
5,9949
0,9950
0,9951
9,9952
11,9953
18,9954
9,9955
7,9956
9,9957
7,9958
18,9959
16,9960
11,9961
7,9962
9,9963
11,9964
16,9965
16,9966
9,9967
11,9968
7,9969
9,9970
18,9971
18,9972
17,9973
3,9974
3,9975
3,9976
19,9977
17,9978
12,9979
8,9980
12,9981
8,9982
13,9983
13,9984
12,9985
12,9986
12,9987
13,9988
12,9989
13,9990
12,9991
8,9992
13,9993
8,9994
8,9995
13,9996
12,9997
13,9998
12,9999
