20,0
22,1
11,2
11,3
28,4
43,5
34,6
34,7
15,8
16,9
15,10
28,11
1,12
34,13
28,14
45,15
15,16
15,17
1,18
49,19
5,20
49,21
40,22
40,23
4,24
42,25
42,26
40,27
42,28
31,29
25,30
10,31
6,32
6,33
10,34
25,35
25,36
6,37
36,38
23,39
38,40
23,41
8,42
24,43
0,44
39,45
29,46
9,47
9,48
39,49
0,50
24,51
37,52
37,53
21,54
23,55
23,56
0,57
24,58
9,59
8,60
24,61
38,62
29,63
21,64
38,65
23,66
29,67
0,68
37,69
29,70
21,71
37,72
37,73
8,74
23,75
29,76
37,77
24,78
29,79
38,80
29,81
8,82
29,83
8,84
23,85
0,86
38,87
23,88
38,89
38,90
38,91
9,92
39,93
0,94
39,95
23,96
0,97
21,98
24,99
21,100
24,101
0,102
8,103
8,104
9,105
0,106
38,107
37,108
21,109
8,110
21,111
39,112
21,113
23,114
23,115
21,116
0,117
38,118
24,119
8,120
29,121
21,122
24,123
9,124
21,125
24,126
0,127
38,128
37,129
21,130
21,131
38,132
29,133
39,134
9,135
38,136
24,137
24,138
8,139
21,140
38,141
37,142
24,143
24,144
21,145
38,146
23,147
21,148
8,149
0,150
39,151
29,152
23,153
37,154
24,155
21,156
0,157
9,158
8,159
9,160
29,161
39,162
21,163
8,164
9,165
8,166
8,167
23,168
9,169
8,170
29,171
38,172
39,173
37,174
29,175
21,176
29,177
9,178
39,179
23,180
23,181
37,182
21,183
37,184
24,185
29,186
39,187
29,188
23,189
29,190
37,191
23,192
9,193
29,194
0,195
38,196
21,197
38,198
21,199
39,200
9,201
24,202
29,203
39,204
29,205
9,206
38,207
23,208
9,209
9,210
38,211
37,212
38,213
23,214
0,215
8,216
29,217
23,218
24,219
0,220
29,221
29,222
24,223
0,224
9,225
37,226
23,227
38,228
29,229
21,230
8,231
29,232
24,233
37,234
29,235
0,236
23,237
23,238
24,239
21,240
23,241
8,242
29,243
21,244
29,245
8,246
23,247
37,248
8,249
37,250
0,251
29,252
9,253
37,254
37,255
39,256
9,257
39,258
29,259
24,260
39,261
37,262
8,263
38,264
37,265
38,266
24,267
0,268
9,269
29,270
9,271
29,272
37,273
21,274
0,275
23,276
21,277
0,278
24,279
38,280
9,281
0,282
21,283
21,284
38,285
39,286
21,287
23,288
29,289
0,290
37,291
9,292
37,293
0,294
0,295
8,296
0,297
24,298
29,299
38,300
37,301
21,302
37,303
29,304
38,305
38,306
0,307
38,308
29,309
29,310
37,311
39,312
38,313
8,314
9,315
0,316
21,317
21,318
39,319
39,320
21,321
41,322
47,323
47,324
41,325
13,326
41,327
41,328
47,329
47,330
17,331
41,332
47,333
41,334
17,335
17,336
18,337
14,338
18,339
14,340
7,341
33,342
33,343
33,344
14,345
7,346
35,347
35,348
12,349
12,350
35,351
35,352
19,353
35,354
3,355
35,356
12,357
12,358
19,359
27,360
19,361
3,362
19,363
12,364
35,365
35,366
19,367
19,368
27,369
12,370
35,371
19,372
3,373
3,374
27,375
12,376
3,377
12,378
3,379
3,380
19,381
12,382
27,383
12,384
3,385
19,386
27,387
12,388
19,389
35,390
35,391
35,392
12,393
35,394
3,395
12,396
35,397
12,398
3,399
19,400
35,401
35,402
3,403
3,404
27,405
19,406
12,407
19,408
19,409
35,410
3,411
35,412
27,413
19,414
19,415
35,416
35,417
12,418
35,419
27,420
19,421
19,422
3,423
27,424
2,425
44,426
22,427
11,428
28,429
1,430
34,431
45,432
45,433
28,434
45,435
43,436
16,437
45,438
45,439
28,440
28,441
1,442
1,443
43,444
28,445
1,446
16,447
34,448
15,449
43,450
28,451
1,452
1,453
1,454
15,455
43,456
28,457
34,458
34,459
34,460
34,461
15,462
34,463
43,464
28,465
28,466
34,467
34,468
15,469
43,470
45,471
16,472
43,473
43,474
16,475
28,476
34,477
45,478
43,479
43,480
16,481
28,482
45,483
1,484
15,485
1,486
43,487
16,488
34,489
16,490
28,491
15,492
34,493
1,494
1,495
15,496
1,497
45,498
15,499
43,500
28,501
43,502
15,503
28,504
15,505
43,506
16,507
28,508
15,509
34,510
45,511
28,512
43,513
1,514
43,515
34,516
28,517
16,518
1,519
43,520
15,521
28,522
43,523
34,524
43,525
16,526
43,527
45,528
45,529
1,530
15,531
16,532
43,533
43,534
45,535
16,536
28,537
15,538
28,539
43,540
1,541
34,542
45,543
16,544
15,545
43,546
43,547
34,548
43,549
1,550
45,551
16,552
15,553
45,554
15,555
1,556
45,557
34,558
15,559
16,560
1,561
16,562
1,563
28,564
34,565
34,566
28,567
16,568
43,569
43,570
15,571
28,572
45,573
28,574
1,575
49,576
40,577
40,578
42,579
40,580
26,581
4,582
40,583
26,584
4,585
26,586
4,587
26,588
40,589
42,590
42,591
26,592
42,593
42,594
31,595
10,596
31,597
10,598
6,599
6,600
6,601
6,602
31,603
25,604
6,605
6,606
6,607
10,608
31,609
31,610
10,611
25,612
31,613
31,614
10,615
25,616
10,617
6,618
25,619
25,620
6,621
6,622
10,623
6,624
31,625
10,626
25,627
31,628
6,629
31,630
25,631
10,632
25,633
25,634
31,635
31,636
10,637
31,638
6,639
10,640
25,641
6,642
36,643
30,644
30,645
30,646
30,647
36,648
23,649
24,650
24,651
9,652
24,653
29,654
24,655
38,656
38,657
8,658
0,659
24,660
9,661
39,662
23,663
23,664
21,665
29,666
29,667
24,668
29,669
24,670
37,671
39,672
23,673
24,674
39,675
38,676
39,677
38,678
38,679
24,680
29,681
9,682
24,683
8,684
9,685
38,686
23,687
21,688
41,689
17,690
41,691
41,692
47,693
13,694
41,695
17,696
13,697
17,698
41,699
47,700
17,701
17,702
18,703
18,704
7,705
7,706
35,707
27,708
27,709
12,710
27,711
12,712
27,713
35,714
19,715
35,716
35,717
3,718
12,719
27,720
27,721
3,722
35,723
19,724
35,725
12,726
12,727
27,728
3,729
27,730
19,731
27,732
35,733
12,734
12,735
35,736
3,737
35,738
3,739
35,740
19,741
27,742
12,743
19,744
27,745
12,746
27,747
35,748
19,749
19,750
27,751
19,752
3,753
3,754
35,755
12,756
3,757
12,758
35,759
27,760
19,761
35,762
3,763
12,764
12,765
35,766
27,767
35,768
3,769
3,770
19,771
35,772
3,773
3,774
35,775
3,776
3,777
12,778
12,779
27,780
27,781
19,782
27,783
12,784
3,785
35,786
35,787
19,788
27,789
35,790
19,791
19,792
3,793
19,794
35,795
3,796
12,797
19,798
3,799
19,800
3,801
27,802
12,803
27,804
35,805
19,806
19,807
19,808
12,809
35,810
12,811
12,812
12,813
27,814
12,815
3,816
27,817
35,818
3,819
19,820
3,821
19,822
12,823
12,824
3,825
3,826
27,827
27,828
19,829
12,830
19,831
12,832
19,833
3,834
35,835
35,836
27,837
27,838
27,839
2,840
2,841
2,842
2,843
44,844
44,845
22,846
22,847
48,848
20,849
20,850
22,851
48,852
22,853
22,854
48,855
20,856
22,857
20,858
20,859
20,860
22,861
22,862
22,863
20,864
48,865
20,866
20,867
22,868
22,869
22,870
48,871
48,872
48,873
20,874
20,875
22,876
48,877
48,878
48,879
20,880
22,881
22,882
22,883
48,884
22,885
22,886
22,887
48,888
48,889
20,890
48,891
48,892
22,893
22,894
22,895
22,896
11,897
28,898
1,899
45,900
28,901
28,902
28,903
15,904
28,905
34,906
15,907
34,908
16,909
45,910
16,911
28,912
1,913
16,914
45,915
15,916
43,917
1,918
49,919
32,920
49,921
40,922
42,923
40,924
40,925
26,926
4,927
40,928
26,929
42,930
4,931
42,932
42,933
40,934
26,935
42,936
26,937
40,938
40,939
42,940
26,941
42,942
31,943
6,944
10,945
6,946
10,947
25,948
6,949
6,950
36,951
36,952
30,953
36,954
23,955
24,956
9,957
9,958
23,959
9,960
8,961
21,962
23,963
29,964
8,965
21,966
21,967
39,968
23,969
21,970
9,971
0,972
29,973
37,974
39,975
29,976
24,977
8,978
23,979
8,980
29,981
23,982
29,983
38,984
38,985
29,986
24,987
29,988
9,989
24,990
24,991
8,992
29,993
38,994
9,995
21,996
9,997
39,998
8,999
38,1000
39,1001
29,1002
21,1003
21,1004
41,1005
13,1006
41,1007
47,1008
17,1009
47,1010
41,1011
13,1012
41,1013
47,1014
41,1015
41,1016
13,1017
47,1018
13,1019
17,1020
47,1021
17,1022
13,1023
41,1024
13,1025
47,1026
17,1027
17,1028
41,1029
47,1030
47,1031
17,1032
13,1033
41,1034
17,1035
41,1036
17,1037
41,1038
41,1039
47,1040
47,1041
41,1042
47,1043
47,1044
17,1045
17,1046
13,1047
17,1048
17,1049
47,1050
13,1051
17,1052
13,1053
47,1054
13,1055
13,1056
17,1057
17,1058
41,1059
17,1060
13,1061
13,1062
17,1063
17,1064
41,1065
13,1066
17,1067
47,1068
41,1069
41,1070
41,1071
13,1072
17,1073
41,1074
47,1075
17,1076
47,1077
47,1078
47,1079
17,1080
17,1081
47,1082
13,1083
41,1084
13,1085
41,1086
41,1087
41,1088
41,1089
47,1090
13,1091
17,1092
17,1093
17,1094
13,1095
13,1096
47,1097
13,1098
41,1099
41,1100
13,1101
13,1102
13,1103
13,1104
17,1105
13,1106
13,1107
41,1108
17,1109
13,1110
17,1111
18,1112
18,1113
7,1114
33,1115
14,1116
7,1117
33,1118
33,1119
33,1120
14,1121
7,1122
35,1123
27,1124
3,1125
12,1126
3,1127
3,1128
3,1129
19,1130
35,1131
19,1132
35,1133
3,1134
12,1135
19,1136
27,1137
3,1138
3,1139
27,1140
19,1141
35,1142
12,1143
35,1144
3,1145
19,1146
3,1147
27,1148
12,1149
35,1150
35,1151
35,1152
19,1153
12,1154
35,1155
3,1156
3,1157
12,1158
3,1159
35,1160
12,1161
27,1162
27,1163
2,1164
44,1165
2,1166
2,1167
44,1168
22,1169
48,1170
48,1171
48,1172
48,1173
48,1174
22,1175
11,1176
11,1177
11,1178
28,1179
45,1180
34,1181
1,1182
15,1183
1,1184
45,1185
28,1186
43,1187
45,1188
34,1189
16,1190
34,1191
16,1192
1,1193
1,1194
34,1195
1,1196
1,1197
45,1198
43,1199
15,1200
28,1201
43,1202
45,1203
43,1204
1,1205
28,1206
45,1207
45,1208
34,1209
15,1210
16,1211
15,1212
45,1213
16,1214
43,1215
1,1216
1,1217
1,1218
45,1219
34,1220
28,1221
43,1222
34,1223
45,1224
43,1225
45,1226
45,1227
1,1228
16,1229
28,1230
1,1231
45,1232
15,1233
28,1234
15,1235
45,1236
34,1237
43,1238
16,1239
1,1240
16,1241
34,1242
1,1243
15,1244
1,1245
1,1246
43,1247
45,1248
34,1249
45,1250
15,1251
43,1252
28,1253
45,1254
1,1255
45,1256
45,1257
16,1258
16,1259
1,1260
43,1261
16,1262
43,1263
1,1264
15,1265
45,1266
1,1267
1,1268
45,1269
45,1270
15,1271
45,1272
28,1273
45,1274
1,1275
49,1276
49,1277
46,1278
32,1279
46,1280
5,1281
32,1282
46,1283
49,1284
40,1285
40,1286
40,1287
26,1288
40,1289
40,1290
42,1291
40,1292
4,1293
4,1294
42,1295
31,1296
10,1297
25,1298
25,1299
25,1300
31,1301
31,1302
25,1303
10,1304
10,1305
10,1306
10,1307
6,1308
31,1309
6,1310
25,1311
25,1312
25,1313
25,1314
10,1315
25,1316
6,1317
25,1318
10,1319
31,1320
6,1321
6,1322
31,1323
25,1324
6,1325
10,1326
31,1327
10,1328
31,1329
10,1330
31,1331
6,1332
6,1333
31,1334
25,1335
10,1336
10,1337
25,1338
25,1339
25,1340
10,1341
31,1342
6,1343
31,1344
31,1345
10,1346
10,1347
25,1348
25,1349
25,1350
31,1351
25,1352
31,1353
25,1354
25,1355
6,1356
6,1357
6,1358
31,1359
31,1360
25,1361
6,1362
31,1363
6,1364
25,1365
10,1366
6,1367
25,1368
6,1369
36,1370
23,1371
24,1372
0,1373
9,1374
38,1375
8,1376
0,1377
37,1378
38,1379
24,1380
8,1381
8,1382
9,1383
0,1384
37,1385
37,1386
23,1387
37,1388
23,1389
38,1390
21,1391
29,1392
24,1393
21,1394
24,1395
8,1396
29,1397
9,1398
24,1399
39,1400
9,1401
23,1402
21,1403
0,1404
21,1405
41,1406
13,1407
47,1408
47,1409
17,1410
18,1411
33,1412
33,1413
33,1414
7,1415
35,1416
3,1417
12,1418
27,1419
12,1420
12,1421
19,1422
35,1423
3,1424
3,1425
12,1426
35,1427
3,1428
35,1429
27,1430
35,1431
27,1432
35,1433
12,1434
19,1435
12,1436
12,1437
27,1438
12,1439
12,1440
19,1441
35,1442
12,1443
35,1444
35,1445
12,1446
19,1447
12,1448
3,1449
3,1450
27,1451
12,1452
12,1453
3,1454
27,1455
27,1456
3,1457
27,1458
27,1459
19,1460
19,1461
12,1462
12,1463
3,1464
27,1465
35,1466
19,1467
3,1468
19,1469
19,1470
35,1471
35,1472
35,1473
3,1474
12,1475
27,1476
35,1477
27,1478
3,1479
35,1480
35,1481
19,1482
3,1483
3,1484
35,1485
35,1486
35,1487
27,1488
2,1489
2,1490
2,1491
2,1492
44,1493
22,1494
20,1495
22,1496
20,1497
20,1498
20,1499
20,1500
22,1501
20,1502
22,1503
20,1504
48,1505
20,1506
48,1507
48,1508
22,1509
48,1510
20,1511
20,1512
20,1513
20,1514
48,1515
20,1516
20,1517
20,1518
48,1519
48,1520
22,1521
22,1522
48,1523
48,1524
48,1525
48,1526
20,1527
20,1528
20,1529
22,1530
11,1531
11,1532
28,1533
43,1534
15,1535
43,1536
15,1537
1,1538
43,1539
43,1540
45,1541
16,1542
1,1543
49,1544
46,1545
49,1546
49,1547
40,1548
40,1549
42,1550
42,1551
26,1552
4,1553
40,1554
42,1555
40,1556
40,1557
4,1558
40,1559
26,1560
40,1561
40,1562
42,1563
42,1564
31,1565
10,1566
31,1567
6,1568
25,1569
6,1570
10,1571
6,1572
25,1573
6,1574
36,1575
36,1576
36,1577
23,1578
29,1579
29,1580
29,1581
0,1582
0,1583
23,1584
23,1585
23,1586
0,1587
23,1588
0,1589
38,1590
38,1591
38,1592
23,1593
38,1594
21,1595
39,1596
24,1597
21,1598
29,1599
24,1600
37,1601
38,1602
8,1603
21,1604
24,1605
24,1606
29,1607
37,1608
37,1609
39,1610
8,1611
29,1612
37,1613
39,1614
39,1615
9,1616
39,1617
9,1618
24,1619
39,1620
24,1621
29,1622
24,1623
0,1624
23,1625
8,1626
39,1627
38,1628
9,1629
8,1630
38,1631
9,1632
9,1633
0,1634
38,1635
0,1636
8,1637
39,1638
9,1639
24,1640
38,1641
9,1642
39,1643
21,1644
41,1645
13,1646
47,1647
17,1648
47,1649
13,1650
47,1651
13,1652
47,1653
47,1654
17,1655
13,1656
41,1657
41,1658
41,1659
47,1660
41,1661
17,1662
47,1663
13,1664
13,1665
17,1666
18,1667
18,1668
14,1669
7,1670
14,1671
14,1672
18,1673
33,1674
14,1675
7,1676
33,1677
33,1678
7,1679
35,1680
35,1681
35,1682
19,1683
27,1684
2,1685
2,1686
44,1687
2,1688
2,1689
2,1690
44,1691
2,1692
44,1693
44,1694
22,1695
11,1696
28,1697
15,1698
34,1699
1,1700
49,1701
46,1702
32,1703
5,1704
5,1705
46,1706
32,1707
5,1708
49,1709
32,1710
32,1711
5,1712
32,1713
46,1714
5,1715
32,1716
49,1717
49,1718
32,1719
5,1720
46,1721
5,1722
32,1723
5,1724
46,1725
46,1726
5,1727
5,1728
5,1729
32,1730
5,1731
49,1732
49,1733
49,1734
49,1735
49,1736
49,1737
46,1738
5,1739
46,1740
32,1741
46,1742
5,1743
46,1744
49,1745
5,1746
5,1747
49,1748
40,1749
26,1750
42,1751
42,1752
26,1753
26,1754
4,1755
4,1756
40,1757
40,1758
26,1759
40,1760
42,1761
42,1762
31,1763
25,1764
10,1765
25,1766
10,1767
10,1768
6,1769
36,1770
36,1771
23,1772
29,1773
29,1774
29,1775
0,1776
9,1777
37,1778
29,1779
21,1780
38,1781
9,1782
21,1783
39,1784
39,1785
21,1786
29,1787
24,1788
23,1789
23,1790
23,1791
23,1792
29,1793
9,1794
39,1795
8,1796
23,1797
37,1798
38,1799
9,1800
39,1801
9,1802
23,1803
24,1804
29,1805
8,1806
29,1807
9,1808
39,1809
8,1810
37,1811
21,1812
29,1813
29,1814
38,1815
39,1816
23,1817
8,1818
24,1819
37,1820
23,1821
0,1822
8,1823
38,1824
38,1825
9,1826
21,1827
29,1828
8,1829
9,1830
39,1831
0,1832
0,1833
0,1834
0,1835
9,1836
8,1837
9,1838
24,1839
23,1840
24,1841
8,1842
38,1843
0,1844
9,1845
21,1846
0,1847
8,1848
23,1849
24,1850
21,1851
38,1852
24,1853
29,1854
29,1855
23,1856
8,1857
21,1858
24,1859
8,1860
24,1861
23,1862
38,1863
24,1864
23,1865
29,1866
0,1867
37,1868
39,1869
9,1870
9,1871
0,1872
38,1873
38,1874
8,1875
0,1876
23,1877
37,1878
23,1879
37,1880
24,1881
0,1882
23,1883
9,1884
9,1885
9,1886
23,1887
8,1888
8,1889
24,1890
38,1891
38,1892
38,1893
23,1894
23,1895
38,1896
0,1897
38,1898
37,1899
37,1900
9,1901
9,1902
39,1903
37,1904
0,1905
37,1906
24,1907
39,1908
21,1909
0,1910
9,1911
21,1912
39,1913
38,1914
38,1915
24,1916
8,1917
0,1918
0,1919
9,1920
29,1921
38,1922
23,1923
39,1924
38,1925
0,1926
21,1927
23,1928
29,1929
39,1930
8,1931
23,1932
38,1933
39,1934
39,1935
23,1936
29,1937
24,1938
37,1939
39,1940
8,1941
9,1942
38,1943
21,1944
29,1945
21,1946
41,1947
41,1948
13,1949
17,1950
17,1951
41,1952
17,1953
17,1954
13,1955
41,1956
13,1957
41,1958
17,1959
41,1960
47,1961
41,1962
41,1963
47,1964
17,1965
13,1966
41,1967
13,1968
47,1969
41,1970
41,1971
17,1972
18,1973
33,1974
7,1975
18,1976
18,1977
33,1978
18,1979
14,1980
14,1981
14,1982
33,1983
14,1984
14,1985
18,1986
18,1987
14,1988
33,1989
14,1990
7,1991
33,1992
33,1993
18,1994
14,1995
33,1996
18,1997
14,1998
18,1999
14,2000
18,2001
14,2002
33,2003
7,2004
35,2005
3,2006
27,2007
35,2008
19,2009
27,2010
35,2011
19,2012
27,2013
19,2014
35,2015
12,2016
27,2017
12,2018
19,2019
12,2020
19,2021
27,2022
2,2023
2,2024
44,2025
22,2026
11,2027
28,2028
16,2029
28,2030
34,2031
43,2032
1,2033
34,2034
45,2035
16,2036
34,2037
15,2038
28,2039
45,2040
15,2041
28,2042
43,2043
28,2044
16,2045
43,2046
28,2047
34,2048
16,2049
34,2050
15,2051
16,2052
34,2053
16,2054
43,2055
45,2056
34,2057
16,2058
34,2059
15,2060
43,2061
34,2062
43,2063
43,2064
28,2065
16,2066
16,2067
45,2068
15,2069
28,2070
28,2071
43,2072
43,2073
43,2074
45,2075
28,2076
43,2077
15,2078
45,2079
15,2080
45,2081
34,2082
1,2083
49,2084
40,2085
40,2086
4,2087
42,2088
42,2089
4,2090
42,2091
4,2092
40,2093
40,2094
4,2095
42,2096
4,2097
4,2098
42,2099
31,2100
25,2101
10,2102
10,2103
31,2104
25,2105
6,2106
25,2107
25,2108
6,2109
25,2110
10,2111
25,2112
25,2113
25,2114
10,2115
6,2116
6,2117
6,2118
10,2119
25,2120
6,2121
31,2122
10,2123
25,2124
10,2125
10,2126
6,2127
6,2128
31,2129
6,2130
25,2131
6,2132
25,2133
25,2134
31,2135
25,2136
31,2137
25,2138
6,2139
25,2140
25,2141
6,2142
10,2143
10,2144
6,2145
36,2146
23,2147
9,2148
0,2149
24,2150
21,2151
9,2152
37,2153
29,2154
23,2155
38,2156
38,2157
23,2158
29,2159
0,2160
29,2161
24,2162
38,2163
9,2164
8,2165
21,2166
9,2167
39,2168
23,2169
37,2170
0,2171
38,2172
37,2173
29,2174
21,2175
37,2176
0,2177
21,2178
41,2179
13,2180
17,2181
13,2182
41,2183
13,2184
17,2185
18,2186
14,2187
18,2188
14,2189
14,2190
7,2191
7,2192
7,2193
14,2194
18,2195
14,2196
18,2197
7,2198
33,2199
33,2200
33,2201
14,2202
33,2203
14,2204
7,2205
35,2206
27,2207
35,2208
12,2209
3,2210
12,2211
35,2212
35,2213
35,2214
35,2215
19,2216
3,2217
19,2218
3,2219
19,2220
19,2221
27,2222
3,2223
19,2224
19,2225
12,2226
19,2227
35,2228
12,2229
12,2230
12,2231
12,2232
35,2233
12,2234
35,2235
12,2236
3,2237
12,2238
35,2239
35,2240
19,2241
12,2242
3,2243
27,2244
19,2245
19,2246
19,2247
19,2248
35,2249
12,2250
12,2251
35,2252
35,2253
3,2254
12,2255
35,2256
3,2257
12,2258
35,2259
12,2260
3,2261
19,2262
19,2263
35,2264
35,2265
35,2266
3,2267
27,2268
19,2269
12,2270
3,2271
12,2272
12,2273
35,2274
27,2275
2,2276
2,2277
44,2278
2,2279
44,2280
22,2281
48,2282
20,2283
48,2284
22,2285
20,2286
22,2287
22,2288
48,2289
22,2290
48,2291
22,2292
20,2293
20,2294
22,2295
22,2296
11,2297
28,2298
1,2299
43,2300
1,2301
43,2302
1,2303
28,2304
16,2305
45,2306
28,2307
43,2308
43,2309
1,2310
16,2311
34,2312
28,2313
1,2314
43,2315
34,2316
16,2317
15,2318
1,2319
15,2320
15,2321
34,2322
1,2323
16,2324
34,2325
16,2326
43,2327
34,2328
15,2329
45,2330
34,2331
1,2332
1,2333
16,2334
28,2335
15,2336
45,2337
43,2338
43,2339
1,2340
28,2341
16,2342
1,2343
43,2344
28,2345
15,2346
28,2347
45,2348
15,2349
1,2350
49,2351
32,2352
46,2353
49,2354
40,2355
42,2356
4,2357
42,2358
42,2359
26,2360
4,2361
40,2362
26,2363
26,2364
42,2365
26,2366
40,2367
4,2368
42,2369
40,2370
4,2371
42,2372
4,2373
4,2374
26,2375
4,2376
42,2377
4,2378
4,2379
40,2380
4,2381
40,2382
42,2383
40,2384
42,2385
42,2386
40,2387
4,2388
40,2389
26,2390
42,2391
42,2392
42,2393
31,2394
6,2395
25,2396
25,2397
31,2398
25,2399
6,2400
6,2401
36,2402
36,2403
30,2404
36,2405
30,2406
30,2407
30,2408
30,2409
36,2410
30,2411
36,2412
23,2413
21,2414
39,2415
29,2416
29,2417
21,2418
8,2419
38,2420
24,2421
39,2422
29,2423
21,2424
24,2425
9,2426
39,2427
37,2428
21,2429
41,2430
47,2431
41,2432
13,2433
47,2434
13,2435
13,2436
13,2437
17,2438
41,2439
17,2440
47,2441
41,2442
17,2443
47,2444
13,2445
17,2446
47,2447
17,2448
13,2449
17,2450
18,2451
33,2452
18,2453
14,2454
7,2455
7,2456
33,2457
14,2458
7,2459
14,2460
14,2461
18,2462
14,2463
7,2464
18,2465
7,2466
35,2467
19,2468
19,2469
35,2470
12,2471
3,2472
27,2473
2,2474
2,2475
2,2476
44,2477
22,2478
11,2479
28,2480
16,2481
28,2482
45,2483
16,2484
1,2485
15,2486
16,2487
15,2488
15,2489
45,2490
16,2491
15,2492
43,2493
28,2494
1,2495
43,2496
28,2497
15,2498
16,2499
28,2500
16,2501
15,2502
45,2503
15,2504
15,2505
1,2506
43,2507
1,2508
43,2509
28,2510
45,2511
16,2512
34,2513
15,2514
34,2515
45,2516
34,2517
15,2518
28,2519
1,2520
43,2521
43,2522
43,2523
15,2524
15,2525
34,2526
34,2527
16,2528
43,2529
28,2530
16,2531
28,2532
28,2533
45,2534
34,2535
28,2536
1,2537
16,2538
15,2539
15,2540
45,2541
16,2542
43,2543
16,2544
34,2545
28,2546
43,2547
15,2548
16,2549
16,2550
15,2551
34,2552
43,2553
1,2554
49,2555
46,2556
46,2557
5,2558
5,2559
46,2560
32,2561
5,2562
5,2563
46,2564
46,2565
5,2566
5,2567
32,2568
46,2569
46,2570
5,2571
49,2572
40,2573
42,2574
40,2575
42,2576
42,2577
26,2578
42,2579
40,2580
42,2581
40,2582
42,2583
42,2584
31,2585
6,2586
25,2587
6,2588
36,2589
30,2590
30,2591
30,2592
36,2593
23,2594
0,2595
23,2596
23,2597
0,2598
9,2599
39,2600
21,2601
23,2602
37,2603
9,2604
29,2605
23,2606
8,2607
38,2608
21,2609
8,2610
9,2611
38,2612
29,2613
9,2614
39,2615
21,2616
0,2617
37,2618
38,2619
24,2620
0,2621
23,2622
0,2623
9,2624
39,2625
37,2626
8,2627
38,2628
39,2629
37,2630
0,2631
9,2632
23,2633
37,2634
23,2635
29,2636
24,2637
29,2638
8,2639
24,2640
9,2641
8,2642
0,2643
39,2644
37,2645
23,2646
24,2647
0,2648
24,2649
0,2650
38,2651
0,2652
8,2653
23,2654
23,2655
24,2656
0,2657
23,2658
0,2659
29,2660
8,2661
29,2662
9,2663
9,2664
9,2665
0,2666
9,2667
9,2668
38,2669
0,2670
9,2671
38,2672
0,2673
21,2674
29,2675
38,2676
9,2677
8,2678
24,2679
24,2680
21,2681
37,2682
21,2683
9,2684
8,2685
38,2686
9,2687
24,2688
9,2689
39,2690
0,2691
8,2692
21,2693
21,2694
39,2695
21,2696
23,2697
0,2698
38,2699
9,2700
39,2701
24,2702
29,2703
37,2704
0,2705
37,2706
8,2707
37,2708
38,2709
9,2710
29,2711
23,2712
39,2713
37,2714
37,2715
0,2716
39,2717
23,2718
9,2719
8,2720
38,2721
39,2722
8,2723
24,2724
9,2725
21,2726
29,2727
38,2728
37,2729
29,2730
29,2731
0,2732
38,2733
8,2734
24,2735
0,2736
21,2737
41,2738
17,2739
13,2740
47,2741
47,2742
47,2743
17,2744
13,2745
13,2746
17,2747
17,2748
47,2749
41,2750
13,2751
17,2752
41,2753
41,2754
13,2755
13,2756
13,2757
13,2758
17,2759
13,2760
17,2761
17,2762
18,2763
7,2764
35,2765
27,2766
12,2767
35,2768
12,2769
27,2770
3,2771
35,2772
12,2773
35,2774
19,2775
19,2776
35,2777
19,2778
27,2779
35,2780
27,2781
12,2782
19,2783
19,2784
35,2785
3,2786
12,2787
19,2788
35,2789
27,2790
19,2791
19,2792
19,2793
35,2794
19,2795
27,2796
19,2797
27,2798
27,2799
2,2800
2,2801
44,2802
22,2803
48,2804
20,2805
22,2806
22,2807
22,2808
22,2809
11,2810
28,2811
1,2812
28,2813
34,2814
43,2815
45,2816
16,2817
28,2818
45,2819
43,2820
34,2821
28,2822
15,2823
16,2824
45,2825
34,2826
28,2827
28,2828
1,2829
16,2830
28,2831
34,2832
15,2833
15,2834
43,2835
45,2836
45,2837
34,2838
1,2839
16,2840
1,2841
34,2842
15,2843
16,2844
1,2845
1,2846
45,2847
28,2848
45,2849
45,2850
15,2851
45,2852
16,2853
1,2854
49,2855
32,2856
46,2857
46,2858
46,2859
46,2860
49,2861
49,2862
40,2863
42,2864
31,2865
10,2866
6,2867
6,2868
6,2869
31,2870
25,2871
10,2872
10,2873
25,2874
6,2875
25,2876
25,2877
25,2878
6,2879
6,2880
25,2881
6,2882
25,2883
31,2884
10,2885
31,2886
6,2887
10,2888
10,2889
25,2890
10,2891
31,2892
10,2893
10,2894
6,2895
31,2896
31,2897
6,2898
25,2899
10,2900
31,2901
25,2902
10,2903
6,2904
31,2905
6,2906
6,2907
31,2908
31,2909
31,2910
31,2911
31,2912
10,2913
25,2914
31,2915
10,2916
6,2917
10,2918
31,2919
10,2920
31,2921
6,2922
25,2923
6,2924
6,2925
10,2926
10,2927
25,2928
25,2929
10,2930
10,2931
31,2932
10,2933
25,2934
25,2935
6,2936
25,2937
25,2938
31,2939
10,2940
25,2941
10,2942
6,2943
36,2944
36,2945
30,2946
30,2947
30,2948
30,2949
36,2950
30,2951
30,2952
30,2953
36,2954
23,2955
29,2956
23,2957
9,2958
24,2959
29,2960
24,2961
8,2962
37,2963
21,2964
29,2965
29,2966
37,2967
0,2968
9,2969
37,2970
9,2971
9,2972
21,2973
37,2974
9,2975
23,2976
23,2977
8,2978
38,2979
24,2980
9,2981
0,2982
9,2983
29,2984
24,2985
29,2986
37,2987
29,2988
21,2989
9,2990
0,2991
9,2992
39,2993
29,2994
9,2995
0,2996
21,2997
21,2998
41,2999
13,3000
41,3001
13,3002
47,3003
41,3004
17,3005
13,3006
41,3007
47,3008
13,3009
17,3010
13,3011
17,3012
41,3013
13,3014
47,3015
47,3016
41,3017
41,3018
41,3019
17,3020
47,3021
13,3022
41,3023
41,3024
41,3025
13,3026
17,3027
47,3028
47,3029
47,3030
17,3031
41,3032
41,3033
17,3034
41,3035
47,3036
41,3037
41,3038
17,3039
18,3040
18,3041
33,3042
7,3043
7,3044
7,3045
33,3046
18,3047
18,3048
18,3049
18,3050
18,3051
33,3052
33,3053
18,3054
7,3055
14,3056
7,3057
18,3058
14,3059
7,3060
7,3061
35,3062
19,3063
12,3064
35,3065
12,3066
35,3067
12,3068
35,3069
19,3070
35,3071
35,3072
35,3073
3,3074
27,3075
19,3076
12,3077
19,3078
12,3079
27,3080
12,3081
3,3082
12,3083
35,3084
3,3085
27,3086
12,3087
19,3088
12,3089
27,3090
27,3091
35,3092
12,3093
35,3094
35,3095
35,3096
35,3097
12,3098
12,3099
35,3100
19,3101
12,3102
27,3103
12,3104
12,3105
27,3106
27,3107
19,3108
27,3109
27,3110
12,3111
3,3112
19,3113
35,3114
27,3115
2,3116
2,3117
44,3118
44,3119
2,3120
2,3121
2,3122
2,3123
2,3124
2,3125
44,3126
44,3127
22,3128
22,3129
20,3130
22,3131
22,3132
48,3133
48,3134
20,3135
22,3136
22,3137
48,3138
20,3139
48,3140
20,3141
48,3142
48,3143
20,3144
22,3145
22,3146
48,3147
22,3148
20,3149
22,3150
48,3151
22,3152
20,3153
48,3154
20,3155
20,3156
48,3157
20,3158
48,3159
22,3160
48,3161
20,3162
20,3163
20,3164
48,3165
48,3166
22,3167
48,3168
22,3169
22,3170
48,3171
22,3172
20,3173
48,3174
22,3175
20,3176
20,3177
22,3178
11,3179
28,3180
1,3181
45,3182
15,3183
34,3184
43,3185
28,3186
16,3187
34,3188
34,3189
16,3190
15,3191
28,3192
43,3193
28,3194
15,3195
28,3196
34,3197
45,3198
45,3199
43,3200
28,3201
28,3202
1,3203
15,3204
45,3205
16,3206
45,3207
34,3208
1,3209
49,3210
46,3211
46,3212
32,3213
32,3214
32,3215
46,3216
32,3217
5,3218
49,3219
5,3220
49,3221
40,3222
42,3223
31,3224
10,3225
25,3226
31,3227
6,3228
25,3229
10,3230
31,3231
31,3232
10,3233
31,3234
10,3235
6,3236
10,3237
31,3238
25,3239
31,3240
6,3241
6,3242
25,3243
31,3244
6,3245
25,3246
6,3247
31,3248
6,3249
31,3250
6,3251
31,3252
6,3253
6,3254
6,3255
6,3256
25,3257
25,3258
31,3259
25,3260
31,3261
25,3262
25,3263
25,3264
25,3265
25,3266
6,3267
25,3268
10,3269
25,3270
6,3271
31,3272
25,3273
31,3274
31,3275
31,3276
31,3277
10,3278
6,3279
31,3280
25,3281
31,3282
6,3283
6,3284
10,3285
31,3286
25,3287
31,3288
25,3289
6,3290
6,3291
31,3292
10,3293
10,3294
6,3295
36,3296
30,3297
36,3298
36,3299
23,3300
29,3301
37,3302
23,3303
23,3304
9,3305
8,3306
23,3307
24,3308
29,3309
29,3310
21,3311
29,3312
8,3313
8,3314
23,3315
0,3316
0,3317
23,3318
23,3319
8,3320
23,3321
8,3322
29,3323
0,3324
21,3325
38,3326
24,3327
39,3328
0,3329
8,3330
21,3331
23,3332
39,3333
9,3334
24,3335
21,3336
38,3337
9,3338
39,3339
37,3340
24,3341
39,3342
21,3343
38,3344
39,3345
23,3346
8,3347
37,3348
37,3349
37,3350
8,3351
8,3352
9,3353
23,3354
38,3355
21,3356
41,3357
41,3358
13,3359
17,3360
47,3361
41,3362
41,3363
47,3364
17,3365
13,3366
41,3367
47,3368
13,3369
13,3370
41,3371
17,3372
41,3373
41,3374
47,3375
13,3376
13,3377
47,3378
17,3379
18,3380
14,3381
33,3382
14,3383
14,3384
18,3385
14,3386
18,3387
33,3388
33,3389
7,3390
35,3391
12,3392
35,3393
12,3394
3,3395
35,3396
19,3397
19,3398
27,3399
12,3400
35,3401
35,3402
27,3403
12,3404
35,3405
12,3406
3,3407
12,3408
27,3409
27,3410
3,3411
3,3412
27,3413
27,3414
27,3415
3,3416
27,3417
12,3418
35,3419
27,3420
2,3421
2,3422
44,3423
2,3424
2,3425
44,3426
22,3427
48,3428
48,3429
48,3430
22,3431
11,3432
28,3433
34,3434
34,3435
1,3436
34,3437
15,3438
1,3439
15,3440
34,3441
34,3442
45,3443
16,3444
43,3445
43,3446
45,3447
1,3448
49,3449
32,3450
46,3451
49,3452
49,3453
40,3454
26,3455
42,3456
42,3457
26,3458
40,3459
42,3460
31,3461
31,3462
25,3463
6,3464
25,3465
31,3466
10,3467
6,3468
6,3469
6,3470
36,3471
36,3472
23,3473
37,3474
39,3475
0,3476
9,3477
38,3478
29,3479
23,3480
23,3481
39,3482
37,3483
39,3484
29,3485
23,3486
21,3487
9,3488
39,3489
21,3490
8,3491
37,3492
39,3493
23,3494
37,3495
9,3496
23,3497
29,3498
9,3499
23,3500
8,3501
29,3502
37,3503
0,3504
0,3505
29,3506
21,3507
24,3508
29,3509
39,3510
37,3511
38,3512
8,3513
21,3514
24,3515
24,3516
39,3517
8,3518
21,3519
24,3520
8,3521
29,3522
0,3523
21,3524
37,3525
38,3526
37,3527
24,3528
37,3529
0,3530
39,3531
0,3532
9,3533
39,3534
37,3535
39,3536
38,3537
38,3538
21,3539
8,3540
23,3541
24,3542
21,3543
24,3544
8,3545
8,3546
23,3547
29,3548
23,3549
8,3550
29,3551
38,3552
38,3553
37,3554
23,3555
21,3556
9,3557
23,3558
38,3559
8,3560
38,3561
9,3562
37,3563
0,3564
0,3565
24,3566
29,3567
9,3568
0,3569
29,3570
29,3571
8,3572
39,3573
21,3574
23,3575
29,3576
29,3577
9,3578
8,3579
0,3580
24,3581
8,3582
0,3583
23,3584
23,3585
23,3586
38,3587
38,3588
38,3589
39,3590
24,3591
23,3592
29,3593
37,3594
21,3595
37,3596
21,3597
8,3598
24,3599
39,3600
8,3601
38,3602
29,3603
29,3604
29,3605
23,3606
29,3607
0,3608
29,3609
21,3610
38,3611
38,3612
38,3613
8,3614
29,3615
38,3616
21,3617
29,3618
37,3619
21,3620
21,3621
8,3622
29,3623
9,3624
24,3625
39,3626
24,3627
9,3628
9,3629
21,3630
37,3631
8,3632
29,3633
38,3634
23,3635
0,3636
37,3637
37,3638
24,3639
0,3640
39,3641
38,3642
29,3643
24,3644
9,3645
39,3646
9,3647
23,3648
8,3649
29,3650
8,3651
24,3652
37,3653
38,3654
8,3655
24,3656
37,3657
29,3658
29,3659
23,3660
24,3661
8,3662
29,3663
37,3664
38,3665
39,3666
38,3667
0,3668
8,3669
21,3670
38,3671
39,3672
37,3673
23,3674
0,3675
37,3676
37,3677
8,3678
21,3679
37,3680
38,3681
9,3682
8,3683
37,3684
8,3685
0,3686
39,3687
0,3688
0,3689
23,3690
37,3691
24,3692
21,3693
37,3694
29,3695
29,3696
9,3697
29,3698
24,3699
21,3700
24,3701
8,3702
9,3703
29,3704
21,3705
23,3706
21,3707
38,3708
29,3709
24,3710
24,3711
37,3712
38,3713
9,3714
9,3715
37,3716
23,3717
9,3718
8,3719
37,3720
21,3721
21,3722
9,3723
23,3724
0,3725
0,3726
24,3727
0,3728
8,3729
29,3730
21,3731
41,3732
47,3733
13,3734
41,3735
13,3736
47,3737
47,3738
17,3739
47,3740
41,3741
13,3742
41,3743
47,3744
41,3745
13,3746
41,3747
47,3748
13,3749
17,3750
41,3751
17,3752
47,3753
13,3754
41,3755
41,3756
13,3757
47,3758
47,3759
47,3760
13,3761
47,3762
13,3763
47,3764
47,3765
13,3766
13,3767
41,3768
47,3769
17,3770
41,3771
17,3772
47,3773
17,3774
17,3775
47,3776
47,3777
17,3778
18,3779
7,3780
35,3781
27,3782
35,3783
12,3784
12,3785
35,3786
27,3787
2,3788
44,3789
2,3790
44,3791
44,3792
44,3793
22,3794
22,3795
48,3796
48,3797
20,3798
20,3799
48,3800
48,3801
20,3802
48,3803
20,3804
48,3805
20,3806
20,3807
22,3808
22,3809
11,3810
28,3811
45,3812
15,3813
45,3814
1,3815
15,3816
28,3817
45,3818
16,3819
16,3820
28,3821
45,3822
15,3823
34,3824
34,3825
28,3826
28,3827
34,3828
15,3829
16,3830
34,3831
16,3832
43,3833
15,3834
43,3835
45,3836
1,3837
15,3838
28,3839
34,3840
1,3841
49,3842
5,3843
5,3844
49,3845
40,3846
4,3847
4,3848
4,3849
42,3850
4,3851
42,3852
26,3853
40,3854
4,3855
40,3856
42,3857
42,3858
26,3859
42,3860
40,3861
42,3862
40,3863
42,3864
40,3865
40,3866
40,3867
40,3868
26,3869
40,3870
42,3871
26,3872
42,3873
40,3874
26,3875
26,3876
40,3877
26,3878
42,3879
26,3880
40,3881
40,3882
42,3883
4,3884
26,3885
42,3886
31,3887
6,3888
10,3889
25,3890
10,3891
10,3892
25,3893
25,3894
10,3895
31,3896
10,3897
6,3898
6,3899
25,3900
25,3901
31,3902
10,3903
31,3904
10,3905
31,3906
25,3907
31,3908
6,3909
36,3910
30,3911
30,3912
30,3913
30,3914
36,3915
30,3916
36,3917
36,3918
36,3919
30,3920
30,3921
36,3922
30,3923
30,3924
36,3925
30,3926
30,3927
30,3928
36,3929
30,3930
30,3931
30,3932
36,3933
30,3934
36,3935
23,3936
23,3937
39,3938
24,3939
38,3940
9,3941
23,3942
38,3943
9,3944
38,3945
0,3946
29,3947
29,3948
9,3949
9,3950
29,3951
29,3952
29,3953
23,3954
9,3955
39,3956
23,3957
9,3958
37,3959
8,3960
21,3961
29,3962
8,3963
21,3964
24,3965
38,3966
29,3967
9,3968
24,3969
21,3970
9,3971
0,3972
21,3973
37,3974
8,3975
21,3976
41,3977
13,3978
41,3979
13,3980
13,3981
13,3982
13,3983
41,3984
13,3985
47,3986
13,3987
17,3988
18,3989
33,3990
33,3991
33,3992
7,3993
35,3994
12,3995
27,3996
3,3997
19,3998
27,3999
27,4000
35,4001
19,4002
35,4003
19,4004
27,4005
35,4006
27,4007
2,4008
44,4009
44,4010
22,4011
20,4012
48,4013
20,4014
22,4015
22,4016
22,4017
48,4018
20,4019
20,4020
22,4021
48,4022
22,4023
48,4024
20,4025
22,4026
48,4027
22,4028
22,4029
20,4030
20,4031
22,4032
22,4033
20,4034
20,4035
22,4036
48,4037
20,4038
20,4039
20,4040
48,4041
22,4042
20,4043
48,4044
20,4045
20,4046
22,4047
22,4048
22,4049
11,4050
11,4051
28,4052
16,4053
34,4054
16,4055
15,4056
28,4057
16,4058
28,4059
15,4060
1,4061
43,4062
43,4063
15,4064
15,4065
43,4066
28,4067
45,4068
43,4069
15,4070
15,4071
43,4072
28,4073
43,4074
34,4075
34,4076
15,4077
28,4078
34,4079
15,4080
34,4081
34,4082
15,4083
28,4084
34,4085
1,4086
34,4087
16,4088
15,4089
15,4090
15,4091
43,4092
1,4093
34,4094
28,4095
28,4096
34,4097
28,4098
34,4099
15,4100
16,4101
15,4102
16,4103
15,4104
28,4105
43,4106
43,4107
43,4108
15,4109
45,4110
45,4111
43,4112
28,4113
28,4114
16,4115
45,4116
28,4117
45,4118
34,4119
1,4120
45,4121
45,4122
1,4123
49,4124
32,4125
46,4126
46,4127
5,4128
5,4129
49,4130
40,4131
42,4132
42,4133
26,4134
42,4135
4,4136
26,4137
40,4138
4,4139
40,4140
42,4141
40,4142
42,4143
40,4144
26,4145
4,4146
40,4147
40,4148
26,4149
42,4150
40,4151
4,4152
26,4153
42,4154
26,4155
40,4156
40,4157
42,4158
42,4159
26,4160
42,4161
4,4162
42,4163
26,4164
4,4165
4,4166
42,4167
40,4168
26,4169
42,4170
42,4171
26,4172
26,4173
4,4174
42,4175
42,4176
40,4177
26,4178
42,4179
42,4180
31,4181
10,4182
25,4183
10,4184
31,4185
31,4186
25,4187
10,4188
6,4189
6,4190
10,4191
6,4192
36,4193
30,4194
36,4195
30,4196
36,4197
36,4198
30,4199
30,4200
36,4201
30,4202
30,4203
30,4204
30,4205
30,4206
36,4207
36,4208
23,4209
21,4210
29,4211
8,4212
38,4213
0,4214
37,4215
23,4216
21,4217
9,4218
39,4219
24,4220
0,4221
8,4222
24,4223
23,4224
29,4225
29,4226
9,4227
29,4228
9,4229
24,4230
9,4231
38,4232
21,4233
29,4234
29,4235
0,4236
23,4237
8,4238
29,4239
8,4240
21,4241
9,4242
39,4243
24,4244
23,4245
37,4246
39,4247
29,4248
39,4249
38,4250
39,4251
37,4252
24,4253
21,4254
9,4255
8,4256
23,4257
9,4258
29,4259
23,4260
23,4261
37,4262
0,4263
38,4264
24,4265
0,4266
0,4267
21,4268
29,4269
23,4270
24,4271
21,4272
37,4273
0,4274
38,4275
8,4276
23,4277
39,4278
38,4279
9,4280
37,4281
21,4282
39,4283
29,4284
9,4285
21,4286
39,4287
21,4288
9,4289
9,4290
0,4291
38,4292
37,4293
0,4294
9,4295
23,4296
9,4297
0,4298
39,4299
38,4300
39,4301
8,4302
8,4303
23,4304
8,4305
29,4306
29,4307
39,4308
29,4309
9,4310
29,4311
37,4312
39,4313
21,4314
39,4315
29,4316
9,4317
0,4318
23,4319
21,4320
21,4321
37,4322
37,4323
21,4324
0,4325
38,4326
38,4327
39,4328
23,4329
9,4330
38,4331
37,4332
21,4333
21,4334
23,4335
29,4336
8,4337
38,4338
38,4339
8,4340
21,4341
9,4342
23,4343
21,4344
8,4345
37,4346
8,4347
29,4348
38,4349
39,4350
38,4351
8,4352
0,4353
37,4354
23,4355
0,4356
29,4357
23,4358
21,4359
39,4360
21,4361
24,4362
37,4363
37,4364
23,4365
24,4366
29,4367
21,4368
37,4369
8,4370
23,4371
37,4372
39,4373
38,4374
8,4375
21,4376
23,4377
38,4378
0,4379
38,4380
0,4381
9,4382
21,4383
9,4384
38,4385
29,4386
23,4387
21,4388
0,4389
23,4390
37,4391
37,4392
23,4393
0,4394
37,4395
8,4396
29,4397
0,4398
29,4399
21,4400
21,4401
24,4402
24,4403
9,4404
23,4405
24,4406
9,4407
9,4408
21,4409
29,4410
37,4411
39,4412
0,4413
9,4414
39,4415
8,4416
37,4417
38,4418
0,4419
37,4420
37,4421
21,4422
9,4423
29,4424
23,4425
23,4426
24,4427
21,4428
24,4429
8,4430
29,4431
9,4432
38,4433
29,4434
0,4435
37,4436
24,4437
24,4438
8,4439
9,4440
38,4441
9,4442
29,4443
24,4444
39,4445
21,4446
38,4447
37,4448
38,4449
0,4450
21,4451
29,4452
38,4453
23,4454
29,4455
37,4456
0,4457
9,4458
23,4459
38,4460
39,4461
23,4462
9,4463
39,4464
9,4465
24,4466
38,4467
8,4468
9,4469
29,4470
39,4471
37,4472
23,4473
21,4474
29,4475
8,4476
0,4477
23,4478
38,4479
38,4480
24,4481
8,4482
29,4483
37,4484
8,4485
38,4486
21,4487
37,4488
9,4489
38,4490
29,4491
8,4492
23,4493
23,4494
29,4495
39,4496
0,4497
9,4498
24,4499
29,4500
37,4501
21,4502
39,4503
24,4504
37,4505
38,4506
23,4507
21,4508
24,4509
29,4510
38,4511
37,4512
21,4513
0,4514
37,4515
39,4516
24,4517
9,4518
21,4519
0,4520
24,4521
9,4522
37,4523
39,4524
8,4525
24,4526
0,4527
37,4528
37,4529
39,4530
0,4531
23,4532
9,4533
0,4534
24,4535
21,4536
9,4537
21,4538
21,4539
0,4540
24,4541
8,4542
0,4543
29,4544
29,4545
21,4546
21,4547
23,4548
9,4549
0,4550
0,4551
21,4552
37,4553
38,4554
23,4555
29,4556
39,4557
38,4558
8,4559
9,4560
29,4561
0,4562
0,4563
8,4564
29,4565
37,4566
37,4567
29,4568
24,4569
37,4570
23,4571
21,4572
9,4573
23,4574
38,4575
23,4576
24,4577
23,4578
24,4579
37,4580
39,4581
21,4582
21,4583
39,4584
9,4585
39,4586
39,4587
9,4588
23,4589
0,4590
38,4591
9,4592
23,4593
24,4594
24,4595
37,4596
23,4597
38,4598
29,4599
21,4600
9,4601
8,4602
29,4603
21,4604
0,4605
29,4606
24,4607
38,4608
0,4609
8,4610
23,4611
8,4612
38,4613
21,4614
23,4615
0,4616
37,4617
21,4618
21,4619
38,4620
38,4621
38,4622
38,4623
24,4624
21,4625
37,4626
37,4627
23,4628
8,4629
29,4630
0,4631
29,4632
37,4633
23,4634
24,4635
29,4636
39,4637
37,4638
23,4639
8,4640
37,4641
23,4642
29,4643
29,4644
38,4645
23,4646
37,4647
21,4648
0,4649
9,4650
24,4651
38,4652
24,4653
37,4654
37,4655
29,4656
23,4657
29,4658
8,4659
8,4660
29,4661
8,4662
38,4663
24,4664
8,4665
29,4666
39,4667
29,4668
0,4669
38,4670
23,4671
8,4672
9,4673
24,4674
21,4675
8,4676
21,4677
29,4678
9,4679
29,4680
0,4681
0,4682
39,4683
37,4684
38,4685
23,4686
38,4687
29,4688
8,4689
21,4690
29,4691
24,4692
0,4693
37,4694
39,4695
21,4696
29,4697
23,4698
9,4699
0,4700
38,4701
24,4702
0,4703
9,4704
37,4705
21,4706
41,4707
17,4708
47,4709
17,4710
13,4711
47,4712
41,4713
13,4714
13,4715
17,4716
47,4717
41,4718
13,4719
17,4720
47,4721
13,4722
13,4723
41,4724
13,4725
47,4726
13,4727
13,4728
41,4729
17,4730
17,4731
47,4732
41,4733
47,4734
17,4735
41,4736
41,4737
17,4738
41,4739
13,4740
13,4741
13,4742
17,4743
18,4744
7,4745
18,4746
14,4747
18,4748
14,4749
18,4750
18,4751
7,4752
33,4753
33,4754
18,4755
7,4756
7,4757
33,4758
7,4759
7,4760
18,4761
18,4762
14,4763
33,4764
14,4765
14,4766
33,4767
33,4768
33,4769
7,4770
14,4771
33,4772
14,4773
18,4774
7,4775
33,4776
14,4777
14,4778
18,4779
7,4780
33,4781
18,4782
33,4783
33,4784
14,4785
18,4786
7,4787
14,4788
33,4789
18,4790
33,4791
7,4792
35,4793
35,4794
19,4795
27,4796
27,4797
19,4798
3,4799
3,4800
3,4801
19,4802
27,4803
27,4804
12,4805
3,4806
12,4807
35,4808
12,4809
3,4810
12,4811
35,4812
35,4813
19,4814
27,4815
35,4816
12,4817
3,4818
19,4819
12,4820
27,4821
27,4822
12,4823
27,4824
12,4825
19,4826
27,4827
27,4828
35,4829
19,4830
35,4831
27,4832
19,4833
19,4834
35,4835
19,4836
35,4837
27,4838
2,4839
2,4840
44,4841
22,4842
48,4843
22,4844
22,4845
48,4846
48,4847
20,4848
20,4849
48,4850
48,4851
22,4852
48,4853
20,4854
48,4855
22,4856
22,4857
22,4858
20,4859
48,4860
48,4861
48,4862
48,4863
20,4864
48,4865
20,4866
22,4867
20,4868
48,4869
22,4870
20,4871
22,4872
48,4873
48,4874
20,4875
20,4876
20,4877
20,4878
20,4879
48,4880
20,4881
48,4882
22,4883
20,4884
22,4885
20,4886
48,4887
20,4888
22,4889
20,4890
48,4891
22,4892
48,4893
22,4894
22,4895
20,4896
48,4897
20,4898
22,4899
11,4900
11,4901
11,4902
28,4903
43,4904
15,4905
34,4906
15,4907
43,4908
15,4909
16,4910
15,4911
34,4912
34,4913
43,4914
43,4915
1,4916
28,4917
45,4918
28,4919
43,4920
34,4921
28,4922
16,4923
34,4924
43,4925
16,4926
1,4927
1,4928
28,4929
15,4930
43,4931
16,4932
45,4933
43,4934
34,4935
16,4936
45,4937
16,4938
15,4939
1,4940
34,4941
34,4942
34,4943
28,4944
1,4945
16,4946
28,4947
16,4948
1,4949
15,4950
1,4951
49,4952
46,4953
32,4954
5,4955
46,4956
5,4957
49,4958
46,4959
46,4960
46,4961
49,4962
5,4963
32,4964
46,4965
32,4966
46,4967
32,4968
32,4969
5,4970
32,4971
49,4972
49,4973
49,4974
32,4975
46,4976
5,4977
32,4978
5,4979
49,4980
5,4981
49,4982
46,4983
49,4984
40,4985
40,4986
4,4987
40,4988
4,4989
4,4990
26,4991
4,4992
26,4993
42,4994
31,4995
31,4996
6,4997
31,4998
10,4999
6,5000
25,5001
6,5002
10,5003
31,5004
10,5005
25,5006
25,5007
10,5008
25,5009
31,5010
31,5011
25,5012
6,5013
10,5014
31,5015
6,5016
36,5017
30,5018
30,5019
36,5020
36,5021
30,5022
36,5023
30,5024
36,5025
30,5026
30,5027
30,5028
36,5029
30,5030
36,5031
30,5032
30,5033
30,5034
30,5035
30,5036
36,5037
30,5038
36,5039
23,5040
24,5041
29,5042
37,5043
21,5044
29,5045
24,5046
37,5047
8,5048
39,5049
21,5050
24,5051
0,5052
23,5053
24,5054
37,5055
21,5056
8,5057
37,5058
38,5059
8,5060
38,5061
9,5062
39,5063
23,5064
24,5065
8,5066
8,5067
38,5068
23,5069
8,5070
38,5071
8,5072
21,5073
0,5074
29,5075
38,5076
37,5077
21,5078
21,5079
41,5080
13,5081
47,5082
17,5083
18,5084
14,5085
7,5086
33,5087
7,5088
14,5089
18,5090
14,5091
7,5092
35,5093
19,5094
19,5095
19,5096
27,5097
2,5098
44,5099
44,5100
44,5101
44,5102
2,5103
2,5104
44,5105
44,5106
22,5107
22,5108
22,5109
48,5110
22,5111
20,5112
20,5113
22,5114
20,5115
48,5116
20,5117
48,5118
20,5119
20,5120
48,5121
20,5122
20,5123
22,5124
11,5125
28,5126
45,5127
28,5128
16,5129
34,5130
16,5131
43,5132
45,5133
1,5134
45,5135
1,5136
16,5137
16,5138
45,5139
45,5140
15,5141
28,5142
43,5143
28,5144
45,5145
15,5146
15,5147
45,5148
16,5149
45,5150
34,5151
34,5152
16,5153
45,5154
16,5155
15,5156
1,5157
45,5158
1,5159
45,5160
15,5161
43,5162
28,5163
15,5164
34,5165
16,5166
43,5167
16,5168
34,5169
43,5170
28,5171
43,5172
43,5173
45,5174
15,5175
16,5176
43,5177
15,5178
16,5179
28,5180
1,5181
45,5182
45,5183
34,5184
45,5185
15,5186
45,5187
45,5188
34,5189
15,5190
15,5191
16,5192
16,5193
28,5194
45,5195
43,5196
1,5197
34,5198
28,5199
45,5200
45,5201
1,5202
45,5203
43,5204
15,5205
43,5206
28,5207
43,5208
28,5209
34,5210
1,5211
45,5212
34,5213
34,5214
34,5215
45,5216
16,5217
45,5218
1,5219
28,5220
1,5221
45,5222
1,5223
34,5224
1,5225
45,5226
43,5227
15,5228
1,5229
16,5230
1,5231
43,5232
1,5233
49,5234
40,5235
4,5236
42,5237
26,5238
26,5239
26,5240
40,5241
4,5242
26,5243
42,5244
26,5245
4,5246
26,5247
40,5248
42,5249
26,5250
40,5251
26,5252
26,5253
4,5254
42,5255
4,5256
40,5257
26,5258
40,5259
42,5260
42,5261
4,5262
26,5263
4,5264
26,5265
40,5266
40,5267
4,5268
4,5269
4,5270
4,5271
40,5272
4,5273
4,5274
42,5275
26,5276
42,5277
26,5278
40,5279
4,5280
4,5281
4,5282
26,5283
42,5284
42,5285
4,5286
42,5287
31,5288
25,5289
10,5290
25,5291
6,5292
36,5293
30,5294
30,5295
36,5296
36,5297
30,5298
30,5299
36,5300
30,5301
36,5302
23,5303
39,5304
29,5305
8,5306
39,5307
8,5308
29,5309
24,5310
29,5311
29,5312
37,5313
38,5314
24,5315
38,5316
0,5317
29,5318
29,5319
21,5320
24,5321
38,5322
29,5323
39,5324
9,5325
29,5326
24,5327
38,5328
21,5329
0,5330
24,5331
0,5332
38,5333
21,5334
38,5335
0,5336
29,5337
21,5338
24,5339
0,5340
9,5341
9,5342
23,5343
29,5344
9,5345
24,5346
29,5347
0,5348
39,5349
23,5350
9,5351
21,5352
0,5353
23,5354
29,5355
24,5356
24,5357
38,5358
24,5359
9,5360
8,5361
37,5362
29,5363
38,5364
39,5365
23,5366
38,5367
37,5368
9,5369
23,5370
38,5371
38,5372
37,5373
39,5374
37,5375
29,5376
21,5377
37,5378
0,5379
24,5380
39,5381
38,5382
21,5383
23,5384
37,5385
21,5386
21,5387
39,5388
38,5389
9,5390
38,5391
21,5392
24,5393
21,5394
38,5395
0,5396
8,5397
29,5398
38,5399
29,5400
39,5401
23,5402
23,5403
24,5404
23,5405
0,5406
38,5407
24,5408
39,5409
37,5410
24,5411
29,5412
37,5413
8,5414
21,5415
9,5416
9,5417
21,5418
38,5419
0,5420
0,5421
0,5422
38,5423
38,5424
21,5425
29,5426
0,5427
29,5428
23,5429
24,5430
8,5431
0,5432
39,5433
39,5434
24,5435
0,5436
23,5437
24,5438
38,5439
23,5440
21,5441
0,5442
29,5443
21,5444
29,5445
39,5446
0,5447
38,5448
38,5449
21,5450
24,5451
21,5452
29,5453
24,5454
21,5455
23,5456
39,5457
38,5458
38,5459
38,5460
37,5461
8,5462
38,5463
24,5464
21,5465
29,5466
24,5467
0,5468
38,5469
37,5470
29,5471
24,5472
39,5473
38,5474
29,5475
0,5476
9,5477
21,5478
38,5479
9,5480
39,5481
9,5482
29,5483
37,5484
0,5485
37,5486
38,5487
38,5488
9,5489
38,5490
38,5491
29,5492
37,5493
37,5494
38,5495
37,5496
8,5497
8,5498
0,5499
23,5500
0,5501
8,5502
0,5503
39,5504
0,5505
24,5506
8,5507
8,5508
29,5509
0,5510
21,5511
8,5512
39,5513
21,5514
9,5515
39,5516
23,5517
8,5518
38,5519
38,5520
0,5521
29,5522
9,5523
9,5524
39,5525
8,5526
21,5527
9,5528
29,5529
24,5530
0,5531
39,5532
0,5533
23,5534
24,5535
39,5536
37,5537
0,5538
23,5539
23,5540
37,5541
23,5542
9,5543
29,5544
0,5545
21,5546
24,5547
0,5548
29,5549
0,5550
0,5551
29,5552
29,5553
29,5554
38,5555
9,5556
21,5557
37,5558
29,5559
39,5560
29,5561
21,5562
24,5563
24,5564
39,5565
39,5566
21,5567
0,5568
38,5569
24,5570
21,5571
37,5572
38,5573
37,5574
37,5575
21,5576
37,5577
23,5578
24,5579
0,5580
29,5581
24,5582
0,5583
21,5584
9,5585
37,5586
37,5587
23,5588
9,5589
39,5590
29,5591
29,5592
9,5593
29,5594
29,5595
24,5596
29,5597
0,5598
29,5599
8,5600
23,5601
29,5602
0,5603
8,5604
37,5605
21,5606
21,5607
23,5608
23,5609
24,5610
21,5611
21,5612
29,5613
24,5614
0,5615
0,5616
8,5617
39,5618
8,5619
0,5620
0,5621
21,5622
39,5623
37,5624
38,5625
8,5626
21,5627
23,5628
9,5629
39,5630
8,5631
29,5632
23,5633
23,5634
37,5635
9,5636
37,5637
38,5638
23,5639
29,5640
21,5641
24,5642
39,5643
8,5644
21,5645
23,5646
0,5647
9,5648
37,5649
9,5650
24,5651
9,5652
23,5653
38,5654
9,5655
29,5656
24,5657
38,5658
24,5659
21,5660
38,5661
9,5662
38,5663
37,5664
24,5665
0,5666
38,5667
39,5668
38,5669
0,5670
23,5671
37,5672
9,5673
21,5674
29,5675
38,5676
29,5677
0,5678
8,5679
38,5680
39,5681
29,5682
24,5683
8,5684
21,5685
23,5686
24,5687
9,5688
0,5689
23,5690
38,5691
9,5692
38,5693
21,5694
37,5695
39,5696
21,5697
0,5698
0,5699
24,5700
23,5701
23,5702
24,5703
0,5704
21,5705
0,5706
8,5707
37,5708
21,5709
37,5710
29,5711
38,5712
8,5713
23,5714
24,5715
24,5716
38,5717
9,5718
38,5719
0,5720
29,5721
24,5722
29,5723
38,5724
24,5725
0,5726
8,5727
37,5728
29,5729
21,5730
29,5731
23,5732
38,5733
21,5734
8,5735
37,5736
39,5737
9,5738
38,5739
24,5740
24,5741
9,5742
21,5743
37,5744
29,5745
8,5746
24,5747
24,5748
23,5749
24,5750
23,5751
29,5752
9,5753
24,5754
38,5755
29,5756
39,5757
21,5758
41,5759
17,5760
41,5761
47,5762
41,5763
17,5764
41,5765
17,5766
47,5767
17,5768
41,5769
13,5770
47,5771
17,5772
41,5773
13,5774
13,5775
41,5776
47,5777
41,5778
17,5779
47,5780
17,5781
17,5782
41,5783
13,5784
13,5785
41,5786
13,5787
17,5788
41,5789
47,5790
47,5791
41,5792
13,5793
17,5794
17,5795
41,5796
17,5797
41,5798
17,5799
18,5800
33,5801
7,5802
35,5803
3,5804
3,5805
35,5806
19,5807
19,5808
3,5809
27,5810
3,5811
19,5812
27,5813
19,5814
19,5815
35,5816
19,5817
19,5818
35,5819
19,5820
19,5821
3,5822
12,5823
12,5824
35,5825
12,5826
27,5827
19,5828
19,5829
27,5830
19,5831
12,5832
35,5833
27,5834
27,5835
27,5836
12,5837
19,5838
12,5839
35,5840
19,5841
19,5842
35,5843
12,5844
27,5845
27,5846
12,5847
12,5848
19,5849
35,5850
35,5851
3,5852
35,5853
3,5854
3,5855
12,5856
19,5857
12,5858
35,5859
3,5860
35,5861
3,5862
19,5863
19,5864
3,5865
3,5866
27,5867
27,5868
12,5869
12,5870
27,5871
27,5872
3,5873
12,5874
12,5875
27,5876
12,5877
19,5878
12,5879
27,5880
3,5881
27,5882
12,5883
12,5884
35,5885
3,5886
19,5887
3,5888
3,5889
35,5890
27,5891
27,5892
12,5893
27,5894
19,5895
19,5896
35,5897
3,5898
19,5899
12,5900
19,5901
3,5902
19,5903
12,5904
12,5905
3,5906
3,5907
19,5908
35,5909
19,5910
19,5911
19,5912
35,5913
19,5914
19,5915
12,5916
19,5917
27,5918
12,5919
27,5920
12,5921
35,5922
12,5923
35,5924
3,5925
27,5926
27,5927
19,5928
3,5929
35,5930
12,5931
12,5932
3,5933
27,5934
35,5935
27,5936
35,5937
35,5938
19,5939
35,5940
19,5941
27,5942
19,5943
19,5944
3,5945
19,5946
3,5947
27,5948
35,5949
27,5950
12,5951
12,5952
3,5953
27,5954
3,5955
35,5956
12,5957
12,5958
19,5959
3,5960
12,5961
12,5962
3,5963
19,5964
12,5965
35,5966
19,5967
3,5968
3,5969
12,5970
27,5971
12,5972
3,5973
3,5974
35,5975
3,5976
19,5977
35,5978
27,5979
12,5980
19,5981
12,5982
19,5983
27,5984
27,5985
27,5986
35,5987
3,5988
27,5989
2,5990
44,5991
44,5992
44,5993
22,5994
11,5995
11,5996
28,5997
45,5998
16,5999
28,6000
43,6001
45,6002
1,6003
1,6004
28,6005
34,6006
28,6007
28,6008
28,6009
28,6010
45,6011
15,6012
16,6013
1,6014
45,6015
1,6016
43,6017
16,6018
1,6019
34,6020
15,6021
15,6022
34,6023
28,6024
34,6025
16,6026
1,6027
1,6028
49,6029
5,6030
32,6031
32,6032
32,6033
5,6034
32,6035
5,6036
32,6037
46,6038
32,6039
32,6040
46,6041
46,6042
49,6043
49,6044
40,6045
4,6046
26,6047
26,6048
40,6049
4,6050
40,6051
4,6052
42,6053
4,6054
26,6055
4,6056
40,6057
42,6058
26,6059
42,6060
31,6061
10,6062
10,6063
31,6064
31,6065
10,6066
6,6067
31,6068
31,6069
6,6070
6,6071
10,6072
25,6073
25,6074
6,6075
6,6076
6,6077
36,6078
30,6079
30,6080
30,6081
30,6082
30,6083
36,6084
30,6085
36,6086
36,6087
36,6088
30,6089
36,6090
23,6091
38,6092
29,6093
9,6094
37,6095
29,6096
0,6097
8,6098
9,6099
0,6100
24,6101
23,6102
0,6103
23,6104
37,6105
39,6106
8,6107
23,6108
37,6109
39,6110
37,6111
21,6112
41,6113
13,6114
47,6115
13,6116
13,6117
41,6118
41,6119
41,6120
13,6121
41,6122
47,6123
17,6124
18,6125
7,6126
33,6127
14,6128
14,6129
33,6130
18,6131
18,6132
7,6133
18,6134
7,6135
14,6136
7,6137
33,6138
33,6139
33,6140
33,6141
33,6142
7,6143
35,6144
35,6145
12,6146
3,6147
12,6148
19,6149
3,6150
3,6151
19,6152
27,6153
12,6154
12,6155
3,6156
35,6157
19,6158
27,6159
19,6160
35,6161
12,6162
27,6163
19,6164
27,6165
35,6166
27,6167
2,6168
44,6169
44,6170
2,6171
44,6172
2,6173
2,6174
44,6175
22,6176
48,6177
20,6178
22,6179
48,6180
48,6181
48,6182
48,6183
48,6184
20,6185
22,6186
11,6187
11,6188
28,6189
1,6190
45,6191
15,6192
15,6193
15,6194
43,6195
34,6196
45,6197
34,6198
28,6199
16,6200
1,6201
49,6202
5,6203
32,6204
49,6205
46,6206
46,6207
32,6208
49,6209
5,6210
5,6211
32,6212
46,6213
49,6214
32,6215
32,6216
46,6217
32,6218
5,6219
49,6220
5,6221
46,6222
5,6223
49,6224
49,6225
40,6226
26,6227
42,6228
31,6229
10,6230
10,6231
10,6232
25,6233
25,6234
31,6235
25,6236
25,6237
25,6238
6,6239
10,6240
6,6241
10,6242
6,6243
36,6244
23,6245
37,6246
39,6247
8,6248
9,6249
0,6250
9,6251
21,6252
41,6253
47,6254
47,6255
47,6256
13,6257
47,6258
41,6259
13,6260
41,6261
47,6262
17,6263
13,6264
41,6265
41,6266
13,6267
17,6268
47,6269
41,6270
41,6271
13,6272
13,6273
41,6274
47,6275
47,6276
13,6277
41,6278
47,6279
41,6280
13,6281
41,6282
13,6283
13,6284
13,6285
17,6286
41,6287
47,6288
17,6289
17,6290
17,6291
47,6292
47,6293
17,6294
13,6295
47,6296
47,6297
17,6298
47,6299
47,6300
41,6301
17,6302
47,6303
13,6304
13,6305
13,6306
13,6307
17,6308
13,6309
13,6310
17,6311
41,6312
41,6313
13,6314
13,6315
47,6316
47,6317
47,6318
47,6319
13,6320
41,6321
47,6322
13,6323
17,6324
13,6325
41,6326
13,6327
47,6328
47,6329
47,6330
47,6331
17,6332
17,6333
13,6334
13,6335
47,6336
41,6337
13,6338
47,6339
41,6340
13,6341
17,6342
18,6343
18,6344
7,6345
14,6346
14,6347
7,6348
33,6349
33,6350
18,6351
33,6352
18,6353
7,6354
33,6355
18,6356
7,6357
18,6358
18,6359
33,6360
33,6361
33,6362
14,6363
7,6364
35,6365
19,6366
27,6367
27,6368
12,6369
19,6370
12,6371
19,6372
3,6373
35,6374
3,6375
27,6376
35,6377
19,6378
3,6379
3,6380
19,6381
19,6382
3,6383
3,6384
27,6385
3,6386
27,6387
3,6388
19,6389
27,6390
2,6391
2,6392
2,6393
44,6394
44,6395
2,6396
44,6397
2,6398
2,6399
44,6400
44,6401
44,6402
44,6403
44,6404
44,6405
2,6406
44,6407
22,6408
11,6409
11,6410
11,6411
28,6412
28,6413
43,6414
45,6415
28,6416
15,6417
34,6418
45,6419
1,6420
1,6421
49,6422
5,6423
49,6424
46,6425
5,6426
46,6427
32,6428
49,6429
40,6430
42,6431
42,6432
40,6433
4,6434
42,6435
26,6436
42,6437
26,6438
4,6439
42,6440
4,6441
40,6442
40,6443
42,6444
42,6445
26,6446
4,6447
42,6448
26,6449
42,6450
42,6451
31,6452
10,6453
6,6454
36,6455
30,6456
36,6457
36,6458
23,6459
0,6460
37,6461
37,6462
38,6463
37,6464
23,6465
0,6466
8,6467
23,6468
37,6469
38,6470
0,6471
9,6472
39,6473
0,6474
38,6475
24,6476
38,6477
8,6478
23,6479
21,6480
24,6481
0,6482
8,6483
9,6484
8,6485
23,6486
24,6487
23,6488
39,6489
23,6490
23,6491
9,6492
37,6493
39,6494
21,6495
37,6496
39,6497
21,6498
38,6499
0,6500
37,6501
37,6502
38,6503
8,6504
38,6505
24,6506
9,6507
21,6508
41,6509
17,6510
13,6511
13,6512
41,6513
41,6514
17,6515
13,6516
17,6517
17,6518
13,6519
47,6520
41,6521
17,6522
13,6523
17,6524
47,6525
13,6526
47,6527
13,6528
41,6529
47,6530
13,6531
47,6532
41,6533
47,6534
41,6535
47,6536
13,6537
17,6538
41,6539
47,6540
17,6541
18,6542
7,6543
35,6544
35,6545
35,6546
12,6547
35,6548
3,6549
19,6550
19,6551
3,6552
19,6553
19,6554
3,6555
12,6556
27,6557
3,6558
35,6559
3,6560
27,6561
35,6562
27,6563
12,6564
3,6565
19,6566
27,6567
19,6568
19,6569
19,6570
27,6571
12,6572
3,6573
12,6574
19,6575
35,6576
35,6577
19,6578
3,6579
35,6580
27,6581
3,6582
12,6583
19,6584
27,6585
2,6586
44,6587
44,6588
22,6589
11,6590
11,6591
28,6592
34,6593
15,6594
1,6595
16,6596
15,6597
1,6598
15,6599
45,6600
16,6601
15,6602
15,6603
1,6604
49,6605
46,6606
32,6607
49,6608
32,6609
32,6610
5,6611
5,6612
5,6613
49,6614
46,6615
5,6616
32,6617
49,6618
40,6619
42,6620
31,6621
31,6622
10,6623
25,6624
25,6625
31,6626
6,6627
31,6628
31,6629
31,6630
6,6631
31,6632
6,6633
31,6634
25,6635
6,6636
6,6637
25,6638
25,6639
10,6640
25,6641
6,6642
25,6643
10,6644
6,6645
36,6646
36,6647
23,6648
29,6649
29,6650
8,6651
23,6652
21,6653
8,6654
37,6655
39,6656
23,6657
23,6658
29,6659
39,6660
37,6661
8,6662
38,6663
8,6664
9,6665
8,6666
38,6667
21,6668
39,6669
23,6670
0,6671
23,6672
23,6673
8,6674
9,6675
9,6676
39,6677
38,6678
21,6679
0,6680
23,6681
23,6682
38,6683
29,6684
0,6685
21,6686
8,6687
23,6688
23,6689
0,6690
8,6691
8,6692
0,6693
23,6694
29,6695
8,6696
21,6697
41,6698
13,6699
13,6700
13,6701
47,6702
41,6703
17,6704
47,6705
17,6706
13,6707
47,6708
47,6709
17,6710
47,6711
13,6712
13,6713
17,6714
13,6715
13,6716
47,6717
17,6718
17,6719
17,6720
41,6721
13,6722
41,6723
41,6724
13,6725
41,6726
47,6727
41,6728
13,6729
47,6730
13,6731
13,6732
47,6733
47,6734
47,6735
13,6736
47,6737
41,6738
41,6739
17,6740
41,6741
47,6742
47,6743
13,6744
17,6745
18,6746
33,6747
7,6748
18,6749
33,6750
7,6751
18,6752
18,6753
33,6754
18,6755
33,6756
33,6757
14,6758
33,6759
33,6760
7,6761
14,6762
14,6763
7,6764
35,6765
3,6766
35,6767
19,6768
35,6769
35,6770
35,6771
27,6772
12,6773
35,6774
3,6775
35,6776
19,6777
27,6778
19,6779
35,6780
19,6781
19,6782
35,6783
35,6784
3,6785
27,6786
3,6787
19,6788
27,6789
19,6790
27,6791
3,6792
12,6793
3,6794
12,6795
12,6796
3,6797
35,6798
19,6799
3,6800
27,6801
35,6802
35,6803
19,6804
35,6805
27,6806
35,6807
3,6808
19,6809
19,6810
12,6811
19,6812
19,6813
12,6814
27,6815
19,6816
3,6817
12,6818
35,6819
35,6820
27,6821
27,6822
12,6823
35,6824
3,6825
3,6826
12,6827
35,6828
35,6829
3,6830
3,6831
27,6832
27,6833
19,6834
3,6835
12,6836
19,6837
19,6838
3,6839
3,6840
27,6841
35,6842
12,6843
35,6844
12,6845
35,6846
35,6847
12,6848
27,6849
3,6850
35,6851
35,6852
3,6853
3,6854
27,6855
3,6856
3,6857
27,6858
27,6859
19,6860
12,6861
35,6862
35,6863
27,6864
35,6865
3,6866
35,6867
19,6868
35,6869
35,6870
27,6871
35,6872
12,6873
12,6874
35,6875
3,6876
12,6877
12,6878
19,6879
35,6880
19,6881
27,6882
3,6883
19,6884
19,6885
12,6886
35,6887
27,6888
2,6889
2,6890
44,6891
22,6892
22,6893
11,6894
11,6895
11,6896
28,6897
45,6898
34,6899
28,6900
16,6901
43,6902
15,6903
43,6904
1,6905
43,6906
15,6907
34,6908
28,6909
1,6910
49,6911
46,6912
5,6913
46,6914
32,6915
5,6916
32,6917
5,6918
46,6919
49,6920
46,6921
5,6922
5,6923
46,6924
5,6925
49,6926
46,6927
5,6928
32,6929
32,6930
5,6931
49,6932
5,6933
46,6934
32,6935
46,6936
46,6937
5,6938
46,6939
46,6940
32,6941
49,6942
40,6943
4,6944
42,6945
31,6946
6,6947
31,6948
10,6949
25,6950
6,6951
10,6952
31,6953
10,6954
31,6955
10,6956
6,6957
6,6958
10,6959
31,6960
10,6961
10,6962
25,6963
10,6964
6,6965
10,6966
10,6967
25,6968
25,6969
31,6970
6,6971
36,6972
30,6973
30,6974
36,6975
30,6976
36,6977
36,6978
36,6979
30,6980
30,6981
30,6982
36,6983
23,6984
37,6985
24,6986
29,6987
23,6988
8,6989
37,6990
8,6991
24,6992
23,6993
23,6994
8,6995
38,6996
8,6997
21,6998
23,6999
29,7000
37,7001
38,7002
21,7003
39,7004
24,7005
24,7006
37,7007
9,7008
21,7009
39,7010
23,7011
38,7012
21,7013
37,7014
23,7015
37,7016
8,7017
8,7018
21,7019
38,7020
9,7021
21,7022
9,7023
9,7024
37,7025
8,7026
38,7027
9,7028
23,7029
0,7030
21,7031
37,7032
37,7033
37,7034
9,7035
29,7036
38,7037
21,7038
23,7039
24,7040
38,7041
37,7042
29,7043
29,7044
38,7045
8,7046
23,7047
0,7048
0,7049
38,7050
38,7051
37,7052
9,7053
24,7054
37,7055
8,7056
29,7057
21,7058
29,7059
9,7060
38,7061
38,7062
9,7063
0,7064
8,7065
39,7066
0,7067
38,7068
37,7069
29,7070
0,7071
29,7072
24,7073
24,7074
38,7075
38,7076
23,7077
37,7078
9,7079
24,7080
9,7081
23,7082
23,7083
38,7084
24,7085
8,7086
21,7087
39,7088
24,7089
29,7090
38,7091
38,7092
9,7093
24,7094
21,7095
23,7096
0,7097
37,7098
21,7099
21,7100
21,7101
24,7102
21,7103
8,7104
0,7105
8,7106
21,7107
41,7108
41,7109
41,7110
13,7111
41,7112
47,7113
13,7114
47,7115
47,7116
17,7117
47,7118
13,7119
13,7120
47,7121
17,7122
18,7123
7,7124
35,7125
12,7126
3,7127
3,7128
35,7129
19,7130
12,7131
3,7132
27,7133
12,7134
35,7135
19,7136
19,7137
35,7138
3,7139
27,7140
12,7141
27,7142
19,7143
27,7144
3,7145
35,7146
19,7147
27,7148
27,7149
2,7150
2,7151
44,7152
44,7153
2,7154
44,7155
22,7156
48,7157
22,7158
11,7159
28,7160
15,7161
16,7162
45,7163
45,7164
1,7165
45,7166
28,7167
45,7168
16,7169
34,7170
16,7171
15,7172
16,7173
45,7174
16,7175
16,7176
34,7177
1,7178
1,7179
1,7180
49,7181
32,7182
5,7183
5,7184
46,7185
5,7186
46,7187
32,7188
5,7189
49,7190
5,7191
49,7192
5,7193
32,7194
46,7195
46,7196
5,7197
5,7198
5,7199
46,7200
49,7201
5,7202
5,7203
32,7204
32,7205
32,7206
32,7207
32,7208
46,7209
46,7210
49,7211
46,7212
49,7213
40,7214
40,7215
40,7216
26,7217
26,7218
26,7219
42,7220
26,7221
4,7222
26,7223
26,7224
40,7225
42,7226
26,7227
4,7228
40,7229
26,7230
42,7231
4,7232
42,7233
31,7234
10,7235
6,7236
25,7237
6,7238
31,7239
10,7240
25,7241
31,7242
31,7243
6,7244
36,7245
36,7246
30,7247
36,7248
30,7249
30,7250
30,7251
36,7252
23,7253
24,7254
8,7255
23,7256
24,7257
29,7258
24,7259
8,7260
0,7261
8,7262
8,7263
21,7264
23,7265
8,7266
24,7267
38,7268
9,7269
37,7270
23,7271
23,7272
24,7273
24,7274
29,7275
21,7276
0,7277
9,7278
39,7279
8,7280
23,7281
21,7282
29,7283
37,7284
9,7285
0,7286
23,7287
38,7288
38,7289
9,7290
0,7291
8,7292
8,7293
38,7294
38,7295
23,7296
21,7297
24,7298
39,7299
21,7300
23,7301
38,7302
39,7303
37,7304
29,7305
37,7306
37,7307
38,7308
37,7309
8,7310
37,7311
39,7312
9,7313
8,7314
9,7315
23,7316
38,7317
23,7318
21,7319
29,7320
24,7321
37,7322
37,7323
39,7324
29,7325
9,7326
38,7327
0,7328
37,7329
23,7330
24,7331
29,7332
29,7333
29,7334
8,7335
39,7336
37,7337
0,7338
0,7339
39,7340
9,7341
8,7342
9,7343
38,7344
8,7345
21,7346
37,7347
39,7348
8,7349
37,7350
23,7351
23,7352
21,7353
29,7354
29,7355
21,7356
41,7357
13,7358
13,7359
47,7360
41,7361
41,7362
41,7363
47,7364
47,7365
47,7366
13,7367
13,7368
41,7369
47,7370
17,7371
18,7372
7,7373
7,7374
7,7375
18,7376
14,7377
18,7378
18,7379
33,7380
33,7381
18,7382
33,7383
33,7384
33,7385
7,7386
14,7387
7,7388
35,7389
27,7390
35,7391
27,7392
12,7393
3,7394
3,7395
27,7396
27,7397
27,7398
3,7399
3,7400
12,7401
27,7402
2,7403
2,7404
2,7405
44,7406
2,7407
44,7408
2,7409
2,7410
2,7411
44,7412
2,7413
2,7414
44,7415
22,7416
20,7417
48,7418
20,7419
20,7420
22,7421
11,7422
11,7423
28,7424
28,7425
34,7426
16,7427
34,7428
1,7429
15,7430
1,7431
49,7432
32,7433
32,7434
5,7435
32,7436
5,7437
49,7438
40,7439
40,7440
40,7441
4,7442
40,7443
40,7444
4,7445
42,7446
42,7447
26,7448
26,7449
40,7450
42,7451
26,7452
26,7453
26,7454
42,7455
40,7456
40,7457
26,7458
4,7459
4,7460
42,7461
31,7462
25,7463
6,7464
6,7465
31,7466
6,7467
36,7468
23,7469
8,7470
9,7471
39,7472
29,7473
21,7474
21,7475
41,7476
17,7477
18,7478
7,7479
7,7480
18,7481
18,7482
7,7483
33,7484
33,7485
14,7486
14,7487
18,7488
33,7489
7,7490
7,7491
18,7492
14,7493
33,7494
7,7495
33,7496
7,7497
35,7498
3,7499
12,7500
3,7501
3,7502
35,7503
12,7504
12,7505
12,7506
19,7507
3,7508
12,7509
19,7510
35,7511
3,7512
35,7513
3,7514
12,7515
19,7516
27,7517
2,7518
2,7519
44,7520
22,7521
11,7522
28,7523
1,7524
43,7525
28,7526
1,7527
15,7528
45,7529
28,7530
28,7531
43,7532
15,7533
34,7534
43,7535
1,7536
15,7537
43,7538
34,7539
16,7540
45,7541
43,7542
34,7543
16,7544
45,7545
15,7546
15,7547
45,7548
28,7549
1,7550
1,7551
43,7552
28,7553
16,7554
15,7555
1,7556
43,7557
16,7558
16,7559
45,7560
15,7561
28,7562
28,7563
28,7564
1,7565
49,7566
5,7567
5,7568
49,7569
40,7570
26,7571
40,7572
42,7573
40,7574
26,7575
26,7576
4,7577
42,7578
42,7579
42,7580
31,7581
25,7582
31,7583
25,7584
25,7585
6,7586
36,7587
30,7588
30,7589
36,7590
36,7591
23,7592
39,7593
38,7594
39,7595
9,7596
21,7597
39,7598
38,7599
0,7600
38,7601
8,7602
0,7603
39,7604
38,7605
23,7606
29,7607
38,7608
37,7609
29,7610
21,7611
39,7612
29,7613
21,7614
38,7615
38,7616
21,7617
39,7618
9,7619
23,7620
29,7621
24,7622
9,7623
38,7624
23,7625
23,7626
21,7627
39,7628
37,7629
37,7630
29,7631
38,7632
38,7633
39,7634
23,7635
24,7636
29,7637
21,7638
24,7639
21,7640
24,7641
8,7642
29,7643
29,7644
37,7645
21,7646
37,7647
29,7648
23,7649
21,7650
29,7651
21,7652
0,7653
8,7654
8,7655
21,7656
29,7657
9,7658
29,7659
37,7660
21,7661
37,7662
29,7663
37,7664
0,7665
9,7666
39,7667
37,7668
0,7669
23,7670
24,7671
38,7672
39,7673
24,7674
23,7675
9,7676
21,7677
8,7678
23,7679
23,7680
29,7681
24,7682
21,7683
41,7684
17,7685
41,7686
13,7687
13,7688
47,7689
47,7690
41,7691
13,7692
17,7693
41,7694
41,7695
47,7696
41,7697
13,7698
13,7699
17,7700
47,7701
13,7702
41,7703
13,7704
13,7705
41,7706
47,7707
13,7708
41,7709
41,7710
41,7711
41,7712
17,7713
18,7714
14,7715
18,7716
7,7717
33,7718
18,7719
18,7720
33,7721
7,7722
7,7723
14,7724
18,7725
14,7726
7,7727
18,7728
7,7729
18,7730
33,7731
14,7732
7,7733
7,7734
33,7735
33,7736
14,7737
18,7738
18,7739
7,7740
33,7741
18,7742
33,7743
33,7744
7,7745
7,7746
7,7747
18,7748
18,7749
7,7750
14,7751
33,7752
14,7753
7,7754
7,7755
33,7756
18,7757
7,7758
18,7759
33,7760
18,7761
7,7762
18,7763
14,7764
33,7765
14,7766
7,7767
33,7768
33,7769
33,7770
18,7771
18,7772
33,7773
33,7774
33,7775
18,7776
14,7777
7,7778
35,7779
27,7780
27,7781
19,7782
27,7783
35,7784
19,7785
35,7786
3,7787
19,7788
35,7789
3,7790
3,7791
19,7792
3,7793
19,7794
35,7795
27,7796
27,7797
19,7798
3,7799
27,7800
3,7801
27,7802
19,7803
35,7804
27,7805
12,7806
3,7807
35,7808
12,7809
12,7810
12,7811
19,7812
12,7813
3,7814
3,7815
19,7816
3,7817
27,7818
27,7819
3,7820
19,7821
19,7822
35,7823
27,7824
3,7825
35,7826
12,7827
19,7828
12,7829
35,7830
19,7831
35,7832
3,7833
3,7834
27,7835
19,7836
27,7837
2,7838
44,7839
22,7840
20,7841
48,7842
48,7843
22,7844
20,7845
48,7846
22,7847
22,7848
22,7849
22,7850
48,7851
48,7852
48,7853
22,7854
20,7855
22,7856
48,7857
20,7858
48,7859
48,7860
20,7861
20,7862
22,7863
11,7864
11,7865
11,7866
28,7867
28,7868
16,7869
28,7870
28,7871
1,7872
1,7873
1,7874
1,7875
16,7876
1,7877
45,7878
16,7879
1,7880
1,7881
45,7882
43,7883
43,7884
15,7885
16,7886
28,7887
45,7888
28,7889
45,7890
34,7891
1,7892
49,7893
49,7894
5,7895
46,7896
32,7897
32,7898
32,7899
32,7900
49,7901
32,7902
32,7903
32,7904
49,7905
49,7906
49,7907
5,7908
5,7909
46,7910
32,7911
5,7912
5,7913
32,7914
49,7915
32,7916
46,7917
5,7918
5,7919
46,7920
46,7921
49,7922
46,7923
5,7924
5,7925
46,7926
32,7927
32,7928
46,7929
49,7930
32,7931
32,7932
5,7933
32,7934
46,7935
49,7936
40,7937
40,7938
4,7939
26,7940
4,7941
42,7942
40,7943
4,7944
42,7945
4,7946
4,7947
4,7948
40,7949
4,7950
26,7951
42,7952
26,7953
40,7954
42,7955
4,7956
26,7957
4,7958
4,7959
42,7960
40,7961
40,7962
4,7963
42,7964
42,7965
40,7966
40,7967
26,7968
4,7969
4,7970
26,7971
4,7972
26,7973
40,7974
4,7975
42,7976
31,7977
6,7978
10,7979
10,7980
10,7981
25,7982
31,7983
10,7984
31,7985
25,7986
6,7987
25,7988
6,7989
25,7990
6,7991
36,7992
23,7993
9,7994
21,7995
21,7996
41,7997
41,7998
41,7999
47,8000
47,8001
13,8002
13,8003
17,8004
13,8005
47,8006
13,8007
13,8008
13,8009
13,8010
41,8011
41,8012
41,8013
17,8014
47,8015
41,8016
47,8017
13,8018
47,8019
41,8020
13,8021
47,8022
13,8023
41,8024
47,8025
13,8026
47,8027
41,8028
41,8029
13,8030
13,8031
47,8032
47,8033
13,8034
41,8035
13,8036
13,8037
13,8038
17,8039
18,8040
7,8041
35,8042
27,8043
19,8044
19,8045
12,8046
27,8047
3,8048
12,8049
19,8050
19,8051
12,8052
19,8053
27,8054
35,8055
12,8056
19,8057
27,8058
12,8059
35,8060
27,8061
35,8062
35,8063
35,8064
3,8065
12,8066
3,8067
27,8068
35,8069
3,8070
12,8071
3,8072
12,8073
35,8074
27,8075
3,8076
3,8077
35,8078
35,8079
3,8080
12,8081
3,8082
27,8083
19,8084
12,8085
19,8086
3,8087
12,8088
27,8089
27,8090
27,8091
27,8092
27,8093
35,8094
3,8095
3,8096
19,8097
19,8098
12,8099
27,8100
3,8101
27,8102
35,8103
35,8104
35,8105
3,8106
35,8107
12,8108
3,8109
27,8110
12,8111
3,8112
3,8113
19,8114
12,8115
12,8116
12,8117
27,8118
2,8119
2,8120
44,8121
44,8122
2,8123
44,8124
22,8125
22,8126
22,8127
20,8128
48,8129
20,8130
48,8131
48,8132
22,8133
11,8134
11,8135
28,8136
34,8137
16,8138
15,8139
15,8140
1,8141
45,8142
15,8143
16,8144
15,8145
16,8146
34,8147
1,8148
43,8149
43,8150
1,8151
45,8152
1,8153
49,8154
40,8155
26,8156
4,8157
4,8158
4,8159
42,8160
40,8161
40,8162
42,8163
31,8164
31,8165
31,8166
25,8167
25,8168
25,8169
25,8170
25,8171
6,8172
36,8173
36,8174
36,8175
23,8176
21,8177
24,8178
24,8179
38,8180
8,8181
38,8182
9,8183
8,8184
23,8185
39,8186
38,8187
9,8188
0,8189
38,8190
38,8191
38,8192
8,8193
37,8194
0,8195
37,8196
38,8197
9,8198
21,8199
37,8200
8,8201
38,8202
39,8203
0,8204
37,8205
21,8206
21,8207
21,8208
29,8209
21,8210
23,8211
21,8212
38,8213
29,8214
39,8215
8,8216
9,8217
37,8218
9,8219
29,8220
21,8221
38,8222
9,8223
24,8224
37,8225
21,8226
9,8227
37,8228
38,8229
8,8230
21,8231
9,8232
9,8233
38,8234
8,8235
8,8236
21,8237
39,8238
9,8239
37,8240
23,8241
9,8242
29,8243
9,8244
23,8245
29,8246
21,8247
39,8248
8,8249
24,8250
21,8251
37,8252
38,8253
0,8254
8,8255
29,8256
29,8257
29,8258
24,8259
0,8260
23,8261
37,8262
0,8263
9,8264
39,8265
23,8266
29,8267
29,8268
37,8269
21,8270
8,8271
24,8272
9,8273
39,8274
21,8275
39,8276
23,8277
8,8278
38,8279
38,8280
29,8281
37,8282
29,8283
9,8284
8,8285
0,8286
9,8287
23,8288
37,8289
0,8290
24,8291
21,8292
41,8293
47,8294
17,8295
47,8296
13,8297
13,8298
47,8299
17,8300
47,8301
41,8302
17,8303
47,8304
13,8305
13,8306
47,8307
47,8308
17,8309
18,8310
7,8311
7,8312
18,8313
7,8314
18,8315
7,8316
35,8317
12,8318
19,8319
35,8320
12,8321
35,8322
12,8323
3,8324
12,8325
19,8326
12,8327
35,8328
35,8329
35,8330
3,8331
12,8332
3,8333
27,8334
19,8335
35,8336
27,8337
35,8338
27,8339
3,8340
3,8341
35,8342
19,8343
12,8344
27,8345
19,8346
27,8347
35,8348
3,8349
27,8350
12,8351
3,8352
19,8353
12,8354
35,8355
27,8356
27,8357
12,8358
3,8359
35,8360
3,8361
3,8362
27,8363
3,8364
19,8365
27,8366
27,8367
19,8368
19,8369
19,8370
35,8371
12,8372
27,8373
3,8374
19,8375
12,8376
19,8377
19,8378
19,8379
12,8380
12,8381
3,8382
27,8383
27,8384
35,8385
27,8386
19,8387
12,8388
3,8389
12,8390
35,8391
12,8392
35,8393
27,8394
27,8395
2,8396
2,8397
44,8398
2,8399
2,8400
44,8401
2,8402
2,8403
44,8404
2,8405
44,8406
22,8407
48,8408
22,8409
11,8410
28,8411
1,8412
16,8413
34,8414
1,8415
43,8416
1,8417
34,8418
45,8419
1,8420
45,8421
15,8422
15,8423
28,8424
16,8425
45,8426
16,8427
16,8428
16,8429
45,8430
34,8431
16,8432
15,8433
45,8434
28,8435
15,8436
28,8437
1,8438
43,8439
15,8440
43,8441
28,8442
45,8443
34,8444
1,8445
16,8446
28,8447
45,8448
45,8449
16,8450
45,8451
16,8452
15,8453
16,8454
28,8455
15,8456
43,8457
1,8458
43,8459
16,8460
16,8461
34,8462
16,8463
16,8464
1,8465
16,8466
28,8467
28,8468
16,8469
43,8470
16,8471
15,8472
16,8473
1,8474
16,8475
15,8476
1,8477
28,8478
45,8479
28,8480
43,8481
34,8482
28,8483
45,8484
34,8485
34,8486
1,8487
43,8488
15,8489
28,8490
15,8491
28,8492
28,8493
34,8494
16,8495
45,8496
15,8497
45,8498
34,8499
16,8500
34,8501
43,8502
43,8503
34,8504
43,8505
34,8506
16,8507
16,8508
34,8509
34,8510
34,8511
1,8512
15,8513
15,8514
15,8515
1,8516
16,8517
43,8518
16,8519
45,8520
28,8521
45,8522
28,8523
15,8524
16,8525
28,8526
34,8527
15,8528
16,8529
28,8530
34,8531
16,8532
43,8533
34,8534
1,8535
15,8536
15,8537
28,8538
15,8539
16,8540
43,8541
28,8542
45,8543
45,8544
43,8545
16,8546
34,8547
34,8548
34,8549
45,8550
1,8551
45,8552
16,8553
15,8554
43,8555
34,8556
15,8557
34,8558
34,8559
34,8560
34,8561
43,8562
15,8563
1,8564
45,8565
28,8566
45,8567
43,8568
34,8569
45,8570
45,8571
45,8572
28,8573
16,8574
34,8575
28,8576
45,8577
28,8578
1,8579
1,8580
49,8581
49,8582
46,8583
32,8584
5,8585
32,8586
46,8587
49,8588
46,8589
5,8590
5,8591
5,8592
46,8593
49,8594
32,8595
32,8596
5,8597
5,8598
5,8599
46,8600
32,8601
49,8602
32,8603
5,8604
5,8605
5,8606
5,8607
46,8608
49,8609
46,8610
32,8611
46,8612
46,8613
5,8614
49,8615
46,8616
46,8617
46,8618
5,8619
46,8620
49,8621
40,8622
42,8623
4,8624
42,8625
42,8626
31,8627
25,8628
6,8629
31,8630
31,8631
6,8632
25,8633
10,8634
25,8635
25,8636
10,8637
10,8638
25,8639
10,8640
6,8641
10,8642
10,8643
31,8644
10,8645
10,8646
31,8647
25,8648
6,8649
10,8650
25,8651
31,8652
6,8653
10,8654
25,8655
6,8656
6,8657
31,8658
6,8659
6,8660
10,8661
31,8662
31,8663
31,8664
10,8665
25,8666
6,8667
6,8668
10,8669
25,8670
6,8671
36,8672
23,8673
39,8674
0,8675
23,8676
21,8677
8,8678
38,8679
38,8680
23,8681
29,8682
39,8683
24,8684
0,8685
38,8686
9,8687
0,8688
0,8689
9,8690
0,8691
23,8692
38,8693
0,8694
24,8695
21,8696
9,8697
29,8698
0,8699
21,8700
37,8701
8,8702
21,8703
9,8704
21,8705
0,8706
39,8707
37,8708
21,8709
38,8710
0,8711
0,8712
9,8713
38,8714
8,8715
21,8716
29,8717
9,8718
23,8719
24,8720
9,8721
8,8722
21,8723
39,8724
21,8725
23,8726
8,8727
9,8728
29,8729
29,8730
23,8731
29,8732
24,8733
9,8734
9,8735
29,8736
37,8737
39,8738
38,8739
21,8740
37,8741
21,8742
0,8743
38,8744
21,8745
29,8746
9,8747
38,8748
8,8749
9,8750
24,8751
8,8752
8,8753
37,8754
37,8755
8,8756
38,8757
9,8758
23,8759
24,8760
23,8761
9,8762
39,8763
9,8764
21,8765
39,8766
21,8767
24,8768
38,8769
23,8770
9,8771
23,8772
39,8773
21,8774
39,8775
29,8776
23,8777
24,8778
38,8779
39,8780
8,8781
29,8782
24,8783
39,8784
8,8785
38,8786
9,8787
38,8788
21,8789
38,8790
9,8791
29,8792
29,8793
37,8794
39,8795
29,8796
23,8797
24,8798
38,8799
29,8800
29,8801
29,8802
0,8803
39,8804
38,8805
0,8806
23,8807
0,8808
9,8809
24,8810
0,8811
9,8812
39,8813
0,8814
21,8815
0,8816
23,8817
9,8818
37,8819
29,8820
38,8821
23,8822
9,8823
23,8824
24,8825
8,8826
38,8827
24,8828
37,8829
23,8830
9,8831
37,8832
37,8833
37,8834
0,8835
37,8836
37,8837
23,8838
8,8839
29,8840
9,8841
39,8842
0,8843
29,8844
29,8845
23,8846
23,8847
39,8848
24,8849
0,8850
23,8851
21,8852
0,8853
9,8854
39,8855
24,8856
8,8857
8,8858
21,8859
39,8860
39,8861
8,8862
24,8863
9,8864
38,8865
23,8866
0,8867
21,8868
21,8869
37,8870
23,8871
38,8872
9,8873
29,8874
38,8875
0,8876
8,8877
29,8878
9,8879
38,8880
8,8881
24,8882
24,8883
29,8884
37,8885
0,8886
37,8887
0,8888
24,8889
0,8890
24,8891
9,8892
29,8893
8,8894
21,8895
8,8896
0,8897
23,8898
38,8899
0,8900
9,8901
23,8902
38,8903
24,8904
0,8905
0,8906
21,8907
24,8908
23,8909
0,8910
37,8911
23,8912
8,8913
37,8914
9,8915
23,8916
39,8917
37,8918
29,8919
0,8920
37,8921
38,8922
24,8923
8,8924
24,8925
29,8926
24,8927
24,8928
39,8929
38,8930
38,8931
23,8932
21,8933
24,8934
9,8935
9,8936
38,8937
39,8938
37,8939
37,8940
0,8941
23,8942
9,8943
23,8944
29,8945
38,8946
21,8947
37,8948
39,8949
38,8950
8,8951
0,8952
38,8953
39,8954
23,8955
38,8956
0,8957
9,8958
9,8959
0,8960
9,8961
37,8962
29,8963
9,8964
9,8965
29,8966
9,8967
29,8968
0,8969
38,8970
9,8971
37,8972
39,8973
9,8974
38,8975
39,8976
29,8977
8,8978
29,8979
39,8980
9,8981
39,8982
8,8983
0,8984
21,8985
29,8986
38,8987
29,8988
9,8989
29,8990
8,8991
39,8992
37,8993
24,8994
38,8995
21,8996
9,8997
38,8998
0,8999
24,9000
29,9001
23,9002
21,9003
29,9004
24,9005
23,9006
0,9007
23,9008
23,9009
8,9010
39,9011
37,9012
0,9013
39,9014
9,9015
8,9016
37,9017
9,9018
23,9019
24,9020
0,9021
8,9022
37,9023
24,9024
8,9025
0,9026
29,9027
8,9028
0,9029
21,9030
39,9031
37,9032
39,9033
38,9034
29,9035
21,9036
39,9037
9,9038
39,9039
21,9040
41,9041
41,9042
47,9043
41,9044
47,9045
13,9046
47,9047
47,9048
47,9049
13,9050
17,9051
13,9052
17,9053
47,9054
13,9055
13,9056
47,9057
47,9058
47,9059
17,9060
47,9061
13,9062
41,9063
17,9064
18,9065
33,9066
14,9067
7,9068
33,9069
33,9070
18,9071
7,9072
35,9073
19,9074
12,9075
12,9076
35,9077
12,9078
19,9079
27,9080
35,9081
19,9082
35,9083
12,9084
19,9085
19,9086
19,9087
27,9088
27,9089
3,9090
27,9091
2,9092
2,9093
44,9094
44,9095
22,9096
48,9097
20,9098
48,9099
20,9100
48,9101
22,9102
11,9103
11,9104
11,9105
28,9106
16,9107
1,9108
45,9109
28,9110
28,9111
28,9112
16,9113
16,9114
45,9115
43,9116
16,9117
28,9118
45,9119
15,9120
1,9121
49,9122
40,9123
40,9124
26,9125
4,9126
40,9127
42,9128
4,9129
40,9130
40,9131
26,9132
26,9133
40,9134
42,9135
42,9136
26,9137
40,9138
4,9139
26,9140
42,9141
31,9142
10,9143
10,9144
25,9145
10,9146
25,9147
31,9148
25,9149
6,9150
10,9151
31,9152
31,9153
25,9154
10,9155
10,9156
25,9157
31,9158
31,9159
31,9160
6,9161
10,9162
6,9163
31,9164
31,9165
31,9166
25,9167
10,9168
10,9169
25,9170
31,9171
6,9172
25,9173
31,9174
10,9175
25,9176
31,9177
10,9178
10,9179
31,9180
25,9181
25,9182
25,9183
25,9184
25,9185
10,9186
25,9187
31,9188
6,9189
25,9190
6,9191
10,9192
6,9193
31,9194
25,9195
31,9196
31,9197
10,9198
25,9199
31,9200
25,9201
31,9202
31,9203
6,9204
6,9205
31,9206
31,9207
31,9208
10,9209
10,9210
25,9211
31,9212
10,9213
10,9214
31,9215
31,9216
6,9217
6,9218
25,9219
31,9220
25,9221
10,9222
25,9223
25,9224
6,9225
25,9226
25,9227
31,9228
31,9229
6,9230
36,9231
30,9232
30,9233
30,9234
36,9235
36,9236
30,9237
36,9238
36,9239
30,9240
36,9241
36,9242
30,9243
36,9244
23,9245
8,9246
21,9247
23,9248
24,9249
8,9250
29,9251
8,9252
21,9253
23,9254
24,9255
29,9256
38,9257
0,9258
21,9259
41,9260
41,9261
13,9262
47,9263
41,9264
41,9265
47,9266
41,9267
13,9268
17,9269
13,9270
17,9271
41,9272
13,9273
17,9274
47,9275
17,9276
41,9277
41,9278
47,9279
41,9280
13,9281
41,9282
17,9283
41,9284
41,9285
13,9286
47,9287
47,9288
17,9289
47,9290
17,9291
18,9292
14,9293
14,9294
18,9295
18,9296
18,9297
7,9298
35,9299
27,9300
12,9301
27,9302
3,9303
12,9304
3,9305
3,9306
19,9307
3,9308
12,9309
27,9310
27,9311
2,9312
2,9313
2,9314
44,9315
44,9316
44,9317
44,9318
2,9319
2,9320
2,9321
2,9322
2,9323
44,9324
44,9325
44,9326
22,9327
20,9328
22,9329
20,9330
48,9331
20,9332
20,9333
48,9334
48,9335
20,9336
20,9337
22,9338
11,9339
11,9340
11,9341
28,9342
28,9343
43,9344
45,9345
16,9346
16,9347
28,9348
1,9349
15,9350
15,9351
45,9352
45,9353
1,9354
45,9355
1,9356
49,9357
5,9358
32,9359
46,9360
32,9361
49,9362
46,9363
49,9364
32,9365
5,9366
5,9367
49,9368
49,9369
5,9370
5,9371
49,9372
40,9373
42,9374
40,9375
4,9376
26,9377
42,9378
40,9379
4,9380
4,9381
42,9382
4,9383
4,9384
26,9385
26,9386
4,9387
40,9388
4,9389
42,9390
26,9391
42,9392
40,9393
26,9394
42,9395
31,9396
10,9397
25,9398
25,9399
6,9400
25,9401
31,9402
31,9403
31,9404
31,9405
6,9406
25,9407
25,9408
25,9409
10,9410
25,9411
25,9412
6,9413
31,9414
10,9415
6,9416
36,9417
36,9418
23,9419
9,9420
39,9421
38,9422
9,9423
37,9424
8,9425
24,9426
23,9427
37,9428
23,9429
24,9430
39,9431
21,9432
21,9433
9,9434
21,9435
41,9436
47,9437
41,9438
41,9439
13,9440
13,9441
41,9442
17,9443
13,9444
13,9445
41,9446
47,9447
13,9448
17,9449
41,9450
17,9451
47,9452
47,9453
47,9454
47,9455
41,9456
41,9457
13,9458
17,9459
18,9460
7,9461
33,9462
18,9463
33,9464
7,9465
35,9466
35,9467
35,9468
12,9469
35,9470
12,9471
35,9472
27,9473
12,9474
19,9475
3,9476
35,9477
3,9478
35,9479
27,9480
35,9481
12,9482
35,9483
12,9484
35,9485
35,9486
12,9487
12,9488
12,9489
19,9490
12,9491
27,9492
12,9493
35,9494
12,9495
12,9496
35,9497
27,9498
12,9499
35,9500
35,9501
3,9502
12,9503
3,9504
19,9505
3,9506
12,9507
27,9508
3,9509
35,9510
19,9511
35,9512
3,9513
35,9514
3,9515
35,9516
27,9517
35,9518
27,9519
12,9520
35,9521
19,9522
3,9523
27,9524
3,9525
27,9526
12,9527
35,9528
35,9529
3,9530
19,9531
19,9532
12,9533
35,9534
35,9535
19,9536
3,9537
12,9538
35,9539
19,9540
3,9541
12,9542
19,9543
3,9544
19,9545
35,9546
35,9547
35,9548
27,9549
27,9550
12,9551
27,9552
12,9553
35,9554
3,9555
27,9556
12,9557
35,9558
19,9559
27,9560
27,9561
27,9562
27,9563
19,9564
12,9565
19,9566
35,9567
27,9568
2,9569
44,9570
44,9571
2,9572
2,9573
44,9574
22,9575
20,9576
48,9577
22,9578
48,9579
22,9580
22,9581
20,9582
22,9583
20,9584
48,9585
22,9586
11,9587
11,9588
11,9589
11,9590
28,9591
16,9592
45,9593
1,9594
15,9595
1,9596
1,9597
16,9598
34,9599
1,9600
16,9601
45,9602
45,9603
34,9604
45,9605
45,9606
28,9607
34,9608
34,9609
34,9610
43,9611
45,9612
34,9613
45,9614
43,9615
45,9616
43,9617
16,9618
16,9619
1,9620
34,9621
28,9622
43,9623
28,9624
28,9625
16,9626
43,9627
34,9628
15,9629
34,9630
28,9631
28,9632
28,9633
1,9634
43,9635
15,9636
16,9637
45,9638
16,9639
15,9640
15,9641
16,9642
45,9643
43,9644
34,9645
16,9646
28,9647
43,9648
45,9649
34,9650
43,9651
28,9652
16,9653
28,9654
34,9655
45,9656
45,9657
45,9658
1,9659
16,9660
16,9661
34,9662
45,9663
34,9664
28,9665
1,9666
45,9667
1,9668
49,9669
40,9670
40,9671
4,9672
26,9673
42,9674
40,9675
42,9676
4,9677
42,9678
26,9679
40,9680
4,9681
4,9682
4,9683
42,9684
40,9685
26,9686
4,9687
42,9688
4,9689
40,9690
40,9691
40,9692
26,9693
42,9694
26,9695
42,9696
31,9697
31,9698
10,9699
10,9700
10,9701
31,9702
6,9703
6,9704
6,9705
25,9706
31,9707
10,9708
25,9709
10,9710
10,9711
10,9712
10,9713
25,9714
31,9715
25,9716
25,9717
25,9718
31,9719
25,9720
10,9721
25,9722
25,9723
25,9724
10,9725
6,9726
10,9727
31,9728
25,9729
31,9730
31,9731
10,9732
25,9733
6,9734
6,9735
10,9736
10,9737
31,9738
31,9739
6,9740
31,9741
25,9742
31,9743
25,9744
10,9745
25,9746
31,9747
6,9748
25,9749
10,9750
6,9751
6,9752
10,9753
31,9754
31,9755
10,9756
10,9757
31,9758
25,9759
25,9760
25,9761
25,9762
6,9763
36,9764
23,9765
21,9766
37,9767
39,9768
0,9769
9,9770
21,9771
29,9772
21,9773
29,9774
0,9775
24,9776
21,9777
37,9778
9,9779
29,9780
38,9781
38,9782
29,9783
9,9784
23,9785
24,9786
8,9787
9,9788
39,9789
8,9790
38,9791
23,9792
23,9793
9,9794
39,9795
21,9796
0,9797
23,9798
23,9799
24,9800
29,9801
8,9802
24,9803
29,9804
21,9805
24,9806
24,9807
38,9808
23,9809
8,9810
9,9811
23,9812
38,9813
21,9814
29,9815
39,9816
38,9817
9,9818
21,9819
38,9820
24,9821
38,9822
23,9823
23,9824
29,9825
39,9826
8,9827
21,9828
37,9829
8,9830
0,9831
9,9832
8,9833
23,9834
0,9835
9,9836
24,9837
24,9838
9,9839
24,9840
8,9841
24,9842
0,9843
39,9844
8,9845
8,9846
29,9847
23,9848
0,9849
23,9850
21,9851
23,9852
29,9853
38,9854
38,9855
37,9856
0,9857
21,9858
21,9859
24,9860
29,9861
9,9862
24,9863
8,9864
21,9865
24,9866
9,9867
0,9868
29,9869
38,9870
39,9871
21,9872
37,9873
29,9874
9,9875
29,9876
39,9877
24,9878
38,9879
37,9880
8,9881
29,9882
29,9883
21,9884
9,9885
38,9886
37,9887
38,9888
9,9889
8,9890
29,9891
39,9892
38,9893
29,9894
23,9895
21,9896
37,9897
37,9898
39,9899
21,9900
0,9901
37,9902
0,9903
0,9904
39,9905
29,9906
37,9907
29,9908
39,9909
29,9910
37,9911
29,9912
0,9913
38,9914
39,9915
9,9916
21,9917
23,9918
39,9919
9,9920
21,9921
8,9922
37,9923
8,9924
39,9925
0,9926
23,9927
23,9928
37,9929
8,9930
29,9931
21,9932
29,9933
21,9934
39,9935
24,9936
9,9937
9,9938
38,9939
23,9940
37,9941
23,9942
21,9943
8,9944
0,9945
0,9946
9,9947
8,9948
21,9949
0,9950
23,9951
24,9952
24,9953
9,9954
0,9955
39,9956
29,9957
37,9958
23,9959
9,9960
24,9961
8,9962
9,9963
9,9964
24,9965
0,9966
21,9967
23,9968
9,9969
21,9970
0,9971
39,9972
23,9973
38,9974
8,9975
21,9976
21,9977
29,9978
29,9979
0,9980
23,9981
9,9982
37,9983
24,9984
9,9985
37,9986
24,9987
37,9988
8,9989
8,9990
37,9991
37,9992
8,9993
9,9994
29,9995
24,9996
29,9997
29,9998
9,9999
