24,0
21,1
38,2
36,3
15,4
32,5
35,6
38,7
6,8
30,9
18,10
32,11
17,12
0,13
2,14
30,15
8,16
19,17
9,18
11,19
3,20
14,21
1,22
26,23
17,24
0,25
8,26
20,27
35,28
37,29
35,30
37,31
35,32
39,33
6,34
24,35
1,36
24,37
17,38
0,39
37,40
12,41
24,42
7,43
2,44
21,45
22,46
17,47
13,48
17,49
39,50
38,51
0,52
11,53
19,54
30,55
31,56
33,57
30,58
25,59
9,60
18,61
35,62
31,63
16,64
14,65
23,66
4,67
17,68
12,69
25,70
33,71
16,72
34,73
3,74
5,75
34,76
11,77
34,78
1,79
22,80
15,81
32,82
23,83
29,84
38,85
1,86
29,87
6,88
25,89
37,90
10,91
13,92
15,93
8,94
12,95
25,96
21,97
33,98
33,99
15,100
8,101
1,102
11,103
1,104
37,105
5,106
11,107
27,108
31,109
9,110
2,111
33,112
34,113
11,114
27,115
29,116
6,117
27,118
29,119
37,120
6,121
34,122
15,123
9,124
13,125
6,126
6,127
39,128
14,129
6,130
31,131
29,132
28,133
17,134
4,135
15,136
6,137
26,138
21,139
20,140
28,141
30,142
0,143
39,144
14,145
23,146
15,147
17,148
9,149
10,150
4,151
36,152
39,153
37,154
23,155
21,156
30,157
2,158
26,159
15,160
14,161
9,162
23,163
20,164
4,165
34,166
38,167
15,168
31,169
38,170
30,171
22,172
15,173
1,174
10,175
19,176
34,177
19,178
9,179
24,180
10,181
6,182
27,183
9,184
28,185
11,186
35,187
11,188
39,189
11,190
24,191
29,192
7,193
18,194
36,195
11,196
15,197
25,198
11,199
19,200
15,201
11,202
32,203
6,204
39,205
4,206
26,207
15,208
12,209
26,210
27,211
21,212
2,213
8,214
37,215
14,216
0,217
5,218
17,219
31,220
9,221
19,222
30,223
22,224
1,225
33,226
2,227
18,228
24,229
36,230
3,231
36,232
28,233
30,234
36,235
39,236
12,237
25,238
16,239
7,240
19,241
25,242
0,243
5,244
21,245
16,246
26,247
18,248
5,249
22,250
7,251
21,252
30,253
24,254
5,255
5,256
17,257
24,258
1,259
16,260
13,261
5,262
25,263
14,264
9,265
22,266
35,267
16,268
13,269
9,270
13,271
1,272
27,273
36,274
13,275
35,276
11,277
6,278
26,279
32,280
18,281
2,282
25,283
12,284
28,285
14,286
7,287
35,288
33,289
14,290
11,291
39,292
39,293
9,294
15,295
2,296
5,297
11,298
20,299
4,300
23,301
9,302
2,303
21,304
7,305
26,306
39,307
28,308
3,309
38,310
29,311
18,312
9,313
2,314
18,315
8,316
7,317
38,318
25,319
21,320
9,321
39,322
7,323
32,324
18,325
12,326
27,327
6,328
13,329
34,330
29,331
17,332
26,333
10,334
33,335
32,336
12,337
13,338
3,339
7,340
2,341
16,342
6,343
3,344
35,345
14,346
2,347
37,348
25,349
18,350
20,351
28,352
39,353
7,354
16,355
28,356
3,357
21,358
21,359
28,360
3,361
5,362
14,363
39,364
39,365
28,366
37,367
10,368
21,369
1,370
22,371
21,372
10,373
2,374
17,375
33,376
1,377
15,378
31,379
32,380
28,381
6,382
1,383
25,384
5,385
27,386
23,387
22,388
23,389
3,390
31,391
14,392
6,393
5,394
17,395
22,396
18,397
10,398
16,399
38,400
15,401
39,402
7,403
35,404
14,405
9,406
15,407
38,408
36,409
33,410
9,411
4,412
8,413
33,414
35,415
24,416
33,417
14,418
13,419
16,420
11,421
36,422
13,423
39,424
4,425
17,426
33,427
31,428
1,429
37,430
18,431
33,432
8,433
25,434
38,435
35,436
3,437
33,438
28,439
8,440
35,441
11,442
37,443
33,444
1,445
36,446
32,447
24,448
16,449
19,450
15,451
22,452
21,453
5,454
27,455
12,456
11,457
38,458
0,459
22,460
38,461
35,462
6,463
28,464
6,465
32,466
29,467
29,468
20,469
8,470
11,471
24,472
35,473
21,474
24,475
17,476
17,477
39,478
25,479
36,480
23,481
3,482
14,483
27,484
29,485
36,486
11,487
30,488
15,489
7,490
17,491
10,492
7,493
2,494
24,495
25,496
19,497
32,498
38,499
27,500
4,501
35,502
28,503
17,504
21,505
1,506
29,507
0,508
11,509
0,510
31,511
5,512
22,513
25,514
2,515
22,516
14,517
13,518
3,519
16,520
21,521
39,522
29,523
28,524
9,525
35,526
23,527
2,528
0,529
5,530
6,531
4,532
24,533
10,534
21,535
39,536
28,537
5,538
15,539
11,540
8,541
2,542
26,543
21,544
25,545
30,546
0,547
1,548
33,549
14,550
8,551
15,552
4,553
19,554
36,555
16,556
15,557
38,558
8,559
20,560
36,561
26,562
29,563
39,564
24,565
17,566
39,567
14,568
30,569
24,570
39,571
24,572
32,573
8,574
37,575
7,576
3,577
31,578
35,579
30,580
5,581
9,582
13,583
37,584
12,585
7,586
24,587
26,588
35,589
13,590
32,591
2,592
36,593
39,594
17,595
15,596
38,597
22,598
6,599
32,600
35,601
8,602
9,603
2,604
33,605
17,606
39,607
0,608
37,609
12,610
34,611
32,612
7,613
4,614
28,615
13,616
37,617
8,618
5,619
17,620
28,621
9,622
9,623
22,624
14,625
16,626
30,627
2,628
18,629
37,630
5,631
0,632
33,633
38,634
9,635
11,636
3,637
25,638
18,639
29,640
6,641
34,642
7,643
35,644
31,645
13,646
17,647
31,648
37,649
28,650
36,651
13,652
4,653
15,654
17,655
8,656
12,657
0,658
1,659
19,660
7,661
6,662
37,663
6,664
9,665
39,666
35,667
8,668
4,669
7,670
16,671
30,672
2,673
23,674
11,675
25,676
25,677
24,678
24,679
8,680
15,681
37,682
26,683
23,684
38,685
12,686
1,687
4,688
6,689
33,690
27,691
12,692
25,693
7,694
35,695
14,696
21,697
12,698
10,699
31,700
39,701
18,702
12,703
25,704
27,705
29,706
26,707
22,708
0,709
11,710
11,711
14,712
11,713
9,714
39,715
17,716
15,717
6,718
18,719
1,720
12,721
6,722
32,723
20,724
5,725
19,726
38,727
39,728
14,729
7,730
11,731
0,732
22,733
10,734
32,735
32,736
25,737
8,738
9,739
28,740
6,741
10,742
25,743
21,744
17,745
30,746
23,747
16,748
25,749
25,750
35,751
3,752
36,753
31,754
5,755
34,756
6,757
25,758
37,759
15,760
11,761
25,762
19,763
25,764
10,765
0,766
16,767
23,768
14,769
5,770
8,771
20,772
18,773
5,774
22,775
28,776
3,777
35,778
10,779
31,780
12,781
1,782
3,783
12,784
17,785
30,786
27,787
6,788
17,789
6,790
34,791
37,792
23,793
20,794
33,795
12,796
26,797
29,798
6,799
18,800
5,801
11,802
18,803
0,804
6,805
5,806
25,807
1,808
15,809
22,810
2,811
7,812
25,813
31,814
5,815
37,816
2,817
24,818
21,819
17,820
24,821
4,822
7,823
22,824
0,825
38,826
21,827
32,828
8,829
32,830
24,831
1,832
22,833
37,834
28,835
17,836
10,837
18,838
21,839
22,840
15,841
24,842
20,843
21,844
5,845
19,846
26,847
18,848
9,849
30,850
38,851
36,852
17,853
20,854
5,855
8,856
11,857
39,858
17,859
10,860
35,861
23,862
22,863
22,864
39,865
12,866
31,867
29,868
10,869
31,870
9,871
20,872
28,873
3,874
10,875
7,876
1,877
22,878
35,879
36,880
19,881
22,882
27,883
7,884
0,885
11,886
37,887
5,888
25,889
24,890
20,891
7,892
18,893
33,894
0,895
24,896
22,897
15,898
32,899
30,900
14,901
27,902
36,903
19,904
6,905
23,906
11,907
20,908
15,909
35,910
10,911
10,912
22,913
6,914
7,915
10,916
13,917
24,918
14,919
5,920
12,921
3,922
26,923
25,924
34,925
24,926
18,927
36,928
30,929
29,930
24,931
28,932
5,933
28,934
12,935
22,936
12,937
7,938
26,939
10,940
10,941
8,942
25,943
4,944
34,945
10,946
22,947
14,948
3,949
35,950
1,951
18,952
23,953
12,954
32,955
2,956
21,957
30,958
8,959
15,960
15,961
11,962
3,963
4,964
30,965
19,966
27,967
33,968
25,969
27,970
5,971
9,972
19,973
22,974
22,975
17,976
33,977
39,978
14,979
13,980
9,981
28,982
30,983
30,984
9,985
21,986
27,987
31,988
35,989
34,990
11,991
17,992
5,993
20,994
12,995
29,996
28,997
13,998
9,999
31,1000
10,1001
3,1002
26,1003
21,1004
4,1005
18,1006
3,1007
39,1008
12,1009
34,1010
0,1011
18,1012
21,1013
15,1014
35,1015
1,1016
36,1017
11,1018
36,1019
26,1020
33,1021
22,1022
25,1023
16,1024
8,1025
6,1026
6,1027
31,1028
5,1029
22,1030
1,1031
5,1032
31,1033
17,1034
13,1035
20,1036
18,1037
11,1038
36,1039
35,1040
10,1041
31,1042
10,1043
25,1044
6,1045
34,1046
25,1047
1,1048
12,1049
31,1050
34,1051
6,1052
27,1053
16,1054
21,1055
33,1056
6,1057
29,1058
10,1059
11,1060
23,1061
35,1062
4,1063
2,1064
10,1065
7,1066
27,1067
14,1068
12,1069
34,1070
14,1071
13,1072
11,1073
35,1074
14,1075
0,1076
15,1077
15,1078
33,1079
31,1080
16,1081
23,1082
20,1083
20,1084
31,1085
28,1086
34,1087
26,1088
39,1089
20,1090
27,1091
36,1092
10,1093
15,1094
21,1095
1,1096
12,1097
7,1098
36,1099
35,1100
34,1101
12,1102
18,1103
19,1104
26,1105
28,1106
3,1107
11,1108
14,1109
15,1110
26,1111
35,1112
3,1113
9,1114
36,1115
20,1116
18,1117
15,1118
26,1119
39,1120
24,1121
32,1122
1,1123
28,1124
29,1125
3,1126
33,1127
4,1128
31,1129
21,1130
28,1131
36,1132
4,1133
0,1134
11,1135
30,1136
39,1137
0,1138
18,1139
6,1140
20,1141
12,1142
34,1143
17,1144
33,1145
22,1146
6,1147
8,1148
39,1149
39,1150
22,1151
27,1152
37,1153
35,1154
39,1155
6,1156
29,1157
39,1158
34,1159
32,1160
37,1161
11,1162
5,1163
13,1164
12,1165
12,1166
4,1167
1,1168
1,1169
19,1170
29,1171
6,1172
24,1173
33,1174
9,1175
32,1176
8,1177
21,1178
2,1179
23,1180
32,1181
31,1182
17,1183
35,1184
4,1185
20,1186
24,1187
23,1188
32,1189
15,1190
18,1191
11,1192
23,1193
11,1194
37,1195
20,1196
34,1197
13,1198
32,1199
9,1200
35,1201
29,1202
3,1203
21,1204
32,1205
7,1206
35,1207
21,1208
10,1209
18,1210
12,1211
0,1212
37,1213
24,1214
30,1215
20,1216
32,1217
39,1218
0,1219
34,1220
6,1221
2,1222
37,1223
28,1224
21,1225
13,1226
14,1227
4,1228
30,1229
16,1230
12,1231
9,1232
25,1233
28,1234
21,1235
31,1236
35,1237
22,1238
1,1239
34,1240
14,1241
3,1242
19,1243
20,1244
30,1245
23,1246
9,1247
13,1248
17,1249
19,1250
36,1251
29,1252
32,1253
5,1254
15,1255
33,1256
22,1257
16,1258
22,1259
26,1260
25,1261
14,1262
12,1263
18,1264
18,1265
17,1266
15,1267
7,1268
22,1269
35,1270
31,1271
2,1272
14,1273
29,1274
32,1275
1,1276
30,1277
19,1278
36,1279
4,1280
15,1281
31,1282
26,1283
28,1284
7,1285
33,1286
37,1287
15,1288
25,1289
27,1290
5,1291
3,1292
36,1293
30,1294
3,1295
32,1296
39,1297
25,1298
25,1299
4,1300
13,1301
28,1302
16,1303
2,1304
19,1305
23,1306
39,1307
37,1308
12,1309
18,1310
34,1311
22,1312
2,1313
13,1314
19,1315
34,1316
19,1317
7,1318
38,1319
34,1320
6,1321
1,1322
26,1323
8,1324
39,1325
21,1326
8,1327
12,1328
12,1329
6,1330
10,1331
37,1332
35,1333
30,1334
9,1335
28,1336
30,1337
7,1338
26,1339
35,1340
22,1341
1,1342
14,1343
11,1344
37,1345
18,1346
18,1347
11,1348
28,1349
30,1350
29,1351
19,1352
27,1353
11,1354
32,1355
15,1356
4,1357
2,1358
24,1359
15,1360
22,1361
12,1362
25,1363
25,1364
28,1365
12,1366
26,1367
36,1368
0,1369
36,1370
31,1371
12,1372
23,1373
28,1374
6,1375
37,1376
10,1377
31,1378
22,1379
2,1380
13,1381
15,1382
8,1383
22,1384
29,1385
25,1386
15,1387
4,1388
24,1389
2,1390
31,1391
38,1392
4,1393
24,1394
8,1395
13,1396
15,1397
30,1398
17,1399
28,1400
15,1401
4,1402
25,1403
1,1404
16,1405
13,1406
16,1407
37,1408
3,1409
19,1410
35,1411
18,1412
11,1413
0,1414
0,1415
4,1416
26,1417
1,1418
9,1419
30,1420
20,1421
8,1422
13,1423
3,1424
8,1425
22,1426
34,1427
5,1428
13,1429
39,1430
20,1431
13,1432
33,1433
6,1434
25,1435
36,1436
13,1437
36,1438
29,1439
5,1440
18,1441
6,1442
3,1443
6,1444
34,1445
25,1446
30,1447
5,1448
5,1449
9,1450
2,1451
33,1452
30,1453
18,1454
17,1455
8,1456
13,1457
11,1458
32,1459
30,1460
9,1461
18,1462
35,1463
29,1464
30,1465
0,1466
25,1467
9,1468
21,1469
22,1470
31,1471
35,1472
9,1473
0,1474
10,1475
13,1476
0,1477
33,1478
26,1479
26,1480
32,1481
4,1482
33,1483
33,1484
12,1485
7,1486
39,1487
19,1488
37,1489
13,1490
38,1491
1,1492
13,1493
3,1494
26,1495
32,1496
35,1497
0,1498
33,1499
5,1500
7,1501
26,1502
12,1503
36,1504
19,1505
20,1506
23,1507
37,1508
39,1509
8,1510
23,1511
37,1512
8,1513
36,1514
27,1515
16,1516
11,1517
2,1518
17,1519
9,1520
11,1521
17,1522
6,1523
21,1524
29,1525
35,1526
34,1527
20,1528
1,1529
26,1530
25,1531
23,1532
39,1533
18,1534
4,1535
3,1536
34,1537
17,1538
8,1539
5,1540
6,1541
30,1542
27,1543
37,1544
23,1545
12,1546
39,1547
2,1548
19,1549
34,1550
37,1551
17,1552
0,1553
36,1554
30,1555
4,1556
16,1557
17,1558
10,1559
38,1560
35,1561
1,1562
32,1563
7,1564
2,1565
21,1566
16,1567
1,1568
14,1569
18,1570
13,1571
18,1572
2,1573
33,1574
37,1575
15,1576
12,1577
25,1578
20,1579
21,1580
13,1581
39,1582
20,1583
36,1584
39,1585
37,1586
17,1587
37,1588
4,1589
30,1590
2,1591
31,1592
11,1593
39,1594
11,1595
22,1596
10,1597
5,1598
30,1599
13,1600
8,1601
1,1602
1,1603
20,1604
15,1605
0,1606
23,1607
15,1608
25,1609
35,1610
15,1611
32,1612
37,1613
34,1614
12,1615
30,1616
12,1617
4,1618
27,1619
30,1620
0,1621
25,1622
39,1623
0,1624
36,1625
24,1626
25,1627
11,1628
25,1629
19,1630
15,1631
33,1632
17,1633
5,1634
24,1635
8,1636
12,1637
9,1638
10,1639
33,1640
5,1641
0,1642
32,1643
37,1644
25,1645
10,1646
36,1647
36,1648
32,1649
30,1650
30,1651
25,1652
36,1653
31,1654
36,1655
36,1656
35,1657
9,1658
24,1659
32,1660
3,1661
6,1662
16,1663
18,1664
37,1665
7,1666
10,1667
21,1668
7,1669
3,1670
15,1671
22,1672
19,1673
34,1674
28,1675
28,1676
4,1677
15,1678
8,1679
33,1680
39,1681
11,1682
38,1683
0,1684
36,1685
17,1686
12,1687
36,1688
5,1689
34,1690
18,1691
16,1692
31,1693
11,1694
28,1695
7,1696
4,1697
9,1698
4,1699
5,1700
32,1701
16,1702
20,1703
8,1704
37,1705
1,1706
14,1707
5,1708
28,1709
26,1710
36,1711
24,1712
33,1713
30,1714
37,1715
35,1716
11,1717
15,1718
18,1719
18,1720
23,1721
26,1722
32,1723
26,1724
17,1725
18,1726
11,1727
25,1728
12,1729
7,1730
20,1731
27,1732
4,1733
34,1734
32,1735
28,1736
17,1737
13,1738
8,1739
19,1740
38,1741
16,1742
20,1743
25,1744
8,1745
3,1746
4,1747
29,1748
2,1749
8,1750
8,1751
9,1752
16,1753
9,1754
13,1755
28,1756
3,1757
10,1758
30,1759
5,1760
2,1761
39,1762
22,1763
37,1764
9,1765
3,1766
21,1767
3,1768
1,1769
34,1770
13,1771
10,1772
38,1773
2,1774
19,1775
31,1776
11,1777
10,1778
34,1779
10,1780
15,1781
35,1782
10,1783
7,1784
5,1785
17,1786
10,1787
3,1788
8,1789
0,1790
11,1791
15,1792
33,1793
37,1794
27,1795
1,1796
22,1797
8,1798
38,1799
29,1800
1,1801
5,1802
22,1803
26,1804
38,1805
19,1806
36,1807
15,1808
8,1809
31,1810
2,1811
8,1812
9,1813
31,1814
4,1815
36,1816
0,1817
34,1818
21,1819
22,1820
10,1821
32,1822
28,1823
8,1824
26,1825
8,1826
24,1827
35,1828
27,1829
14,1830
23,1831
29,1832
19,1833
29,1834
28,1835
34,1836
34,1837
9,1838
31,1839
8,1840
24,1841
34,1842
0,1843
2,1844
20,1845
20,1846
20,1847
8,1848
2,1849
23,1850
31,1851
39,1852
31,1853
21,1854
8,1855
30,1856
13,1857
35,1858
28,1859
7,1860
34,1861
10,1862
38,1863
10,1864
10,1865
17,1866
25,1867
19,1868
20,1869
13,1870
15,1871
1,1872
38,1873
26,1874
28,1875
35,1876
33,1877
31,1878
28,1879
37,1880
6,1881
38,1882
26,1883
15,1884
5,1885
36,1886
30,1887
23,1888
38,1889
35,1890
37,1891
37,1892
0,1893
14,1894
8,1895
0,1896
27,1897
29,1898
29,1899
10,1900
6,1901
37,1902
25,1903
13,1904
14,1905
32,1906
23,1907
29,1908
22,1909
14,1910
36,1911
35,1912
29,1913
8,1914
7,1915
14,1916
11,1917
26,1918
6,1919
12,1920
33,1921
35,1922
37,1923
17,1924
16,1925
27,1926
27,1927
22,1928
4,1929
15,1930
15,1931
37,1932
36,1933
30,1934
0,1935
19,1936
0,1937
23,1938
16,1939
21,1940
0,1941
35,1942
1,1943
34,1944
25,1945
10,1946
32,1947
15,1948
11,1949
28,1950
15,1951
39,1952
21,1953
38,1954
11,1955
32,1956
25,1957
17,1958
17,1959
38,1960
37,1961
24,1962
14,1963
24,1964
33,1965
35,1966
3,1967
33,1968
6,1969
31,1970
26,1971
39,1972
35,1973
14,1974
14,1975
14,1976
14,1977
6,1978
35,1979
37,1980
28,1981
35,1982
9,1983
38,1984
29,1985
9,1986
16,1987
30,1988
9,1989
29,1990
37,1991
35,1992
26,1993
38,1994
5,1995
33,1996
5,1997
38,1998
9,1999
10,2000
26,2001
38,2002
1,2003
21,2004
8,2005
33,2006
35,2007
31,2008
27,2009
0,2010
39,2011
0,2012
6,2013
7,2014
16,2015
28,2016
37,2017
24,2018
25,2019
25,2020
8,2021
19,2022
0,2023
7,2024
18,2025
9,2026
18,2027
26,2028
31,2029
31,2030
19,2031
0,2032
17,2033
18,2034
18,2035
35,2036
1,2037
3,2038
30,2039
32,2040
14,2041
11,2042
37,2043
19,2044
28,2045
16,2046
30,2047
33,2048
17,2049
30,2050
23,2051
21,2052
12,2053
27,2054
4,2055
4,2056
30,2057
2,2058
18,2059
0,2060
25,2061
29,2062
17,2063
35,2064
37,2065
26,2066
5,2067
33,2068
0,2069
30,2070
12,2071
9,2072
36,2073
10,2074
4,2075
12,2076
17,2077
19,2078
34,2079
0,2080
11,2081
27,2082
13,2083
33,2084
35,2085
17,2086
9,2087
2,2088
39,2089
28,2090
24,2091
2,2092
36,2093
26,2094
13,2095
23,2096
5,2097
27,2098
25,2099
28,2100
2,2101
3,2102
17,2103
5,2104
7,2105
26,2106
36,2107
13,2108
1,2109
29,2110
11,2111
8,2112
5,2113
36,2114
16,2115
1,2116
9,2117
19,2118
24,2119
14,2120
20,2121
9,2122
12,2123
1,2124
23,2125
28,2126
29,2127
35,2128
25,2129
25,2130
30,2131
15,2132
26,2133
36,2134
23,2135
30,2136
13,2137
18,2138
0,2139
29,2140
17,2141
27,2142
34,2143
31,2144
1,2145
14,2146
39,2147
12,2148
24,2149
12,2150
4,2151
21,2152
25,2153
33,2154
39,2155
37,2156
10,2157
28,2158
35,2159
3,2160
22,2161
32,2162
2,2163
9,2164
26,2165
28,2166
25,2167
15,2168
0,2169
11,2170
36,2171
39,2172
38,2173
15,2174
29,2175
3,2176
31,2177
10,2178
30,2179
0,2180
15,2181
7,2182
2,2183
5,2184
21,2185
25,2186
1,2187
16,2188
18,2189
15,2190
30,2191
38,2192
33,2193
28,2194
9,2195
15,2196
17,2197
29,2198
15,2199
33,2200
2,2201
16,2202
8,2203
11,2204
21,2205
9,2206
33,2207
8,2208
11,2209
39,2210
30,2211
2,2212
31,2213
24,2214
35,2215
36,2216
0,2217
21,2218
39,2219
28,2220
15,2221
2,2222
5,2223
26,2224
36,2225
31,2226
33,2227
20,2228
8,2229
22,2230
1,2231
2,2232
33,2233
25,2234
17,2235
35,2236
10,2237
26,2238
15,2239
38,2240
35,2241
3,2242
9,2243
26,2244
17,2245
14,2246
5,2247
15,2248
37,2249
7,2250
4,2251
39,2252
12,2253
3,2254
24,2255
29,2256
26,2257
12,2258
33,2259
4,2260
7,2261
12,2262
34,2263
9,2264
3,2265
37,2266
20,2267
3,2268
33,2269
21,2270
2,2271
13,2272
9,2273
14,2274
11,2275
1,2276
10,2277
37,2278
23,2279
39,2280
13,2281
16,2282
12,2283
9,2284
39,2285
12,2286
12,2287
28,2288
1,2289
21,2290
13,2291
4,2292
10,2293
17,2294
9,2295
11,2296
24,2297
10,2298
28,2299
6,2300
34,2301
37,2302
33,2303
33,2304
5,2305
30,2306
8,2307
33,2308
25,2309
5,2310
35,2311
37,2312
2,2313
18,2314
24,2315
24,2316
28,2317
23,2318
4,2319
24,2320
23,2321
31,2322
17,2323
5,2324
18,2325
14,2326
19,2327
29,2328
29,2329
7,2330
7,2331
35,2332
9,2333
11,2334
39,2335
37,2336
13,2337
29,2338
6,2339
14,2340
10,2341
18,2342
32,2343
7,2344
1,2345
6,2346
22,2347
27,2348
6,2349
24,2350
27,2351
19,2352
21,2353
5,2354
25,2355
24,2356
25,2357
34,2358
0,2359
6,2360
29,2361
27,2362
21,2363
32,2364
39,2365
38,2366
18,2367
15,2368
2,2369
39,2370
27,2371
18,2372
28,2373
12,2374
9,2375
28,2376
7,2377
11,2378
8,2379
19,2380
8,2381
35,2382
39,2383
36,2384
36,2385
37,2386
3,2387
26,2388
36,2389
22,2390
27,2391
14,2392
8,2393
2,2394
15,2395
37,2396
21,2397
13,2398
36,2399
16,2400
34,2401
16,2402
19,2403
20,2404
25,2405
10,2406
39,2407
23,2408
27,2409
25,2410
33,2411
3,2412
16,2413
25,2414
33,2415
10,2416
18,2417
27,2418
24,2419
27,2420
4,2421
27,2422
38,2423
10,2424
13,2425
23,2426
8,2427
38,2428
23,2429
8,2430
28,2431
4,2432
18,2433
15,2434
20,2435
27,2436
31,2437
17,2438
12,2439
35,2440
11,2441
20,2442
6,2443
38,2444
25,2445
3,2446
39,2447
34,2448
12,2449
7,2450
12,2451
5,2452
12,2453
26,2454
23,2455
9,2456
25,2457
19,2458
10,2459
23,2460
39,2461
37,2462
30,2463
27,2464
17,2465
6,2466
37,2467
23,2468
22,2469
15,2470
33,2471
10,2472
14,2473
38,2474
14,2475
2,2476
37,2477
20,2478
7,2479
35,2480
31,2481
39,2482
27,2483
37,2484
23,2485
24,2486
16,2487
32,2488
10,2489
37,2490
21,2491
22,2492
38,2493
24,2494
32,2495
32,2496
30,2497
35,2498
38,2499
38,2500
19,2501
0,2502
7,2503
24,2504
5,2505
19,2506
36,2507
21,2508
16,2509
6,2510
25,2511
0,2512
29,2513
6,2514
14,2515
20,2516
5,2517
10,2518
37,2519
28,2520
19,2521
5,2522
18,2523
30,2524
16,2525
0,2526
21,2527
17,2528
4,2529
18,2530
14,2531
38,2532
30,2533
27,2534
27,2535
2,2536
11,2537
0,2538
6,2539
35,2540
7,2541
33,2542
10,2543
32,2544
39,2545
25,2546
29,2547
22,2548
13,2549
23,2550
34,2551
18,2552
9,2553
33,2554
28,2555
13,2556
1,2557
20,2558
6,2559
10,2560
10,2561
35,2562
25,2563
12,2564
18,2565
8,2566
20,2567
24,2568
9,2569
32,2570
37,2571
9,2572
2,2573
12,2574
22,2575
1,2576
25,2577
28,2578
25,2579
20,2580
18,2581
18,2582
6,2583
37,2584
13,2585
37,2586
30,2587
35,2588
21,2589
6,2590
33,2591
22,2592
10,2593
4,2594
15,2595
35,2596
16,2597
29,2598
10,2599
23,2600
30,2601
20,2602
20,2603
34,2604
34,2605
5,2606
14,2607
30,2608
18,2609
15,2610
18,2611
11,2612
2,2613
6,2614
8,2615
15,2616
11,2617
23,2618
18,2619
20,2620
25,2621
8,2622
22,2623
13,2624
38,2625
16,2626
32,2627
2,2628
39,2629
37,2630
28,2631
23,2632
20,2633
24,2634
32,2635
33,2636
37,2637
26,2638
21,2639
38,2640
13,2641
15,2642
6,2643
6,2644
30,2645
27,2646
4,2647
12,2648
12,2649
0,2650
3,2651
15,2652
38,2653
21,2654
27,2655
6,2656
29,2657
14,2658
19,2659
27,2660
23,2661
22,2662
6,2663
27,2664
20,2665
35,2666
22,2667
13,2668
0,2669
25,2670
29,2671
1,2672
10,2673
18,2674
33,2675
13,2676
11,2677
19,2678
5,2679
14,2680
6,2681
32,2682
2,2683
32,2684
19,2685
24,2686
33,2687
20,2688
6,2689
22,2690
11,2691
19,2692
15,2693
31,2694
12,2695
24,2696
39,2697
36,2698
4,2699
18,2700
35,2701
7,2702
26,2703
13,2704
4,2705
21,2706
1,2707
0,2708
3,2709
38,2710
1,2711
37,2712
2,2713
30,2714
3,2715
25,2716
3,2717
28,2718
24,2719
26,2720
0,2721
29,2722
15,2723
35,2724
33,2725
8,2726
38,2727
12,2728
1,2729
13,2730
13,2731
17,2732
35,2733
27,2734
10,2735
30,2736
12,2737
24,2738
33,2739
22,2740
38,2741
22,2742
12,2743
25,2744
11,2745
29,2746
15,2747
9,2748
14,2749
26,2750
20,2751
32,2752
13,2753
15,2754
32,2755
13,2756
19,2757
30,2758
25,2759
35,2760
37,2761
32,2762
0,2763
30,2764
8,2765
37,2766
25,2767
17,2768
38,2769
11,2770
17,2771
26,2772
11,2773
32,2774
13,2775
37,2776
0,2777
5,2778
6,2779
37,2780
14,2781
5,2782
17,2783
31,2784
17,2785
12,2786
22,2787
16,2788
31,2789
33,2790
34,2791
20,2792
7,2793
2,2794
5,2795
30,2796
7,2797
4,2798
27,2799
34,2800
10,2801
5,2802
25,2803
15,2804
26,2805
8,2806
3,2807
16,2808
11,2809
4,2810
16,2811
19,2812
35,2813
27,2814
10,2815
10,2816
34,2817
21,2818
10,2819
10,2820
10,2821
30,2822
24,2823
36,2824
30,2825
8,2826
15,2827
11,2828
28,2829
19,2830
29,2831
10,2832
33,2833
3,2834
21,2835
28,2836
4,2837
0,2838
8,2839
23,2840
24,2841
23,2842
36,2843
2,2844
35,2845
39,2846
11,2847
7,2848
5,2849
27,2850
22,2851
16,2852
30,2853
5,2854
35,2855
17,2856
36,2857
30,2858
5,2859
17,2860
30,2861
9,2862
13,2863
4,2864
13,2865
10,2866
15,2867
20,2868
17,2869
13,2870
22,2871
2,2872
29,2873
26,2874
10,2875
38,2876
0,2877
32,2878
3,2879
18,2880
6,2881
22,2882
17,2883
23,2884
23,2885
18,2886
18,2887
7,2888
33,2889
11,2890
18,2891
37,2892
7,2893
34,2894
25,2895
20,2896
1,2897
5,2898
28,2899
3,2900
0,2901
0,2902
37,2903
20,2904
4,2905
26,2906
2,2907
16,2908
0,2909
37,2910
39,2911
12,2912
25,2913
18,2914
21,2915
15,2916
30,2917
29,2918
19,2919
33,2920
15,2921
29,2922
39,2923
0,2924
37,2925
39,2926
35,2927
38,2928
32,2929
37,2930
24,2931
35,2932
31,2933
21,2934
11,2935
3,2936
8,2937
39,2938
0,2939
36,2940
10,2941
32,2942
28,2943
17,2944
26,2945
3,2946
26,2947
36,2948
10,2949
36,2950
0,2951
15,2952
16,2953
32,2954
7,2955
24,2956
10,2957
14,2958
22,2959
14,2960
5,2961
17,2962
33,2963
35,2964
14,2965
12,2966
1,2967
18,2968
5,2969
22,2970
16,2971
24,2972
30,2973
36,2974
39,2975
35,2976
17,2977
18,2978
12,2979
18,2980
20,2981
26,2982
24,2983
22,2984
6,2985
14,2986
3,2987
13,2988
23,2989
22,2990
14,2991
7,2992
29,2993
16,2994
3,2995
9,2996
21,2997
21,2998
21,2999
13,3000
7,3001
17,3002
38,3003
15,3004
27,3005
16,3006
5,3007
22,3008
1,3009
24,3010
23,3011
32,3012
0,3013
31,3014
29,3015
6,3016
22,3017
6,3018
12,3019
1,3020
24,3021
37,3022
17,3023
9,3024
33,3025
27,3026
34,3027
19,3028
29,3029
1,3030
6,3031
23,3032
18,3033
0,3034
16,3035
25,3036
7,3037
38,3038
22,3039
1,3040
35,3041
33,3042
27,3043
0,3044
23,3045
6,3046
30,3047
25,3048
8,3049
33,3050
37,3051
27,3052
8,3053
28,3054
7,3055
31,3056
16,3057
36,3058
11,3059
32,3060
7,3061
19,3062
14,3063
12,3064
32,3065
17,3066
10,3067
1,3068
12,3069
39,3070
26,3071
34,3072
26,3073
23,3074
24,3075
10,3076
0,3077
18,3078
20,3079
38,3080
15,3081
12,3082
8,3083
12,3084
24,3085
34,3086
19,3087
24,3088
17,3089
35,3090
4,3091
1,3092
32,3093
7,3094
30,3095
7,3096
12,3097
37,3098
19,3099
11,3100
18,3101
1,3102
30,3103
14,3104
27,3105
6,3106
27,3107
10,3108
28,3109
23,3110
11,3111
19,3112
9,3113
22,3114
4,3115
0,3116
38,3117
23,3118
25,3119
11,3120
32,3121
14,3122
29,3123
28,3124
39,3125
36,3126
4,3127
30,3128
28,3129
2,3130
11,3131
30,3132
20,3133
28,3134
10,3135
7,3136
25,3137
11,3138
2,3139
3,3140
22,3141
14,3142
6,3143
23,3144
30,3145
19,3146
4,3147
34,3148
5,3149
7,3150
1,3151
38,3152
39,3153
5,3154
37,3155
26,3156
9,3157
33,3158
6,3159
23,3160
20,3161
18,3162
36,3163
27,3164
11,3165
9,3166
1,3167
11,3168
22,3169
16,3170
6,3171
18,3172
33,3173
23,3174
18,3175
1,3176
29,3177
30,3178
34,3179
5,3180
9,3181
8,3182
19,3183
6,3184
37,3185
30,3186
17,3187
2,3188
36,3189
25,3190
29,3191
35,3192
33,3193
37,3194
17,3195
34,3196
35,3197
29,3198
19,3199
18,3200
17,3201
22,3202
2,3203
37,3204
32,3205
25,3206
36,3207
22,3208
4,3209
29,3210
23,3211
36,3212
29,3213
34,3214
36,3215
6,3216
15,3217
5,3218
18,3219
23,3220
25,3221
33,3222
8,3223
13,3224
6,3225
21,3226
28,3227
27,3228
36,3229
12,3230
28,3231
23,3232
12,3233
3,3234
12,3235
24,3236
31,3237
30,3238
36,3239
1,3240
34,3241
6,3242
30,3243
30,3244
27,3245
13,3246
5,3247
0,3248
24,3249
17,3250
20,3251
17,3252
38,3253
22,3254
16,3255
18,3256
5,3257
30,3258
25,3259
35,3260
11,3261
17,3262
17,3263
12,3264
1,3265
19,3266
35,3267
29,3268
19,3269
24,3270
29,3271
8,3272
18,3273
21,3274
32,3275
36,3276
22,3277
30,3278
34,3279
27,3280
4,3281
21,3282
8,3283
20,3284
8,3285
38,3286
10,3287
12,3288
13,3289
31,3290
1,3291
17,3292
36,3293
24,3294
38,3295
27,3296
6,3297
36,3298
5,3299
36,3300
11,3301
32,3302
0,3303
19,3304
10,3305
33,3306
6,3307
20,3308
9,3309
18,3310
29,3311
36,3312
17,3313
30,3314
5,3315
21,3316
39,3317
35,3318
21,3319
19,3320
5,3321
24,3322
26,3323
14,3324
34,3325
22,3326
0,3327
0,3328
20,3329
31,3330
12,3331
37,3332
17,3333
30,3334
23,3335
8,3336
28,3337
23,3338
24,3339
4,3340
30,3341
18,3342
13,3343
39,3344
37,3345
9,3346
3,3347
21,3348
10,3349
22,3350
39,3351
20,3352
17,3353
17,3354
2,3355
15,3356
37,3357
18,3358
20,3359
18,3360
20,3361
31,3362
35,3363
10,3364
31,3365
35,3366
9,3367
13,3368
9,3369
3,3370
31,3371
36,3372
26,3373
28,3374
4,3375
15,3376
2,3377
24,3378
2,3379
33,3380
3,3381
2,3382
13,3383
8,3384
12,3385
10,3386
7,3387
20,3388
31,3389
31,3390
35,3391
10,3392
17,3393
19,3394
33,3395
8,3396
5,3397
13,3398
18,3399
36,3400
12,3401
34,3402
21,3403
34,3404
3,3405
30,3406
26,3407
14,3408
19,3409
39,3410
10,3411
29,3412
24,3413
37,3414
15,3415
24,3416
9,3417
18,3418
28,3419
9,3420
38,3421
9,3422
24,3423
35,3424
11,3425
6,3426
39,3427
5,3428
11,3429
16,3430
10,3431
34,3432
34,3433
17,3434
15,3435
21,3436
30,3437
18,3438
15,3439
33,3440
24,3441
15,3442
26,3443
11,3444
8,3445
36,3446
30,3447
37,3448
33,3449
14,3450
39,3451
26,3452
31,3453
27,3454
35,3455
39,3456
10,3457
27,3458
6,3459
18,3460
33,3461
3,3462
13,3463
33,3464
17,3465
25,3466
11,3467
14,3468
17,3469
30,3470
12,3471
25,3472
3,3473
16,3474
18,3475
17,3476
22,3477
14,3478
17,3479
19,3480
8,3481
1,3482
14,3483
2,3484
16,3485
0,3486
33,3487
20,3488
15,3489
37,3490
16,3491
36,3492
0,3493
26,3494
16,3495
36,3496
36,3497
15,3498
29,3499
33,3500
22,3501
20,3502
10,3503
6,3504
16,3505
7,3506
36,3507
14,3508
8,3509
25,3510
33,3511
17,3512
13,3513
18,3514
0,3515
31,3516
21,3517
19,3518
29,3519
33,3520
31,3521
32,3522
38,3523
37,3524
37,3525
25,3526
34,3527
1,3528
11,3529
8,3530
33,3531
2,3532
11,3533
24,3534
7,3535
35,3536
39,3537
21,3538
13,3539
9,3540
18,3541
5,3542
28,3543
36,3544
27,3545
14,3546
16,3547
3,3548
25,3549
35,3550
38,3551
34,3552
5,3553
7,3554
1,3555
7,3556
19,3557
8,3558
19,3559
25,3560
14,3561
17,3562
12,3563
35,3564
4,3565
33,3566
4,3567
2,3568
18,3569
23,3570
36,3571
17,3572
15,3573
25,3574
28,3575
10,3576
35,3577
14,3578
12,3579
9,3580
30,3581
34,3582
35,3583
8,3584
16,3585
23,3586
37,3587
8,3588
11,3589
29,3590
7,3591
12,3592
27,3593
2,3594
6,3595
22,3596
22,3597
6,3598
15,3599
29,3600
28,3601
35,3602
0,3603
34,3604
11,3605
22,3606
1,3607
28,3608
16,3609
26,3610
25,3611
24,3612
35,3613
4,3614
31,3615
34,3616
12,3617
27,3618
5,3619
9,3620
11,3621
8,3622
31,3623
6,3624
22,3625
16,3626
1,3627
14,3628
3,3629
39,3630
34,3631
19,3632
1,3633
32,3634
20,3635
2,3636
38,3637
22,3638
11,3639
27,3640
7,3641
38,3642
12,3643
2,3644
12,3645
31,3646
39,3647
12,3648
0,3649
25,3650
3,3651
7,3652
9,3653
11,3654
17,3655
6,3656
16,3657
27,3658
38,3659
29,3660
29,3661
22,3662
37,3663
15,3664
28,3665
26,3666
38,3667
12,3668
28,3669
27,3670
9,3671
5,3672
7,3673
31,3674
35,3675
35,3676
9,3677
19,3678
20,3679
16,3680
20,3681
37,3682
8,3683
28,3684
16,3685
32,3686
32,3687
3,3688
23,3689
21,3690
23,3691
24,3692
24,3693
5,3694
37,3695
28,3696
6,3697
26,3698
14,3699
29,3700
28,3701
21,3702
12,3703
32,3704
22,3705
8,3706
10,3707
0,3708
17,3709
33,3710
33,3711
37,3712
17,3713
10,3714
10,3715
7,3716
29,3717
10,3718
3,3719
11,3720
16,3721
37,3722
5,3723
32,3724
29,3725
21,3726
30,3727
37,3728
4,3729
5,3730
26,3731
28,3732
9,3733
20,3734
37,3735
39,3736
12,3737
28,3738
26,3739
19,3740
25,3741
16,3742
29,3743
8,3744
17,3745
29,3746
28,3747
1,3748
32,3749
18,3750
5,3751
19,3752
36,3753
11,3754
23,3755
26,3756
16,3757
13,3758
13,3759
9,3760
19,3761
18,3762
31,3763
4,3764
8,3765
7,3766
21,3767
38,3768
39,3769
3,3770
7,3771
19,3772
26,3773
36,3774
4,3775
35,3776
17,3777
33,3778
5,3779
3,3780
8,3781
20,3782
23,3783
31,3784
5,3785
18,3786
9,3787
39,3788
12,3789
34,3790
25,3791
8,3792
4,3793
19,3794
18,3795
18,3796
4,3797
33,3798
10,3799
10,3800
18,3801
28,3802
34,3803
25,3804
20,3805
38,3806
22,3807
19,3808
32,3809
0,3810
4,3811
24,3812
4,3813
7,3814
2,3815
25,3816
10,3817
33,3818
19,3819
21,3820
9,3821
33,3822
10,3823
16,3824
29,3825
4,3826
7,3827
15,3828
4,3829
4,3830
33,3831
7,3832
0,3833
8,3834
5,3835
18,3836
12,3837
4,3838
35,3839
31,3840
5,3841
9,3842
16,3843
19,3844
20,3845
4,3846
4,3847
15,3848
2,3849
4,3850
11,3851
34,3852
16,3853
12,3854
23,3855
31,3856
1,3857
29,3858
0,3859
25,3860
7,3861
32,3862
30,3863
12,3864
29,3865
14,3866
30,3867
6,3868
39,3869
35,3870
27,3871
34,3872
26,3873
2,3874
39,3875
39,3876
31,3877
12,3878
23,3879
19,3880
18,3881
34,3882
12,3883
29,3884
10,3885
31,3886
17,3887
26,3888
24,3889
36,3890
23,3891
1,3892
36,3893
15,3894
29,3895
16,3896
33,3897
15,3898
6,3899
1,3900
25,3901
17,3902
12,3903
28,3904
24,3905
14,3906
27,3907
35,3908
11,3909
35,3910
21,3911
34,3912
32,3913
13,3914
33,3915
39,3916
17,3917
12,3918
26,3919
10,3920
18,3921
2,3922
31,3923
31,3924
21,3925
36,3926
4,3927
7,3928
6,3929
38,3930
24,3931
1,3932
18,3933
21,3934
31,3935
16,3936
1,3937
10,3938
35,3939
4,3940
25,3941
7,3942
10,3943
13,3944
19,3945
10,3946
18,3947
13,3948
20,3949
16,3950
1,3951
30,3952
14,3953
34,3954
21,3955
16,3956
13,3957
30,3958
35,3959
33,3960
28,3961
29,3962
34,3963
37,3964
20,3965
23,3966
28,3967
33,3968
12,3969
20,3970
16,3971
23,3972
25,3973
7,3974
16,3975
32,3976
13,3977
6,3978
23,3979
4,3980
3,3981
34,3982
26,3983
10,3984
31,3985
8,3986
4,3987
15,3988
21,3989
2,3990
39,3991
31,3992
35,3993
4,3994
31,3995
15,3996
32,3997
31,3998
21,3999
24,4000
26,4001
18,4002
7,4003
1,4004
18,4005
0,4006
28,4007
6,4008
1,4009
1,4010
24,4011
24,4012
31,4013
31,4014
33,4015
8,4016
2,4017
37,4018
30,4019
25,4020
5,4021
11,4022
7,4023
19,4024
26,4025
0,4026
24,4027
35,4028
1,4029
36,4030
37,4031
7,4032
16,4033
22,4034
17,4035
38,4036
9,4037
30,4038
7,4039
39,4040
13,4041
35,4042
14,4043
32,4044
1,4045
30,4046
2,4047
27,4048
38,4049
21,4050
26,4051
8,4052
18,4053
18,4054
35,4055
21,4056
0,4057
31,4058
37,4059
20,4060
27,4061
3,4062
24,4063
0,4064
8,4065
12,4066
10,4067
21,4068
16,4069
27,4070
29,4071
11,4072
20,4073
1,4074
8,4075
20,4076
8,4077
9,4078
16,4079
13,4080
4,4081
16,4082
8,4083
9,4084
18,4085
6,4086
29,4087
19,4088
12,4089
39,4090
3,4091
1,4092
31,4093
5,4094
21,4095
28,4096
1,4097
30,4098
27,4099
29,4100
36,4101
22,4102
26,4103
20,4104
1,4105
25,4106
39,4107
19,4108
29,4109
1,4110
22,4111
28,4112
15,4113
2,4114
5,4115
14,4116
27,4117
10,4118
15,4119
11,4120
39,4121
23,4122
27,4123
32,4124
4,4125
8,4126
37,4127
7,4128
29,4129
8,4130
13,4131
24,4132
3,4133
9,4134
13,4135
8,4136
27,4137
27,4138
21,4139
20,4140
27,4141
21,4142
34,4143
34,4144
8,4145
26,4146
21,4147
31,4148
1,4149
12,4150
9,4151
18,4152
9,4153
7,4154
13,4155
27,4156
27,4157
38,4158
13,4159
9,4160
36,4161
32,4162
26,4163
4,4164
31,4165
21,4166
31,4167
15,4168
26,4169
16,4170
28,4171
4,4172
30,4173
18,4174
0,4175
24,4176
24,4177
24,4178
15,4179
29,4180
13,4181
8,4182
25,4183
30,4184
30,4185
30,4186
18,4187
0,4188
25,4189
29,4190
8,4191
19,4192
4,4193
3,4194
34,4195
36,4196
28,4197
8,4198
33,4199
28,4200
26,4201
32,4202
25,4203
19,4204
12,4205
3,4206
30,4207
16,4208
4,4209
23,4210
4,4211
27,4212
33,4213
14,4214
4,4215
34,4216
0,4217
39,4218
3,4219
15,4220
16,4221
6,4222
11,4223
0,4224
20,4225
27,4226
37,4227
11,4228
18,4229
20,4230
31,4231
26,4232
31,4233
35,4234
17,4235
21,4236
30,4237
22,4238
29,4239
11,4240
20,4241
20,4242
20,4243
31,4244
16,4245
0,4246
8,4247
7,4248
25,4249
13,4250
35,4251
25,4252
35,4253
28,4254
1,4255
22,4256
4,4257
4,4258
15,4259
7,4260
16,4261
2,4262
27,4263
30,4264
9,4265
10,4266
18,4267
39,4268
18,4269
20,4270
30,4271
17,4272
5,4273
37,4274
20,4275
15,4276
1,4277
35,4278
20,4279
30,4280
9,4281
11,4282
17,4283
36,4284
27,4285
24,4286
22,4287
35,4288
5,4289
36,4290
19,4291
25,4292
23,4293
27,4294
34,4295
34,4296
25,4297
27,4298
6,4299
7,4300
9,4301
13,4302
20,4303
16,4304
23,4305
3,4306
23,4307
4,4308
30,4309
7,4310
18,4311
9,4312
2,4313
38,4314
37,4315
19,4316
32,4317
6,4318
28,4319
6,4320
16,4321
28,4322
12,4323
27,4324
20,4325
16,4326
2,4327
27,4328
20,4329
35,4330
22,4331
26,4332
32,4333
25,4334
25,4335
20,4336
34,4337
21,4338
14,4339
9,4340
6,4341
15,4342
6,4343
32,4344
34,4345
1,4346
3,4347
32,4348
30,4349
7,4350
38,4351
18,4352
18,4353
26,4354
28,4355
7,4356
18,4357
37,4358
36,4359
11,4360
7,4361
38,4362
5,4363
39,4364
32,4365
14,4366
16,4367
25,4368
3,4369
34,4370
36,4371
31,4372
26,4373
14,4374
38,4375
34,4376
5,4377
27,4378
33,4379
38,4380
31,4381
35,4382
33,4383
12,4384
7,4385
33,4386
29,4387
23,4388
35,4389
39,4390
39,4391
16,4392
13,4393
18,4394
35,4395
33,4396
25,4397
33,4398
33,4399
4,4400
33,4401
23,4402
23,4403
26,4404
28,4405
21,4406
22,4407
6,4408
19,4409
27,4410
1,4411
38,4412
34,4413
20,4414
24,4415
22,4416
30,4417
8,4418
37,4419
22,4420
27,4421
26,4422
5,4423
9,4424
38,4425
14,4426
6,4427
18,4428
31,4429
5,4430
19,4431
5,4432
13,4433
8,4434
17,4435
29,4436
28,4437
24,4438
14,4439
15,4440
25,4441
25,4442
31,4443
2,4444
19,4445
38,4446
26,4447
1,4448
37,4449
19,4450
21,4451
39,4452
12,4453
28,4454
4,4455
20,4456
10,4457
33,4458
32,4459
34,4460
39,4461
31,4462
35,4463
24,4464
14,4465
23,4466
8,4467
15,4468
32,4469
33,4470
15,4471
29,4472
27,4473
12,4474
29,4475
1,4476
9,4477
24,4478
15,4479
12,4480
24,4481
36,4482
5,4483
13,4484
30,4485
25,4486
13,4487
4,4488
19,4489
10,4490
14,4491
24,4492
32,4493
38,4494
11,4495
8,4496
37,4497
0,4498
33,4499
17,4500
0,4501
2,4502
34,4503
33,4504
11,4505
22,4506
13,4507
7,4508
17,4509
30,4510
14,4511
32,4512
1,4513
31,4514
33,4515
11,4516
34,4517
35,4518
7,4519
19,4520
15,4521
12,4522
2,4523
31,4524
27,4525
26,4526
21,4527
27,4528
12,4529
6,4530
18,4531
33,4532
31,4533
8,4534
22,4535
7,4536
24,4537
13,4538
2,4539
19,4540
4,4541
39,4542
33,4543
25,4544
3,4545
3,4546
31,4547
33,4548
19,4549
1,4550
31,4551
34,4552
12,4553
23,4554
4,4555
0,4556
25,4557
29,4558
6,4559
23,4560
21,4561
10,4562
13,4563
15,4564
33,4565
20,4566
18,4567
18,4568
35,4569
33,4570
38,4571
0,4572
37,4573
33,4574
33,4575
30,4576
8,4577
32,4578
12,4579
34,4580
18,4581
0,4582
23,4583
6,4584
22,4585
2,4586
38,4587
11,4588
14,4589
39,4590
27,4591
15,4592
28,4593
7,4594
35,4595
20,4596
6,4597
3,4598
27,4599
21,4600
9,4601
32,4602
30,4603
8,4604
1,4605
37,4606
14,4607
6,4608
26,4609
21,4610
31,4611
31,4612
17,4613
31,4614
28,4615
9,4616
29,4617
25,4618
18,4619
35,4620
7,4621
4,4622
17,4623
32,4624
20,4625
17,4626
15,4627
23,4628
29,4629
0,4630
7,4631
26,4632
14,4633
12,4634
0,4635
34,4636
39,4637
28,4638
3,4639
16,4640
13,4641
35,4642
25,4643
7,4644
10,4645
5,4646
15,4647
26,4648
15,4649
18,4650
9,4651
6,4652
17,4653
13,4654
26,4655
13,4656
3,4657
7,4658
4,4659
13,4660
12,4661
6,4662
17,4663
0,4664
1,4665
9,4666
6,4667
37,4668
35,4669
33,4670
8,4671
12,4672
18,4673
1,4674
31,4675
9,4676
39,4677
24,4678
18,4679
36,4680
16,4681
18,4682
3,4683
31,4684
35,4685
8,4686
4,4687
38,4688
18,4689
9,4690
25,4691
28,4692
30,4693
7,4694
16,4695
1,4696
14,4697
24,4698
22,4699
16,4700
37,4701
8,4702
27,4703
3,4704
12,4705
18,4706
17,4707
27,4708
24,4709
29,4710
24,4711
23,4712
35,4713
3,4714
25,4715
23,4716
11,4717
27,4718
19,4719
23,4720
22,4721
5,4722
24,4723
29,4724
17,4725
12,4726
18,4727
36,4728
34,4729
7,4730
0,4731
21,4732
20,4733
8,4734
11,4735
24,4736
24,4737
8,4738
22,4739
5,4740
39,4741
14,4742
4,4743
25,4744
20,4745
20,4746
3,4747
34,4748
26,4749
33,4750
0,4751
2,4752
28,4753
32,4754
19,4755
2,4756
3,4757
36,4758
26,4759
7,4760
22,4761
30,4762
18,4763
31,4764
20,4765
13,4766
24,4767
23,4768
37,4769
9,4770
21,4771
31,4772
38,4773
35,4774
12,4775
0,4776
7,4777
23,4778
17,4779
9,4780
30,4781
34,4782
29,4783
9,4784
18,4785
6,4786
16,4787
12,4788
35,4789
30,4790
2,4791
25,4792
1,4793
31,4794
29,4795
24,4796
6,4797
20,4798
16,4799
18,4800
38,4801
36,4802
36,4803
5,4804
2,4805
3,4806
36,4807
25,4808
27,4809
11,4810
19,4811
18,4812
19,4813
38,4814
13,4815
29,4816
39,4817
37,4818
9,4819
23,4820
28,4821
36,4822
22,4823
19,4824
20,4825
15,4826
0,4827
39,4828
37,4829
31,4830
32,4831
13,4832
33,4833
30,4834
36,4835
27,4836
3,4837
4,4838
35,4839
21,4840
8,4841
25,4842
20,4843
15,4844
2,4845
34,4846
9,4847
26,4848
21,4849
8,4850
12,4851
4,4852
21,4853
11,4854
8,4855
2,4856
6,4857
13,4858
13,4859
12,4860
30,4861
3,4862
22,4863
7,4864
5,4865
35,4866
21,4867
1,4868
12,4869
30,4870
38,4871
27,4872
33,4873
17,4874
0,4875
14,4876
4,4877
34,4878
12,4879
12,4880
4,4881
4,4882
7,4883
33,4884
26,4885
10,4886
9,4887
28,4888
8,4889
17,4890
5,4891
16,4892
6,4893
25,4894
3,4895
19,4896
3,4897
31,4898
26,4899
3,4900
26,4901
10,4902
20,4903
13,4904
28,4905
19,4906
27,4907
31,4908
19,4909
17,4910
33,4911
27,4912
36,4913
13,4914
4,4915
17,4916
11,4917
4,4918
26,4919
2,4920
8,4921
3,4922
34,4923
6,4924
31,4925
4,4926
3,4927
10,4928
38,4929
31,4930
9,4931
18,4932
31,4933
4,4934
12,4935
18,4936
31,4937
4,4938
7,4939
5,4940
26,4941
28,4942
26,4943
1,4944
4,4945
1,4946
12,4947
38,4948
16,4949
20,4950
0,4951
5,4952
7,4953
26,4954
11,4955
22,4956
14,4957
32,4958
24,4959
24,4960
23,4961
3,4962
38,4963
31,4964
29,4965
2,4966
14,4967
12,4968
3,4969
30,4970
27,4971
2,4972
26,4973
26,4974
26,4975
4,4976
3,4977
16,4978
15,4979
15,4980
37,4981
26,4982
1,4983
32,4984
4,4985
27,4986
25,4987
24,4988
15,4989
8,4990
15,4991
22,4992
19,4993
24,4994
23,4995
22,4996
4,4997
15,4998
7,4999
17,5000
29,5001
21,5002
25,5003
29,5004
9,5005
26,5006
1,5007
1,5008
1,5009
16,5010
9,5011
28,5012
26,5013
32,5014
0,5015
8,5016
1,5017
37,5018
17,5019
29,5020
28,5021
6,5022
22,5023
11,5024
35,5025
15,5026
26,5027
29,5028
24,5029
33,5030
21,5031
21,5032
29,5033
39,5034
20,5035
8,5036
11,5037
35,5038
8,5039
20,5040
4,5041
38,5042
10,5043
15,5044
35,5045
33,5046
3,5047
34,5048
33,5049
5,5050
26,5051
12,5052
9,5053
29,5054
36,5055
19,5056
18,5057
25,5058
19,5059
20,5060
10,5061
18,5062
14,5063
23,5064
32,5065
21,5066
38,5067
22,5068
23,5069
39,5070
10,5071
7,5072
10,5073
26,5074
2,5075
16,5076
18,5077
0,5078
6,5079
8,5080
8,5081
0,5082
1,5083
18,5084
1,5085
4,5086
36,5087
10,5088
21,5089
30,5090
6,5091
32,5092
17,5093
8,5094
18,5095
7,5096
5,5097
5,5098
17,5099
24,5100
14,5101
24,5102
25,5103
11,5104
32,5105
26,5106
19,5107
35,5108
8,5109
15,5110
33,5111
12,5112
9,5113
2,5114
37,5115
22,5116
16,5117
13,5118
10,5119
11,5120
17,5121
0,5122
27,5123
17,5124
35,5125
5,5126
5,5127
17,5128
23,5129
2,5130
28,5131
2,5132
38,5133
0,5134
23,5135
25,5136
36,5137
10,5138
37,5139
29,5140
39,5141
0,5142
16,5143
13,5144
9,5145
20,5146
38,5147
37,5148
39,5149
0,5150
3,5151
28,5152
17,5153
26,5154
15,5155
4,5156
35,5157
17,5158
24,5159
1,5160
15,5161
10,5162
3,5163
30,5164
8,5165
7,5166
19,5167
33,5168
3,5169
5,5170
9,5171
20,5172
27,5173
39,5174
35,5175
13,5176
4,5177
18,5178
29,5179
18,5180
15,5181
7,5182
35,5183
12,5184
35,5185
20,5186
15,5187
8,5188
31,5189
28,5190
10,5191
16,5192
4,5193
16,5194
5,5195
9,5196
2,5197
19,5198
33,5199
20,5200
8,5201
9,5202
31,5203
23,5204
36,5205
16,5206
36,5207
9,5208
34,5209
17,5210
33,5211
33,5212
17,5213
12,5214
7,5215
35,5216
19,5217
3,5218
30,5219
26,5220
32,5221
34,5222
18,5223
16,5224
16,5225
38,5226
32,5227
31,5228
6,5229
39,5230
3,5231
9,5232
18,5233
15,5234
24,5235
16,5236
27,5237
38,5238
30,5239
16,5240
15,5241
36,5242
5,5243
25,5244
20,5245
26,5246
32,5247
7,5248
16,5249
38,5250
29,5251
27,5252
19,5253
18,5254
6,5255
18,5256
21,5257
14,5258
9,5259
18,5260
15,5261
11,5262
24,5263
2,5264
5,5265
13,5266
15,5267
25,5268
8,5269
8,5270
12,5271
35,5272
25,5273
32,5274
14,5275
11,5276
10,5277
39,5278
32,5279
16,5280
25,5281
26,5282
12,5283
9,5284
9,5285
26,5286
14,5287
31,5288
31,5289
19,5290
27,5291
23,5292
19,5293
19,5294
27,5295
26,5296
25,5297
12,5298
20,5299
35,5300
11,5301
19,5302
1,5303
35,5304
35,5305
38,5306
19,5307
7,5308
22,5309
13,5310
29,5311
15,5312
32,5313
20,5314
12,5315
11,5316
28,5317
23,5318
14,5319
6,5320
38,5321
34,5322
31,5323
3,5324
10,5325
30,5326
29,5327
28,5328
1,5329
17,5330
0,5331
1,5332
31,5333
20,5334
27,5335
31,5336
23,5337
39,5338
4,5339
17,5340
33,5341
37,5342
36,5343
4,5344
29,5345
18,5346
27,5347
8,5348
7,5349
0,5350
33,5351
3,5352
4,5353
33,5354
19,5355
29,5356
23,5357
19,5358
33,5359
4,5360
3,5361
12,5362
35,5363
24,5364
37,5365
18,5366
35,5367
3,5368
38,5369
20,5370
12,5371
4,5372
18,5373
4,5374
18,5375
18,5376
32,5377
26,5378
9,5379
18,5380
30,5381
39,5382
28,5383
14,5384
23,5385
18,5386
21,5387
10,5388
22,5389
13,5390
38,5391
32,5392
32,5393
22,5394
23,5395
9,5396
18,5397
3,5398
31,5399
5,5400
25,5401
14,5402
32,5403
39,5404
12,5405
11,5406
22,5407
17,5408
4,5409
18,5410
3,5411
26,5412
28,5413
24,5414
14,5415
38,5416
19,5417
8,5418
16,5419
27,5420
38,5421
32,5422
18,5423
29,5424
17,5425
9,5426
31,5427
17,5428
18,5429
9,5430
13,5431
34,5432
32,5433
10,5434
39,5435
20,5436
24,5437
7,5438
2,5439
18,5440
5,5441
15,5442
10,5443
26,5444
11,5445
14,5446
11,5447
1,5448
14,5449
14,5450
6,5451
14,5452
24,5453
17,5454
32,5455
20,5456
30,5457
6,5458
23,5459
28,5460
14,5461
14,5462
2,5463
11,5464
13,5465
18,5466
14,5467
10,5468
35,5469
33,5470
30,5471
20,5472
11,5473
19,5474
27,5475
19,5476
5,5477
13,5478
17,5479
29,5480
22,5481
35,5482
30,5483
0,5484
29,5485
2,5486
9,5487
30,5488
27,5489
9,5490
28,5491
39,5492
11,5493
34,5494
21,5495
13,5496
35,5497
26,5498
0,5499
25,5500
35,5501
3,5502
10,5503
27,5504
10,5505
7,5506
35,5507
33,5508
33,5509
3,5510
2,5511
25,5512
15,5513
7,5514
0,5515
18,5516
1,5517
12,5518
13,5519
18,5520
15,5521
8,5522
27,5523
13,5524
19,5525
34,5526
3,5527
11,5528
16,5529
2,5530
30,5531
7,5532
38,5533
19,5534
12,5535
29,5536
37,5537
14,5538
24,5539
17,5540
7,5541
27,5542
21,5543
7,5544
4,5545
2,5546
22,5547
30,5548
11,5549
38,5550
29,5551
4,5552
23,5553
38,5554
8,5555
19,5556
32,5557
2,5558
10,5559
11,5560
11,5561
24,5562
0,5563
31,5564
12,5565
26,5566
5,5567
37,5568
8,5569
22,5570
17,5571
5,5572
2,5573
18,5574
35,5575
2,5576
37,5577
12,5578
3,5579
4,5580
17,5581
33,5582
27,5583
25,5584
34,5585
21,5586
25,5587
36,5588
4,5589
34,5590
35,5591
17,5592
21,5593
32,5594
18,5595
17,5596
18,5597
25,5598
15,5599
27,5600
14,5601
31,5602
33,5603
33,5604
3,5605
33,5606
8,5607
20,5608
20,5609
11,5610
18,5611
5,5612
38,5613
7,5614
31,5615
0,5616
19,5617
25,5618
12,5619
25,5620
24,5621
25,5622
2,5623
18,5624
1,5625
1,5626
27,5627
25,5628
20,5629
24,5630
10,5631
34,5632
5,5633
18,5634
39,5635
22,5636
6,5637
1,5638
16,5639
25,5640
19,5641
18,5642
0,5643
1,5644
4,5645
39,5646
13,5647
1,5648
10,5649
32,5650
28,5651
21,5652
30,5653
30,5654
25,5655
15,5656
11,5657
35,5658
7,5659
32,5660
0,5661
23,5662
11,5663
32,5664
4,5665
16,5666
8,5667
36,5668
15,5669
11,5670
13,5671
12,5672
34,5673
3,5674
11,5675
34,5676
19,5677
38,5678
28,5679
12,5680
34,5681
1,5682
20,5683
30,5684
30,5685
22,5686
29,5687
17,5688
29,5689
10,5690
16,5691
37,5692
17,5693
23,5694
10,5695
25,5696
1,5697
38,5698
26,5699
30,5700
38,5701
38,5702
33,5703
16,5704
6,5705
34,5706
1,5707
1,5708
29,5709
9,5710
38,5711
36,5712
4,5713
22,5714
34,5715
13,5716
4,5717
24,5718
10,5719
7,5720
1,5721
18,5722
4,5723
35,5724
17,5725
21,5726
33,5727
32,5728
20,5729
38,5730
29,5731
9,5732
30,5733
39,5734
6,5735
32,5736
37,5737
34,5738
37,5739
2,5740
15,5741
28,5742
12,5743
3,5744
21,5745
32,5746
0,5747
25,5748
3,5749
12,5750
3,5751
5,5752
4,5753
16,5754
8,5755
23,5756
3,5757
28,5758
30,5759
0,5760
26,5761
9,5762
25,5763
25,5764
29,5765
19,5766
1,5767
39,5768
0,5769
37,5770
8,5771
38,5772
39,5773
29,5774
8,5775
19,5776
8,5777
7,5778
17,5779
18,5780
35,5781
11,5782
18,5783
22,5784
2,5785
27,5786
12,5787
2,5788
37,5789
14,5790
15,5791
28,5792
3,5793
0,5794
6,5795
27,5796
29,5797
19,5798
25,5799
19,5800
21,5801
28,5802
33,5803
35,5804
8,5805
1,5806
9,5807
6,5808
25,5809
37,5810
13,5811
31,5812
36,5813
6,5814
30,5815
32,5816
15,5817
17,5818
16,5819
36,5820
38,5821
19,5822
3,5823
25,5824
3,5825
2,5826
37,5827
10,5828
28,5829
2,5830
34,5831
17,5832
3,5833
2,5834
37,5835
35,5836
3,5837
11,5838
8,5839
35,5840
30,5841
26,5842
24,5843
26,5844
24,5845
23,5846
9,5847
37,5848
1,5849
15,5850
12,5851
6,5852
21,5853
4,5854
10,5855
33,5856
14,5857
15,5858
35,5859
0,5860
5,5861
28,5862
23,5863
10,5864
0,5865
11,5866
20,5867
34,5868
1,5869
32,5870
14,5871
3,5872
13,5873
11,5874
26,5875
39,5876
32,5877
18,5878
34,5879
6,5880
31,5881
20,5882
8,5883
37,5884
20,5885
8,5886
32,5887
7,5888
25,5889
37,5890
24,5891
25,5892
36,5893
5,5894
25,5895
20,5896
36,5897
24,5898
27,5899
19,5900
19,5901
10,5902
1,5903
32,5904
38,5905
35,5906
17,5907
6,5908
31,5909
10,5910
15,5911
3,5912
3,5913
9,5914
14,5915
17,5916
17,5917
8,5918
26,5919
12,5920
32,5921
26,5922
27,5923
35,5924
16,5925
21,5926
34,5927
28,5928
37,5929
25,5930
15,5931
12,5932
0,5933
25,5934
36,5935
5,5936
21,5937
6,5938
37,5939
34,5940
26,5941
34,5942
15,5943
25,5944
32,5945
0,5946
38,5947
39,5948
2,5949
27,5950
14,5951
38,5952
17,5953
19,5954
16,5955
2,5956
13,5957
1,5958
24,5959
28,5960
37,5961
8,5962
35,5963
14,5964
26,5965
36,5966
2,5967
21,5968
34,5969
6,5970
34,5971
38,5972
27,5973
27,5974
31,5975
2,5976
23,5977
25,5978
10,5979
24,5980
25,5981
35,5982
27,5983
28,5984
16,5985
21,5986
25,5987
2,5988
13,5989
16,5990
31,5991
32,5992
7,5993
5,5994
19,5995
16,5996
22,5997
28,5998
8,5999
27,6000
39,6001
28,6002
12,6003
4,6004
13,6005
28,6006
6,6007
28,6008
15,6009
6,6010
1,6011
37,6012
28,6013
1,6014
30,6015
18,6016
36,6017
28,6018
31,6019
31,6020
23,6021
32,6022
26,6023
39,6024
5,6025
10,6026
14,6027
36,6028
15,6029
37,6030
25,6031
36,6032
29,6033
15,6034
6,6035
13,6036
18,6037
8,6038
33,6039
16,6040
20,6041
15,6042
28,6043
37,6044
15,6045
21,6046
34,6047
12,6048
2,6049
21,6050
34,6051
19,6052
24,6053
30,6054
13,6055
10,6056
30,6057
24,6058
10,6059
19,6060
12,6061
11,6062
22,6063
6,6064
6,6065
14,6066
22,6067
22,6068
2,6069
8,6070
29,6071
5,6072
28,6073
9,6074
31,6075
1,6076
10,6077
7,6078
27,6079
0,6080
9,6081
2,6082
38,6083
36,6084
17,6085
32,6086
4,6087
31,6088
10,6089
28,6090
3,6091
28,6092
10,6093
15,6094
22,6095
25,6096
28,6097
18,6098
23,6099
8,6100
39,6101
25,6102
34,6103
10,6104
23,6105
8,6106
30,6107
9,6108
20,6109
28,6110
1,6111
12,6112
31,6113
32,6114
24,6115
13,6116
37,6117
28,6118
29,6119
11,6120
17,6121
5,6122
28,6123
37,6124
12,6125
29,6126
14,6127
7,6128
13,6129
3,6130
21,6131
24,6132
23,6133
8,6134
30,6135
11,6136
30,6137
7,6138
25,6139
23,6140
19,6141
25,6142
24,6143
31,6144
7,6145
31,6146
23,6147
5,6148
35,6149
37,6150
37,6151
35,6152
0,6153
1,6154
8,6155
15,6156
21,6157
17,6158
9,6159
36,6160
33,6161
4,6162
28,6163
38,6164
5,6165
30,6166
18,6167
4,6168
18,6169
17,6170
10,6171
37,6172
28,6173
10,6174
23,6175
20,6176
7,6177
13,6178
36,6179
38,6180
11,6181
24,6182
25,6183
25,6184
31,6185
20,6186
10,6187
11,6188
6,6189
25,6190
25,6191
11,6192
36,6193
33,6194
23,6195
10,6196
10,6197
10,6198
30,6199
22,6200
7,6201
6,6202
39,6203
0,6204
14,6205
6,6206
18,6207
37,6208
33,6209
16,6210
22,6211
4,6212
35,6213
11,6214
15,6215
6,6216
36,6217
1,6218
11,6219
36,6220
22,6221
6,6222
31,6223
5,6224
26,6225
23,6226
13,6227
11,6228
15,6229
11,6230
35,6231
3,6232
24,6233
37,6234
31,6235
26,6236
38,6237
27,6238
37,6239
36,6240
23,6241
23,6242
8,6243
0,6244
33,6245
6,6246
27,6247
31,6248
31,6249
4,6250
22,6251
2,6252
1,6253
17,6254
29,6255
36,6256
1,6257
15,6258
35,6259
25,6260
7,6261
15,6262
15,6263
31,6264
24,6265
28,6266
29,6267
29,6268
15,6269
28,6270
7,6271
5,6272
18,6273
33,6274
28,6275
21,6276
16,6277
34,6278
5,6279
24,6280
14,6281
5,6282
14,6283
36,6284
11,6285
0,6286
32,6287
33,6288
28,6289
34,6290
10,6291
16,6292
14,6293
2,6294
31,6295
32,6296
15,6297
8,6298
18,6299
26,6300
24,6301
5,6302
22,6303
24,6304
27,6305
37,6306
2,6307
16,6308
15,6309
13,6310
5,6311
18,6312
20,6313
38,6314
20,6315
27,6316
18,6317
20,6318
25,6319
20,6320
20,6321
5,6322
11,6323
37,6324
30,6325
3,6326
30,6327
38,6328
13,6329
19,6330
32,6331
12,6332
33,6333
39,6334
0,6335
36,6336
27,6337
38,6338
21,6339
24,6340
5,6341
17,6342
14,6343
25,6344
12,6345
3,6346
7,6347
4,6348
15,6349
7,6350
33,6351
24,6352
37,6353
20,6354
9,6355
3,6356
8,6357
28,6358
20,6359
32,6360
2,6361
39,6362
4,6363
5,6364
19,6365
18,6366
27,6367
28,6368
15,6369
12,6370
29,6371
6,6372
39,6373
25,6374
23,6375
5,6376
18,6377
12,6378
17,6379
19,6380
37,6381
0,6382
36,6383
38,6384
21,6385
24,6386
10,6387
22,6388
7,6389
3,6390
11,6391
32,6392
35,6393
1,6394
26,6395
36,6396
4,6397
13,6398
3,6399
2,6400
17,6401
31,6402
12,6403
16,6404
8,6405
1,6406
37,6407
24,6408
20,6409
33,6410
34,6411
1,6412
12,6413
27,6414
36,6415
38,6416
21,6417
24,6418
34,6419
1,6420
37,6421
35,6422
38,6423
27,6424
27,6425
35,6426
2,6427
36,6428
35,6429
5,6430
11,6431
16,6432
13,6433
18,6434
6,6435
6,6436
11,6437
8,6438
9,6439
2,6440
38,6441
37,6442
32,6443
3,6444
12,6445
4,6446
2,6447
34,6448
34,6449
36,6450
15,6451
28,6452
9,6453
33,6454
34,6455
18,6456
6,6457
22,6458
27,6459
38,6460
36,6461
22,6462
24,6463
35,6464
27,6465
10,6466
15,6467
13,6468
27,6469
14,6470
10,6471
29,6472
32,6473
16,6474
11,6475
16,6476
17,6477
29,6478
35,6479
31,6480
30,6481
12,6482
29,6483
15,6484
2,6485
2,6486
38,6487
15,6488
9,6489
6,6490
27,6491
33,6492
35,6493
35,6494
31,6495
9,6496
3,6497
24,6498
8,6499
11,6500
0,6501
25,6502
35,6503
37,6504
15,6505
12,6506
14,6507
23,6508
27,6509
0,6510
4,6511
26,6512
21,6513
15,6514
2,6515
33,6516
14,6517
24,6518
4,6519
33,6520
15,6521
38,6522
10,6523
27,6524
31,6525
13,6526
11,6527
15,6528
24,6529
7,6530
26,6531
29,6532
6,6533
31,6534
31,6535
17,6536
24,6537
35,6538
15,6539
31,6540
3,6541
7,6542
9,6543
39,6544
2,6545
26,6546
13,6547
12,6548
16,6549
2,6550
36,6551
17,6552
15,6553
29,6554
26,6555
12,6556
33,6557
19,6558
20,6559
20,6560
10,6561
6,6562
21,6563
18,6564
9,6565
17,6566
33,6567
2,6568
35,6569
33,6570
21,6571
20,6572
37,6573
5,6574
15,6575
17,6576
18,6577
8,6578
38,6579
26,6580
29,6581
34,6582
31,6583
1,6584
26,6585
12,6586
20,6587
13,6588
35,6589
39,6590
25,6591
18,6592
26,6593
6,6594
22,6595
2,6596
31,6597
2,6598
24,6599
17,6600
0,6601
21,6602
22,6603
38,6604
11,6605
1,6606
6,6607
37,6608
0,6609
32,6610
1,6611
24,6612
12,6613
20,6614
5,6615
22,6616
15,6617
8,6618
5,6619
30,6620
23,6621
9,6622
30,6623
23,6624
19,6625
13,6626
39,6627
3,6628
36,6629
19,6630
24,6631
16,6632
6,6633
14,6634
25,6635
14,6636
14,6637
20,6638
18,6639
3,6640
21,6641
30,6642
10,6643
30,6644
21,6645
34,6646
26,6647
12,6648
24,6649
35,6650
39,6651
39,6652
13,6653
11,6654
39,6655
7,6656
33,6657
17,6658
28,6659
7,6660
4,6661
29,6662
19,6663
7,6664
14,6665
23,6666
26,6667
33,6668
35,6669
39,6670
11,6671
33,6672
34,6673
21,6674
13,6675
1,6676
4,6677
34,6678
20,6679
24,6680
10,6681
6,6682
28,6683
37,6684
37,6685
0,6686
37,6687
26,6688
12,6689
3,6690
24,6691
37,6692
22,6693
10,6694
14,6695
23,6696
22,6697
17,6698
15,6699
21,6700
39,6701
18,6702
17,6703
18,6704
1,6705
8,6706
38,6707
34,6708
12,6709
13,6710
12,6711
34,6712
32,6713
3,6714
32,6715
39,6716
36,6717
12,6718
29,6719
11,6720
34,6721
35,6722
30,6723
18,6724
37,6725
24,6726
22,6727
28,6728
6,6729
20,6730
34,6731
19,6732
20,6733
6,6734
8,6735
23,6736
38,6737
9,6738
4,6739
5,6740
26,6741
39,6742
29,6743
14,6744
34,6745
14,6746
5,6747
19,6748
7,6749
0,6750
36,6751
15,6752
36,6753
4,6754
12,6755
17,6756
17,6757
28,6758
16,6759
12,6760
39,6761
6,6762
29,6763
7,6764
13,6765
23,6766
9,6767
39,6768
15,6769
24,6770
10,6771
17,6772
3,6773
34,6774
3,6775
35,6776
31,6777
27,6778
8,6779
9,6780
1,6781
18,6782
4,6783
0,6784
38,6785
30,6786
8,6787
25,6788
28,6789
24,6790
39,6791
19,6792
27,6793
11,6794
21,6795
30,6796
19,6797
24,6798
20,6799
22,6800
11,6801
32,6802
23,6803
38,6804
27,6805
17,6806
17,6807
28,6808
17,6809
11,6810
19,6811
1,6812
20,6813
16,6814
33,6815
38,6816
34,6817
21,6818
12,6819
34,6820
7,6821
2,6822
33,6823
38,6824
4,6825
1,6826
7,6827
20,6828
19,6829
1,6830
15,6831
12,6832
16,6833
3,6834
15,6835
18,6836
6,6837
21,6838
30,6839
23,6840
35,6841
4,6842
35,6843
10,6844
16,6845
15,6846
7,6847
20,6848
35,6849
30,6850
22,6851
25,6852
38,6853
22,6854
38,6855
27,6856
29,6857
11,6858
18,6859
4,6860
39,6861
34,6862
13,6863
1,6864
26,6865
33,6866
31,6867
30,6868
10,6869
15,6870
27,6871
28,6872
15,6873
25,6874
35,6875
19,6876
8,6877
20,6878
8,6879
21,6880
28,6881
18,6882
13,6883
35,6884
4,6885
12,6886
10,6887
7,6888
29,6889
38,6890
22,6891
30,6892
32,6893
20,6894
10,6895
0,6896
9,6897
26,6898
17,6899
3,6900
10,6901
11,6902
7,6903
10,6904
3,6905
38,6906
35,6907
31,6908
2,6909
24,6910
15,6911
1,6912
32,6913
23,6914
11,6915
5,6916
9,6917
20,6918
31,6919
24,6920
32,6921
14,6922
3,6923
21,6924
24,6925
35,6926
1,6927
10,6928
6,6929
10,6930
28,6931
17,6932
31,6933
10,6934
16,6935
26,6936
26,6937
20,6938
18,6939
33,6940
17,6941
0,6942
39,6943
14,6944
13,6945
39,6946
35,6947
28,6948
21,6949
35,6950
4,6951
15,6952
4,6953
2,6954
28,6955
19,6956
3,6957
11,6958
28,6959
37,6960
27,6961
31,6962
30,6963
5,6964
37,6965
22,6966
12,6967
37,6968
37,6969
28,6970
35,6971
7,6972
5,6973
28,6974
38,6975
35,6976
8,6977
29,6978
32,6979
15,6980
29,6981
39,6982
0,6983
2,6984
29,6985
34,6986
0,6987
12,6988
25,6989
15,6990
33,6991
28,6992
1,6993
19,6994
6,6995
21,6996
16,6997
20,6998
17,6999
10,7000
18,7001
0,7002
38,7003
26,7004
12,7005
19,7006
23,7007
37,7008
6,7009
39,7010
22,7011
28,7012
19,7013
39,7014
31,7015
28,7016
36,7017
32,7018
14,7019
4,7020
2,7021
26,7022
35,7023
28,7024
36,7025
26,7026
29,7027
34,7028
13,7029
1,7030
10,7031
18,7032
0,7033
4,7034
0,7035
25,7036
10,7037
23,7038
31,7039
5,7040
8,7041
13,7042
18,7043
1,7044
0,7045
24,7046
15,7047
31,7048
5,7049
25,7050
3,7051
8,7052
36,7053
35,7054
9,7055
6,7056
2,7057
19,7058
29,7059
34,7060
29,7061
7,7062
14,7063
10,7064
1,7065
10,7066
32,7067
18,7068
4,7069
0,7070
10,7071
7,7072
10,7073
4,7074
17,7075
21,7076
15,7077
9,7078
28,7079
2,7080
24,7081
0,7082
33,7083
19,7084
37,7085
24,7086
12,7087
7,7088
32,7089
16,7090
12,7091
6,7092
19,7093
35,7094
27,7095
33,7096
31,7097
1,7098
37,7099
20,7100
0,7101
29,7102
29,7103
3,7104
18,7105
17,7106
28,7107
29,7108
6,7109
24,7110
18,7111
33,7112
5,7113
37,7114
26,7115
11,7116
15,7117
35,7118
23,7119
20,7120
35,7121
3,7122
5,7123
30,7124
9,7125
4,7126
33,7127
35,7128
5,7129
15,7130
18,7131
4,7132
11,7133
16,7134
11,7135
30,7136
25,7137
39,7138
18,7139
14,7140
6,7141
37,7142
36,7143
14,7144
11,7145
35,7146
11,7147
20,7148
22,7149
27,7150
37,7151
17,7152
29,7153
10,7154
27,7155
8,7156
5,7157
35,7158
33,7159
36,7160
32,7161
37,7162
4,7163
5,7164
30,7165
39,7166
33,7167
28,7168
26,7169
27,7170
28,7171
2,7172
39,7173
24,7174
28,7175
6,7176
24,7177
35,7178
5,7179
30,7180
18,7181
21,7182
22,7183
20,7184
32,7185
8,7186
13,7187
8,7188
35,7189
31,7190
19,7191
36,7192
0,7193
6,7194
24,7195
10,7196
34,7197
1,7198
12,7199
34,7200
33,7201
7,7202
5,7203
17,7204
36,7205
12,7206
6,7207
1,7208
33,7209
6,7210
38,7211
1,7212
12,7213
9,7214
33,7215
33,7216
39,7217
20,7218
37,7219
18,7220
20,7221
28,7222
6,7223
27,7224
8,7225
20,7226
16,7227
1,7228
15,7229
16,7230
37,7231
24,7232
11,7233
27,7234
30,7235
27,7236
22,7237
17,7238
15,7239
8,7240
25,7241
14,7242
18,7243
23,7244
16,7245
39,7246
14,7247
18,7248
24,7249
14,7250
27,7251
11,7252
2,7253
28,7254
33,7255
9,7256
29,7257
6,7258
5,7259
21,7260
20,7261
2,7262
32,7263
27,7264
6,7265
23,7266
9,7267
11,7268
30,7269
32,7270
37,7271
7,7272
4,7273
19,7274
30,7275
37,7276
13,7277
11,7278
11,7279
0,7280
6,7281
39,7282
10,7283
5,7284
2,7285
11,7286
1,7287
27,7288
33,7289
6,7290
37,7291
14,7292
9,7293
21,7294
9,7295
22,7296
1,7297
12,7298
7,7299
26,7300
32,7301
37,7302
19,7303
30,7304
26,7305
8,7306
5,7307
39,7308
1,7309
32,7310
31,7311
37,7312
14,7313
15,7314
31,7315
6,7316
5,7317
9,7318
21,7319
24,7320
14,7321
3,7322
28,7323
11,7324
32,7325
36,7326
36,7327
27,7328
25,7329
36,7330
13,7331
17,7332
14,7333
29,7334
14,7335
37,7336
24,7337
14,7338
6,7339
35,7340
8,7341
9,7342
34,7343
7,7344
13,7345
12,7346
32,7347
9,7348
8,7349
21,7350
26,7351
31,7352
10,7353
22,7354
13,7355
14,7356
32,7357
32,7358
10,7359
18,7360
11,7361
9,7362
9,7363
30,7364
18,7365
29,7366
32,7367
39,7368
26,7369
5,7370
19,7371
3,7372
12,7373
33,7374
4,7375
4,7376
33,7377
6,7378
4,7379
36,7380
31,7381
18,7382
27,7383
35,7384
32,7385
29,7386
10,7387
23,7388
20,7389
20,7390
4,7391
36,7392
5,7393
11,7394
22,7395
28,7396
16,7397
11,7398
1,7399
31,7400
15,7401
1,7402
35,7403
12,7404
2,7405
19,7406
35,7407
28,7408
20,7409
28,7410
13,7411
36,7412
14,7413
31,7414
21,7415
32,7416
7,7417
26,7418
33,7419
16,7420
4,7421
2,7422
19,7423
24,7424
4,7425
5,7426
14,7427
6,7428
14,7429
17,7430
18,7431
0,7432
6,7433
37,7434
7,7435
33,7436
25,7437
2,7438
12,7439
9,7440
24,7441
33,7442
30,7443
29,7444
11,7445
21,7446
2,7447
10,7448
29,7449
3,7450
2,7451
28,7452
33,7453
35,7454
30,7455
17,7456
39,7457
19,7458
34,7459
19,7460
9,7461
12,7462
17,7463
31,7464
36,7465
28,7466
27,7467
24,7468
21,7469
20,7470
30,7471
13,7472
4,7473
39,7474
13,7475
26,7476
9,7477
32,7478
36,7479
17,7480
18,7481
17,7482
12,7483
9,7484
5,7485
10,7486
19,7487
32,7488
7,7489
24,7490
22,7491
8,7492
2,7493
39,7494
24,7495
25,7496
8,7497
29,7498
2,7499
39,7500
34,7501
25,7502
23,7503
17,7504
5,7505
38,7506
34,7507
13,7508
11,7509
16,7510
25,7511
15,7512
27,7513
14,7514
17,7515
17,7516
28,7517
4,7518
20,7519
22,7520
6,7521
31,7522
11,7523
5,7524
28,7525
25,7526
20,7527
31,7528
39,7529
11,7530
24,7531
3,7532
34,7533
5,7534
25,7535
14,7536
15,7537
8,7538
7,7539
15,7540
37,7541
18,7542
24,7543
38,7544
11,7545
19,7546
25,7547
11,7548
32,7549
39,7550
2,7551
5,7552
31,7553
28,7554
12,7555
32,7556
37,7557
22,7558
1,7559
18,7560
1,7561
4,7562
13,7563
16,7564
8,7565
21,7566
20,7567
25,7568
33,7569
22,7570
14,7571
25,7572
2,7573
31,7574
35,7575
6,7576
38,7577
17,7578
24,7579
15,7580
4,7581
30,7582
34,7583
21,7584
37,7585
29,7586
10,7587
16,7588
0,7589
21,7590
29,7591
38,7592
3,7593
32,7594
3,7595
31,7596
31,7597
36,7598
35,7599
30,7600
13,7601
15,7602
7,7603
35,7604
35,7605
38,7606
6,7607
34,7608
1,7609
18,7610
36,7611
11,7612
32,7613
14,7614
8,7615
37,7616
7,7617
31,7618
39,7619
29,7620
14,7621
5,7622
2,7623
8,7624
37,7625
27,7626
10,7627
25,7628
33,7629
20,7630
35,7631
1,7632
14,7633
24,7634
6,7635
3,7636
8,7637
16,7638
17,7639
15,7640
26,7641
32,7642
25,7643
33,7644
3,7645
11,7646
32,7647
21,7648
31,7649
28,7650
29,7651
39,7652
6,7653
26,7654
12,7655
18,7656
20,7657
36,7658
21,7659
36,7660
31,7661
35,7662
37,7663
24,7664
37,7665
24,7666
32,7667
21,7668
5,7669
25,7670
38,7671
2,7672
30,7673
39,7674
29,7675
7,7676
26,7677
32,7678
34,7679
1,7680
11,7681
25,7682
27,7683
15,7684
7,7685
13,7686
39,7687
14,7688
30,7689
23,7690
22,7691
22,7692
16,7693
31,7694
10,7695
24,7696
22,7697
38,7698
4,7699
8,7700
3,7701
5,7702
30,7703
28,7704
4,7705
15,7706
6,7707
18,7708
5,7709
23,7710
7,7711
35,7712
31,7713
16,7714
2,7715
24,7716
17,7717
10,7718
3,7719
36,7720
17,7721
10,7722
38,7723
2,7724
31,7725
5,7726
28,7727
3,7728
24,7729
16,7730
11,7731
27,7732
33,7733
4,7734
13,7735
6,7736
24,7737
35,7738
10,7739
8,7740
27,7741
26,7742
5,7743
8,7744
33,7745
29,7746
5,7747
4,7748
7,7749
15,7750
6,7751
14,7752
24,7753
16,7754
7,7755
5,7756
14,7757
15,7758
22,7759
19,7760
0,7761
34,7762
11,7763
37,7764
34,7765
6,7766
14,7767
23,7768
28,7769
20,7770
10,7771
38,7772
23,7773
12,7774
19,7775
10,7776
11,7777
19,7778
33,7779
3,7780
27,7781
4,7782
13,7783
1,7784
12,7785
2,7786
32,7787
18,7788
25,7789
20,7790
16,7791
12,7792
11,7793
21,7794
31,7795
12,7796
25,7797
25,7798
3,7799
22,7800
25,7801
34,7802
25,7803
32,7804
34,7805
12,7806
2,7807
19,7808
3,7809
31,7810
9,7811
39,7812
17,7813
18,7814
6,7815
33,7816
22,7817
11,7818
32,7819
22,7820
2,7821
3,7822
21,7823
22,7824
26,7825
26,7826
24,7827
35,7828
17,7829
33,7830
13,7831
23,7832
0,7833
5,7834
32,7835
20,7836
5,7837
27,7838
5,7839
1,7840
9,7841
4,7842
3,7843
24,7844
16,7845
39,7846
36,7847
19,7848
34,7849
21,7850
36,7851
14,7852
38,7853
34,7854
18,7855
21,7856
20,7857
4,7858
22,7859
6,7860
26,7861
23,7862
14,7863
14,7864
0,7865
9,7866
38,7867
34,7868
30,7869
21,7870
27,7871
5,7872
37,7873
17,7874
36,7875
16,7876
4,7877
24,7878
8,7879
25,7880
20,7881
35,7882
24,7883
36,7884
39,7885
29,7886
33,7887
26,7888
20,7889
4,7890
25,7891
25,7892
34,7893
34,7894
11,7895
19,7896
0,7897
19,7898
33,7899
28,7900
16,7901
19,7902
7,7903
37,7904
21,7905
26,7906
8,7907
39,7908
34,7909
13,7910
32,7911
25,7912
19,7913
28,7914
19,7915
35,7916
24,7917
18,7918
20,7919
27,7920
21,7921
18,7922
27,7923
21,7924
39,7925
38,7926
36,7927
39,7928
12,7929
10,7930
13,7931
13,7932
0,7933
26,7934
5,7935
2,7936
24,7937
8,7938
31,7939
6,7940
32,7941
35,7942
8,7943
37,7944
30,7945
8,7946
17,7947
12,7948
7,7949
29,7950
39,7951
24,7952
29,7953
22,7954
14,7955
5,7956
22,7957
14,7958
17,7959
29,7960
19,7961
18,7962
32,7963
21,7964
7,7965
23,7966
19,7967
18,7968
5,7969
36,7970
7,7971
19,7972
12,7973
0,7974
19,7975
8,7976
19,7977
27,7978
12,7979
25,7980
14,7981
30,7982
16,7983
37,7984
9,7985
18,7986
21,7987
22,7988
31,7989
22,7990
35,7991
39,7992
24,7993
12,7994
12,7995
22,7996
25,7997
8,7998
31,7999
10,8000
27,8001
26,8002
4,8003
14,8004
0,8005
17,8006
17,8007
33,8008
8,8009
22,8010
33,8011
4,8012
5,8013
31,8014
16,8015
21,8016
4,8017
4,8018
39,8019
9,8020
3,8021
8,8022
35,8023
30,8024
19,8025
29,8026
18,8027
17,8028
33,8029
1,8030
23,8031
32,8032
18,8033
30,8034
29,8035
26,8036
36,8037
26,8038
16,8039
21,8040
34,8041
29,8042
27,8043
3,8044
9,8045
29,8046
7,8047
6,8048
29,8049
1,8050
27,8051
25,8052
9,8053
29,8054
10,8055
15,8056
26,8057
33,8058
7,8059
1,8060
31,8061
32,8062
24,8063
24,8064
8,8065
23,8066
5,8067
2,8068
18,8069
25,8070
7,8071
3,8072
33,8073
28,8074
2,8075
32,8076
35,8077
33,8078
3,8079
9,8080
18,8081
20,8082
21,8083
17,8084
3,8085
28,8086
10,8087
33,8088
3,8089
8,8090
4,8091
18,8092
5,8093
1,8094
1,8095
8,8096
20,8097
20,8098
27,8099
33,8100
35,8101
3,8102
39,8103
25,8104
24,8105
2,8106
32,8107
33,8108
26,8109
33,8110
30,8111
38,8112
12,8113
9,8114
16,8115
24,8116
10,8117
30,8118
11,8119
14,8120
25,8121
37,8122
1,8123
13,8124
9,8125
25,8126
4,8127
27,8128
29,8129
2,8130
5,8131
38,8132
28,8133
15,8134
14,8135
32,8136
20,8137
33,8138
30,8139
18,8140
30,8141
20,8142
34,8143
37,8144
36,8145
15,8146
38,8147
11,8148
20,8149
16,8150
4,8151
33,8152
19,8153
19,8154
36,8155
7,8156
31,8157
37,8158
17,8159
7,8160
21,8161
21,8162
30,8163
24,8164
7,8165
32,8166
1,8167
32,8168
18,8169
11,8170
21,8171
27,8172
6,8173
8,8174
9,8175
13,8176
8,8177
23,8178
17,8179
36,8180
7,8181
37,8182
20,8183
1,8184
2,8185
21,8186
8,8187
33,8188
0,8189
2,8190
3,8191
5,8192
22,8193
34,8194
12,8195
33,8196
6,8197
19,8198
33,8199
14,8200
7,8201
33,8202
17,8203
5,8204
19,8205
24,8206
10,8207
23,8208
12,8209
4,8210
23,8211
19,8212
18,8213
34,8214
10,8215
11,8216
39,8217
11,8218
3,8219
7,8220
32,8221
35,8222
27,8223
7,8224
4,8225
5,8226
1,8227
3,8228
7,8229
35,8230
8,8231
1,8232
29,8233
30,8234
32,8235
18,8236
25,8237
39,8238
37,8239
35,8240
26,8241
31,8242
21,8243
3,8244
5,8245
37,8246
26,8247
29,8248
30,8249
3,8250
27,8251
17,8252
6,8253
29,8254
13,8255
39,8256
13,8257
32,8258
38,8259
9,8260
36,8261
27,8262
4,8263
35,8264
1,8265
1,8266
10,8267
31,8268
16,8269
33,8270
20,8271
0,8272
22,8273
13,8274
32,8275
37,8276
17,8277
3,8278
15,8279
11,8280
19,8281
1,8282
13,8283
39,8284
3,8285
14,8286
36,8287
21,8288
26,8289
16,8290
38,8291
14,8292
36,8293
3,8294
10,8295
5,8296
2,8297
3,8298
2,8299
5,8300
32,8301
8,8302
19,8303
21,8304
36,8305
39,8306
0,8307
2,8308
11,8309
11,8310
36,8311
8,8312
13,8313
25,8314
18,8315
23,8316
20,8317
17,8318
8,8319
21,8320
28,8321
3,8322
33,8323
10,8324
5,8325
39,8326
34,8327
30,8328
8,8329
11,8330
19,8331
34,8332
4,8333
14,8334
5,8335
9,8336
6,8337
19,8338
17,8339
9,8340
15,8341
32,8342
16,8343
23,8344
32,8345
13,8346
13,8347
18,8348
15,8349
8,8350
9,8351
2,8352
27,8353
21,8354
8,8355
2,8356
33,8357
20,8358
27,8359
35,8360
35,8361
12,8362
22,8363
19,8364
31,8365
30,8366
2,8367
3,8368
2,8369
16,8370
24,8371
23,8372
14,8373
9,8374
35,8375
4,8376
36,8377
12,8378
31,8379
6,8380
14,8381
10,8382
12,8383
6,8384
32,8385
8,8386
28,8387
6,8388
39,8389
20,8390
15,8391
6,8392
2,8393
25,8394
2,8395
26,8396
5,8397
15,8398
25,8399
35,8400
2,8401
38,8402
16,8403
15,8404
34,8405
3,8406
24,8407
14,8408
31,8409
22,8410
20,8411
10,8412
7,8413
6,8414
23,8415
16,8416
35,8417
32,8418
24,8419
16,8420
31,8421
17,8422
5,8423
11,8424
21,8425
25,8426
12,8427
25,8428
36,8429
20,8430
37,8431
9,8432
6,8433
3,8434
24,8435
25,8436
14,8437
4,8438
0,8439
15,8440
27,8441
8,8442
27,8443
29,8444
3,8445
31,8446
16,8447
21,8448
13,8449
31,8450
30,8451
4,8452
10,8453
10,8454
10,8455
17,8456
33,8457
4,8458
3,8459
26,8460
12,8461
13,8462
30,8463
38,8464
5,8465
13,8466
27,8467
36,8468
26,8469
24,8470
10,8471
1,8472
31,8473
30,8474
12,8475
23,8476
5,8477
30,8478
8,8479
13,8480
32,8481
21,8482
5,8483
25,8484
22,8485
3,8486
33,8487
7,8488
25,8489
0,8490
32,8491
13,8492
25,8493
36,8494
17,8495
20,8496
25,8497
0,8498
29,8499
39,8500
8,8501
12,8502
32,8503
37,8504
18,8505
37,8506
9,8507
21,8508
32,8509
15,8510
2,8511
12,8512
4,8513
0,8514
5,8515
14,8516
11,8517
14,8518
19,8519
11,8520
20,8521
32,8522
15,8523
6,8524
38,8525
7,8526
19,8527
15,8528
33,8529
17,8530
10,8531
29,8532
17,8533
30,8534
29,8535
27,8536
9,8537
30,8538
39,8539
13,8540
1,8541
10,8542
18,8543
5,8544
38,8545
1,8546
16,8547
37,8548
21,8549
27,8550
31,8551
33,8552
35,8553
30,8554
39,8555
32,8556
9,8557
10,8558
7,8559
8,8560
31,8561
10,8562
37,8563
34,8564
1,8565
37,8566
14,8567
12,8568
38,8569
6,8570
26,8571
18,8572
34,8573
9,8574
19,8575
0,8576
2,8577
34,8578
31,8579
1,8580
1,8581
6,8582
17,8583
5,8584
16,8585
27,8586
13,8587
0,8588
1,8589
29,8590
5,8591
33,8592
13,8593
3,8594
16,8595
38,8596
1,8597
0,8598
34,8599
37,8600
30,8601
20,8602
1,8603
37,8604
23,8605
17,8606
0,8607
23,8608
21,8609
10,8610
26,8611
8,8612
37,8613
21,8614
8,8615
10,8616
26,8617
7,8618
12,8619
29,8620
36,8621
19,8622
30,8623
9,8624
28,8625
18,8626
23,8627
24,8628
23,8629
1,8630
34,8631
5,8632
37,8633
27,8634
4,8635
2,8636
22,8637
15,8638
26,8639
7,8640
23,8641
6,8642
6,8643
32,8644
6,8645
32,8646
31,8647
5,8648
31,8649
7,8650
31,8651
33,8652
32,8653
7,8654
18,8655
20,8656
15,8657
16,8658
10,8659
19,8660
28,8661
21,8662
12,8663
4,8664
18,8665
0,8666
0,8667
23,8668
10,8669
15,8670
31,8671
33,8672
10,8673
14,8674
8,8675
7,8676
6,8677
31,8678
27,8679
5,8680
34,8681
18,8682
11,8683
11,8684
28,8685
21,8686
10,8687
17,8688
0,8689
5,8690
18,8691
11,8692
25,8693
19,8694
1,8695
10,8696
37,8697
18,8698
28,8699
37,8700
35,8701
27,8702
6,8703
34,8704
37,8705
33,8706
34,8707
12,8708
2,8709
35,8710
27,8711
31,8712
27,8713
21,8714
28,8715
28,8716
12,8717
38,8718
5,8719
12,8720
16,8721
8,8722
30,8723
2,8724
3,8725
36,8726
35,8727
27,8728
12,8729
30,8730
2,8731
25,8732
9,8733
23,8734
3,8735
10,8736
35,8737
23,8738
32,8739
19,8740
10,8741
6,8742
2,8743
33,8744
31,8745
19,8746
23,8747
18,8748
12,8749
3,8750
7,8751
15,8752
7,8753
22,8754
28,8755
36,8756
14,8757
6,8758
32,8759
28,8760
32,8761
10,8762
11,8763
30,8764
11,8765
7,8766
28,8767
8,8768
32,8769
31,8770
4,8771
16,8772
23,8773
22,8774
1,8775
4,8776
21,8777
17,8778
0,8779
7,8780
3,8781
21,8782
28,8783
29,8784
6,8785
11,8786
9,8787
4,8788
28,8789
1,8790
25,8791
13,8792
19,8793
17,8794
15,8795
17,8796
2,8797
32,8798
2,8799
33,8800
33,8801
30,8802
28,8803
19,8804
33,8805
14,8806
11,8807
32,8808
23,8809
31,8810
34,8811
33,8812
8,8813
31,8814
34,8815
34,8816
17,8817
9,8818
11,8819
37,8820
9,8821
17,8822
20,8823
20,8824
18,8825
21,8826
23,8827
25,8828
27,8829
14,8830
35,8831
29,8832
16,8833
2,8834
16,8835
24,8836
37,8837
36,8838
24,8839
5,8840
8,8841
25,8842
5,8843
30,8844
22,8845
20,8846
28,8847
16,8848
0,8849
23,8850
28,8851
13,8852
16,8853
18,8854
0,8855
23,8856
10,8857
23,8858
31,8859
30,8860
25,8861
12,8862
39,8863
24,8864
0,8865
38,8866
17,8867
8,8868
2,8869
30,8870
15,8871
24,8872
27,8873
21,8874
33,8875
13,8876
19,8877
30,8878
8,8879
26,8880
2,8881
37,8882
12,8883
12,8884
14,8885
4,8886
17,8887
0,8888
37,8889
39,8890
3,8891
24,8892
32,8893
22,8894
28,8895
0,8896
11,8897
19,8898
22,8899
26,8900
30,8901
38,8902
3,8903
34,8904
30,8905
39,8906
5,8907
12,8908
18,8909
11,8910
28,8911
37,8912
1,8913
2,8914
17,8915
3,8916
35,8917
4,8918
33,8919
2,8920
32,8921
37,8922
21,8923
10,8924
30,8925
3,8926
34,8927
33,8928
33,8929
8,8930
20,8931
11,8932
21,8933
19,8934
30,8935
17,8936
15,8937
10,8938
28,8939
35,8940
10,8941
7,8942
1,8943
7,8944
9,8945
21,8946
31,8947
5,8948
22,8949
30,8950
28,8951
32,8952
39,8953
20,8954
8,8955
9,8956
12,8957
13,8958
13,8959
36,8960
36,8961
38,8962
12,8963
34,8964
6,8965
34,8966
20,8967
30,8968
0,8969
33,8970
19,8971
7,8972
18,8973
16,8974
8,8975
22,8976
2,8977
27,8978
4,8979
19,8980
32,8981
30,8982
9,8983
14,8984
27,8985
5,8986
2,8987
3,8988
19,8989
28,8990
34,8991
35,8992
27,8993
6,8994
6,8995
28,8996
7,8997
10,8998
25,8999
20,9000
5,9001
19,9002
18,9003
25,9004
19,9005
3,9006
10,9007
11,9008
25,9009
14,9010
19,9011
0,9012
34,9013
25,9014
27,9015
13,9016
0,9017
38,9018
27,9019
29,9020
36,9021
27,9022
9,9023
2,9024
11,9025
7,9026
10,9027
22,9028
9,9029
21,9030
11,9031
17,9032
2,9033
9,9034
30,9035
37,9036
0,9037
37,9038
7,9039
20,9040
34,9041
20,9042
12,9043
33,9044
37,9045
7,9046
0,9047
8,9048
4,9049
38,9050
34,9051
4,9052
35,9053
15,9054
6,9055
30,9056
35,9057
11,9058
27,9059
6,9060
31,9061
12,9062
7,9063
20,9064
15,9065
8,9066
37,9067
12,9068
27,9069
22,9070
5,9071
13,9072
18,9073
15,9074
37,9075
3,9076
3,9077
20,9078
15,9079
39,9080
37,9081
30,9082
21,9083
5,9084
10,9085
31,9086
19,9087
16,9088
38,9089
2,9090
5,9091
23,9092
28,9093
37,9094
30,9095
7,9096
5,9097
32,9098
19,9099
14,9100
26,9101
25,9102
1,9103
1,9104
30,9105
13,9106
0,9107
30,9108
27,9109
3,9110
30,9111
39,9112
25,9113
21,9114
32,9115
27,9116
8,9117
25,9118
1,9119
8,9120
33,9121
1,9122
11,9123
36,9124
5,9125
35,9126
24,9127
21,9128
30,9129
28,9130
29,9131
22,9132
6,9133
38,9134
28,9135
26,9136
17,9137
16,9138
38,9139
27,9140
17,9141
30,9142
3,9143
13,9144
24,9145
17,9146
24,9147
19,9148
6,9149
19,9150
5,9151
25,9152
23,9153
8,9154
23,9155
23,9156
17,9157
2,9158
33,9159
7,9160
13,9161
14,9162
32,9163
25,9164
37,9165
13,9166
15,9167
37,9168
18,9169
14,9170
32,9171
4,9172
31,9173
35,9174
11,9175
15,9176
5,9177
34,9178
17,9179
39,9180
29,9181
0,9182
11,9183
1,9184
34,9185
9,9186
31,9187
19,9188
11,9189
24,9190
18,9191
34,9192
4,9193
17,9194
31,9195
35,9196
10,9197
3,9198
38,9199
10,9200
17,9201
16,9202
31,9203
13,9204
38,9205
27,9206
34,9207
14,9208
13,9209
23,9210
24,9211
14,9212
13,9213
9,9214
5,9215
28,9216
32,9217
7,9218
26,9219
26,9220
5,9221
25,9222
15,9223
22,9224
23,9225
0,9226
15,9227
7,9228
4,9229
23,9230
12,9231
21,9232
1,9233
6,9234
35,9235
39,9236
23,9237
29,9238
37,9239
26,9240
21,9241
26,9242
19,9243
21,9244
2,9245
13,9246
33,9247
23,9248
2,9249
8,9250
27,9251
9,9252
32,9253
20,9254
20,9255
31,9256
39,9257
37,9258
12,9259
22,9260
10,9261
38,9262
37,9263
1,9264
30,9265
8,9266
22,9267
2,9268
38,9269
12,9270
12,9271
12,9272
6,9273
16,9274
34,9275
29,9276
22,9277
10,9278
15,9279
23,9280
17,9281
20,9282
24,9283
39,9284
5,9285
2,9286
1,9287
3,9288
26,9289
39,9290
10,9291
4,9292
3,9293
29,9294
9,9295
24,9296
22,9297
4,9298
8,9299
29,9300
16,9301
9,9302
10,9303
32,9304
17,9305
15,9306
11,9307
21,9308
13,9309
7,9310
19,9311
10,9312
18,9313
20,9314
17,9315
17,9316
18,9317
4,9318
30,9319
27,9320
18,9321
36,9322
30,9323
19,9324
32,9325
25,9326
11,9327
9,9328
37,9329
19,9330
4,9331
22,9332
11,9333
38,9334
35,9335
33,9336
38,9337
4,9338
8,9339
11,9340
1,9341
22,9342
19,9343
3,9344
7,9345
5,9346
29,9347
36,9348
1,9349
25,9350
22,9351
22,9352
1,9353
5,9354
4,9355
33,9356
7,9357
4,9358
3,9359
27,9360
37,9361
19,9362
30,9363
17,9364
2,9365
32,9366
9,9367
31,9368
28,9369
4,9370
23,9371
39,9372
4,9373
0,9374
12,9375
4,9376
1,9377
27,9378
27,9379
31,9380
4,9381
26,9382
6,9383
6,9384
9,9385
29,9386
17,9387
25,9388
1,9389
1,9390
12,9391
10,9392
12,9393
27,9394
30,9395
17,9396
16,9397
14,9398
38,9399
7,9400
3,9401
9,9402
28,9403
21,9404
5,9405
4,9406
36,9407
35,9408
3,9409
2,9410
24,9411
37,9412
31,9413
6,9414
32,9415
13,9416
11,9417
15,9418
16,9419
11,9420
22,9421
20,9422
15,9423
29,9424
5,9425
15,9426
7,9427
37,9428
17,9429
15,9430
24,9431
15,9432
28,9433
20,9434
37,9435
26,9436
12,9437
22,9438
19,9439
12,9440
17,9441
24,9442
15,9443
4,9444
3,9445
39,9446
32,9447
38,9448
18,9449
20,9450
4,9451
8,9452
33,9453
4,9454
38,9455
0,9456
15,9457
33,9458
15,9459
9,9460
22,9461
22,9462
36,9463
15,9464
9,9465
19,9466
0,9467
11,9468
7,9469
1,9470
10,9471
24,9472
25,9473
20,9474
3,9475
7,9476
22,9477
38,9478
35,9479
35,9480
33,9481
20,9482
7,9483
7,9484
10,9485
10,9486
14,9487
8,9488
35,9489
20,9490
32,9491
25,9492
18,9493
15,9494
27,9495
1,9496
12,9497
35,9498
3,9499
10,9500
14,9501
13,9502
19,9503
19,9504
17,9505
0,9506
33,9507
9,9508
0,9509
22,9510
39,9511
18,9512
36,9513
14,9514
18,9515
31,9516
17,9517
15,9518
33,9519
31,9520
18,9521
31,9522
32,9523
34,9524
37,9525
7,9526
18,9527
6,9528
4,9529
15,9530
37,9531
30,9532
22,9533
2,9534
23,9535
7,9536
29,9537
6,9538
23,9539
22,9540
20,9541
18,9542
34,9543
21,9544
21,9545
8,9546
11,9547
11,9548
6,9549
20,9550
34,9551
28,9552
35,9553
1,9554
18,9555
33,9556
4,9557
23,9558
11,9559
17,9560
21,9561
2,9562
5,9563
17,9564
13,9565
19,9566
16,9567
24,9568
30,9569
35,9570
11,9571
17,9572
17,9573
34,9574
32,9575
20,9576
8,9577
23,9578
28,9579
18,9580
16,9581
7,9582
3,9583
31,9584
25,9585
19,9586
31,9587
7,9588
36,9589
11,9590
7,9591
22,9592
6,9593
39,9594
32,9595
6,9596
37,9597
10,9598
15,9599
4,9600
7,9601
2,9602
30,9603
26,9604
28,9605
12,9606
22,9607
17,9608
0,9609
6,9610
31,9611
19,9612
11,9613
36,9614
32,9615
8,9616
22,9617
2,9618
29,9619
28,9620
19,9621
25,9622
10,9623
39,9624
3,9625
34,9626
3,9627
10,9628
30,9629
12,9630
28,9631
12,9632
1,9633
25,9634
8,9635
8,9636
26,9637
1,9638
0,9639
5,9640
38,9641
36,9642
16,9643
9,9644
38,9645
15,9646
36,9647
12,9648
30,9649
29,9650
27,9651
14,9652
32,9653
8,9654
20,9655
4,9656
19,9657
5,9658
9,9659
37,9660
3,9661
34,9662
20,9663
1,9664
18,9665
1,9666
20,9667
27,9668
8,9669
9,9670
39,9671
12,9672
32,9673
30,9674
19,9675
36,9676
4,9677
31,9678
10,9679
11,9680
39,9681
20,9682
2,9683
37,9684
10,9685
37,9686
30,9687
19,9688
5,9689
22,9690
10,9691
30,9692
2,9693
2,9694
19,9695
18,9696
11,9697
36,9698
2,9699
13,9700
32,9701
0,9702
2,9703
23,9704
17,9705
9,9706
13,9707
8,9708
8,9709
37,9710
11,9711
20,9712
17,9713
28,9714
32,9715
37,9716
38,9717
5,9718
18,9719
5,9720
33,9721
4,9722
13,9723
4,9724
7,9725
26,9726
32,9727
28,9728
5,9729
28,9730
13,9731
21,9732
37,9733
4,9734
5,9735
26,9736
7,9737
6,9738
16,9739
13,9740
9,9741
19,9742
24,9743
13,9744
33,9745
6,9746
4,9747
21,9748
31,9749
17,9750
24,9751
21,9752
1,9753
3,9754
30,9755
11,9756
9,9757
7,9758
13,9759
12,9760
0,9761
34,9762
14,9763
25,9764
17,9765
21,9766
20,9767
31,9768
36,9769
32,9770
38,9771
24,9772
26,9773
21,9774
18,9775
3,9776
4,9777
2,9778
23,9779
24,9780
10,9781
37,9782
19,9783
16,9784
23,9785
0,9786
12,9787
20,9788
27,9789
19,9790
31,9791
10,9792
30,9793
31,9794
32,9795
6,9796
22,9797
17,9798
23,9799
8,9800
2,9801
21,9802
2,9803
27,9804
14,9805
23,9806
12,9807
4,9808
36,9809
29,9810
2,9811
6,9812
35,9813
4,9814
13,9815
29,9816
22,9817
0,9818
31,9819
33,9820
20,9821
5,9822
13,9823
36,9824
12,9825
6,9826
21,9827
38,9828
7,9829
7,9830
39,9831
20,9832
17,9833
38,9834
26,9835
3,9836
8,9837
38,9838
34,9839
35,9840
7,9841
5,9842
21,9843
23,9844
30,9845
5,9846
3,9847
10,9848
13,9849
8,9850
15,9851
25,9852
25,9853
21,9854
39,9855
33,9856
6,9857
39,9858
26,9859
7,9860
38,9861
26,9862
0,9863
21,9864
15,9865
11,9866
1,9867
24,9868
17,9869
37,9870
19,9871
24,9872
8,9873
31,9874
5,9875
12,9876
18,9877
39,9878
39,9879
13,9880
16,9881
15,9882
21,9883
3,9884
10,9885
15,9886
16,9887
17,9888
31,9889
37,9890
27,9891
17,9892
10,9893
16,9894
5,9895
1,9896
36,9897
21,9898
34,9899
3,9900
2,9901
23,9902
17,9903
39,9904
32,9905
29,9906
14,9907
36,9908
4,9909
1,9910
20,9911
30,9912
28,9913
19,9914
3,9915
27,9916
34,9917
8,9918
12,9919
38,9920
19,9921
27,9922
5,9923
17,9924
31,9925
39,9926
6,9927
2,9928
3,9929
5,9930
14,9931
6,9932
26,9933
5,9934
1,9935
16,9936
19,9937
4,9938
4,9939
22,9940
34,9941
33,9942
39,9943
6,9944
26,9945
17,9946
21,9947
28,9948
26,9949
26,9950
6,9951
32,9952
25,9953
28,9954
0,9955
33,9956
12,9957
33,9958
21,9959
25,9960
39,9961
4,9962
20,9963
18,9964
4,9965
6,9966
7,9967
16,9968
13,9969
9,9970
33,9971
3,9972
19,9973
0,9974
30,9975
20,9976
14,9977
1,9978
4,9979
36,9980
31,9981
1,9982
19,9983
38,9984
35,9985
29,9986
13,9987
37,9988
13,9989
35,9990
11,9991
16,9992
4,9993
2,9994
27,9995
10,9996
19,9997
28,9998
37,9999
