20,0
36,1
26,2
30,3
2,4
24,5
11,6
28,7
18,8
2,9
23,10
10,11
22,12
21,13
11,14
16,15
26,16
10,17
30,18
9,19
10,20
30,21
38,22
4,23
22,24
15,25
28,26
34,27
28,28
22,29
10,30
38,31
32,32
23,33
24,34
36,35
14,36
5,37
26,38
17,39
3,40
7,41
5,42
2,43
11,44
22,45
17,46
23,47
17,48
24,49
6,50
20,51
5,52
31,53
2,54
4,55
37,56
27,57
39,58
20,59
11,60
22,61
24,62
11,63
37,64
9,65
30,66
25,67
39,68
32,69
4,70
27,71
14,72
11,73
36,74
32,75
3,76
14,77
14,78
26,79
5,80
8,81
30,82
31,83
5,84
1,85
21,86
4,87
20,88
0,89
30,90
27,91
29,92
27,93
33,94
26,95
3,96
25,97
2,98
38,99
14,100
27,101
4,102
17,103
5,104
21,105
22,106
6,107
39,108
7,109
38,110
23,111
16,112
1,113
15,114
39,115
4,116
23,117
5,118
39,119
5,120
8,121
6,122
1,123
7,124
6,125
16,126
30,127
34,128
39,129
7,130
18,131
3,132
28,133
7,134
32,135
10,136
8,137
34,138
36,139
19,140
37,141
9,142
30,143
8,144
4,145
9,146
22,147
28,148
5,149
30,150
30,151
6,152
33,153
7,154
19,155
22,156
2,157
37,158
27,159
14,160
19,161
11,162
39,163
16,164
1,165
10,166
31,167
37,168
3,169
39,170
25,171
34,172
31,173
35,174
37,175
24,176
11,177
10,178
10,179
28,180
0,181
13,182
16,183
22,184
7,185
1,186
7,187
2,188
18,189
3,190
21,191
5,192
37,193
2,194
19,195
10,196
8,197
38,198
39,199
27,200
6,201
27,202
18,203
24,204
0,205
8,206
4,207
28,208
10,209
13,210
36,211
29,212
37,213
36,214
36,215
16,216
18,217
2,218
3,219
28,220
8,221
3,222
6,223
4,224
37,225
20,226
18,227
0,228
13,229
31,230
11,231
21,232
8,233
33,234
28,235
12,236
21,237
9,238
11,239
24,240
16,241
31,242
11,243
38,244
12,245
3,246
23,247
33,248
7,249
22,250
38,251
0,252
16,253
1,254
6,255
38,256
19,257
13,258
3,259
38,260
29,261
38,262
11,263
27,264
0,265
23,266
16,267
18,268
20,269
10,270
31,271
33,272
26,273
20,274
20,275
11,276
15,277
3,278
7,279
29,280
19,281
31,282
4,283
10,284
24,285
31,286
0,287
1,288
31,289
36,290
33,291
28,292
24,293
39,294
30,295
24,296
4,297
31,298
17,299
14,300
21,301
0,302
7,303
1,304
23,305
2,306
23,307
33,308
3,309
23,310
19,311
14,312
28,313
19,314
26,315
10,316
21,317
13,318
8,319
25,320
7,321
21,322
12,323
34,324
29,325
5,326
34,327
38,328
19,329
7,330
38,331
31,332
6,333
37,334
2,335
8,336
17,337
34,338
26,339
6,340
23,341
34,342
15,343
16,344
26,345
27,346
2,347
18,348
14,349
3,350
12,351
29,352
0,353
25,354
39,355
16,356
14,357
9,358
17,359
26,360
25,361
32,362
7,363
13,364
28,365
38,366
0,367
21,368
30,369
9,370
22,371
3,372
35,373
11,374
16,375
3,376
0,377
35,378
1,379
24,380
25,381
2,382
11,383
3,384
38,385
19,386
20,387
1,388
4,389
26,390
3,391
1,392
19,393
11,394
36,395
5,396
4,397
26,398
4,399
5,400
3,401
23,402
1,403
2,404
6,405
7,406
7,407
18,408
36,409
33,410
17,411
22,412
29,413
39,414
8,415
21,416
29,417
39,418
39,419
26,420
4,421
8,422
24,423
6,424
27,425
27,426
36,427
4,428
19,429
33,430
10,431
23,432
6,433
16,434
30,435
6,436
7,437
27,438
13,439
10,440
15,441
35,442
36,443
23,444
30,445
17,446
6,447
34,448
30,449
33,450
19,451
20,452
31,453
37,454
6,455
14,456
18,457
35,458
27,459
37,460
19,461
38,462
3,463
25,464
39,465
31,466
9,467
4,468
28,469
2,470
17,471
27,472
30,473
13,474
0,475
18,476
2,477
16,478
28,479
30,480
23,481
35,482
32,483
30,484
20,485
33,486
15,487
2,488
20,489
16,490
38,491
36,492
16,493
17,494
18,495
4,496
39,497
0,498
15,499
1,500
4,501
2,502
11,503
39,504
3,505
27,506
36,507
9,508
23,509
4,510
32,511
5,512
18,513
6,514
34,515
21,516
21,517
25,518
35,519
25,520
31,521
25,522
28,523
2,524
5,525
10,526
21,527
7,528
10,529
15,530
37,531
12,532
26,533
8,534
13,535
0,536
23,537
17,538
26,539
37,540
17,541
14,542
39,543
7,544
21,545
17,546
21,547
28,548
38,549
31,550
11,551
27,552
5,553
31,554
10,555
6,556
36,557
28,558
8,559
36,560
6,561
10,562
28,563
22,564
18,565
19,566
23,567
3,568
30,569
24,570
1,571
24,572
15,573
35,574
35,575
29,576
29,577
31,578
1,579
2,580
26,581
7,582
9,583
23,584
10,585
9,586
31,587
14,588
19,589
19,590
18,591
16,592
11,593
9,594
22,595
16,596
4,597
6,598
25,599
13,600
10,601
4,602
38,603
4,604
13,605
33,606
36,607
1,608
3,609
30,610
33,611
6,612
28,613
14,614
33,615
38,616
24,617
39,618
0,619
4,620
32,621
3,622
36,623
32,624
19,625
32,626
3,627
20,628
34,629
8,630
1,631
5,632
30,633
35,634
0,635
25,636
32,637
38,638
3,639
5,640
7,641
27,642
8,643
22,644
27,645
17,646
17,647
24,648
34,649
11,650
27,651
1,652
21,653
3,654
0,655
28,656
30,657
9,658
29,659
2,660
18,661
28,662
17,663
27,664
14,665
31,666
28,667
16,668
2,669
4,670
36,671
3,672
15,673
21,674
15,675
9,676
37,677
17,678
38,679
2,680
37,681
17,682
16,683
15,684
16,685
31,686
30,687
39,688
38,689
15,690
8,691
26,692
7,693
1,694
36,695
35,696
22,697
27,698
13,699
21,700
18,701
3,702
24,703
0,704
11,705
18,706
13,707
28,708
32,709
15,710
17,711
3,712
6,713
11,714
35,715
22,716
31,717
30,718
19,719
4,720
17,721
13,722
9,723
16,724
19,725
37,726
6,727
18,728
30,729
16,730
23,731
28,732
19,733
26,734
21,735
31,736
6,737
21,738
4,739
23,740
9,741
15,742
16,743
37,744
5,745
4,746
28,747
25,748
11,749
38,750
36,751
34,752
39,753
20,754
29,755
23,756
0,757
7,758
29,759
22,760
21,761
23,762
3,763
31,764
7,765
29,766
38,767
32,768
10,769
2,770
16,771
14,772
6,773
29,774
27,775
15,776
38,777
27,778
34,779
12,780
0,781
18,782
14,783
27,784
26,785
11,786
30,787
16,788
25,789
25,790
33,791
21,792
14,793
1,794
10,795
8,796
13,797
29,798
31,799
31,800
2,801
22,802
4,803
5,804
20,805
34,806
5,807
37,808
21,809
12,810
15,811
6,812
0,813
26,814
8,815
24,816
9,817
2,818
7,819
26,820
27,821
7,822
6,823
4,824
24,825
0,826
25,827
1,828
0,829
36,830
36,831
2,832
28,833
3,834
35,835
28,836
36,837
23,838
26,839
20,840
1,841
22,842
29,843
0,844
0,845
16,846
15,847
33,848
24,849
0,850
38,851
15,852
4,853
34,854
12,855
22,856
14,857
25,858
26,859
0,860
32,861
2,862
23,863
37,864
36,865
4,866
20,867
11,868
6,869
35,870
7,871
17,872
30,873
29,874
0,875
21,876
2,877
21,878
29,879
14,880
1,881
7,882
2,883
22,884
34,885
19,886
3,887
21,888
21,889
30,890
37,891
7,892
15,893
8,894
25,895
25,896
27,897
21,898
6,899
29,900
1,901
5,902
14,903
35,904
8,905
22,906
8,907
38,908
6,909
32,910
23,911
16,912
29,913
37,914
13,915
24,916
5,917
25,918
19,919
37,920
21,921
0,922
38,923
29,924
23,925
3,926
2,927
3,928
37,929
10,930
21,931
8,932
29,933
30,934
18,935
11,936
37,937
4,938
7,939
32,940
5,941
12,942
6,943
39,944
7,945
9,946
24,947
16,948
7,949
4,950
33,951
25,952
23,953
29,954
8,955
1,956
33,957
14,958
13,959
0,960
27,961
37,962
21,963
7,964
28,965
25,966
20,967
21,968
10,969
34,970
0,971
0,972
18,973
26,974
1,975
17,976
29,977
2,978
38,979
1,980
5,981
3,982
27,983
33,984
31,985
27,986
10,987
4,988
16,989
15,990
23,991
4,992
12,993
30,994
9,995
12,996
13,997
30,998
27,999
21,1000
33,1001
34,1002
29,1003
35,1004
36,1005
20,1006
30,1007
39,1008
3,1009
5,1010
12,1011
22,1012
11,1013
11,1014
27,1015
10,1016
34,1017
24,1018
22,1019
10,1020
31,1021
13,1022
24,1023
15,1024
30,1025
30,1026
27,1027
29,1028
27,1029
11,1030
33,1031
13,1032
25,1033
6,1034
31,1035
6,1036
23,1037
34,1038
39,1039
17,1040
19,1041
12,1042
5,1043
33,1044
23,1045
1,1046
26,1047
18,1048
11,1049
18,1050
1,1051
2,1052
39,1053
9,1054
5,1055
32,1056
1,1057
3,1058
38,1059
15,1060
33,1061
18,1062
9,1063
12,1064
4,1065
39,1066
17,1067
33,1068
26,1069
19,1070
25,1071
39,1072
11,1073
31,1074
3,1075
23,1076
11,1077
21,1078
9,1079
36,1080
31,1081
15,1082
34,1083
39,1084
13,1085
14,1086
38,1087
39,1088
37,1089
0,1090
37,1091
7,1092
27,1093
39,1094
26,1095
23,1096
14,1097
27,1098
6,1099
20,1100
12,1101
26,1102
0,1103
14,1104
15,1105
15,1106
23,1107
20,1108
13,1109
36,1110
14,1111
32,1112
4,1113
30,1114
5,1115
37,1116
6,1117
1,1118
7,1119
19,1120
3,1121
12,1122
38,1123
38,1124
35,1125
32,1126
13,1127
23,1128
4,1129
9,1130
5,1131
25,1132
6,1133
38,1134
18,1135
7,1136
9,1137
10,1138
35,1139
3,1140
6,1141
38,1142
3,1143
22,1144
31,1145
22,1146
36,1147
29,1148
38,1149
9,1150
23,1151
20,1152
6,1153
14,1154
4,1155
21,1156
12,1157
22,1158
39,1159
21,1160
37,1161
5,1162
8,1163
31,1164
25,1165
34,1166
8,1167
15,1168
1,1169
24,1170
16,1171
35,1172
2,1173
15,1174
36,1175
22,1176
18,1177
29,1178
25,1179
6,1180
27,1181
31,1182
25,1183
8,1184
28,1185
10,1186
30,1187
39,1188
6,1189
39,1190
5,1191
1,1192
19,1193
11,1194
2,1195
25,1196
38,1197
15,1198
20,1199
20,1200
15,1201
35,1202
38,1203
15,1204
0,1205
22,1206
13,1207
18,1208
29,1209
16,1210
1,1211
16,1212
2,1213
20,1214
3,1215
3,1216
35,1217
28,1218
37,1219
26,1220
17,1221
26,1222
4,1223
0,1224
33,1225
20,1226
0,1227
28,1228
1,1229
29,1230
6,1231
17,1232
25,1233
38,1234
2,1235
26,1236
17,1237
36,1238
5,1239
37,1240
3,1241
4,1242
2,1243
0,1244
8,1245
1,1246
8,1247
31,1248
2,1249
8,1250
15,1251
31,1252
3,1253
29,1254
26,1255
36,1256
9,1257
3,1258
5,1259
12,1260
33,1261
10,1262
17,1263
11,1264
0,1265
4,1266
1,1267
1,1268
21,1269
2,1270
36,1271
18,1272
3,1273
25,1274
6,1275
7,1276
13,1277
10,1278
16,1279
16,1280
20,1281
24,1282
32,1283
32,1284
32,1285
26,1286
23,1287
16,1288
36,1289
15,1290
13,1291
5,1292
5,1293
19,1294
21,1295
3,1296
15,1297
23,1298
32,1299
6,1300
36,1301
15,1302
4,1303
2,1304
11,1305
36,1306
39,1307
0,1308
5,1309
28,1310
36,1311
11,1312
0,1313
37,1314
23,1315
36,1316
10,1317
1,1318
28,1319
12,1320
16,1321
36,1322
0,1323
11,1324
1,1325
12,1326
2,1327
2,1328
36,1329
3,1330
22,1331
34,1332
25,1333
30,1334
26,1335
23,1336
32,1337
14,1338
31,1339
36,1340
39,1341
39,1342
4,1343
13,1344
17,1345
27,1346
35,1347
14,1348
31,1349
13,1350
20,1351
3,1352
10,1353
27,1354
37,1355
17,1356
37,1357
27,1358
16,1359
18,1360
38,1361
33,1362
28,1363
4,1364
11,1365
2,1366
7,1367
30,1368
19,1369
5,1370
2,1371
4,1372
32,1373
4,1374
1,1375
8,1376
37,1377
19,1378
2,1379
2,1380
0,1381
17,1382
19,1383
13,1384
31,1385
1,1386
34,1387
10,1388
1,1389
2,1390
33,1391
33,1392
3,1393
21,1394
36,1395
16,1396
4,1397
9,1398
5,1399
35,1400
6,1401
10,1402
13,1403
7,1404
33,1405
25,1406
6,1407
11,1408
9,1409
4,1410
12,1411
5,1412
8,1413
6,1414
8,1415
19,1416
7,1417
32,1418
4,1419
10,1420
0,1421
21,1422
35,1423
38,1424
13,1425
15,1426
4,1427
33,1428
5,1429
34,1430
5,1431
28,1432
2,1433
0,1434
35,1435
39,1436
13,1437
18,1438
10,1439
28,1440
32,1441
31,1442
18,1443
18,1444
36,1445
15,1446
17,1447
16,1448
18,1449
32,1450
39,1451
0,1452
25,1453
5,1454
37,1455
34,1456
14,1457
33,1458
3,1459
27,1460
39,1461
36,1462
34,1463
16,1464
36,1465
18,1466
38,1467
10,1468
14,1469
0,1470
19,1471
39,1472
26,1473
12,1474
4,1475
14,1476
24,1477
6,1478
33,1479
28,1480
37,1481
0,1482
10,1483
22,1484
34,1485
23,1486
2,1487
25,1488
33,1489
17,1490
1,1491
14,1492
10,1493
31,1494
4,1495
8,1496
5,1497
31,1498
8,1499
6,1500
29,1501
0,1502
7,1503
7,1504
26,1505
14,1506
13,1507
25,1508
34,1509
36,1510
36,1511
23,1512
9,1513
30,1514
23,1515
30,1516
16,1517
25,1518
16,1519
3,1520
14,1521
31,1522
19,1523
27,1524
18,1525
2,1526
7,1527
19,1528
1,1529
6,1530
2,1531
15,1532
31,1533
24,1534
33,1535
35,1536
2,1537
38,1538
9,1539
29,1540
6,1541
19,1542
2,1543
11,1544
35,1545
10,1546
29,1547
16,1548
14,1549
32,1550
26,1551
23,1552
8,1553
39,1554
19,1555
19,1556
17,1557
2,1558
21,1559
0,1560
20,1561
1,1562
24,1563
30,1564
14,1565
23,1566
34,1567
13,1568
18,1569
18,1570
33,1571
4,1572
26,1573
5,1574
10,1575
27,1576
34,1577
21,1578
25,1579
1,1580
13,1581
3,1582
9,1583
3,1584
35,1585
28,1586
2,1587
13,1588
7,1589
33,1590
29,1591
36,1592
17,1593
2,1594
20,1595
33,1596
17,1597
6,1598
36,1599
19,1600
27,1601
18,1602
5,1603
24,1604
30,1605
19,1606
33,1607
38,1608
25,1609
36,1610
12,1611
9,1612
30,1613
38,1614
9,1615
38,1616
13,1617
35,1618
30,1619
27,1620
19,1621
14,1622
2,1623
4,1624
10,1625
12,1626
29,1627
13,1628
5,1629
1,1630
9,1631
30,1632
6,1633
6,1634
25,1635
7,1636
3,1637
11,1638
28,1639
23,1640
13,1641
38,1642
35,1643
4,1644
21,1645
5,1646
35,1647
37,1648
34,1649
31,1650
1,1651
6,1652
1,1653
2,1654
7,1655
3,1656
2,1657
14,1658
22,1659
6,1660
3,1661
20,1662
5,1663
10,1664
3,1665
12,1666
8,1667
8,1668
32,1669
0,1670
16,1671
1,1672
38,1673
19,1674
25,1675
2,1676
39,1677
3,1678
30,1679
12,1680
3,1681
24,1682
22,1683
10,1684
13,1685
27,1686
36,1687
39,1688
30,1689
17,1690
23,1691
16,1692
27,1693
38,1694
12,1695
3,1696
23,1697
23,1698
6,1699
11,1700
24,1701
30,1702
7,1703
31,1704
20,1705
36,1706
4,1707
36,1708
4,1709
12,1710
2,1711
23,1712
33,1713
2,1714
9,1715
39,1716
35,1717
21,1718
8,1719
34,1720
37,1721
21,1722
33,1723
16,1724
36,1725
38,1726
4,1727
34,1728
5,1729
18,1730
6,1731
33,1732
16,1733
7,1734
2,1735
34,1736
25,1737
34,1738
9,1739
26,1740
33,1741
31,1742
14,1743
28,1744
21,1745
38,1746
3,1747
2,1748
20,1749
12,1750
3,1751
1,1752
2,1753
3,1754
31,1755
15,1756
20,1757
5,1758
24,1759
25,1760
2,1761
5,1762
13,1763
31,1764
15,1765
17,1766
26,1767
10,1768
23,1769
31,1770
24,1771
30,1772
13,1773
19,1774
2,1775
33,1776
17,1777
20,1778
9,1779
15,1780
22,1781
8,1782
37,1783
34,1784
8,1785
31,1786
17,1787
27,1788
23,1789
0,1790
35,1791
26,1792
2,1793
11,1794
13,1795
19,1796
1,1797
24,1798
7,1799
35,1800
8,1801
4,1802
33,1803
34,1804
4,1805
28,1806
5,1807
2,1808
6,1809
20,1810
27,1811
7,1812
1,1813
14,1814
24,1815
21,1816
10,1817
37,1818
37,1819
6,1820
16,1821
1,1822
39,1823
32,1824
29,1825
25,1826
8,1827
28,1828
26,1829
28,1830
24,1831
39,1832
34,1833
14,1834
20,1835
15,1836
8,1837
4,1838
10,1839
39,1840
34,1841
24,1842
5,1843
13,1844
24,1845
6,1846
37,1847
2,1848
7,1849
33,1850
25,1851
21,1852
16,1853
32,1854
32,1855
28,1856
7,1857
30,1858
35,1859
26,1860
1,1861
24,1862
14,1863
11,1864
27,1865
14,1866
3,1867
35,1868
32,1869
16,1870
12,1871
20,1872
37,1873
27,1874
7,1875
3,1876
31,1877
20,1878
35,1879
17,1880
11,1881
1,1882
38,1883
37,1884
1,1885
35,1886
12,1887
14,1888
5,1889
22,1890
35,1891
7,1892
15,1893
6,1894
18,1895
14,1896
32,1897
6,1898
25,1899
30,1900
16,1901
12,1902
0,1903
38,1904
1,1905
6,1906
2,1907
8,1908
7,1909
3,1910
15,1911
8,1912
14,1913
34,1914
17,1915
4,1916
0,1917
31,1918
9,1919
12,1920
1,1921
26,1922
2,1923
6,1924
3,1925
12,1926
5,1927
27,1928
28,1929
12,1930
22,1931
13,1932
35,1933
38,1934
24,1935
3,1936
38,1937
16,1938
11,1939
36,1940
31,1941
24,1942
16,1943
3,1944
0,1945
16,1946
8,1947
36,1948
21,1949
33,1950
0,1951
21,1952
1,1953
18,1954
2,1955
23,1956
3,1957
27,1958
23,1959
34,1960
22,1961
15,1962
30,1963
39,1964
39,1965
18,1966
3,1967
39,1968
34,1969
7,1970
3,1971
9,1972
9,1973
26,1974
9,1975
35,1976
37,1977
37,1978
0,1979
34,1980
12,1981
32,1982
16,1983
5,1984
31,1985
24,1986
14,1987
38,1988
10,1989
25,1990
29,1991
12,1992
32,1993
13,1994
29,1995
33,1996
39,1997
13,1998
22,1999
29,2000
14,2001
0,2002
34,2003
6,2004
12,2005
4,2006
34,2007
11,2008
13,2009
18,2010
28,2011
32,2012
28,2013
33,2014
3,2015
0,2016
27,2017
1,2018
22,2019
29,2020
6,2021
9,2022
37,2023
2,2024
20,2025
26,2026
3,2027
26,2028
15,2029
8,2030
2,2031
34,2032
9,2033
2,2034
19,2035
13,2036
15,2037
6,2038
0,2039
35,2040
37,2041
3,2042
6,2043
36,2044
30,2045
29,2046
32,2047
10,2048
5,2049
8,2050
37,2051
23,2052
32,2053
36,2054
8,2055
16,2056
33,2057
29,2058
10,2059
33,2060
35,2061
0,2062
23,2063
13,2064
35,2065
2,2066
17,2067
11,2068
20,2069
8,2070
10,2071
30,2072
6,2073
16,2074
13,2075
9,2076
34,2077
36,2078
8,2079
3,2080
3,2081
25,2082
7,2083
9,2084
6,2085
31,2086
8,2087
18,2088
19,2089
3,2090
5,2091
28,2092
27,2093
25,2094
26,2095
31,2096
36,2097
24,2098
11,2099
15,2100
16,2101
2,2102
8,2103
30,2104
35,2105
1,2106
18,2107
10,2108
11,2109
21,2110
23,2111
2,2112
30,2113
33,2114
0,2115
1,2116
1,2117
26,2118
2,2119
12,2120
3,2121
31,2122
39,2123
27,2124
6,2125
8,2126
13,2127
36,2128
17,2129
20,2130
15,2131
3,2132
5,2133
34,2134
34,2135
5,2136
30,2137
17,2138
24,2139
37,2140
37,2141
38,2142
31,2143
27,2144
22,2145
34,2146
18,2147
31,2148
18,2149
29,2150
29,2151
4,2152
2,2153
9,2154
27,2155
18,2156
27,2157
25,2158
4,2159
8,2160
18,2161
12,2162
12,2163
20,2164
9,2165
23,2166
0,2167
38,2168
1,2169
37,2170
2,2171
2,2172
29,2173
3,2174
19,2175
34,2176
15,2177
11,2178
29,2179
35,2180
19,2181
18,2182
8,2183
24,2184
0,2185
34,2186
1,2187
29,2188
10,2189
29,2190
2,2191
33,2192
3,2193
29,2194
13,2195
31,2196
21,2197
20,2198
0,2199
25,2200
20,2201
18,2202
33,2203
33,2204
32,2205
6,2206
1,2207
6,2208
37,2209
29,2210
1,2211
23,2212
22,2213
23,2214
34,2215
17,2216
22,2217
10,2218
29,2219
37,2220
0,2221
15,2222
0,2223
22,2224
27,2225
36,2226
30,2227
4,2228
16,2229
17,2230
4,2231
16,2232
30,2233
12,2234
30,2235
24,2236
26,2237
31,2238
27,2239
27,2240
6,2241
22,2242
6,2243
17,2244
12,2245
7,2246
0,2247
6,2248
34,2249
11,2250
38,2251
20,2252
28,2253
2,2254
12,2255
34,2256
7,2257
11,2258
27,2259
38,2260
20,2261
29,2262
21,2263
6,2264
3,2265
3,2266
15,2267
34,2268
29,2269
6,2270
26,2271
4,2272
0,2273
12,2274
31,2275
1,2276
12,2277
6,2278
8,2279
4,2280
36,2281
2,2282
6,2283
8,2284
3,2285
0,2286
38,2287
19,2288
22,2289
3,2290
17,2291
29,2292
25,2293
5,2294
13,2295
3,2296
33,2297
32,2298
26,2299
16,2300
13,2301
28,2302
18,2303
16,2304
25,2305
36,2306
18,2307
17,2308
36,2309
36,2310
29,2311
9,2312
21,2313
10,2314
13,2315
35,2316
8,2317
11,2318
8,2319
34,2320
18,2321
32,2322
39,2323
6,2324
26,2325
38,2326
10,2327
9,2328
33,2329
0,2330
12,2331
6,2332
39,2333
17,2334
15,2335
14,2336
30,2337
28,2338
10,2339
26,2340
18,2341
19,2342
36,2343
6,2344
21,2345
16,2346
5,2347
11,2348
9,2349
10,2350
37,2351
23,2352
24,2353
39,2354
38,2355
16,2356
23,2357
6,2358
36,2359
29,2360
15,2361
28,2362
36,2363
20,2364
14,2365
22,2366
18,2367
5,2368
10,2369
5,2370
13,2371
4,2372
17,2373
7,2374
34,2375
1,2376
19,2377
4,2378
1,2379
5,2380
18,2381
6,2382
14,2383
19,2384
7,2385
32,2386
16,2387
38,2388
15,2389
24,2390
25,2391
2,2392
11,2393
16,2394
33,2395
11,2396
37,2397
16,2398
12,2399
32,2400
18,2401
27,2402
22,2403
11,2404
24,2405
29,2406
18,2407
29,2408
19,2409
1,2410
23,2411
14,2412
35,2413
6,2414
24,2415
0,2416
11,2417
27,2418
37,2419
27,2420
13,2421
22,2422
10,2423
25,2424
21,2425
11,2426
18,2427
1,2428
34,2429
22,2430
29,2431
13,2432
15,2433
11,2434
34,2435
29,2436
26,2437
7,2438
33,2439
38,2440
5,2441
16,2442
6,2443
0,2444
39,2445
39,2446
36,2447
36,2448
22,2449
20,2450
0,2451
30,2452
36,2453
26,2454
1,2455
27,2456
11,2457
1,2458
19,2459
13,2460
14,2461
19,2462
8,2463
22,2464
34,2465
4,2466
38,2467
7,2468
9,2469
17,2470
27,2471
16,2472
14,2473
32,2474
22,2475
12,2476
30,2477
36,2478
6,2479
18,2480
31,2481
7,2482
6,2483
10,2484
28,2485
36,2486
0,2487
15,2488
28,2489
18,2490
18,2491
20,2492
32,2493
10,2494
21,2495
21,2496
33,2497
25,2498
8,2499
6,2500
4,2501
20,2502
10,2503
11,2504
6,2505
20,2506
32,2507
4,2508
21,2509
8,2510
6,2511
5,2512
35,2513
6,2514
9,2515
12,2516
30,2517
7,2518
13,2519
29,2520
25,2521
33,2522
23,2523
29,2524
32,2525
13,2526
25,2527
29,2528
21,2529
10,2530
21,2531
29,2532
20,2533
7,2534
36,2535
29,2536
16,2537
5,2538
4,2539
26,2540
9,2541
35,2542
1,2543
1,2544
20,2545
0,2546
8,2547
0,2548
7,2549
5,2550
38,2551
4,2552
27,2553
35,2554
38,2555
35,2556
15,2557
13,2558
17,2559
7,2560
12,2561
17,2562
13,2563
23,2564
14,2565
14,2566
37,2567
31,2568
28,2569
16,2570
27,2571
35,2572
32,2573
38,2574
39,2575
4,2576
31,2577
29,2578
27,2579
5,2580
6,2581
6,2582
7,2583
7,2584
18,2585
21,2586
11,2587
9,2588
0,2589
18,2590
33,2591
38,2592
5,2593
25,2594
16,2595
36,2596
17,2597
36,2598
3,2599
34,2600
22,2601
13,2602
5,2603
4,2604
17,2605
23,2606
25,2607
34,2608
0,2609
37,2610
27,2611
33,2612
17,2613
29,2614
32,2615
6,2616
35,2617
18,2618
15,2619
39,2620
6,2621
10,2622
0,2623
33,2624
23,2625
27,2626
20,2627
22,2628
7,2629
6,2630
36,2631
19,2632
39,2633
15,2634
22,2635
39,2636
13,2637
10,2638
25,2639
34,2640
3,2641
17,2642
3,2643
24,2644
0,2645
4,2646
29,2647
25,2648
11,2649
4,2650
1,2651
11,2652
23,2653
5,2654
26,2655
6,2656
28,2657
27,2658
12,2659
7,2660
6,2661
9,2662
23,2663
18,2664
19,2665
38,2666
12,2667
6,2668
34,2669
4,2670
35,2671
37,2672
0,2673
34,2674
28,2675
24,2676
24,2677
7,2678
0,2679
6,2680
12,2681
32,2682
9,2683
25,2684
8,2685
30,2686
22,2687
30,2688
30,2689
22,2690
12,2691
28,2692
31,2693
21,2694
22,2695
32,2696
24,2697
14,2698
8,2699
10,2700
33,2701
28,2702
10,2703
39,2704
19,2705
25,2706
38,2707
31,2708
6,2709
30,2710
10,2711
30,2712
4,2713
4,2714
14,2715
5,2716
36,2717
18,2718
4,2719
14,2720
6,2721
35,2722
32,2723
9,2724
7,2725
36,2726
9,2727
25,2728
26,2729
14,2730
4,2731
18,2732
23,2733
20,2734
37,2735
8,2736
16,2737
12,2738
22,2739
35,2740
31,2741
5,2742
24,2743
13,2744
19,2745
33,2746
5,2747
1,2748
16,2749
3,2750
11,2751
16,2752
19,2753
4,2754
0,2755
7,2756
16,2757
20,2758
23,2759
38,2760
16,2761
13,2762
21,2763
9,2764
34,2765
2,2766
24,2767
10,2768
28,2769
26,2770
36,2771
22,2772
30,2773
0,2774
4,2775
12,2776
1,2777
26,2778
29,2779
18,2780
27,2781
26,2782
15,2783
3,2784
30,2785
25,2786
39,2787
15,2788
39,2789
37,2790
23,2791
11,2792
13,2793
19,2794
14,2795
11,2796
4,2797
33,2798
5,2799
27,2800
6,2801
2,2802
7,2803
4,2804
22,2805
3,2806
7,2807
4,2808
23,2809
0,2810
18,2811
1,2812
33,2813
19,2814
2,2815
28,2816
2,2817
3,2818
7,2819
3,2820
13,2821
32,2822
39,2823
0,2824
38,2825
4,2826
14,2827
7,2828
4,2829
37,2830
25,2831
1,2832
11,2833
2,2834
33,2835
3,2836
10,2837
18,2838
7,2839
35,2840
4,2841
24,2842
37,2843
22,2844
5,2845
35,2846
6,2847
21,2848
3,2849
27,2850
37,2851
39,2852
14,2853
38,2854
36,2855
36,2856
20,2857
7,2858
18,2859
7,2860
28,2861
14,2862
5,2863
35,2864
16,2865
9,2866
0,2867
20,2868
13,2869
6,2870
0,2871
3,2872
6,2873
8,2874
20,2875
17,2876
27,2877
29,2878
5,2879
5,2880
16,2881
23,2882
19,2883
3,2884
25,2885
24,2886
18,2887
1,2888
24,2889
5,2890
11,2891
22,2892
27,2893
17,2894
13,2895
28,2896
19,2897
31,2898
9,2899
15,2900
9,2901
18,2902
35,2903
29,2904
32,2905
33,2906
5,2907
22,2908
0,2909
30,2910
23,2911
10,2912
34,2913
14,2914
0,2915
20,2916
1,2917
39,2918
2,2919
1,2920
7,2921
3,2922
26,2923
16,2924
26,2925
18,2926
17,2927
15,2928
18,2929
29,2930
2,2931
27,2932
0,2933
29,2934
34,2935
17,2936
31,2937
16,2938
14,2939
8,2940
13,2941
32,2942
15,2943
18,2944
24,2945
0,2946
18,2947
26,2948
23,2949
26,2950
0,2951
36,2952
24,2953
28,2954
28,2955
18,2956
18,2957
35,2958
11,2959
11,2960
23,2961
39,2962
14,2963
7,2964
15,2965
23,2966
19,2967
3,2968
19,2969
22,2970
22,2971
11,2972
21,2973
25,2974
15,2975
32,2976
23,2977
38,2978
36,2979
21,2980
39,2981
27,2982
1,2983
35,2984
0,2985
4,2986
33,2987
7,2988
4,2989
13,2990
5,2991
18,2992
26,2993
24,2994
19,2995
38,2996
30,2997
5,2998
34,2999
35,3000
14,3001
6,3002
11,3003
25,3004
15,3005
1,3006
24,3007
17,3008
28,3009
13,3010
31,3011
11,3012
0,3013
16,3014
39,3015
27,3016
8,3017
27,3018
11,3019
36,3020
4,3021
34,3022
5,3023
38,3024
6,3025
36,3026
7,3027
24,3028
16,3029
24,3030
37,3031
18,3032
8,3033
16,3034
15,3035
6,3036
13,3037
4,3038
11,3039
34,3040
5,3041
5,3042
29,3043
21,3044
6,3045
22,3046
16,3047
7,3048
19,3049
33,3050
6,3051
38,3052
4,3053
38,3054
5,3055
37,3056
12,3057
31,3058
16,3059
5,3060
35,3061
32,3062
25,3063
7,3064
30,3065
36,3066
3,3067
35,3068
4,3069
34,3070
37,3071
37,3072
36,3073
3,3074
29,3075
26,3076
9,3077
19,3078
19,3079
39,3080
4,3081
30,3082
33,3083
37,3084
21,3085
2,3086
20,3087
37,3088
18,3089
25,3090
4,3091
35,3092
31,3093
23,3094
25,3095
18,3096
13,3097
37,3098
31,3099
25,3100
36,3101
5,3102
39,3103
38,3104
22,3105
4,3106
24,3107
32,3108
4,3109
5,3110
30,3111
20,3112
6,3113
34,3114
7,3115
5,3116
35,3117
11,3118
37,3119
27,3120
14,3121
7,3122
35,3123
22,3124
7,3125
11,3126
10,3127
26,3128
24,3129
21,3130
6,3131
0,3132
29,3133
19,3134
33,3135
18,3136
24,3137
11,3138
23,3139
34,3140
36,3141
31,3142
7,3143
19,3144
37,3145
24,3146
21,3147
5,3148
20,3149
11,3150
9,3151
5,3152
38,3153
9,3154
13,3155
33,3156
7,3157
4,3158
6,3159
5,3160
3,3161
6,3162
35,3163
7,3164
38,3165
17,3166
34,3167
36,3168
25,3169
9,3170
22,3171
35,3172
0,3173
14,3174
32,3175
30,3176
35,3177
17,3178
5,3179
23,3180
8,3181
13,3182
1,3183
34,3184
3,3185
15,3186
2,3187
25,3188
1,3189
3,3190
10,3191
37,3192
32,3193
35,3194
4,3195
26,3196
17,3197
27,3198
35,3199
4,3200
1,3201
33,3202
34,3203
10,3204
19,3205
19,3206
1,3207
0,3208
37,3209
30,3210
19,3211
29,3212
21,3213
10,3214
20,3215
25,3216
7,3217
24,3218
21,3219
3,3220
14,3221
2,3222
21,3223
25,3224
21,3225
17,3226
13,3227
19,3228
11,3229
22,3230
5,3231
16,3232
36,3233
19,3234
27,3235
29,3236
28,3237
22,3238
36,3239
2,3240
18,3241
22,3242
33,3243
10,3244
31,3245
27,3246
39,3247
37,3248
26,3249
29,3250
6,3251
9,3252
12,3253
6,3254
7,3255
26,3256
14,3257
6,3258
22,3259
13,3260
8,3261
8,3262
25,3263
20,3264
36,3265
19,3266
36,3267
12,3268
2,3269
17,3270
24,3271
33,3272
32,3273
15,3274
0,3275
0,3276
1,3277
4,3278
11,3279
9,3280
5,3281
29,3282
6,3283
20,3284
7,3285
5,3286
25,3287
32,3288
36,3289
7,3290
14,3291
24,3292
12,3293
12,3294
31,3295
8,3296
34,3297
0,3298
34,3299
33,3300
33,3301
1,3302
2,3303
8,3304
18,3305
37,3306
36,3307
28,3308
31,3309
38,3310
0,3311
34,3312
1,3313
1,3314
36,3315
2,3316
16,3317
20,3318
15,3319
27,3320
3,3321
37,3322
10,3323
28,3324
8,3325
27,3326
37,3327
19,3328
6,3329
27,3330
12,3331
25,3332
1,3333
0,3334
33,3335
8,3336
23,3337
1,3338
4,3339
34,3340
15,3341
28,3342
4,3343
17,3344
6,3345
35,3346
6,3347
26,3348
22,3349
13,3350
30,3351
2,3352
8,3353
3,3354
33,3355
17,3356
11,3357
20,3358
7,3359
19,3360
4,3361
20,3362
4,3363
15,3364
9,3365
2,3366
17,3367
2,3368
22,3369
15,3370
18,3371
6,3372
25,3373
0,3374
33,3375
12,3376
14,3377
11,3378
36,3379
17,3380
15,3381
2,3382
11,3383
5,3384
21,3385
22,3386
1,3387
37,3388
35,3389
20,3390
20,3391
27,3392
10,3393
11,3394
29,3395
29,3396
20,3397
28,3398
8,3399
33,3400
34,3401
34,3402
11,3403
13,3404
0,3405
37,3406
15,3407
1,3408
2,3409
7,3410
4,3411
2,3412
23,3413
3,3414
29,3415
24,3416
3,3417
0,3418
20,3419
28,3420
14,3421
5,3422
31,3423
10,3424
34,3425
12,3426
4,3427
19,3428
8,3429
27,3430
21,3431
23,3432
21,3433
10,3434
23,3435
21,3436
14,3437
34,3438
0,3439
36,3440
15,3441
1,3442
12,3443
2,3444
28,3445
25,3446
6,3447
7,3448
10,3449
29,3450
34,3451
3,3452
36,3453
30,3454
4,3455
1,3456
0,3457
28,3458
19,3459
25,3460
13,3461
28,3462
29,3463
39,3464
14,3465
16,3466
35,3467
25,3468
12,3469
18,3470
28,3471
21,3472
10,3473
18,3474
12,3475
39,3476
38,3477
0,3478
36,3479
19,3480
3,3481
4,3482
37,3483
1,3484
19,3485
9,3486
13,3487
7,3488
29,3489
16,3490
39,3491
13,3492
16,3493
12,3494
16,3495
5,3496
21,3497
30,3498
18,3499
8,3500
33,3501
5,3502
10,3503
8,3504
29,3505
18,3506
20,3507
12,3508
19,3509
39,3510
0,3511
25,3512
25,3513
39,3514
2,3515
38,3516
11,3517
19,3518
0,3519
6,3520
1,3521
29,3522
17,3523
27,3524
2,3525
29,3526
11,3527
27,3528
32,3529
3,3530
3,3531
28,3532
32,3533
37,3534
20,3535
8,3536
24,3537
17,3538
1,3539
8,3540
34,3541
10,3542
21,3543
16,3544
35,3545
35,3546
11,3547
8,3548
2,3549
34,3550
30,3551
16,3552
16,3553
12,3554
4,3555
19,3556
5,3557
9,3558
7,3559
6,3560
5,3561
33,3562
12,3563
7,3564
32,3565
17,3566
19,3567
21,3568
1,3569
28,3570
35,3571
12,3572
6,3573
39,3574
19,3575
8,3576
31,3577
0,3578
4,3579
1,3580
7,3581
2,3582
27,3583
3,3584
8,3585
36,3586
11,3587
7,3588
34,3589
11,3590
36,3591
1,3592
30,3593
16,3594
2,3595
33,3596
9,3597
4,3598
39,3599
27,3600
4,3601
6,3602
27,3603
16,3604
5,3605
28,3606
28,3607
18,3608
24,3609
23,3610
32,3611
10,3612
13,3613
31,3614
10,3615
0,3616
33,3617
26,3618
15,3619
25,3620
34,3621
33,3622
21,3623
28,3624
9,3625
34,3626
17,3627
20,3628
14,3629
16,3630
39,3631
27,3632
19,3633
25,3634
28,3635
36,3636
32,3637
10,3638
36,3639
5,3640
2,3641
22,3642
39,3643
26,3644
37,3645
39,3646
17,3647
39,3648
14,3649
4,3650
30,3651
38,3652
23,3653
7,3654
0,3655
27,3656
17,3657
22,3658
16,3659
38,3660
21,3661
29,3662
29,3663
29,3664
39,3665
17,3666
20,3667
10,3668
22,3669
28,3670
38,3671
30,3672
8,3673
1,3674
11,3675
10,3676
1,3677
19,3678
16,3679
39,3680
27,3681
37,3682
4,3683
27,3684
22,3685
12,3686
28,3687
32,3688
29,3689
23,3690
37,3691
10,3692
4,3693
29,3694
21,3695
0,3696
18,3697
30,3698
23,3699
37,3700
18,3701
13,3702
5,3703
2,3704
16,3705
32,3706
20,3707
37,3708
29,3709
21,3710
33,3711
32,3712
35,3713
25,3714
16,3715
9,3716
32,3717
38,3718
29,3719
23,3720
3,3721
16,3722
29,3723
23,3724
22,3725
0,3726
34,3727
30,3728
31,3729
1,3730
25,3731
2,3732
39,3733
28,3734
3,3735
37,3736
32,3737
2,3738
10,3739
37,3740
37,3741
33,3742
10,3743
7,3744
15,3745
7,3746
0,3747
18,3748
7,3749
34,3750
34,3751
18,3752
31,3753
20,3754
4,3755
7,3756
29,3757
7,3758
12,3759
30,3760
1,3761
13,3762
12,3763
17,3764
2,3765
5,3766
15,3767
22,3768
0,3769
24,3770
34,3771
28,3772
8,3773
11,3774
39,3775
35,3776
34,3777
39,3778
7,3779
26,3780
13,3781
26,3782
13,3783
4,3784
34,3785
4,3786
29,3787
35,3788
5,3789
8,3790
24,3791
6,3792
36,3793
7,3794
15,3795
36,3796
12,3797
28,3798
36,3799
19,3800
32,3801
26,3802
6,3803
27,3804
15,3805
23,3806
22,3807
34,3808
23,3809
27,3810
4,3811
4,3812
8,3813
37,3814
34,3815
4,3816
20,3817
5,3818
17,3819
0,3820
36,3821
1,3822
34,3823
4,3824
2,3825
15,3826
13,3827
3,3828
24,3829
13,3830
30,3831
34,3832
0,3833
9,3834
4,3835
34,3836
24,3837
15,3838
2,3839
16,3840
35,3841
18,3842
34,3843
22,3844
38,3845
23,3846
13,3847
19,3848
0,3849
23,3850
30,3851
1,3852
3,3853
2,3854
2,3855
3,3856
39,3857
25,3858
16,3859
5,3860
6,3861
37,3862
31,3863
6,3864
37,3865
16,3866
29,3867
12,3868
29,3869
6,3870
27,3871
17,3872
17,3873
16,3874
12,3875
35,3876
27,3877
16,3878
36,3879
29,3880
8,3881
1,3882
16,3883
10,3884
5,3885
21,3886
32,3887
30,3888
2,3889
34,3890
11,3891
20,3892
16,3893
24,3894
32,3895
8,3896
6,3897
19,3898
0,3899
31,3900
11,3901
18,3902
21,3903
1,3904
21,3905
10,3906
2,3907
5,3908
4,3909
3,3910
1,3911
1,3912
12,3913
29,3914
37,3915
28,3916
6,3917
15,3918
21,3919
0,3920
7,3921
23,3922
0,3923
2,3924
38,3925
36,3926
14,3927
36,3928
11,3929
29,3930
35,3931
18,3932
31,3933
4,3934
28,3935
25,3936
21,3937
5,3938
20,3939
3,3940
36,3941
36,3942
10,3943
4,3944
17,3945
4,3946
9,3947
25,3948
1,3949
5,3950
17,3951
7,3952
30,3953
0,3954
13,3955
39,3956
13,3957
14,3958
5,3959
8,3960
35,3961
17,3962
36,3963
11,3964
16,3965
29,3966
30,3967
22,3968
33,3969
15,3970
31,3971
34,3972
0,3973
7,3974
1,3975
39,3976
2,3977
19,3978
3,3979
10,3980
0,3981
15,3982
35,3983
11,3984
29,3985
32,3986
14,3987
37,3988
7,3989
5,3990
25,3991
6,3992
9,3993
0,3994
1,3995
1,3996
6,3997
2,3998
22,3999
3,4000
12,4001
11,4002
25,4003
1,4004
31,4005
39,4006
1,4007
8,4008
18,4009
11,4010
30,4011
27,4012
19,4013
3,4014
21,4015
16,4016
14,4017
34,4018
14,4019
10,4020
7,4021
4,4022
32,4023
14,4024
2,4025
1,4026
5,4027
19,4028
32,4029
18,4030
30,4031
33,4032
39,4033
12,4034
5,4035
23,4036
21,4037
30,4038
15,4039
24,4040
17,4041
4,4042
8,4043
31,4044
21,4045
2,4046
29,4047
3,4048
23,4049
3,4050
30,4051
22,4052
2,4053
28,4054
13,4055
0,4056
19,4057
25,4058
19,4059
10,4060
5,4061
22,4062
20,4063
36,4064
0,4065
23,4066
1,4067
14,4068
2,4069
3,4070
28,4071
3,4072
4,4073
34,4074
27,4075
9,4076
33,4077
28,4078
8,4079
2,4080
34,4081
32,4082
39,4083
11,4084
4,4085
30,4086
26,4087
5,4088
19,4089
32,4090
6,4091
35,4092
22,4093
35,4094
10,4095
7,4096
33,4097
5,4098
5,4099
38,4100
6,4101
3,4102
22,4103
2,4104
8,4105
10,4106
4,4107
17,4108
5,4109
9,4110
6,4111
4,4112
19,4113
7,4114
1,4115
30,4116
12,4117
17,4118
35,4119
6,4120
0,4121
12,4122
3,4123
18,4124
17,4125
4,4126
3,4127
37,4128
5,4129
39,4130
14,4131
18,4132
9,4133
12,4134
22,4135
23,4136
5,4137
4,4138
36,4139
39,4140
7,4141
22,4142
33,4143
5,4144
32,4145
5,4146
10,4147
24,4148
30,4149
34,4150
19,4151
0,4152
16,4153
10,4154
32,4155
14,4156
23,4157
1,4158
10,4159
2,4160
37,4161
20,4162
3,4163
20,4164
9,4165
9,4166
32,4167
39,4168
3,4169
5,4170
32,4171
29,4172
33,4173
14,4174
33,4175
19,4176
38,4177
26,4178
10,4179
2,4180
29,4181
29,4182
4,4183
5,4184
3,4185
4,4186
0,4187
34,4188
1,4189
13,4190
25,4191
24,4192
2,4193
38,4194
3,4195
21,4196
34,4197
16,4198
24,4199
38,4200
35,4201
13,4202
5,4203
3,4204
13,4205
39,4206
25,4207
24,4208
8,4209
30,4210
12,4211
33,4212
12,4213
0,4214
20,4215
1,4216
38,4217
2,4218
6,4219
3,4220
3,4221
1,4222
5,4223
1,4224
33,4225
23,4226
33,4227
15,4228
14,4229
31,4230
14,4231
19,4232
30,4233
37,4234
2,4235
17,4236
6,4237
23,4238
2,4239
1,4240
18,4241
32,4242
32,4243
18,4244
30,4245
3,4246
15,4247
12,4248
22,4249
5,4250
19,4251
33,4252
11,4253
10,4254
35,4255
19,4256
11,4257
26,4258
38,4259
18,4260
12,4261
30,4262
0,4263
36,4264
37,4265
29,4266
13,4267
15,4268
37,4269
28,4270
16,4271
6,4272
6,4273
23,4274
5,4275
3,4276
18,4277
3,4278
10,4279
25,4280
32,4281
28,4282
5,4283
22,4284
9,4285
13,4286
0,4287
16,4288
2,4289
10,4290
27,4291
28,4292
6,4293
15,4294
17,4295
28,4296
2,4297
20,4298
26,4299
31,4300
10,4301
36,4302
37,4303
23,4304
14,4305
30,4306
39,4307
4,4308
10,4309
5,4310
21,4311
6,4312
11,4313
7,4314
4,4315
18,4316
1,4317
7,4318
24,4319
37,4320
37,4321
31,4322
13,4323
24,4324
13,4325
21,4326
24,4327
24,4328
27,4329
16,4330
3,4331
5,4332
6,4333
1,4334
31,4335
10,4336
30,4337
26,4338
2,4339
13,4340
12,4341
34,4342
22,4343
27,4344
36,4345
26,4346
9,4347
13,4348
23,4349
9,4350
16,4351
21,4352
13,4353
27,4354
28,4355
24,4356
38,4357
3,4358
19,4359
30,4360
31,4361
22,4362
32,4363
5,4364
20,4365
16,4366
7,4367
31,4368
23,4369
25,4370
6,4371
3,4372
6,4373
16,4374
11,4375
30,4376
8,4377
20,4378
5,4379
11,4380
3,4381
9,4382
2,4383
20,4384
39,4385
8,4386
8,4387
5,4388
23,4389
34,4390
21,4391
28,4392
34,4393
25,4394
33,4395
37,4396
18,4397
31,4398
8,4399
22,4400
15,4401
5,4402
13,4403
3,4404
38,4405
9,4406
17,4407
14,4408
23,4409
16,4410
37,4411
26,4412
22,4413
23,4414
4,4415
17,4416
20,4417
35,4418
4,4419
1,4420
7,4421
16,4422
38,4423
20,4424
28,4425
36,4426
0,4427
33,4428
34,4429
34,4430
29,4431
20,4432
0,4433
23,4434
28,4435
4,4436
12,4437
5,4438
35,4439
6,4440
29,4441
7,4442
5,4443
33,4444
2,4445
2,4446
22,4447
2,4448
37,4449
6,4450
0,4451
20,4452
1,4453
2,4454
2,4455
20,4456
3,4457
0,4458
14,4459
4,4460
9,4461
14,4462
22,4463
4,4464
11,4465
5,4466
3,4467
36,4468
26,4469
6,4470
38,4471
5,4472
7,4473
19,4474
32,4475
2,4476
14,4477
7,4478
21,4479
5,4480
14,4481
19,4482
17,4483
16,4484
20,4485
29,4486
12,4487
4,4488
30,4489
37,4490
4,4491
24,4492
8,4493
12,4494
7,4495
6,4496
29,4497
5,4498
2,4499
39,4500
9,4501
31,4502
2,4503
6,4504
15,4505
9,4506
19,4507
36,4508
21,4509
35,4510
28,4511
15,4512
0,4513
30,4514
3,4515
37,4516
25,4517
10,4518
22,4519
0,4520
19,4521
29,4522
1,4523
12,4524
2,4525
10,4526
3,4527
23,4528
1,4529
19,4530
4,4531
22,4532
2,4533
35,4534
1,4535
27,4536
26,4537
14,4538
39,4539
28,4540
31,4541
2,4542
1,4543
17,4544
26,4545
22,4546
5,4547
30,4548
21,4549
27,4550
10,4551
10,4552
14,4553
14,4554
11,4555
7,4556
22,4557
36,4558
34,4559
0,4560
18,4561
37,4562
7,4563
17,4564
30,4565
0,4566
12,4567
34,4568
2,4569
10,4570
31,4571
15,4572
3,4573
9,4574
6,4575
35,4576
19,4577
10,4578
38,4579
27,4580
38,4581
33,4582
28,4583
10,4584
36,4585
14,4586
17,4587
25,4588
38,4589
24,4590
0,4591
8,4592
27,4593
33,4594
27,4595
17,4596
12,4597
6,4598
20,4599
30,4600
29,4601
21,4602
15,4603
10,4604
30,4605
9,4606
15,4607
10,4608
16,4609
28,4610
6,4611
30,4612
30,4613
1,4614
9,4615
18,4616
22,4617
35,4618
35,4619
26,4620
25,4621
1,4622
29,4623
2,4624
25,4625
21,4626
4,4627
23,4628
15,4629
9,4630
13,4631
29,4632
20,4633
20,4634
7,4635
24,4636
36,4637
35,4638
17,4639
7,4640
2,4641
31,4642
14,4643
4,4644
26,4645
27,4646
18,4647
36,4648
9,4649
12,4650
38,4651
31,4652
23,4653
28,4654
12,4655
16,4656
19,4657
4,4658
0,4659
3,4660
12,4661
12,4662
6,4663
37,4664
36,4665
14,4666
21,4667
23,4668
19,4669
24,4670
9,4671
16,4672
21,4673
18,4674
9,4675
25,4676
7,4677
25,4678
33,4679
31,4680
6,4681
39,4682
1,4683
26,4684
38,4685
34,4686
26,4687
36,4688
6,4689
17,4690
35,4691
31,4692
8,4693
34,4694
14,4695
18,4696
18,4697
20,4698
10,4699
2,4700
12,4701
22,4702
15,4703
11,4704
28,4705
16,4706
29,4707
7,4708
34,4709
38,4710
10,4711
2,4712
19,4713
4,4714
1,4715
5,4716
32,4717
0,4718
6,4719
2,4720
7,4721
22,4722
30,4723
4,4724
0,4725
32,4726
35,4727
24,4728
10,4729
5,4730
37,4731
5,4732
7,4733
30,4734
32,4735
33,4736
15,4737
27,4738
18,4739
18,4740
6,4741
12,4742
1,4743
38,4744
0,4745
14,4746
10,4747
4,4748
8,4749
7,4750
34,4751
27,4752
28,4753
19,4754
26,4755
15,4756
14,4757
33,4758
39,4759
10,4760
17,4761
34,4762
13,4763
4,4764
8,4765
5,4766
10,4767
6,4768
20,4769
17,4770
7,4771
4,4772
2,4773
13,4774
29,4775
26,4776
15,4777
36,4778
23,4779
28,4780
16,4781
20,4782
7,4783
7,4784
12,4785
19,4786
30,4787
37,4788
25,4789
33,4790
6,4791
27,4792
30,4793
21,4794
37,4795
27,4796
37,4797
10,4798
33,4799
38,4800
6,4801
15,4802
8,4803
25,4804
8,4805
2,4806
26,4807
6,4808
26,4809
18,4810
28,4811
13,4812
12,4813
30,4814
38,4815
27,4816
39,4817
39,4818
26,4819
25,4820
5,4821
20,4822
11,4823
11,4824
39,4825
39,4826
6,4827
12,4828
6,4829
0,4830
11,4831
11,4832
21,4833
38,4834
6,4835
19,4836
6,4837
28,4838
2,4839
9,4840
27,4841
0,4842
29,4843
30,4844
16,4845
33,4846
15,4847
28,4848
33,4849
6,4850
39,4851
23,4852
15,4853
20,4854
1,4855
32,4856
17,4857
13,4858
0,4859
29,4860
13,4861
10,4862
25,4863
30,4864
19,4865
37,4866
9,4867
4,4868
39,4869
34,4870
12,4871
21,4872
5,4873
6,4874
30,4875
19,4876
34,4877
1,4878
30,4879
9,4880
36,4881
38,4882
25,4883
13,4884
0,4885
11,4886
13,4887
15,4888
32,4889
5,4890
35,4891
22,4892
28,4893
28,4894
1,4895
19,4896
28,4897
11,4898
21,4899
10,4900
29,4901
39,4902
1,4903
32,4904
39,4905
4,4906
17,4907
5,4908
34,4909
6,4910
33,4911
7,4912
29,4913
23,4914
2,4915
33,4916
37,4917
6,4918
18,4919
27,4920
2,4921
29,4922
0,4923
28,4924
36,4925
37,4926
9,4927
2,4928
32,4929
36,4930
23,4931
35,4932
9,4933
33,4934
32,4935
34,4936
39,4937
24,4938
8,4939
27,4940
9,4941
23,4942
6,4943
31,4944
5,4945
23,4946
16,4947
0,4948
37,4949
32,4950
21,4951
12,4952
38,4953
0,4954
26,4955
8,4956
36,4957
1,4958
22,4959
8,4960
4,4961
2,4962
31,4963
3,4964
20,4965
2,4966
31,4967
0,4968
27,4969
16,4970
31,4971
19,4972
22,4973
4,4974
18,4975
34,4976
5,4977
36,4978
14,4979
6,4980
34,4981
8,4982
7,4983
35,4984
39,4985
13,4986
23,4987
32,4988
17,4989
7,4990
29,4991
17,4992
19,4993
25,4994
27,4995
24,4996
39,4997
36,4998
1,4999
30,5000
35,5001
3,5002
29,5003
23,5004
4,5005
3,5006
0,5007
18,5008
32,5009
1,5010
20,5011
13,5012
5,5013
13,5014
6,5015
29,5016
7,5017
25,5018
16,5019
15,5020
31,5021
29,5022
22,5023
35,5024
33,5025
2,5026
9,5027
19,5028
36,5029
7,5030
17,5031
10,5032
14,5033
31,5034
6,5035
3,5036
25,5037
37,5038
18,5039
36,5040
35,5041
21,5042
17,5043
12,5044
31,5045
20,5046
5,5047
33,5048
27,5049
8,5050
6,5051
26,5052
9,5053
25,5054
19,5055
20,5056
26,5057
9,5058
6,5059
0,5060
32,5061
22,5062
7,5063
10,5064
15,5065
12,5066
5,5067
14,5068
26,5069
7,5070
34,5071
2,5072
3,5073
1,5074
17,5075
30,5076
15,5077
22,5078
13,5079
12,5080
6,5081
19,5082
28,5083
6,5084
1,5085
11,5086
32,5087
25,5088
3,5089
33,5090
35,5091
14,5092
35,5093
38,5094
7,5095
10,5096
6,5097
8,5098
25,5099
16,5100
31,5101
16,5102
9,5103
34,5104
4,5105
2,5106
37,5107
12,5108
24,5109
33,5110
14,5111
5,5112
10,5113
10,5114
0,5115
33,5116
28,5117
29,5118
11,5119
39,5120
7,5121
1,5122
6,5123
17,5124
5,5125
32,5126
36,5127
24,5128
16,5129
38,5130
6,5131
31,5132
29,5133
22,5134
13,5135
18,5136
13,5137
16,5138
0,5139
0,5140
31,5141
30,5142
1,5143
12,5144
2,5145
17,5146
9,5147
3,5148
1,5149
11,5150
28,5151
11,5152
2,5153
0,5154
9,5155
8,5156
1,5157
11,5158
9,5159
32,5160
12,5161
17,5162
18,5163
26,5164
39,5165
17,5166
33,5167
37,5168
37,5169
20,5170
25,5171
17,5172
28,5173
1,5174
3,5175
34,5176
2,5177
20,5178
36,5179
16,5180
31,5181
30,5182
23,5183
36,5184
33,5185
29,5186
22,5187
31,5188
29,5189
24,5190
0,5191
14,5192
26,5193
1,5194
9,5195
2,5196
14,5197
3,5198
9,5199
7,5200
9,5201
18,5202
2,5203
36,5204
0,5205
14,5206
3,5207
9,5208
10,5209
22,5210
1,5211
30,5212
31,5213
23,5214
2,5215
30,5216
4,5217
12,5218
5,5219
9,5220
7,5221
6,5222
7,5223
7,5224
20,5225
23,5226
10,5227
4,5228
33,5229
34,5230
31,5231
7,5232
13,5233
36,5234
31,5235
27,5236
20,5237
14,5238
16,5239
12,5240
9,5241
12,5242
9,5243
17,5244
24,5245
26,5246
9,5247
0,5248
25,5249
28,5250
1,5251
30,5252
29,5253
2,5254
5,5255
30,5256
3,5257
23,5258
33,5259
17,5260
30,5261
27,5262
26,5263
17,5264
8,5265
39,5266
34,5267
3,5268
22,5269
21,5270
13,5271
6,5272
6,5273
31,5274
35,5275
16,5276
0,5277
30,5278
1,5279
28,5280
2,5281
32,5282
5,5283
3,5284
2,5285
2,5286
35,5287
29,5288
3,5289
9,5290
38,5291
0,5292
6,5293
26,5294
32,5295
0,5296
25,5297
29,5298
1,5299
12,5300
2,5301
38,5302
12,5303
3,5304
18,5305
11,5306
7,5307
14,5308
26,5309
26,5310
16,5311
27,5312
28,5313
5,5314
25,5315
26,5316
17,5317
37,5318
29,5319
27,5320
39,5321
3,5322
27,5323
30,5324
38,5325
26,5326
1,5327
8,5328
4,5329
35,5330
30,5331
29,5332
28,5333
11,5334
21,5335
23,5336
14,5337
0,5338
38,5339
36,5340
23,5341
19,5342
8,5343
25,5344
17,5345
37,5346
4,5347
14,5348
5,5349
35,5350
18,5351
6,5352
34,5353
7,5354
20,5355
2,5356
21,5357
35,5358
19,5359
23,5360
3,5361
7,5362
23,5363
6,5364
8,5365
31,5366
39,5367
34,5368
24,5369
19,5370
30,5371
18,5372
9,5373
23,5374
20,5375
35,5376
20,5377
5,5378
0,5379
23,5380
1,5381
16,5382
28,5383
37,5384
20,5385
1,5386
2,5387
12,5388
29,5389
3,5390
23,5391
11,5392
12,5393
4,5394
8,5395
5,5396
35,5397
6,5398
12,5399
28,5400
39,5401
7,5402
24,5403
24,5404
38,5405
18,5406
28,5407
8,5408
17,5409
31,5410
18,5411
0,5412
13,5413
13,5414
20,5415
23,5416
5,5417
14,5418
28,5419
17,5420
20,5421
10,5422
19,5423
0,5424
35,5425
24,5426
26,5427
1,5428
16,5429
37,5430
25,5431
4,5432
24,5433
5,5434
23,5435
33,5436
13,5437
21,5438
11,5439
39,5440
15,5441
39,5442
18,5443
12,5444
35,5445
21,5446
4,5447
25,5448
22,5449
25,5450
23,5451
18,5452
18,5453
10,5454
33,5455
23,5456
3,5457
8,5458
21,5459
1,5460
23,5461
13,5462
22,5463
18,5464
23,5465
28,5466
22,5467
1,5468
23,5469
17,5470
32,5471
18,5472
27,5473
34,5474
29,5475
0,5476
38,5477
23,5478
0,5479
18,5480
6,5481
18,5482
14,5483
0,5484
37,5485
1,5486
0,5487
2,5488
17,5489
39,5490
1,5491
11,5492
0,5493
2,5494
39,5495
3,5496
3,5497
19,5498
5,5499
4,5500
30,5501
10,5502
3,5503
23,5504
27,5505
25,5506
4,5507
14,5508
37,5509
5,5510
18,5511
6,5512
29,5513
28,5514
7,5515
13,5516
19,5517
0,5518
36,5519
1,5520
0,5521
21,5522
34,5523
4,5524
30,5525
4,5526
34,5527
5,5528
5,5529
6,5530
7,5531
7,5532
3,5533
12,5534
36,5535
38,5536
37,5537
26,5538
18,5539
14,5540
2,5541
37,5542
35,5543
4,5544
35,5545
21,5546
24,5547
20,5548
10,5549
4,5550
37,5551
27,5552
15,5553
25,5554
35,5555
23,5556
38,5557
22,5558
20,5559
17,5560
23,5561
38,5562
11,5563
11,5564
9,5565
22,5566
33,5567
35,5568
4,5569
7,5570
10,5571
36,5572
4,5573
13,5574
37,5575
24,5576
28,5577
15,5578
26,5579
33,5580
39,5581
26,5582
22,5583
9,5584
14,5585
33,5586
2,5587
5,5588
24,5589
33,5590
4,5591
29,5592
26,5593
1,5594
5,5595
19,5596
6,5597
34,5598
7,5599
7,5600
11,5601
29,5602
3,5603
27,5604
28,5605
29,5606
11,5607
21,5608
0,5609
25,5610
1,5611
17,5612
28,5613
2,5614
17,5615
5,5616
3,5617
27,5618
31,5619
35,5620
31,5621
28,5622
33,5623
17,5624
17,5625
36,5626
15,5627
10,5628
32,5629
11,5630
6,5631
1,5632
31,5633
7,5634
25,5635
21,5636
37,5637
11,5638
35,5639
35,5640
18,5641
37,5642
22,5643
24,5644
32,5645
6,5646
23,5647
3,5648
8,5649
11,5650
10,5651
27,5652
13,5653
3,5654
10,5655
0,5656
14,5657
0,5658
18,5659
1,5660
37,5661
14,5662
18,5663
36,5664
0,5665
12,5666
15,5667
8,5668
15,5669
28,5670
31,5671
19,5672
31,5673
37,5674
1,5675
20,5676
29,5677
17,5678
33,5679
1,5680
21,5681
11,5682
36,5683
14,5684
4,5685
2,5686
36,5687
20,5688
36,5689
39,5690
35,5691
6,5692
9,5693
4,5694
35,5695
5,5696
33,5697
6,5698
32,5699
12,5700
26,5701
6,5702
21,5703
10,5704
7,5705
2,5706
12,5707
12,5708
33,5709
31,5710
25,5711
20,5712
21,5713
2,5714
6,5715
26,5716
33,5717
35,5718
20,5719
6,5720
19,5721
32,5722
29,5723
31,5724
0,5725
19,5726
27,5727
13,5728
36,5729
1,5730
8,5731
19,5732
14,5733
35,5734
24,5735
9,5736
2,5737
11,5738
27,5739
13,5740
21,5741
10,5742
27,5743
38,5744
23,5745
18,5746
25,5747
6,5748
14,5749
28,5750
8,5751
36,5752
8,5753
36,5754
13,5755
39,5756
4,5757
33,5758
4,5759
11,5760
31,5761
9,5762
22,5763
21,5764
11,5765
19,5766
9,5767
30,5768
8,5769
1,5770
37,5771
37,5772
16,5773
34,5774
17,5775
38,5776
25,5777
10,5778
34,5779
14,5780
11,5781
33,5782
4,5783
20,5784
5,5785
29,5786
3,5787
38,5788
6,5789
2,5790
2,5791
7,5792
22,5793
17,5794
30,5795
14,5796
36,5797
28,5798
27,5799
31,5800
29,5801
35,5802
16,5803
22,5804
33,5805
2,5806
37,5807
24,5808
13,5809
30,5810
1,5811
3,5812
32,5813
35,5814
19,5815
20,5816
1,5817
31,5818
0,5819
22,5820
17,5821
24,5822
23,5823
18,5824
33,5825
31,5826
15,5827
12,5828
15,5829
34,5830
21,5831
23,5832
39,5833
21,5834
9,5835
39,5836
30,5837
9,5838
12,5839
9,5840
13,5841
16,5842
27,5843
32,5844
18,5845
14,5846
20,5847
4,5848
28,5849
5,5850
24,5851
5,5852
25,5853
6,5854
39,5855
7,5856
0,5857
20,5858
22,5859
37,5860
8,5861
34,5862
22,5863
38,5864
37,5865
39,5866
16,5867
18,5868
5,5869
3,5870
26,5871
15,5872
10,5873
24,5874
28,5875
17,5876
34,5877
23,5878
37,5879
4,5880
6,5881
25,5882
27,5883
14,5884
36,5885
18,5886
13,5887
18,5888
23,5889
20,5890
17,5891
4,5892
16,5893
5,5894
19,5895
21,5896
24,5897
9,5898
1,5899
6,5900
21,5901
33,5902
6,5903
7,5904
20,5905
29,5906
38,5907
38,5908
29,5909
38,5910
5,5911
22,5912
20,5913
4,5914
11,5915
8,5916
0,5917
36,5918
6,5919
35,5920
1,5921
3,5922
8,5923
2,5924
5,5925
17,5926
32,5927
3,5928
10,5929
24,5930
17,5931
16,5932
35,5933
26,5934
18,5935
5,5936
11,5937
10,5938
12,5939
22,5940
17,5941
21,5942
39,5943
4,5944
25,5945
28,5946
5,5947
6,5948
18,5949
6,5950
36,5951
7,5952
1,5953
29,5954
14,5955
33,5956
16,5957
24,5958
7,5959
38,5960
34,5961
36,5962
10,5963
30,5964
6,5965
28,5966
10,5967
36,5968
6,5969
33,5970
17,5971
27,5972
6,5973
27,5974
35,5975
7,5976
23,5977
26,5978
18,5979
13,5980
10,5981
28,5982
38,5983
14,5984
36,5985
21,5986
15,5987
26,5988
39,5989
29,5990
9,5991
17,5992
25,5993
37,5994
2,5995
6,5996
17,5997
13,5998
20,5999
8,6000
31,6001
30,6002
4,6003
19,6004
27,6005
0,6006
9,6007
0,6008
37,6009
27,6010
1,6011
36,6012
12,6013
0,6014
32,6015
6,6016
2,6017
23,6018
15,6019
3,6020
25,6021
30,6022
31,6023
26,6024
9,6025
5,6026
24,6027
7,6028
27,6029
0,6030
30,6031
26,6032
25,6033
39,6034
5,6035
12,6036
20,6037
3,6038
24,6039
36,6040
4,6041
7,6042
9,6043
10,6044
39,6045
39,6046
1,6047
26,6048
37,6049
16,6050
2,6051
28,6052
19,6053
19,6054
38,6055
34,6056
19,6057
12,6058
16,6059
24,6060
11,6061
29,6062
33,6063
32,6064
6,6065
39,6066
34,6067
18,6068
9,6069
19,6070
37,6071
33,6072
31,6073
39,6074
39,6075
22,6076
20,6077
19,6078
15,6079
6,6080
6,6081
33,6082
27,6083
24,6084
14,6085
3,6086
24,6087
30,6088
3,6089
14,6090
3,6091
28,6092
26,6093
1,6094
37,6095
0,6096
31,6097
29,6098
25,6099
30,6100
38,6101
25,6102
3,6103
17,6104
11,6105
37,6106
16,6107
0,6108
18,6109
1,6110
14,6111
2,6112
4,6113
3,6114
31,6115
10,6116
14,6117
14,6118
34,6119
30,6120
38,6121
37,6122
7,6123
0,6124
3,6125
6,6126
7,6127
18,6128
6,6129
37,6130
18,6131
0,6132
15,6133
1,6134
14,6135
12,6136
19,6137
0,6138
18,6139
17,6140
29,6141
31,6142
31,6143
13,6144
10,6145
2,6146
26,6147
19,6148
23,6149
16,6150
39,6151
32,6152
0,6153
28,6154
4,6155
31,6156
2,6157
2,6158
4,6159
12,6160
15,6161
20,6162
33,6163
27,6164
33,6165
19,6166
11,6167
16,6168
20,6169
33,6170
25,6171
9,6172
25,6173
24,6174
39,6175
3,6176
37,6177
35,6178
31,6179
22,6180
9,6181
14,6182
15,6183
0,6184
1,6185
1,6186
4,6187
38,6188
3,6189
2,6190
36,6191
3,6192
7,6193
26,6194
37,6195
26,6196
38,6197
6,6198
14,6199
37,6200
35,6201
19,6202
29,6203
25,6204
38,6205
32,6206
38,6207
17,6208
13,6209
12,6210
17,6211
31,6212
14,6213
1,6214
13,6215
23,6216
24,6217
19,6218
5,6219
23,6220
25,6221
31,6222
22,6223
2,6224
9,6225
5,6226
19,6227
22,6228
36,6229
38,6230
10,6231
10,6232
28,6233
17,6234
10,6235
37,6236
14,6237
35,6238
25,6239
17,6240
9,6241
17,6242
31,6243
7,6244
10,6245
26,6246
35,6247
15,6248
34,6249
24,6250
25,6251
32,6252
21,6253
39,6254
15,6255
31,6256
3,6257
4,6258
25,6259
23,6260
5,6261
29,6262
26,6263
14,6264
6,6265
17,6266
7,6267
29,6268
6,6269
36,6270
1,6271
14,6272
17,6273
33,6274
0,6275
38,6276
28,6277
3,6278
18,6279
24,6280
4,6281
38,6282
11,6283
7,6284
22,6285
30,6286
3,6287
6,6288
26,6289
22,6290
16,6291
6,6292
17,6293
21,6294
24,6295
21,6296
3,6297
20,6298
27,6299
19,6300
17,6301
0,6302
33,6303
32,6304
21,6305
4,6306
39,6307
1,6308
5,6309
13,6310
6,6311
24,6312
7,6313
18,6314
7,6315
16,6316
4,6317
27,6318
24,6319
39,6320
4,6321
27,6322
15,6323
18,6324
0,6325
18,6326
3,6327
31,6328
32,6329
27,6330
5,6331
0,6332
11,6333
18,6334
1,6335
17,6336
2,6337
24,6338
3,6339
34,6340
28,6341
27,6342
10,6343
17,6344
19,6345
15,6346
12,6347
26,6348
20,6349
34,6350
31,6351
15,6352
31,6353
14,6354
26,6355
14,6356
37,6357
11,6358
26,6359
14,6360
10,6361
4,6362
0,6363
3,6364
33,6365
27,6366
33,6367
10,6368
12,6369
30,6370
20,6371
35,6372
4,6373
22,6374
5,6375
28,6376
27,6377
6,6378
6,6379
14,6380
7,6381
30,6382
22,6383
6,6384
7,6385
24,6386
16,6387
7,6388
10,6389
11,6390
34,6391
33,6392
37,6393
0,6394
27,6395
27,6396
32,6397
6,6398
24,6399
26,6400
28,6401
20,6402
14,6403
28,6404
18,6405
32,6406
7,6407
36,6408
6,6409
9,6410
37,6411
34,6412
9,6413
34,6414
22,6415
39,6416
22,6417
37,6418
1,6419
16,6420
15,6421
22,6422
18,6423
10,6424
4,6425
25,6426
0,6427
36,6428
39,6429
28,6430
25,6431
16,6432
34,6433
0,6434
31,6435
39,6436
4,6437
23,6438
22,6439
15,6440
35,6441
4,6442
18,6443
5,6444
0,6445
34,6446
6,6447
24,6448
31,6449
7,6450
23,6451
4,6452
23,6453
10,6454
21,6455
6,6456
7,6457
33,6458
35,6459
37,6460
36,6461
9,6462
9,6463
27,6464
19,6465
17,6466
30,6467
23,6468
33,6469
21,6470
18,6471
19,6472
15,6473
11,6474
32,6475
17,6476
21,6477
36,6478
20,6479
3,6480
25,6481
20,6482
22,6483
3,6484
38,6485
16,6486
27,6487
37,6488
12,6489
12,6490
25,6491
15,6492
38,6493
38,6494
6,6495
18,6496
25,6497
10,6498
36,6499
19,6500
3,6501
9,6502
32,6503
39,6504
10,6505
31,6506
35,6507
33,6508
5,6509
23,6510
39,6511
0,6512
13,6513
28,6514
4,6515
1,6516
3,6517
11,6518
3,6519
20,6520
32,6521
33,6522
27,6523
27,6524
14,6525
6,6526
29,6527
36,6528
15,6529
5,6530
2,6531
21,6532
36,6533
34,6534
23,6535
12,6536
22,6537
0,6538
3,6539
10,6540
37,6541
22,6542
10,6543
3,6544
0,6545
28,6546
15,6547
11,6548
27,6549
3,6550
10,6551
16,6552
9,6553
21,6554
39,6555
2,6556
11,6557
19,6558
39,6559
0,6560
24,6561
24,6562
23,6563
12,6564
29,6565
14,6566
34,6567
14,6568
35,6569
1,6570
34,6571
28,6572
10,6573
4,6574
8,6575
5,6576
3,6577
6,6578
33,6579
18,6580
27,6581
18,6582
28,6583
7,6584
6,6585
0,6586
13,6587
34,6588
1,6589
6,6590
12,6591
2,6592
13,6593
3,6594
6,6595
24,6596
13,6597
20,6598
7,6599
33,6600
36,6601
13,6602
25,6603
38,6604
32,6605
11,6606
19,6607
0,6608
6,6609
11,6610
29,6611
38,6612
26,6613
36,6614
4,6615
26,6616
2,6617
17,6618
39,6619
30,6620
16,6621
16,6622
27,6623
17,6624
35,6625
39,6626
29,6627
26,6628
14,6629
31,6630
34,6631
34,6632
30,6633
15,6634
28,6635
34,6636
23,6637
27,6638
5,6639
14,6640
17,6641
22,6642
26,6643
21,6644
19,6645
13,6646
2,6647
23,6648
14,6649
7,6650
13,6651
8,6652
32,6653
12,6654
24,6655
15,6656
20,6657
3,6658
12,6659
17,6660
31,6661
3,6662
34,6663
12,6664
5,6665
30,6666
39,6667
32,6668
24,6669
13,6670
29,6671
24,6672
31,6673
35,6674
9,6675
12,6676
24,6677
20,6678
37,6679
12,6680
11,6681
1,6682
29,6683
33,6684
4,6685
23,6686
21,6687
25,6688
29,6689
0,6690
27,6691
2,6692
33,6693
21,6694
15,6695
24,6696
35,6697
29,6698
2,6699
26,6700
27,6701
14,6702
11,6703
37,6704
23,6705
31,6706
21,6707
32,6708
5,6709
8,6710
37,6711
11,6712
7,6713
4,6714
35,6715
9,6716
27,6717
6,6718
20,6719
20,6720
1,6721
22,6722
7,6723
31,6724
15,6725
0,6726
26,6727
21,6728
7,6729
1,6730
0,6731
21,6732
4,6733
2,6734
5,6735
8,6736
6,6737
0,6738
27,6739
22,6740
39,6741
37,6742
6,6743
31,6744
18,6745
33,6746
25,6747
12,6748
34,6749
0,6750
13,6751
19,6752
33,6753
15,6754
2,6755
35,6756
15,6757
37,6758
28,6759
29,6760
5,6761
15,6762
5,6763
24,6764
4,6765
30,6766
34,6767
30,6768
30,6769
27,6770
33,6771
12,6772
8,6773
14,6774
8,6775
12,6776
36,6777
18,6778
8,6779
23,6780
20,6781
30,6782
25,6783
11,6784
34,6785
32,6786
4,6787
30,6788
37,6789
23,6790
10,6791
33,6792
23,6793
3,6794
36,6795
31,6796
29,6797
6,6798
6,6799
9,6800
14,6801
26,6802
37,6803
21,6804
37,6805
27,6806
28,6807
22,6808
6,6809
8,6810
19,6811
13,6812
39,6813
33,6814
13,6815
15,6816
23,6817
26,6818
2,6819
28,6820
20,6821
7,6822
12,6823
16,6824
0,6825
26,6826
2,6827
0,6828
18,6829
4,6830
4,6831
33,6832
5,6833
28,6834
30,6835
5,6836
6,6837
18,6838
12,6839
7,6840
0,6841
8,6842
10,6843
2,6844
0,6845
29,6846
24,6847
8,6848
34,6849
32,6850
21,6851
3,6852
8,6853
26,6854
36,6855
19,6856
25,6857
12,6858
13,6859
29,6860
18,6861
26,6862
29,6863
32,6864
1,6865
37,6866
35,6867
0,6868
38,6869
0,6870
4,6871
24,6872
17,6873
17,6874
16,6875
4,6876
25,6877
10,6878
2,6879
26,6880
18,6881
17,6882
23,6883
37,6884
2,6885
26,6886
0,6887
18,6888
12,6889
24,6890
8,6891
1,6892
36,6893
31,6894
23,6895
17,6896
37,6897
8,6898
32,6899
7,6900
39,6901
10,6902
11,6903
12,6904
16,6905
11,6906
38,6907
23,6908
32,6909
39,6910
38,6911
8,6912
37,6913
33,6914
5,6915
24,6916
17,6917
28,6918
15,6919
2,6920
27,6921
38,6922
24,6923
7,6924
4,6925
14,6926
12,6927
28,6928
4,6929
19,6930
13,6931
18,6932
23,6933
28,6934
33,6935
33,6936
1,6937
30,6938
26,6939
28,6940
22,6941
18,6942
19,6943
36,6944
26,6945
39,6946
33,6947
18,6948
22,6949
16,6950
27,6951
26,6952
3,6953
38,6954
9,6955
1,6956
15,6957
21,6958
4,6959
17,6960
36,6961
1,6962
27,6963
15,6964
11,6965
38,6966
31,6967
25,6968
4,6969
14,6970
34,6971
18,6972
34,6973
10,6974
37,6975
10,6976
22,6977
33,6978
30,6979
7,6980
7,6981
0,6982
15,6983
14,6984
9,6985
26,6986
1,6987
4,6988
22,6989
34,6990
7,6991
6,6992
13,6993
2,6994
26,6995
17,6996
25,6997
21,6998
32,6999
2,7000
0,7001
10,7002
10,7003
15,7004
14,7005
24,7006
8,7007
0,7008
16,7009
1,7010
39,7011
38,7012
2,7013
3,7014
28,7015
3,7016
21,7017
30,7018
22,7019
9,7020
16,7021
17,7022
5,7023
7,7024
13,7025
0,7026
33,7027
6,7028
4,7029
9,7030
7,7031
14,7032
29,7033
32,7034
18,7035
34,7036
17,7037
19,7038
38,7039
31,7040
11,7041
14,7042
12,7043
20,7044
31,7045
23,7046
31,7047
4,7048
21,7049
22,7050
25,7051
25,7052
20,7053
3,7054
18,7055
5,7056
39,7057
11,7058
6,7059
1,7060
21,7061
7,7062
37,7063
12,7064
33,7065
36,7066
25,7067
4,7068
36,7069
5,7070
37,7071
16,7072
1,7073
6,7074
13,7075
20,7076
7,7077
9,7078
8,7079
30,7080
28,7081
22,7082
2,7083
25,7084
12,7085
15,7086
30,7087
1,7088
22,7089
15,7090
32,7091
17,7092
29,7093
13,7094
29,7095
36,7096
5,7097
26,7098
24,7099
9,7100
14,7101
3,7102
36,7103
33,7104
7,7105
12,7106
39,7107
5,7108
33,7109
25,7110
37,7111
19,7112
30,7113
21,7114
31,7115
3,7116
2,7117
7,7118
25,7119
11,7120
15,7121
35,7122
29,7123
4,7124
6,7125
26,7126
14,7127
14,7128
23,7129
39,7130
16,7131
0,7132
20,7133
24,7134
35,7135
21,7136
17,7137
15,7138
3,7139
11,7140
10,7141
18,7142
20,7143
5,7144
32,7145
13,7146
36,7147
4,7148
11,7149
33,7150
14,7151
38,7152
17,7153
22,7154
37,7155
17,7156
20,7157
3,7158
7,7159
9,7160
9,7161
8,7162
33,7163
25,7164
5,7165
0,7166
26,7167
1,7168
36,7169
2,7170
31,7171
3,7172
3,7173
3,7174
37,7175
25,7176
29,7177
33,7178
5,7179
19,7180
2,7181
12,7182
21,7183
39,7184
33,7185
1,7186
22,7187
30,7188
35,7189
39,7190
1,7191
14,7192
29,7193
26,7194
19,7195
2,7196
16,7197
23,7198
14,7199
21,7200
33,7201
27,7202
8,7203
18,7204
21,7205
24,7206
12,7207
27,7208
39,7209
1,7210
35,7211
16,7212
7,7213
9,7214
4,7215
7,7216
30,7217
15,7218
38,7219
11,7220
25,7221
24,7222
18,7223
3,7224
15,7225
30,7226
36,7227
30,7228
28,7229
0,7230
18,7231
1,7232
4,7233
2,7234
38,7235
19,7236
3,7237
35,7238
0,7239
5,7240
25,7241
29,7242
2,7243
17,7244
9,7245
32,7246
29,7247
5,7248
22,7249
10,7250
19,7251
37,7252
25,7253
15,7254
34,7255
37,7256
33,7257
2,7258
26,7259
0,7260
17,7261
37,7262
34,7263
32,7264
4,7265
37,7266
37,7267
23,7268
18,7269
2,7270
16,7271
21,7272
2,7273
31,7274
7,7275
19,7276
20,7277
14,7278
26,7279
5,7280
19,7281
29,7282
7,7283
14,7284
2,7285
10,7286
0,7287
20,7288
1,7289
22,7290
2,7291
23,7292
39,7293
29,7294
25,7295
3,7296
25,7297
12,7298
9,7299
34,7300
6,7301
11,7302
23,7303
27,7304
0,7305
17,7306
28,7307
10,7308
10,7309
4,7310
15,7311
5,7312
28,7313
6,7314
2,7315
7,7316
9,7317
23,7318
17,7319
38,7320
17,7321
9,7322
18,7323
11,7324
24,7325
4,7326
25,7327
24,7328
25,7329
0,7330
33,7331
24,7332
19,7333
21,7334
31,7335
26,7336
15,7337
9,7338
35,7339
24,7340
2,7341
7,7342
2,7343
13,7344
12,7345
12,7346
4,7347
34,7348
27,7349
12,7350
19,7351
30,7352
20,7353
39,7354
11,7355
24,7356
36,7357
6,7358
13,7359
6,7360
4,7361
3,7362
34,7363
31,7364
13,7365
26,7366
5,7367
1,7368
7,7369
29,7370
13,7371
13,7372
10,7373
38,7374
21,7375
25,7376
27,7377
22,7378
15,7379
33,7380
5,7381
5,7382
38,7383
4,7384
18,7385
5,7386
15,7387
15,7388
6,7389
15,7390
10,7391
7,7392
15,7393
11,7394
17,7395
28,7396
8,7397
14,7398
13,7399
11,7400
36,7401
11,7402
34,7403
0,7404
39,7405
6,7406
21,7407
20,7408
5,7409
8,7410
26,7411
18,7412
12,7413
35,7414
18,7415
22,7416
4,7417
18,7418
3,7419
8,7420
4,7421
29,7422
2,7423
28,7424
4,7425
5,7426
18,7427
6,7428
2,7429
7,7430
4,7431
0,7432
7,7433
28,7434
34,7435
24,7436
37,7437
7,7438
19,7439
37,7440
21,7441
23,7442
12,7443
14,7444
12,7445
8,7446
21,7447
23,7448
25,7449
1,7450
27,7451
27,7452
39,7453
36,7454
38,7455
15,7456
30,7457
8,7458
20,7459
28,7460
4,7461
9,7462
38,7463
33,7464
8,7465
39,7466
13,7467
34,7468
2,7469
8,7470
37,7471
31,7472
18,7473
36,7474
3,7475
3,7476
7,7477
11,7478
11,7479
39,7480
6,7481
34,7482
21,7483
21,7484
17,7485
25,7486
32,7487
2,7488
26,7489
30,7490
14,7491
24,7492
15,7493
4,7494
18,7495
38,7496
38,7497
5,7498
31,7499
6,7500
29,7501
7,7502
34,7503
30,7504
0,7505
39,7506
16,7507
36,7508
13,7509
8,7510
8,7511
1,7512
17,7513
39,7514
16,7515
0,7516
13,7517
1,7518
10,7519
2,7520
17,7521
33,7522
34,7523
33,7524
3,7525
4,7526
26,7527
15,7528
22,7529
10,7530
14,7531
9,7532
38,7533
28,7534
37,7535
6,7536
39,7537
15,7538
6,7539
10,7540
28,7541
33,7542
24,7543
9,7544
31,7545
1,7546
36,7547
37,7548
18,7549
5,7550
14,7551
31,7552
24,7553
7,7554
12,7555
3,7556
12,7557
39,7558
25,7559
7,7560
22,7561
0,7562
17,7563
15,7564
37,7565
3,7566
21,7567
39,7568
31,7569
5,7570
6,7571
25,7572
3,7573
26,7574
19,7575
6,7576
8,7577
36,7578
32,7579
27,7580
28,7581
36,7582
7,7583
38,7584
29,7585
28,7586
14,7587
8,7588
4,7589
36,7590
8,7591
19,7592
37,7593
28,7594
38,7595
32,7596
14,7597
0,7598
14,7599
1,7600
11,7601
2,7602
2,7603
21,7604
10,7605
3,7606
30,7607
22,7608
11,7609
10,7610
4,7611
25,7612
29,7613
7,7614
20,7615
29,7616
13,7617
29,7618
17,7619
5,7620
6,7621
22,7622
28,7623
30,7624
33,7625
29,7626
4,7627
29,7628
13,7629
37,7630
8,7631
11,7632
22,7633
4,7634
14,7635
12,7636
28,7637
22,7638
16,7639
35,7640
18,7641
12,7642
17,7643
14,7644
16,7645
13,7646
39,7647
12,7648
18,7649
26,7650
15,7651
19,7652
32,7653
6,7654
1,7655
4,7656
37,7657
36,7658
17,7659
22,7660
35,7661
12,7662
35,7663
9,7664
15,7665
31,7666
20,7667
19,7668
12,7669
6,7670
20,7671
30,7672
33,7673
26,7674
15,7675
30,7676
26,7677
7,7678
7,7679
34,7680
13,7681
35,7682
10,7683
22,7684
18,7685
5,7686
31,7687
30,7688
25,7689
4,7690
7,7691
1,7692
5,7693
33,7694
6,7695
31,7696
7,7697
31,7698
27,7699
8,7700
26,7701
31,7702
27,7703
1,7704
24,7705
3,7706
31,7707
23,7708
32,7709
1,7710
34,7711
22,7712
13,7713
31,7714
17,7715
24,7716
4,7717
23,7718
26,7719
25,7720
17,7721
15,7722
12,7723
7,7724
22,7725
30,7726
35,7727
5,7728
33,7729
31,7730
10,7731
8,7732
39,7733
5,7734
22,7735
21,7736
32,7737
28,7738
17,7739
34,7740
15,7741
35,7742
35,7743
24,7744
38,7745
15,7746
38,7747
19,7748
12,7749
16,7750
16,7751
31,7752
19,7753
25,7754
4,7755
20,7756
37,7757
13,7758
33,7759
18,7760
35,7761
33,7762
36,7763
2,7764
9,7765
6,7766
35,7767
37,7768
4,7769
19,7770
1,7771
5,7772
30,7773
38,7774
6,7775
33,7776
7,7777
39,7778
31,7779
32,7780
12,7781
25,7782
11,7783
23,7784
1,7785
0,7786
34,7787
20,7788
36,7789
11,7790
12,7791
36,7792
34,7793
27,7794
19,7795
12,7796
23,7797
13,7798
16,7799
25,7800
14,7801
1,7802
0,7803
17,7804
21,7805
21,7806
36,7807
34,7808
22,7809
28,7810
32,7811
21,7812
12,7813
9,7814
24,7815
17,7816
14,7817
33,7818
7,7819
37,7820
35,7821
36,7822
30,7823
21,7824
0,7825
27,7826
7,7827
27,7828
12,7829
10,7830
16,7831
38,7832
25,7833
6,7834
12,7835
17,7836
1,7837
22,7838
9,7839
2,7840
14,7841
23,7842
6,7843
38,7844
26,7845
9,7846
32,7847
12,7848
5,7849
0,7850
7,7851
9,7852
25,7853
2,7854
19,7855
24,7856
26,7857
39,7858
10,7859
11,7860
8,7861
9,7862
4,7863
35,7864
5,7865
30,7866
6,7867
24,7868
34,7869
34,7870
6,7871
16,7872
3,7873
7,7874
12,7875
0,7876
15,7877
1,7878
9,7879
10,7880
2,7881
6,7882
9,7883
34,7884
31,7885
3,7886
9,7887
23,7888
22,7889
23,7890
20,7891
30,7892
12,7893
25,7894
34,7895
2,7896
9,7897
31,7898
15,7899
16,7900
27,7901
18,7902
38,7903
28,7904
29,7905
11,7906
27,7907
10,7908
38,7909
23,7910
14,7911
25,7912
20,7913
2,7914
2,7915
35,7916
16,7917
5,7918
37,7919
38,7920
25,7921
0,7922
2,7923
32,7924
23,7925
29,7926
0,7927
17,7928
39,7929
16,7930
35,7931
3,7932
39,7933
30,7934
22,7935
23,7936
0,7937
32,7938
3,7939
36,7940
1,7941
18,7942
1,7943
10,7944
6,7945
4,7946
34,7947
5,7948
14,7949
9,7950
6,7951
5,7952
7,7953
39,7954
21,7955
2,7956
7,7957
31,7958
36,7959
13,7960
26,7961
5,7962
38,7963
28,7964
37,7965
0,7966
24,7967
14,7968
8,7969
16,7970
6,7971
36,7972
1,7973
19,7974
32,7975
16,7976
27,7977
36,7978
11,7979
36,7980
20,7981
4,7982
34,7983
31,7984
36,7985
6,7986
14,7987
9,7988
29,7989
0,7990
19,7991
17,7992
9,7993
21,7994
7,7995
24,7996
2,7997
16,7998
13,7999
28,8000
19,8001
11,8002
5,8003
19,8004
11,8005
33,8006
4,8007
19,8008
0,8009
7,8010
29,8011
39,8012
30,8013
13,8014
3,8015
36,8016
16,8017
9,8018
37,8019
19,8020
26,8021
24,8022
14,8023
5,8024
26,8025
39,8026
5,8027
20,8028
7,8029
25,8030
4,8031
19,8032
1,8033
5,8034
2,8035
23,8036
38,8037
6,8038
13,8039
7,8040
26,8041
29,8042
20,8043
0,8044
17,8045
1,8046
18,8047
17,8048
32,8049
13,8050
27,8051
6,8052
17,8053
0,8054
0,8055
25,8056
1,8057
36,8058
2,8059
32,8060
18,8061
3,8062
21,8063
1,8064
39,8065
3,8066
30,8067
39,8068
35,8069
5,8070
7,8071
16,8072
29,8073
19,8074
6,8075
34,8076
1,8077
32,8078
35,8079
21,8080
1,8081
4,8082
30,8083
5,8084
23,8085
20,8086
14,8087
23,8088
20,8089
11,8090
6,8091
15,8092
6,8093
9,8094
7,8095
6,8096
2,8097
30,8098
8,8099
31,8100
33,8101
39,8102
21,8103
33,8104
29,8105
5,8106
37,8107
17,8108
8,8109
1,8110
24,8111
23,8112
13,8113
21,8114
25,8115
35,8116
1,8117
33,8118
24,8119
31,8120
22,8121
14,8122
28,8123
21,8124
30,8125
8,8126
10,8127
33,8128
0,8129
29,8130
4,8131
8,8132
5,8133
30,8134
1,8135
6,8136
32,8137
7,8138
21,8139
5,8140
8,8141
0,8142
13,8143
26,8144
6,8145
13,8146
5,8147
18,8148
3,8149
17,8150
9,8151
27,8152
23,8153
5,8154
30,8155
18,8156
6,8157
11,8158
14,8159
4,8160
37,8161
5,8162
24,8163
33,8164
0,8165
13,8166
9,8167
35,8168
6,8169
38,8170
7,8171
3,8172
24,8173
15,8174
21,8175
22,8176
27,8177
17,8178
32,8179
17,8180
31,8181
29,8182
7,8183
10,8184
36,8185
12,8186
29,8187
17,8188
35,8189
24,8190
16,8191
28,8192
18,8193
10,8194
32,8195
35,8196
12,8197
6,8198
28,8199
18,8200
34,8201
2,8202
8,8203
20,8204
37,8205
38,8206
36,8207
11,8208
39,8209
19,8210
39,8211
13,8212
32,8213
7,8214
21,8215
5,8216
38,8217
11,8218
34,8219
30,8220
7,8221
30,8222
9,8223
16,8224
4,8225
19,8226
21,8227
18,8228
36,8229
5,8230
25,8231
6,8232
31,8233
7,8234
34,8235
16,8236
10,8237
4,8238
13,8239
8,8240
28,8241
4,8242
3,8243
9,8244
4,8245
20,8246
30,8247
10,8248
5,8249
24,8250
17,8251
6,8252
14,8253
7,8254
8,8255
15,8256
32,8257
17,8258
7,8259
15,8260
28,8261
10,8262
27,8263
28,8264
27,8265
37,8266
14,8267
9,8268
3,8269
25,8270
22,8271
30,8272
2,8273
1,8274
0,8275
21,8276
20,8277
17,8278
12,8279
24,8280
22,8281
24,8282
39,8283
14,8284
25,8285
29,8286
6,8287
5,8288
22,8289
22,8290
11,8291
11,8292
7,8293
7,8294
10,8295
28,8296
31,8297
33,8298
21,8299
6,8300
8,8301
2,8302
17,8303
38,8304
4,8305
3,8306
14,8307
17,8308
25,8309
1,8310
15,8311
37,8312
16,8313
37,8314
36,8315
14,8316
34,8317
24,8318
22,8319
31,8320
11,8321
1,8322
16,8323
34,8324
27,8325
36,8326
39,8327
39,8328
21,8329
4,8330
10,8331
28,8332
38,8333
9,8334
33,8335
36,8336
35,8337
11,8338
33,8339
24,8340
19,8341
36,8342
1,8343
17,8344
6,8345
35,8346
30,8347
24,8348
7,8349
21,8350
2,8351
31,8352
37,8353
27,8354
21,8355
4,8356
0,8357
11,8358
1,8359
24,8360
35,8361
2,8362
35,8363
33,8364
1,8365
3,8366
12,8367
17,8368
19,8369
32,8370
32,8371
32,8372
37,8373
17,8374
17,8375
1,8376
6,8377
34,8378
14,8379
34,8380
17,8381
19,8382
35,8383
35,8384
38,8385
33,8386
17,8387
21,8388
12,8389
3,8390
38,8391
13,8392
7,8393
18,8394
17,8395
32,8396
7,8397
23,8398
18,8399
3,8400
15,8401
27,8402
28,8403
19,8404
22,8405
38,8406
8,8407
34,8408
2,8409
37,8410
34,8411
2,8412
24,8413
19,8414
4,8415
0,8416
13,8417
24,8418
32,8419
30,8420
4,8421
6,8422
11,8423
11,8424
5,8425
15,8426
16,8427
26,8428
16,8429
20,8430
27,8431
36,8432
6,8433
27,8434
23,8435
28,8436
36,8437
13,8438
26,8439
17,8440
16,8441
9,8442
16,8443
2,8444
10,8445
33,8446
21,8447
1,8448
39,8449
5,8450
0,8451
12,8452
1,8453
38,8454
15,8455
36,8456
15,8457
18,8458
36,8459
19,8460
16,8461
20,8462
20,8463
12,8464
16,8465
6,8466
16,8467
32,8468
30,8469
33,8470
10,8471
1,8472
34,8473
6,8474
19,8475
7,8476
31,8477
21,8478
12,8479
0,8480
26,8481
13,8482
7,8483
26,8484
4,8485
9,8486
39,8487
29,8488
9,8489
0,8490
7,8491
39,8492
34,8493
9,8494
24,8495
2,8496
3,8497
39,8498
18,8499
11,8500
1,8501
35,8502
30,8503
27,8504
25,8505
7,8506
0,8507
9,8508
36,8509
21,8510
14,8511
2,8512
30,8513
35,8514
11,8515
8,8516
21,8517
32,8518
27,8519
34,8520
26,8521
24,8522
34,8523
8,8524
23,8525
35,8526
12,8527
38,8528
2,8529
8,8530
20,8531
1,8532
0,8533
33,8534
1,8535
27,8536
13,8537
2,8538
3,8539
24,8540
26,8541
17,8542
3,8543
12,8544
6,8545
8,8546
29,8547
29,8548
0,8549
11,8550
1,8551
10,8552
2,8553
1,8554
33,8555
20,8556
27,8557
23,8558
3,8559
26,8560
23,8561
4,8562
13,8563
6,8564
13,8565
6,8566
0,8567
12,8568
29,8569
17,8570
7,8571
24,8572
5,8573
7,8574
1,8575
34,8576
13,8577
15,8578
29,8579
21,8580
20,8581
34,8582
20,8583
29,8584
4,8585
23,8586
34,8587
6,8588
21,8589
4,8590
22,8591
35,8592
31,8593
17,8594
35,8595
8,8596
33,8597
17,8598
13,8599
16,8600
31,8601
36,8602
33,8603
9,8604
13,8605
22,8606
27,8607
6,8608
33,8609
10,8610
34,8611
26,8612
3,8613
15,8614
19,8615
18,8616
19,8617
31,8618
39,8619
7,8620
25,8621
34,8622
36,8623
38,8624
17,8625
6,8626
34,8627
38,8628
20,8629
24,8630
38,8631
9,8632
28,8633
0,8634
28,8635
36,8636
29,8637
37,8638
22,8639
28,8640
36,8641
36,8642
38,8643
11,8644
7,8645
3,8646
39,8647
9,8648
31,8649
21,8650
39,8651
18,8652
6,8653
4,8654
31,8655
21,8656
5,8657
26,8658
6,8659
4,8660
13,8661
7,8662
3,8663
18,8664
25,8665
0,8666
10,8667
35,8668
16,8669
22,8670
4,8671
30,8672
22,8673
2,8674
20,8675
19,8676
11,8677
23,8678
23,8679
9,8680
35,8681
34,8682
24,8683
0,8684
28,8685
15,8686
7,8687
22,8688
25,8689
37,8690
25,8691
32,8692
26,8693
31,8694
3,8695
22,8696
38,8697
29,8698
13,8699
29,8700
21,8701
27,8702
20,8703
27,8704
0,8705
17,8706
4,8707
22,8708
14,8709
27,8710
33,8711
21,8712
13,8713
26,8714
0,8715
28,8716
18,8717
31,8718
13,8719
19,8720
3,8721
1,8722
15,8723
29,8724
39,8725
14,8726
23,8727
14,8728
16,8729
10,8730
31,8731
13,8732
23,8733
14,8734
10,8735
38,8736
9,8737
25,8738
16,8739
37,8740
38,8741
6,8742
20,8743
7,8744
5,8745
20,8746
1,8747
4,8748
33,8749
14,8750
23,8751
15,8752
9,8753
24,8754
21,8755
33,8756
8,8757
27,8758
17,8759
21,8760
26,8761
4,8762
8,8763
26,8764
21,8765
36,8766
24,8767
5,8768
17,8769
24,8770
37,8771
7,8772
8,8773
3,8774
9,8775
4,8776
19,8777
9,8778
10,8779
34,8780
22,8781
17,8782
13,8783
39,8784
19,8785
29,8786
6,8787
20,8788
39,8789
38,8790
4,8791
4,8792
11,8793
21,8794
31,8795
5,8796
32,8797
25,8798
3,8799
2,8800
38,8801
22,8802
6,8803
14,8804
27,8805
4,8806
9,8807
24,8808
24,8809
16,8810
39,8811
29,8812
27,8813
18,8814
31,8815
12,8816
0,8817
11,8818
12,8819
9,8820
20,8821
38,8822
14,8823
32,8824
37,8825
8,8826
16,8827
23,8828
12,8829
23,8830
16,8831
29,8832
27,8833
38,8834
8,8835
15,8836
38,8837
29,8838
24,8839
16,8840
5,8841
22,8842
16,8843
29,8844
24,8845
38,8846
7,8847
3,8848
24,8849
26,8850
36,8851
38,8852
2,8853
27,8854
19,8855
4,8856
1,8857
29,8858
34,8859
31,8860
36,8861
25,8862
31,8863
6,8864
36,8865
15,8866
18,8867
35,8868
27,8869
4,8870
15,8871
26,8872
5,8873
37,8874
6,8875
0,8876
33,8877
24,8878
1,8879
8,8880
30,8881
21,8882
6,8883
13,8884
0,8885
27,8886
2,8887
38,8888
21,8889
3,8890
1,8891
26,8892
16,8893
9,8894
9,8895
30,8896
27,8897
10,8898
25,8899
24,8900
16,8901
1,8902
25,8903
14,8904
4,8905
1,8906
26,8907
37,8908
9,8909
11,8910
2,8911
21,8912
33,8913
39,8914
0,8915
35,8916
23,8917
1,8918
9,8919
28,8920
2,8921
5,8922
29,8923
2,8924
20,8925
1,8926
32,8927
18,8928
3,8929
36,8930
33,8931
2,8932
0,8933
19,8934
35,8935
4,8936
27,8937
11,8938
5,8939
6,8940
8,8941
13,8942
31,8943
29,8944
26,8945
28,8946
7,8947
14,8948
14,8949
7,8950
22,8951
39,8952
6,8953
31,8954
4,8955
4,8956
5,8957
4,8958
1,8959
2,8960
21,8961
39,8962
5,8963
6,8964
26,8965
7,8966
10,8967
37,8968
25,8969
4,8970
33,8971
18,8972
23,8973
35,8974
3,8975
5,8976
30,8977
21,8978
18,8979
18,8980
36,8981
0,8982
0,8983
30,8984
27,8985
18,8986
23,8987
20,8988
20,8989
14,8990
39,8991
36,8992
31,8993
38,8994
4,8995
34,8996
2,8997
16,8998
28,8999
15,9000
15,9001
8,9002
25,9003
33,9004
11,9005
13,9006
14,9007
36,9008
32,9009
17,9010
38,9011
5,9012
28,9013
3,9014
27,9015
32,9016
19,9017
5,9018
28,9019
30,9020
33,9021
28,9022
21,9023
1,9024
7,9025
8,9026
2,9027
32,9028
22,9029
30,9030
36,9031
3,9032
37,9033
2,9034
3,9035
24,9036
26,9037
9,9038
5,9039
33,9040
23,9041
32,9042
15,9043
16,9044
6,9045
10,9046
20,9047
7,9048
39,9049
13,9050
3,9051
10,9052
28,9053
1,9054
10,9055
26,9056
11,9057
5,9058
31,9059
15,9060
26,9061
10,9062
39,9063
13,9064
0,9065
14,9066
24,9067
5,9068
26,9069
8,9070
20,9071
2,9072
1,9073
13,9074
25,9075
39,9076
23,9077
39,9078
30,9079
36,9080
29,9081
15,9082
4,9083
4,9084
26,9085
22,9086
20,9087
8,9088
13,9089
11,9090
0,9091
15,9092
1,9093
23,9094
2,9095
8,9096
3,9097
2,9098
20,9099
28,9100
22,9101
2,9102
4,9103
6,9104
9,9105
4,9106
5,9107
5,9108
14,9109
36,9110
37,9111
13,9112
38,9113
35,9114
6,9115
3,9116
7,9117
7,9118
26,9119
36,9120
4,9121
16,9122
33,9123
5,9124
5,9125
6,9126
24,9127
7,9128
12,9129
16,9130
35,9131
26,9132
28,9133
35,9134
30,9135
29,9136
5,9137
23,9138
24,9139
4,9140
31,9141
39,9142
26,9143
20,9144
2,9145
17,9146
4,9147
37,9148
2,9149
13,9150
15,9151
2,9152
26,9153
28,9154
11,9155
11,9156
36,9157
22,9158
22,9159
11,9160
20,9161
30,9162
37,9163
21,9164
27,9165
23,9166
7,9167
14,9168
34,9169
27,9170
7,9171
16,9172
33,9173
10,9174
10,9175
39,9176
28,9177
35,9178
18,9179
39,9180
4,9181
19,9182
10,9183
15,9184
7,9185
23,9186
18,9187
22,9188
37,9189
37,9190
28,9191
13,9192
31,9193
31,9194
10,9195
21,9196
26,9197
20,9198
3,9199
10,9200
11,9201
12,9202
32,9203
6,9204
21,9205
34,9206
24,9207
8,9208
15,9209
15,9210
8,9211
17,9212
32,9213
38,9214
36,9215
16,9216
2,9217
31,9218
8,9219
39,9220
32,9221
6,9222
8,9223
18,9224
15,9225
34,9226
2,9227
26,9228
32,9229
32,9230
3,9231
10,9232
37,9233
5,9234
29,9235
27,9236
38,9237
15,9238
27,9239
28,9240
17,9241
9,9242
35,9243
25,9244
0,9245
13,9246
1,9247
27,9248
38,9249
2,9250
11,9251
3,9252
37,9253
14,9254
36,9255
0,9256
22,9257
15,9258
1,9259
0,9260
25,9261
14,9262
11,9263
16,9264
19,9265
8,9266
11,9267
10,9268
4,9269
15,9270
35,9271
13,9272
22,9273
36,9274
4,9275
0,9276
22,9277
8,9278
20,9279
38,9280
4,9281
4,9282
31,9283
8,9284
19,9285
32,9286
2,9287
17,9288
26,9289
0,9290
34,9291
5,9292
1,9293
23,9294
2,9295
30,9296
3,9297
28,9298
14,9299
39,9300
37,9301
3,9302
7,9303
36,9304
30,9305
20,9306
8,9307
26,9308
16,9309
12,9310
9,9311
0,9312
38,9313
20,9314
36,9315
37,9316
0,9317
7,9318
35,9319
25,9320
28,9321
17,9322
31,9323
17,9324
29,9325
32,9326
1,9327
31,9328
26,9329
0,9330
11,9331
39,9332
30,9333
4,9334
18,9335
5,9336
29,9337
24,9338
19,9339
30,9340
35,9341
27,9342
21,9343
6,9344
8,9345
30,9346
16,9347
14,9348
7,9349
3,9350
26,9351
4,9352
0,9353
9,9354
11,9355
25,9356
6,9357
10,9358
7,9359
11,9360
6,9361
23,9362
10,9363
31,9364
31,9365
31,9366
17,9367
13,9368
35,9369
37,9370
4,9371
35,9372
11,9373
0,9374
4,9375
2,9376
29,9377
7,9378
37,9379
39,9380
2,9381
27,9382
22,9383
31,9384
0,9385
22,9386
27,9387
33,9388
8,9389
15,9390
15,9391
31,9392
5,9393
26,9394
14,9395
17,9396
22,9397
29,9398
19,9399
0,9400
20,9401
16,9402
31,9403
4,9404
7,9405
5,9406
13,9407
6,9408
31,9409
7,9410
24,9411
6,9412
30,9413
33,9414
36,9415
27,9416
39,9417
37,9418
39,9419
16,9420
19,9421
0,9422
37,9423
4,9424
10,9425
4,9426
20,9427
5,9428
37,9429
6,9430
32,9431
7,9432
15,9433
0,9434
37,9435
37,9436
37,9437
22,9438
39,9439
29,9440
21,9441
10,9442
37,9443
25,9444
1,9445
31,9446
13,9447
30,9448
4,9449
35,9450
21,9451
29,9452
30,9453
15,9454
38,9455
18,9456
17,9457
34,9458
27,9459
23,9460
9,9461
31,9462
2,9463
29,9464
37,9465
10,9466
33,9467
26,9468
2,9469
30,9470
20,9471
0,9472
35,9473
29,9474
25,9475
7,9476
17,9477
34,9478
32,9479
13,9480
14,9481
32,9482
27,9483
0,9484
1,9485
27,9486
14,9487
12,9488
22,9489
34,9490
4,9491
9,9492
5,9493
24,9494
6,9495
21,9496
7,9497
34,9498
26,9499
33,9500
14,9501
19,9502
31,9503
19,9504
19,9505
2,9506
30,9507
12,9508
21,9509
20,9510
2,9511
24,9512
17,9513
16,9514
26,9515
10,9516
14,9517
0,9518
18,9519
15,9520
1,9521
16,9522
29,9523
24,9524
28,9525
37,9526
2,9527
20,9528
28,9529
33,9530
3,9531
16,9532
21,9533
7,9534
9,9535
14,9536
29,9537
8,9538
34,9539
30,9540
4,9541
2,9542
27,9543
30,9544
20,9545
15,9546
23,9547
17,9548
25,9549
37,9550
17,9551
1,9552
39,9553
26,9554
32,9555
34,9556
20,9557
13,9558
34,9559
36,9560
33,9561
14,9562
38,9563
19,9564
8,9565
3,9566
23,9567
11,9568
12,9569
2,9570
21,9571
1,9572
7,9573
1,9574
28,9575
10,9576
1,9577
32,9578
5,9579
2,9580
24,9581
14,9582
35,9583
20,9584
28,9585
24,9586
30,9587
7,9588
28,9589
29,9590
0,9591
38,9592
7,9593
13,9594
21,9595
1,9596
37,9597
2,9598
39,9599
3,9600
34,9601
22,9602
27,9603
7,9604
30,9605
20,9606
8,9607
7,9608
16,9609
33,9610
25,9611
23,9612
8,9613
32,9614
25,9615
32,9616
7,9617
7,9618
19,9619
28,9620
13,9621
22,9622
30,9623
15,9624
16,9625
35,9626
37,9627
26,9628
37,9629
36,9630
20,9631
32,9632
26,9633
14,9634
14,9635
14,9636
38,9637
22,9638
6,9639
26,9640
25,9641
31,9642
3,9643
7,9644
24,9645
15,9646
22,9647
8,9648
16,9649
20,9650
34,9651
34,9652
32,9653
34,9654
23,9655
5,9656
33,9657
30,9658
14,9659
25,9660
26,9661
12,9662
22,9663
23,9664
27,9665
31,9666
22,9667
22,9668
6,9669
10,9670
38,9671
30,9672
5,9673
16,9674
0,9675
12,9676
22,9677
17,9678
19,9679
6,9680
16,9681
9,9682
19,9683
12,9684
38,9685
7,9686
34,9687
34,9688
10,9689
13,9690
36,9691
36,9692
39,9693
12,9694
37,9695
12,9696
32,9697
1,9698
13,9699
30,9700
8,9701
23,9702
21,9703
1,9704
22,9705
39,9706
12,9707
5,9708
26,9709
15,9710
8,9711
1,9712
31,9713
7,9714
1,9715
22,9716
7,9717
1,9718
27,9719
22,9720
34,9721
7,9722
8,9723
13,9724
13,9725
33,9726
19,9727
22,9728
25,9729
15,9730
34,9731
6,9732
31,9733
38,9734
35,9735
20,9736
12,9737
30,9738
32,9739
22,9740
23,9741
14,9742
31,9743
8,9744
17,9745
2,9746
25,9747
15,9748
11,9749
22,9750
7,9751
35,9752
24,9753
38,9754
28,9755
10,9756
7,9757
26,9758
17,9759
3,9760
12,9761
3,9762
4,9763
5,9764
34,9765
7,9766
18,9767
18,9768
38,9769
34,9770
22,9771
20,9772
32,9773
9,9774
20,9775
14,9776
25,9777
6,9778
29,9779
31,9780
12,9781
4,9782
28,9783
30,9784
5,9785
6,9786
6,9787
30,9788
3,9789
18,9790
20,9791
17,9792
7,9793
24,9794
15,9795
25,9796
35,9797
31,9798
21,9799
16,9800
39,9801
34,9802
26,9803
0,9804
31,9805
1,9806
35,9807
2,9808
23,9809
20,9810
36,9811
8,9812
32,9813
38,9814
33,9815
3,9816
6,9817
14,9818
12,9819
4,9820
36,9821
10,9822
22,9823
20,9824
31,9825
4,9826
33,9827
31,9828
21,9829
10,9830
30,9831
23,9832
29,9833
14,9834
7,9835
6,9836
32,9837
16,9838
14,9839
10,9840
1,9841
11,9842
3,9843
33,9844
37,9845
29,9846
18,9847
27,9848
35,9849
30,9850
25,9851
39,9852
38,9853
30,9854
7,9855
3,9856
38,9857
12,9858
38,9859
26,9860
21,9861
30,9862
23,9863
37,9864
22,9865
37,9866
14,9867
13,9868
5,9869
31,9870
5,9871
4,9872
33,9873
26,9874
16,9875
18,9876
28,9877
15,9878
26,9879
12,9880
25,9881
31,9882
24,9883
18,9884
36,9885
9,9886
38,9887
9,9888
4,9889
18,9890
9,9891
7,9892
13,9893
26,9894
18,9895
9,9896
28,9897
20,9898
3,9899
3,9900
3,9901
2,9902
17,9903
31,9904
29,9905
32,9906
10,9907
2,9908
24,9909
34,9910
33,9911
37,9912
6,9913
26,9914
1,9915
1,9916
14,9917
22,9918
23,9919
34,9920
25,9921
28,9922
28,9923
15,9924
19,9925
29,9926
21,9927
25,9928
23,9929
32,9930
34,9931
19,9932
1,9933
31,9934
16,9935
2,9936
14,9937
34,9938
39,9939
4,9940
36,9941
4,9942
37,9943
32,9944
36,9945
11,9946
14,9947
10,9948
34,9949
9,9950
15,9951
16,9952
23,9953
29,9954
34,9955
23,9956
6,9957
2,9958
7,9959
7,9960
26,9961
33,9962
29,9963
17,9964
24,9965
16,9966
17,9967
9,9968
15,9969
26,9970
6,9971
35,9972
4,9973
34,9974
23,9975
12,9976
39,9977
19,9978
21,9979
16,9980
15,9981
25,9982
26,9983
1,9984
15,9985
4,9986
0,9987
27,9988
2,9989
7,9990
16,9991
30,9992
30,9993
9,9994
33,9995
32,9996
4,9997
19,9998
2,9999
