23,0
24,1
12,2
15,3
11,4
0,5
15,6
28,7
20,8
29,9
5,10
20,11
27,12
24,13
22,14
1,15
21,16
6,17
28,18
27,19
20,20
26,21
14,22
19,23
24,24
7,25
7,26
7,27
3,28
9,29
27,30
14,31
22,32
7,33
6,34
27,35
21,36
6,37
9,38
22,39
16,40
27,41
16,42
23,43
21,44
14,45
24,46
23,47
21,48
26,49
22,50
10,51
13,52
14,53
17,54
22,55
23,56
16,57
6,58
11,59
28,60
23,61
1,62
19,63
4,64
6,65
26,66
0,67
27,68
14,69
9,70
29,71
24,72
3,73
1,74
8,75
12,76
25,77
6,78
3,79
2,80
5,81
19,82
10,83
8,84
23,85
3,86
15,87
10,88
17,89
14,90
14,91
14,92
15,93
12,94
1,95
7,96
7,97
4,98
6,99
14,100
16,101
2,102
7,103
0,104
0,105
7,106
8,107
8,108
11,109
16,110
18,111
26,112
3,113
14,114
9,115
13,116
2,117
10,118
3,119
4,120
20,121
10,122
23,123
16,124
26,125
16,126
4,127
18,128
27,129
5,130
5,131
10,132
1,133
22,134
19,135
29,136
29,137
8,138
20,139
5,140
23,141
28,142
23,143
15,144
29,145
20,146
18,147
7,148
6,149
9,150
29,151
27,152
17,153
11,154
21,155
28,156
1,157
7,158
16,159
0,160
27,161
23,162
26,163
7,164
20,165
7,166
1,167
16,168
0,169
11,170
23,171
27,172
18,173
24,174
18,175
4,176
10,177
18,178
16,179
22,180
5,181
14,182
3,183
26,184
0,185
0,186
24,187
11,188
0,189
0,190
13,191
11,192
25,193
17,194
20,195
25,196
11,197
29,198
15,199
12,200
0,201
5,202
28,203
13,204
19,205
10,206
14,207
22,208
20,209
18,210
11,211
25,212
6,213
12,214
16,215
20,216
24,217
20,218
1,219
17,220
17,221
17,222
11,223
6,224
13,225
20,226
22,227
23,228
3,229
27,230
15,231
20,232
5,233
21,234
3,235
8,236
20,237
11,238
26,239
26,240
2,241
17,242
2,243
3,244
3,245
7,246
17,247
15,248
18,249
0,250
29,251
7,252
18,253
24,254
19,255
0,256
27,257
9,258
8,259
23,260
5,261
2,262
0,263
4,264
26,265
0,266
4,267
26,268
27,269
2,270
26,271
12,272
4,273
21,274
16,275
12,276
17,277
15,278
5,279
12,280
21,281
12,282
19,283
12,284
2,285
24,286
22,287
9,288
4,289
11,290
27,291
22,292
2,293
20,294
28,295
8,296
29,297
11,298
22,299
27,300
0,301
1,302
12,303
8,304
20,305
28,306
12,307
9,308
23,309
6,310
4,311
2,312
13,313
24,314
5,315
21,316
29,317
2,318
8,319
9,320
1,321
9,322
11,323
2,324
29,325
15,326
23,327
14,328
26,329
10,330
28,331
17,332
8,333
6,334
25,335
10,336
5,337
20,338
7,339
25,340
2,341
5,342
2,343
2,344
23,345
3,346
16,347
10,348
11,349
26,350
29,351
8,352
17,353
29,354
0,355
7,356
13,357
17,358
28,359
10,360
19,361
13,362
0,363
25,364
9,365
1,366
6,367
13,368
0,369
15,370
4,371
6,372
18,373
23,374
20,375
7,376
2,377
0,378
4,379
24,380
21,381
10,382
28,383
28,384
11,385
22,386
25,387
21,388
25,389
25,390
20,391
3,392
1,393
25,394
18,395
19,396
3,397
21,398
16,399
2,400
28,401
11,402
12,403
9,404
23,405
20,406
23,407
29,408
21,409
3,410
18,411
1,412
26,413
6,414
0,415
28,416
26,417
7,418
27,419
9,420
16,421
28,422
9,423
19,424
19,425
7,426
8,427
4,428
0,429
22,430
3,431
1,432
22,433
9,434
10,435
4,436
17,437
11,438
2,439
18,440
18,441
20,442
27,443
6,444
5,445
7,446
6,447
0,448
10,449
26,450
9,451
24,452
13,453
15,454
29,455
13,456
20,457
12,458
3,459
6,460
10,461
20,462
21,463
8,464
11,465
17,466
16,467
22,468
16,469
0,470
15,471
8,472
10,473
3,474
18,475
9,476
13,477
16,478
4,479
0,480
10,481
24,482
20,483
13,484
6,485
6,486
4,487
3,488
12,489
2,490
6,491
19,492
10,493
18,494
12,495
23,496
8,497
11,498
29,499
7,500
23,501
24,502
9,503
12,504
1,505
24,506
29,507
23,508
3,509
9,510
25,511
2,512
28,513
21,514
24,515
21,516
29,517
17,518
2,519
1,520
8,521
17,522
6,523
19,524
25,525
22,526
18,527
28,528
1,529
22,530
1,531
15,532
9,533
24,534
27,535
1,536
21,537
5,538
11,539
7,540
4,541
2,542
25,543
28,544
29,545
13,546
2,547
12,548
29,549
14,550
8,551
8,552
4,553
4,554
17,555
15,556
15,557
7,558
3,559
7,560
18,561
17,562
24,563
5,564
10,565
6,566
15,567
9,568
7,569
14,570
26,571
11,572
11,573
23,574
26,575
24,576
15,577
6,578
19,579
13,580
3,581
5,582
8,583
7,584
16,585
10,586
28,587
8,588
25,589
17,590
11,591
17,592
16,593
2,594
7,595
6,596
11,597
25,598
24,599
18,600
3,601
17,602
8,603
18,604
13,605
20,606
16,607
6,608
27,609
26,610
13,611
14,612
7,613
19,614
14,615
17,616
14,617
29,618
25,619
16,620
13,621
15,622
14,623
11,624
3,625
18,626
13,627
22,628
12,629
8,630
26,631
20,632
27,633
29,634
3,635
7,636
9,637
10,638
3,639
5,640
24,641
7,642
27,643
12,644
26,645
8,646
19,647
0,648
3,649
16,650
19,651
21,652
27,653
24,654
8,655
25,656
17,657
28,658
10,659
4,660
0,661
26,662
12,663
27,664
13,665
8,666
21,667
21,668
17,669
11,670
12,671
28,672
16,673
16,674
24,675
24,676
0,677
13,678
8,679
14,680
2,681
13,682
24,683
20,684
2,685
3,686
4,687
23,688
28,689
25,690
27,691
5,692
8,693
28,694
13,695
21,696
19,697
19,698
24,699
4,700
4,701
4,702
20,703
3,704
7,705
21,706
0,707
6,708
27,709
9,710
26,711
18,712
18,713
27,714
29,715
15,716
27,717
9,718
5,719
9,720
5,721
2,722
22,723
11,724
18,725
0,726
28,727
5,728
19,729
7,730
21,731
27,732
9,733
18,734
16,735
1,736
4,737
17,738
24,739
7,740
7,741
18,742
17,743
10,744
23,745
23,746
0,747
9,748
11,749
2,750
14,751
6,752
0,753
0,754
21,755
13,756
15,757
10,758
11,759
28,760
13,761
26,762
15,763
18,764
20,765
6,766
3,767
8,768
14,769
28,770
1,771
13,772
22,773
21,774
8,775
13,776
3,777
27,778
11,779
26,780
19,781
18,782
17,783
26,784
9,785
26,786
24,787
11,788
18,789
11,790
11,791
8,792
26,793
1,794
7,795
20,796
20,797
20,798
0,799
1,800
4,801
18,802
21,803
7,804
14,805
25,806
6,807
28,808
15,809
21,810
12,811
3,812
10,813
27,814
29,815
13,816
23,817
9,818
23,819
12,820
14,821
18,822
18,823
4,824
0,825
27,826
23,827
4,828
9,829
7,830
26,831
12,832
4,833
4,834
13,835
7,836
22,837
4,838
4,839
27,840
0,841
21,842
26,843
14,844
4,845
14,846
24,847
5,848
6,849
21,850
20,851
14,852
19,853
11,854
23,855
17,856
14,857
18,858
2,859
12,860
27,861
20,862
11,863
2,864
5,865
19,866
12,867
7,868
14,869
28,870
6,871
22,872
27,873
28,874
7,875
0,876
22,877
11,878
11,879
15,880
18,881
21,882
25,883
7,884
14,885
17,886
27,887
20,888
13,889
18,890
18,891
14,892
24,893
21,894
0,895
2,896
11,897
6,898
22,899
22,900
8,901
21,902
14,903
23,904
19,905
8,906
7,907
11,908
29,909
13,910
16,911
25,912
28,913
19,914
28,915
0,916
16,917
22,918
1,919
20,920
18,921
11,922
13,923
4,924
3,925
11,926
3,927
9,928
20,929
3,930
24,931
0,932
14,933
8,934
1,935
11,936
27,937
1,938
27,939
18,940
4,941
15,942
13,943
28,944
5,945
15,946
19,947
7,948
29,949
7,950
20,951
28,952
15,953
3,954
24,955
15,956
12,957
3,958
4,959
8,960
11,961
29,962
2,963
25,964
2,965
10,966
21,967
10,968
18,969
4,970
3,971
12,972
16,973
9,974
1,975
9,976
9,977
9,978
9,979
3,980
21,981
15,982
27,983
6,984
14,985
13,986
26,987
10,988
15,989
6,990
8,991
17,992
2,993
7,994
1,995
24,996
24,997
18,998
5,999
11,1000
13,1001
20,1002
18,1003
24,1004
7,1005
10,1006
15,1007
18,1008
5,1009
10,1010
9,1011
26,1012
24,1013
25,1014
18,1015
26,1016
21,1017
18,1018
17,1019
7,1020
5,1021
11,1022
5,1023
28,1024
13,1025
2,1026
0,1027
19,1028
28,1029
26,1030
13,1031
25,1032
21,1033
18,1034
20,1035
4,1036
18,1037
12,1038
28,1039
0,1040
24,1041
24,1042
29,1043
22,1044
27,1045
9,1046
23,1047
8,1048
1,1049
24,1050
23,1051
10,1052
15,1053
10,1054
22,1055
22,1056
3,1057
7,1058
24,1059
13,1060
12,1061
15,1062
28,1063
17,1064
26,1065
12,1066
16,1067
12,1068
14,1069
23,1070
26,1071
4,1072
15,1073
25,1074
6,1075
7,1076
24,1077
24,1078
7,1079
25,1080
22,1081
0,1082
5,1083
6,1084
21,1085
6,1086
5,1087
21,1088
12,1089
26,1090
1,1091
5,1092
6,1093
4,1094
28,1095
4,1096
8,1097
19,1098
22,1099
11,1100
1,1101
2,1102
26,1103
7,1104
10,1105
21,1106
14,1107
2,1108
0,1109
17,1110
7,1111
19,1112
2,1113
2,1114
11,1115
26,1116
8,1117
8,1118
23,1119
12,1120
14,1121
23,1122
14,1123
17,1124
28,1125
20,1126
25,1127
21,1128
23,1129
9,1130
9,1131
12,1132
28,1133
6,1134
16,1135
18,1136
19,1137
8,1138
19,1139
26,1140
14,1141
7,1142
21,1143
9,1144
12,1145
18,1146
21,1147
21,1148
12,1149
8,1150
29,1151
23,1152
20,1153
28,1154
9,1155
21,1156
26,1157
22,1158
29,1159
16,1160
21,1161
4,1162
6,1163
6,1164
24,1165
2,1166
11,1167
18,1168
23,1169
15,1170
6,1171
18,1172
14,1173
29,1174
2,1175
4,1176
16,1177
8,1178
29,1179
11,1180
14,1181
11,1182
9,1183
26,1184
10,1185
2,1186
19,1187
22,1188
25,1189
4,1190
6,1191
24,1192
24,1193
17,1194
22,1195
5,1196
6,1197
19,1198
10,1199
7,1200
13,1201
28,1202
19,1203
5,1204
18,1205
17,1206
17,1207
22,1208
25,1209
21,1210
10,1211
1,1212
6,1213
12,1214
2,1215
23,1216
23,1217
29,1218
10,1219
3,1220
1,1221
24,1222
19,1223
28,1224
9,1225
5,1226
27,1227
20,1228
0,1229
26,1230
6,1231
13,1232
15,1233
2,1234
2,1235
23,1236
22,1237
12,1238
14,1239
29,1240
17,1241
25,1242
27,1243
29,1244
19,1245
23,1246
22,1247
4,1248
29,1249
21,1250
14,1251
21,1252
9,1253
15,1254
9,1255
27,1256
29,1257
8,1258
10,1259
28,1260
17,1261
25,1262
2,1263
8,1264
22,1265
10,1266
3,1267
19,1268
27,1269
17,1270
3,1271
0,1272
29,1273
19,1274
29,1275
1,1276
19,1277
21,1278
16,1279
26,1280
29,1281
24,1282
6,1283
7,1284
0,1285
13,1286
6,1287
10,1288
29,1289
4,1290
11,1291
1,1292
9,1293
3,1294
28,1295
18,1296
7,1297
29,1298
17,1299
12,1300
21,1301
22,1302
24,1303
23,1304
16,1305
18,1306
21,1307
7,1308
28,1309
29,1310
12,1311
17,1312
2,1313
15,1314
21,1315
24,1316
24,1317
23,1318
17,1319
0,1320
6,1321
12,1322
26,1323
3,1324
19,1325
28,1326
17,1327
10,1328
20,1329
27,1330
21,1331
10,1332
5,1333
9,1334
17,1335
5,1336
10,1337
9,1338
0,1339
27,1340
2,1341
9,1342
7,1343
11,1344
15,1345
1,1346
0,1347
1,1348
20,1349
24,1350
29,1351
10,1352
9,1353
2,1354
29,1355
19,1356
6,1357
9,1358
8,1359
7,1360
16,1361
0,1362
23,1363
5,1364
14,1365
19,1366
27,1367
27,1368
26,1369
6,1370
11,1371
4,1372
21,1373
12,1374
16,1375
14,1376
2,1377
10,1378
19,1379
29,1380
25,1381
8,1382
12,1383
9,1384
26,1385
1,1386
0,1387
28,1388
17,1389
19,1390
10,1391
8,1392
29,1393
21,1394
18,1395
11,1396
8,1397
1,1398
25,1399
15,1400
12,1401
19,1402
1,1403
7,1404
7,1405
7,1406
18,1407
2,1408
13,1409
23,1410
5,1411
12,1412
9,1413
13,1414
9,1415
10,1416
4,1417
10,1418
18,1419
3,1420
20,1421
27,1422
19,1423
18,1424
19,1425
21,1426
24,1427
21,1428
5,1429
8,1430
6,1431
23,1432
6,1433
10,1434
9,1435
3,1436
0,1437
0,1438
19,1439
19,1440
11,1441
27,1442
16,1443
28,1444
18,1445
3,1446
20,1447
15,1448
7,1449
2,1450
23,1451
5,1452
17,1453
11,1454
16,1455
9,1456
13,1457
2,1458
0,1459
29,1460
12,1461
5,1462
24,1463
7,1464
27,1465
2,1466
13,1467
17,1468
22,1469
11,1470
2,1471
23,1472
21,1473
19,1474
24,1475
3,1476
7,1477
13,1478
4,1479
11,1480
5,1481
25,1482
24,1483
26,1484
18,1485
4,1486
12,1487
17,1488
26,1489
16,1490
18,1491
14,1492
15,1493
16,1494
19,1495
12,1496
18,1497
23,1498
2,1499
16,1500
13,1501
0,1502
26,1503
22,1504
18,1505
17,1506
15,1507
22,1508
22,1509
2,1510
29,1511
21,1512
2,1513
22,1514
10,1515
17,1516
24,1517
8,1518
29,1519
6,1520
5,1521
18,1522
9,1523
24,1524
18,1525
24,1526
10,1527
0,1528
7,1529
0,1530
29,1531
6,1532
27,1533
28,1534
11,1535
28,1536
5,1537
28,1538
3,1539
13,1540
4,1541
10,1542
0,1543
11,1544
22,1545
9,1546
0,1547
14,1548
5,1549
10,1550
10,1551
17,1552
26,1553
19,1554
13,1555
22,1556
5,1557
4,1558
20,1559
26,1560
12,1561
7,1562
28,1563
6,1564
18,1565
20,1566
24,1567
0,1568
21,1569
11,1570
27,1571
25,1572
22,1573
12,1574
27,1575
25,1576
21,1577
19,1578
11,1579
4,1580
14,1581
29,1582
17,1583
23,1584
3,1585
26,1586
14,1587
16,1588
3,1589
11,1590
15,1591
6,1592
21,1593
29,1594
2,1595
9,1596
23,1597
5,1598
17,1599
1,1600
10,1601
0,1602
14,1603
22,1604
29,1605
13,1606
10,1607
23,1608
10,1609
11,1610
11,1611
19,1612
25,1613
3,1614
9,1615
0,1616
21,1617
24,1618
3,1619
11,1620
12,1621
1,1622
6,1623
13,1624
0,1625
13,1626
25,1627
22,1628
4,1629
0,1630
11,1631
21,1632
27,1633
26,1634
18,1635
14,1636
12,1637
16,1638
8,1639
18,1640
3,1641
26,1642
24,1643
1,1644
28,1645
17,1646
18,1647
23,1648
22,1649
21,1650
21,1651
16,1652
4,1653
12,1654
20,1655
13,1656
7,1657
14,1658
20,1659
1,1660
6,1661
26,1662
14,1663
15,1664
26,1665
6,1666
5,1667
22,1668
20,1669
14,1670
7,1671
9,1672
12,1673
11,1674
1,1675
25,1676
0,1677
25,1678
10,1679
3,1680
23,1681
13,1682
26,1683
16,1684
7,1685
0,1686
18,1687
21,1688
2,1689
9,1690
26,1691
29,1692
0,1693
14,1694
4,1695
3,1696
13,1697
16,1698
2,1699
8,1700
0,1701
6,1702
10,1703
8,1704
20,1705
26,1706
2,1707
22,1708
1,1709
27,1710
3,1711
20,1712
21,1713
27,1714
18,1715
7,1716
20,1717
6,1718
28,1719
19,1720
27,1721
7,1722
7,1723
22,1724
22,1725
16,1726
20,1727
9,1728
23,1729
26,1730
8,1731
2,1732
13,1733
17,1734
3,1735
6,1736
14,1737
29,1738
10,1739
15,1740
19,1741
27,1742
2,1743
6,1744
3,1745
19,1746
10,1747
1,1748
1,1749
25,1750
1,1751
21,1752
22,1753
24,1754
23,1755
27,1756
2,1757
3,1758
12,1759
1,1760
2,1761
0,1762
0,1763
4,1764
19,1765
22,1766
22,1767
29,1768
21,1769
27,1770
5,1771
13,1772
18,1773
3,1774
4,1775
9,1776
10,1777
14,1778
13,1779
5,1780
19,1781
9,1782
0,1783
4,1784
18,1785
24,1786
3,1787
18,1788
18,1789
20,1790
24,1791
13,1792
13,1793
9,1794
25,1795
17,1796
4,1797
0,1798
26,1799
23,1800
20,1801
23,1802
8,1803
21,1804
23,1805
7,1806
3,1807
6,1808
0,1809
16,1810
1,1811
11,1812
27,1813
29,1814
1,1815
4,1816
16,1817
22,1818
26,1819
11,1820
14,1821
4,1822
15,1823
9,1824
19,1825
20,1826
4,1827
12,1828
5,1829
7,1830
22,1831
2,1832
8,1833
21,1834
8,1835
13,1836
12,1837
26,1838
26,1839
10,1840
19,1841
1,1842
29,1843
10,1844
15,1845
29,1846
17,1847
26,1848
13,1849
16,1850
15,1851
18,1852
26,1853
0,1854
29,1855
13,1856
2,1857
0,1858
14,1859
2,1860
9,1861
2,1862
16,1863
6,1864
8,1865
22,1866
25,1867
15,1868
8,1869
23,1870
10,1871
20,1872
22,1873
12,1874
20,1875
19,1876
20,1877
18,1878
20,1879
1,1880
12,1881
1,1882
14,1883
1,1884
9,1885
10,1886
9,1887
21,1888
2,1889
9,1890
11,1891
1,1892
22,1893
18,1894
25,1895
20,1896
12,1897
22,1898
22,1899
16,1900
5,1901
8,1902
24,1903
23,1904
29,1905
18,1906
29,1907
24,1908
10,1909
14,1910
19,1911
27,1912
6,1913
27,1914
25,1915
25,1916
20,1917
6,1918
14,1919
5,1920
7,1921
12,1922
11,1923
25,1924
25,1925
2,1926
6,1927
19,1928
23,1929
3,1930
12,1931
17,1932
16,1933
11,1934
17,1935
15,1936
22,1937
20,1938
27,1939
29,1940
17,1941
3,1942
24,1943
10,1944
1,1945
14,1946
2,1947
8,1948
21,1949
19,1950
12,1951
16,1952
19,1953
0,1954
9,1955
8,1956
12,1957
11,1958
28,1959
21,1960
20,1961
4,1962
5,1963
15,1964
25,1965
26,1966
2,1967
6,1968
3,1969
13,1970
10,1971
26,1972
1,1973
15,1974
10,1975
9,1976
29,1977
20,1978
19,1979
9,1980
7,1981
20,1982
23,1983
0,1984
25,1985
10,1986
14,1987
17,1988
20,1989
18,1990
20,1991
0,1992
11,1993
14,1994
27,1995
19,1996
26,1997
1,1998
29,1999
7,2000
4,2001
23,2002
15,2003
16,2004
13,2005
24,2006
8,2007
4,2008
13,2009
7,2010
1,2011
28,2012
28,2013
15,2014
1,2015
17,2016
8,2017
14,2018
17,2019
24,2020
6,2021
20,2022
19,2023
3,2024
22,2025
9,2026
19,2027
28,2028
5,2029
19,2030
7,2031
5,2032
8,2033
5,2034
13,2035
20,2036
25,2037
18,2038
17,2039
29,2040
24,2041
27,2042
0,2043
25,2044
0,2045
16,2046
12,2047
12,2048
27,2049
20,2050
19,2051
6,2052
26,2053
18,2054
12,2055
21,2056
1,2057
6,2058
19,2059
0,2060
19,2061
22,2062
21,2063
17,2064
17,2065
0,2066
27,2067
27,2068
19,2069
24,2070
9,2071
20,2072
13,2073
20,2074
16,2075
17,2076
21,2077
7,2078
23,2079
12,2080
6,2081
13,2082
2,2083
18,2084
11,2085
2,2086
23,2087
7,2088
12,2089
11,2090
11,2091
21,2092
20,2093
20,2094
22,2095
18,2096
26,2097
29,2098
11,2099
26,2100
25,2101
23,2102
23,2103
9,2104
7,2105
17,2106
16,2107
26,2108
26,2109
3,2110
5,2111
19,2112
12,2113
26,2114
24,2115
4,2116
5,2117
28,2118
4,2119
6,2120
8,2121
25,2122
24,2123
10,2124
12,2125
10,2126
4,2127
3,2128
18,2129
4,2130
17,2131
6,2132
3,2133
3,2134
22,2135
6,2136
18,2137
21,2138
29,2139
9,2140
7,2141
21,2142
29,2143
29,2144
27,2145
21,2146
1,2147
10,2148
9,2149
5,2150
24,2151
17,2152
28,2153
12,2154
27,2155
14,2156
10,2157
6,2158
11,2159
28,2160
19,2161
14,2162
10,2163
20,2164
23,2165
19,2166
6,2167
22,2168
28,2169
9,2170
2,2171
3,2172
25,2173
11,2174
21,2175
22,2176
29,2177
9,2178
9,2179
26,2180
20,2181
2,2182
11,2183
7,2184
6,2185
11,2186
23,2187
8,2188
8,2189
10,2190
20,2191
7,2192
0,2193
23,2194
27,2195
3,2196
15,2197
1,2198
7,2199
12,2200
22,2201
6,2202
21,2203
8,2204
0,2205
25,2206
3,2207
21,2208
13,2209
21,2210
6,2211
2,2212
4,2213
27,2214
23,2215
15,2216
15,2217
28,2218
20,2219
19,2220
19,2221
0,2222
10,2223
2,2224
16,2225
5,2226
29,2227
9,2228
19,2229
18,2230
19,2231
23,2232
24,2233
20,2234
28,2235
16,2236
17,2237
5,2238
4,2239
3,2240
21,2241
25,2242
23,2243
15,2244
8,2245
12,2246
13,2247
20,2248
15,2249
25,2250
7,2251
12,2252
17,2253
19,2254
9,2255
11,2256
11,2257
19,2258
3,2259
21,2260
14,2261
10,2262
7,2263
16,2264
25,2265
25,2266
6,2267
24,2268
13,2269
10,2270
27,2271
12,2272
27,2273
14,2274
14,2275
21,2276
25,2277
25,2278
12,2279
0,2280
12,2281
21,2282
25,2283
26,2284
19,2285
28,2286
11,2287
23,2288
15,2289
22,2290
26,2291
19,2292
24,2293
13,2294
21,2295
14,2296
1,2297
27,2298
19,2299
17,2300
24,2301
11,2302
19,2303
15,2304
17,2305
3,2306
0,2307
19,2308
24,2309
0,2310
8,2311
29,2312
26,2313
28,2314
9,2315
19,2316
23,2317
6,2318
6,2319
2,2320
18,2321
13,2322
13,2323
28,2324
6,2325
19,2326
6,2327
12,2328
9,2329
28,2330
8,2331
13,2332
25,2333
24,2334
14,2335
20,2336
18,2337
7,2338
7,2339
4,2340
8,2341
11,2342
18,2343
3,2344
7,2345
0,2346
5,2347
5,2348
25,2349
0,2350
9,2351
13,2352
3,2353
13,2354
10,2355
26,2356
6,2357
6,2358
2,2359
10,2360
21,2361
21,2362
22,2363
23,2364
5,2365
5,2366
5,2367
21,2368
5,2369
12,2370
28,2371
13,2372
18,2373
23,2374
22,2375
12,2376
12,2377
14,2378
18,2379
24,2380
17,2381
24,2382
10,2383
29,2384
18,2385
18,2386
25,2387
10,2388
2,2389
9,2390
14,2391
15,2392
14,2393
7,2394
19,2395
21,2396
21,2397
6,2398
2,2399
0,2400
6,2401
10,2402
13,2403
9,2404
5,2405
25,2406
10,2407
15,2408
4,2409
26,2410
8,2411
14,2412
25,2413
12,2414
17,2415
4,2416
16,2417
11,2418
7,2419
7,2420
5,2421
24,2422
12,2423
23,2424
25,2425
10,2426
8,2427
20,2428
16,2429
14,2430
1,2431
24,2432
5,2433
21,2434
27,2435
26,2436
12,2437
29,2438
27,2439
15,2440
15,2441
13,2442
29,2443
3,2444
1,2445
0,2446
9,2447
29,2448
11,2449
10,2450
20,2451
10,2452
22,2453
0,2454
19,2455
15,2456
7,2457
10,2458
1,2459
24,2460
20,2461
24,2462
6,2463
6,2464
19,2465
9,2466
10,2467
16,2468
1,2469
18,2470
8,2471
18,2472
10,2473
2,2474
14,2475
11,2476
28,2477
13,2478
0,2479
24,2480
28,2481
17,2482
24,2483
14,2484
23,2485
24,2486
13,2487
19,2488
15,2489
2,2490
16,2491
5,2492
0,2493
9,2494
9,2495
24,2496
12,2497
21,2498
0,2499
3,2500
17,2501
20,2502
15,2503
22,2504
2,2505
10,2506
8,2507
2,2508
23,2509
6,2510
17,2511
12,2512
26,2513
25,2514
6,2515
17,2516
16,2517
11,2518
2,2519
26,2520
29,2521
18,2522
28,2523
15,2524
23,2525
25,2526
13,2527
23,2528
5,2529
11,2530
22,2531
29,2532
10,2533
23,2534
5,2535
20,2536
28,2537
0,2538
12,2539
12,2540
13,2541
2,2542
10,2543
16,2544
7,2545
7,2546
13,2547
22,2548
27,2549
11,2550
1,2551
14,2552
24,2553
13,2554
1,2555
9,2556
8,2557
9,2558
14,2559
27,2560
7,2561
8,2562
16,2563
16,2564
21,2565
21,2566
12,2567
16,2568
7,2569
17,2570
23,2571
16,2572
12,2573
6,2574
8,2575
7,2576
3,2577
9,2578
0,2579
27,2580
11,2581
21,2582
17,2583
8,2584
19,2585
9,2586
14,2587
7,2588
0,2589
13,2590
1,2591
14,2592
27,2593
8,2594
1,2595
25,2596
27,2597
10,2598
21,2599
7,2600
10,2601
1,2602
5,2603
16,2604
5,2605
28,2606
13,2607
17,2608
19,2609
28,2610
10,2611
11,2612
26,2613
7,2614
12,2615
6,2616
20,2617
20,2618
13,2619
19,2620
24,2621
7,2622
17,2623
22,2624
26,2625
18,2626
23,2627
3,2628
0,2629
9,2630
0,2631
1,2632
21,2633
2,2634
28,2635
17,2636
20,2637
26,2638
12,2639
27,2640
13,2641
27,2642
14,2643
17,2644
11,2645
21,2646
7,2647
20,2648
9,2649
12,2650
21,2651
28,2652
29,2653
21,2654
17,2655
10,2656
26,2657
9,2658
17,2659
8,2660
14,2661
8,2662
19,2663
9,2664
28,2665
3,2666
16,2667
11,2668
18,2669
15,2670
3,2671
27,2672
0,2673
7,2674
6,2675
27,2676
0,2677
16,2678
7,2679
3,2680
2,2681
15,2682
17,2683
4,2684
18,2685
9,2686
22,2687
10,2688
19,2689
12,2690
7,2691
5,2692
29,2693
13,2694
17,2695
15,2696
23,2697
21,2698
14,2699
28,2700
4,2701
13,2702
2,2703
19,2704
18,2705
29,2706
23,2707
20,2708
11,2709
6,2710
22,2711
22,2712
12,2713
12,2714
14,2715
24,2716
19,2717
9,2718
22,2719
22,2720
12,2721
13,2722
6,2723
21,2724
12,2725
10,2726
15,2727
27,2728
4,2729
20,2730
12,2731
17,2732
21,2733
15,2734
29,2735
25,2736
15,2737
1,2738
6,2739
20,2740
4,2741
29,2742
15,2743
6,2744
18,2745
12,2746
5,2747
17,2748
23,2749
12,2750
27,2751
8,2752
0,2753
21,2754
22,2755
15,2756
7,2757
24,2758
7,2759
24,2760
26,2761
0,2762
23,2763
0,2764
18,2765
13,2766
13,2767
11,2768
20,2769
17,2770
8,2771
7,2772
6,2773
26,2774
18,2775
26,2776
29,2777
0,2778
11,2779
10,2780
10,2781
6,2782
24,2783
29,2784
13,2785
10,2786
7,2787
24,2788
28,2789
7,2790
27,2791
20,2792
5,2793
19,2794
9,2795
10,2796
4,2797
6,2798
28,2799
4,2800
7,2801
29,2802
18,2803
18,2804
2,2805
13,2806
12,2807
1,2808
3,2809
12,2810
12,2811
25,2812
5,2813
17,2814
6,2815
20,2816
8,2817
16,2818
18,2819
27,2820
0,2821
19,2822
22,2823
26,2824
6,2825
19,2826
12,2827
5,2828
18,2829
15,2830
17,2831
1,2832
11,2833
2,2834
7,2835
21,2836
23,2837
9,2838
4,2839
4,2840
23,2841
18,2842
21,2843
3,2844
15,2845
12,2846
8,2847
27,2848
18,2849
22,2850
3,2851
20,2852
25,2853
0,2854
14,2855
27,2856
28,2857
6,2858
25,2859
24,2860
11,2861
0,2862
23,2863
28,2864
21,2865
11,2866
5,2867
16,2868
28,2869
28,2870
3,2871
6,2872
4,2873
21,2874
2,2875
5,2876
13,2877
29,2878
26,2879
12,2880
12,2881
24,2882
11,2883
11,2884
28,2885
15,2886
12,2887
23,2888
27,2889
0,2890
25,2891
10,2892
2,2893
17,2894
27,2895
5,2896
29,2897
29,2898
3,2899
22,2900
27,2901
17,2902
29,2903
0,2904
9,2905
5,2906
0,2907
6,2908
3,2909
19,2910
22,2911
26,2912
25,2913
18,2914
14,2915
28,2916
3,2917
29,2918
29,2919
4,2920
13,2921
26,2922
16,2923
29,2924
11,2925
15,2926
20,2927
6,2928
20,2929
16,2930
29,2931
20,2932
25,2933
5,2934
26,2935
0,2936
28,2937
8,2938
8,2939
12,2940
15,2941
25,2942
29,2943
28,2944
4,2945
10,2946
3,2947
13,2948
1,2949
6,2950
26,2951
19,2952
6,2953
29,2954
4,2955
22,2956
22,2957
5,2958
15,2959
12,2960
2,2961
28,2962
2,2963
10,2964
4,2965
26,2966
15,2967
5,2968
13,2969
13,2970
8,2971
1,2972
28,2973
24,2974
29,2975
8,2976
27,2977
25,2978
27,2979
17,2980
4,2981
1,2982
15,2983
16,2984
25,2985
4,2986
17,2987
23,2988
15,2989
16,2990
24,2991
9,2992
1,2993
13,2994
9,2995
0,2996
20,2997
13,2998
18,2999
26,3000
21,3001
23,3002
12,3003
23,3004
27,3005
3,3006
26,3007
5,3008
2,3009
21,3010
24,3011
5,3012
22,3013
27,3014
9,3015
14,3016
14,3017
13,3018
8,3019
17,3020
24,3021
24,3022
21,3023
2,3024
3,3025
13,3026
8,3027
18,3028
20,3029
2,3030
27,3031
24,3032
21,3033
15,3034
10,3035
8,3036
23,3037
4,3038
20,3039
5,3040
14,3041
12,3042
1,3043
5,3044
27,3045
22,3046
26,3047
8,3048
4,3049
13,3050
26,3051
16,3052
1,3053
21,3054
19,3055
21,3056
21,3057
20,3058
8,3059
2,3060
14,3061
5,3062
16,3063
10,3064
8,3065
29,3066
20,3067
29,3068
14,3069
1,3070
19,3071
6,3072
24,3073
19,3074
2,3075
22,3076
26,3077
22,3078
1,3079
19,3080
21,3081
15,3082
12,3083
23,3084
11,3085
5,3086
24,3087
18,3088
17,3089
18,3090
5,3091
2,3092
29,3093
2,3094
0,3095
16,3096
15,3097
17,3098
28,3099
22,3100
4,3101
4,3102
27,3103
8,3104
27,3105
27,3106
12,3107
6,3108
20,3109
7,3110
21,3111
12,3112
16,3113
7,3114
7,3115
7,3116
5,3117
12,3118
11,3119
22,3120
6,3121
5,3122
26,3123
11,3124
0,3125
1,3126
7,3127
13,3128
21,3129
5,3130
16,3131
4,3132
7,3133
1,3134
3,3135
19,3136
22,3137
25,3138
13,3139
26,3140
15,3141
8,3142
4,3143
24,3144
29,3145
9,3146
10,3147
24,3148
7,3149
27,3150
21,3151
29,3152
23,3153
21,3154
5,3155
25,3156
7,3157
11,3158
18,3159
28,3160
9,3161
4,3162
13,3163
5,3164
5,3165
13,3166
11,3167
3,3168
12,3169
16,3170
13,3171
26,3172
12,3173
19,3174
25,3175
21,3176
25,3177
15,3178
25,3179
27,3180
21,3181
4,3182
22,3183
6,3184
20,3185
7,3186
26,3187
7,3188
10,3189
18,3190
2,3191
21,3192
12,3193
18,3194
7,3195
19,3196
22,3197
5,3198
16,3199
0,3200
4,3201
21,3202
10,3203
25,3204
23,3205
26,3206
2,3207
3,3208
11,3209
20,3210
9,3211
25,3212
24,3213
14,3214
6,3215
9,3216
24,3217
3,3218
13,3219
11,3220
14,3221
9,3222
7,3223
11,3224
7,3225
24,3226
12,3227
16,3228
21,3229
22,3230
1,3231
10,3232
5,3233
27,3234
3,3235
15,3236
22,3237
15,3238
2,3239
14,3240
24,3241
10,3242
4,3243
26,3244
18,3245
19,3246
11,3247
3,3248
4,3249
22,3250
21,3251
3,3252
14,3253
23,3254
13,3255
24,3256
4,3257
26,3258
25,3259
15,3260
18,3261
25,3262
12,3263
20,3264
23,3265
3,3266
27,3267
14,3268
6,3269
22,3270
6,3271
5,3272
17,3273
14,3274
22,3275
3,3276
24,3277
5,3278
15,3279
23,3280
15,3281
6,3282
29,3283
0,3284
25,3285
26,3286
6,3287
29,3288
27,3289
12,3290
15,3291
14,3292
14,3293
27,3294
16,3295
3,3296
14,3297
14,3298
9,3299
6,3300
6,3301
19,3302
0,3303
6,3304
17,3305
13,3306
22,3307
23,3308
29,3309
6,3310
2,3311
12,3312
1,3313
22,3314
0,3315
19,3316
18,3317
20,3318
19,3319
14,3320
10,3321
9,3322
12,3323
22,3324
15,3325
14,3326
28,3327
14,3328
3,3329
26,3330
18,3331
8,3332
28,3333
16,3334
21,3335
27,3336
12,3337
28,3338
11,3339
2,3340
0,3341
21,3342
17,3343
15,3344
27,3345
16,3346
19,3347
11,3348
14,3349
9,3350
13,3351
21,3352
15,3353
1,3354
1,3355
22,3356
18,3357
12,3358
13,3359
3,3360
26,3361
21,3362
16,3363
13,3364
4,3365
20,3366
28,3367
22,3368
29,3369
13,3370
20,3371
18,3372
8,3373
7,3374
15,3375
19,3376
29,3377
12,3378
9,3379
7,3380
10,3381
18,3382
21,3383
2,3384
24,3385
12,3386
15,3387
11,3388
20,3389
5,3390
20,3391
28,3392
17,3393
21,3394
1,3395
17,3396
25,3397
17,3398
20,3399
10,3400
5,3401
6,3402
4,3403
12,3404
10,3405
27,3406
7,3407
24,3408
23,3409
3,3410
18,3411
9,3412
23,3413
3,3414
23,3415
12,3416
18,3417
22,3418
0,3419
23,3420
15,3421
17,3422
24,3423
4,3424
10,3425
9,3426
2,3427
7,3428
7,3429
27,3430
26,3431
13,3432
13,3433
18,3434
8,3435
17,3436
19,3437
19,3438
23,3439
13,3440
22,3441
1,3442
8,3443
25,3444
5,3445
1,3446
6,3447
29,3448
10,3449
2,3450
16,3451
15,3452
24,3453
22,3454
18,3455
14,3456
13,3457
28,3458
22,3459
7,3460
8,3461
24,3462
25,3463
9,3464
3,3465
21,3466
4,3467
18,3468
4,3469
13,3470
21,3471
15,3472
20,3473
9,3474
9,3475
21,3476
15,3477
6,3478
17,3479
15,3480
6,3481
13,3482
7,3483
24,3484
18,3485
10,3486
29,3487
27,3488
5,3489
27,3490
18,3491
16,3492
1,3493
13,3494
14,3495
23,3496
12,3497
17,3498
15,3499
14,3500
24,3501
13,3502
6,3503
21,3504
21,3505
0,3506
7,3507
2,3508
23,3509
19,3510
19,3511
25,3512
21,3513
25,3514
1,3515
9,3516
4,3517
26,3518
13,3519
18,3520
8,3521
23,3522
28,3523
23,3524
0,3525
0,3526
0,3527
20,3528
9,3529
22,3530
14,3531
13,3532
20,3533
21,3534
10,3535
13,3536
27,3537
5,3538
3,3539
25,3540
8,3541
29,3542
25,3543
8,3544
10,3545
4,3546
28,3547
23,3548
7,3549
8,3550
1,3551
15,3552
27,3553
17,3554
6,3555
7,3556
28,3557
1,3558
20,3559
15,3560
17,3561
15,3562
28,3563
29,3564
15,3565
21,3566
29,3567
5,3568
14,3569
23,3570
10,3571
29,3572
19,3573
10,3574
18,3575
11,3576
7,3577
22,3578
15,3579
29,3580
20,3581
28,3582
19,3583
2,3584
8,3585
6,3586
9,3587
25,3588
10,3589
13,3590
4,3591
0,3592
29,3593
7,3594
8,3595
2,3596
17,3597
18,3598
26,3599
9,3600
8,3601
22,3602
2,3603
28,3604
29,3605
5,3606
16,3607
18,3608
5,3609
2,3610
20,3611
8,3612
11,3613
29,3614
11,3615
4,3616
19,3617
19,3618
20,3619
3,3620
22,3621
26,3622
6,3623
29,3624
27,3625
23,3626
10,3627
21,3628
7,3629
5,3630
20,3631
11,3632
28,3633
8,3634
10,3635
13,3636
11,3637
5,3638
26,3639
0,3640
21,3641
3,3642
29,3643
5,3644
6,3645
4,3646
2,3647
9,3648
29,3649
11,3650
23,3651
7,3652
7,3653
14,3654
16,3655
10,3656
24,3657
10,3658
27,3659
28,3660
10,3661
22,3662
28,3663
16,3664
9,3665
29,3666
24,3667
21,3668
7,3669
1,3670
23,3671
3,3672
22,3673
9,3674
20,3675
12,3676
0,3677
23,3678
12,3679
21,3680
24,3681
12,3682
4,3683
21,3684
12,3685
2,3686
1,3687
20,3688
15,3689
2,3690
7,3691
7,3692
10,3693
7,3694
1,3695
16,3696
11,3697
29,3698
3,3699
25,3700
24,3701
1,3702
12,3703
21,3704
11,3705
8,3706
22,3707
1,3708
1,3709
15,3710
9,3711
15,3712
10,3713
16,3714
3,3715
11,3716
9,3717
25,3718
27,3719
26,3720
29,3721
12,3722
0,3723
0,3724
21,3725
19,3726
24,3727
24,3728
23,3729
22,3730
5,3731
23,3732
20,3733
23,3734
12,3735
7,3736
27,3737
24,3738
18,3739
18,3740
7,3741
24,3742
13,3743
21,3744
25,3745
29,3746
10,3747
3,3748
13,3749
9,3750
8,3751
5,3752
26,3753
23,3754
21,3755
10,3756
19,3757
17,3758
27,3759
8,3760
11,3761
9,3762
23,3763
16,3764
9,3765
8,3766
16,3767
8,3768
20,3769
1,3770
4,3771
21,3772
27,3773
14,3774
0,3775
3,3776
6,3777
21,3778
22,3779
16,3780
2,3781
23,3782
1,3783
13,3784
8,3785
14,3786
26,3787
25,3788
11,3789
22,3790
20,3791
15,3792
14,3793
6,3794
18,3795
1,3796
20,3797
14,3798
9,3799
8,3800
13,3801
27,3802
2,3803
6,3804
16,3805
14,3806
21,3807
9,3808
12,3809
13,3810
24,3811
1,3812
2,3813
11,3814
29,3815
20,3816
24,3817
3,3818
27,3819
21,3820
26,3821
27,3822
0,3823
22,3824
11,3825
19,3826
15,3827
23,3828
9,3829
26,3830
14,3831
15,3832
14,3833
8,3834
1,3835
28,3836
8,3837
8,3838
24,3839
15,3840
11,3841
25,3842
8,3843
9,3844
11,3845
10,3846
26,3847
19,3848
17,3849
18,3850
13,3851
13,3852
22,3853
6,3854
8,3855
2,3856
16,3857
14,3858
14,3859
12,3860
26,3861
7,3862
7,3863
15,3864
24,3865
0,3866
23,3867
12,3868
22,3869
20,3870
0,3871
22,3872
17,3873
24,3874
13,3875
18,3876
8,3877
7,3878
25,3879
4,3880
24,3881
5,3882
17,3883
2,3884
15,3885
5,3886
5,3887
19,3888
23,3889
13,3890
22,3891
14,3892
27,3893
15,3894
27,3895
26,3896
28,3897
2,3898
1,3899
19,3900
9,3901
7,3902
15,3903
4,3904
4,3905
19,3906
7,3907
18,3908
7,3909
7,3910
15,3911
29,3912
27,3913
11,3914
19,3915
2,3916
24,3917
5,3918
18,3919
5,3920
9,3921
2,3922
11,3923
11,3924
18,3925
2,3926
6,3927
20,3928
29,3929
29,3930
17,3931
16,3932
0,3933
6,3934
10,3935
10,3936
4,3937
15,3938
7,3939
17,3940
28,3941
23,3942
16,3943
24,3944
7,3945
3,3946
22,3947
19,3948
23,3949
20,3950
8,3951
23,3952
19,3953
3,3954
21,3955
15,3956
23,3957
2,3958
28,3959
21,3960
5,3961
11,3962
23,3963
27,3964
22,3965
11,3966
1,3967
18,3968
2,3969
1,3970
15,3971
24,3972
8,3973
17,3974
7,3975
7,3976
19,3977
13,3978
13,3979
5,3980
12,3981
8,3982
17,3983
29,3984
22,3985
25,3986
10,3987
7,3988
12,3989
10,3990
20,3991
24,3992
0,3993
12,3994
23,3995
15,3996
20,3997
17,3998
5,3999
1,4000
0,4001
21,4002
4,4003
10,4004
8,4005
22,4006
3,4007
0,4008
0,4009
26,4010
29,4011
27,4012
2,4013
8,4014
28,4015
21,4016
18,4017
5,4018
27,4019
23,4020
10,4021
9,4022
15,4023
14,4024
25,4025
11,4026
16,4027
4,4028
15,4029
26,4030
26,4031
21,4032
22,4033
13,4034
6,4035
7,4036
10,4037
27,4038
19,4039
6,4040
24,4041
20,4042
3,4043
26,4044
22,4045
23,4046
26,4047
8,4048
1,4049
3,4050
26,4051
9,4052
15,4053
0,4054
18,4055
18,4056
9,4057
9,4058
14,4059
11,4060
17,4061
16,4062
22,4063
16,4064
22,4065
4,4066
10,4067
22,4068
28,4069
7,4070
6,4071
22,4072
5,4073
14,4074
12,4075
9,4076
29,4077
15,4078
19,4079
18,4080
25,4081
20,4082
23,4083
17,4084
10,4085
15,4086
28,4087
11,4088
19,4089
20,4090
29,4091
2,4092
18,4093
0,4094
8,4095
21,4096
7,4097
3,4098
2,4099
20,4100
20,4101
23,4102
24,4103
17,4104
15,4105
0,4106
0,4107
21,4108
24,4109
4,4110
25,4111
26,4112
25,4113
7,4114
21,4115
20,4116
18,4117
29,4118
4,4119
4,4120
14,4121
2,4122
3,4123
17,4124
24,4125
23,4126
22,4127
17,4128
17,4129
2,4130
8,4131
24,4132
22,4133
5,4134
6,4135
13,4136
19,4137
1,4138
7,4139
18,4140
23,4141
24,4142
13,4143
2,4144
22,4145
7,4146
10,4147
14,4148
16,4149
8,4150
22,4151
8,4152
7,4153
9,4154
11,4155
16,4156
2,4157
8,4158
28,4159
13,4160
23,4161
29,4162
25,4163
12,4164
5,4165
28,4166
2,4167
13,4168
13,4169
18,4170
8,4171
8,4172
15,4173
16,4174
28,4175
1,4176
24,4177
26,4178
27,4179
19,4180
8,4181
0,4182
27,4183
4,4184
8,4185
25,4186
21,4187
4,4188
12,4189
25,4190
3,4191
16,4192
20,4193
20,4194
19,4195
17,4196
12,4197
21,4198
13,4199
10,4200
3,4201
7,4202
10,4203
22,4204
1,4205
26,4206
2,4207
17,4208
23,4209
24,4210
19,4211
9,4212
5,4213
18,4214
22,4215
2,4216
16,4217
18,4218
27,4219
17,4220
29,4221
26,4222
29,4223
1,4224
16,4225
1,4226
14,4227
8,4228
29,4229
17,4230
7,4231
11,4232
2,4233
5,4234
17,4235
28,4236
8,4237
21,4238
21,4239
9,4240
15,4241
2,4242
25,4243
10,4244
15,4245
24,4246
6,4247
6,4248
17,4249
26,4250
21,4251
1,4252
17,4253
21,4254
25,4255
10,4256
20,4257
17,4258
23,4259
4,4260
19,4261
16,4262
17,4263
25,4264
18,4265
17,4266
23,4267
8,4268
19,4269
18,4270
13,4271
8,4272
14,4273
3,4274
29,4275
5,4276
24,4277
8,4278
10,4279
7,4280
3,4281
7,4282
24,4283
24,4284
25,4285
18,4286
20,4287
12,4288
12,4289
20,4290
0,4291
10,4292
14,4293
27,4294
25,4295
26,4296
26,4297
5,4298
10,4299
21,4300
7,4301
9,4302
24,4303
11,4304
20,4305
2,4306
6,4307
20,4308
29,4309
14,4310
0,4311
19,4312
27,4313
16,4314
0,4315
8,4316
8,4317
18,4318
25,4319
15,4320
27,4321
21,4322
22,4323
28,4324
15,4325
27,4326
10,4327
26,4328
9,4329
3,4330
3,4331
9,4332
20,4333
27,4334
20,4335
11,4336
1,4337
26,4338
17,4339
12,4340
24,4341
29,4342
27,4343
20,4344
18,4345
28,4346
17,4347
28,4348
0,4349
14,4350
12,4351
17,4352
7,4353
25,4354
29,4355
0,4356
14,4357
27,4358
14,4359
21,4360
3,4361
9,4362
22,4363
7,4364
22,4365
16,4366
28,4367
15,4368
28,4369
0,4370
11,4371
7,4372
2,4373
4,4374
8,4375
2,4376
16,4377
23,4378
11,4379
20,4380
6,4381
21,4382
24,4383
12,4384
21,4385
14,4386
14,4387
0,4388
19,4389
9,4390
12,4391
9,4392
21,4393
8,4394
14,4395
4,4396
1,4397
16,4398
17,4399
17,4400
25,4401
12,4402
11,4403
22,4404
19,4405
24,4406
26,4407
26,4408
13,4409
11,4410
6,4411
22,4412
20,4413
3,4414
11,4415
6,4416
27,4417
7,4418
27,4419
25,4420
7,4421
7,4422
4,4423
25,4424
3,4425
6,4426
2,4427
5,4428
2,4429
13,4430
5,4431
16,4432
8,4433
0,4434
0,4435
2,4436
2,4437
11,4438
3,4439
11,4440
26,4441
24,4442
0,4443
22,4444
24,4445
13,4446
13,4447
1,4448
17,4449
16,4450
7,4451
10,4452
10,4453
18,4454
7,4455
14,4456
1,4457
22,4458
26,4459
11,4460
22,4461
4,4462
9,4463
20,4464
9,4465
3,4466
4,4467
2,4468
20,4469
22,4470
16,4471
8,4472
21,4473
4,4474
28,4475
0,4476
7,4477
1,4478
22,4479
18,4480
2,4481
3,4482
29,4483
27,4484
5,4485
10,4486
9,4487
18,4488
11,4489
4,4490
17,4491
4,4492
1,4493
19,4494
10,4495
22,4496
9,4497
0,4498
5,4499
27,4500
21,4501
9,4502
27,4503
8,4504
13,4505
15,4506
24,4507
8,4508
22,4509
22,4510
29,4511
9,4512
9,4513
10,4514
24,4515
16,4516
6,4517
6,4518
25,4519
6,4520
7,4521
23,4522
6,4523
18,4524
21,4525
28,4526
10,4527
8,4528
17,4529
27,4530
24,4531
27,4532
17,4533
11,4534
18,4535
8,4536
7,4537
3,4538
4,4539
26,4540
23,4541
15,4542
14,4543
23,4544
29,4545
7,4546
17,4547
23,4548
14,4549
24,4550
6,4551
0,4552
14,4553
19,4554
18,4555
18,4556
12,4557
28,4558
1,4559
20,4560
14,4561
10,4562
5,4563
29,4564
12,4565
29,4566
25,4567
29,4568
21,4569
1,4570
25,4571
25,4572
15,4573
22,4574
28,4575
22,4576
2,4577
26,4578
10,4579
29,4580
29,4581
5,4582
9,4583
25,4584
28,4585
5,4586
20,4587
6,4588
9,4589
8,4590
17,4591
13,4592
29,4593
17,4594
5,4595
17,4596
18,4597
17,4598
21,4599
2,4600
27,4601
19,4602
12,4603
11,4604
4,4605
5,4606
10,4607
0,4608
15,4609
12,4610
23,4611
5,4612
12,4613
28,4614
1,4615
2,4616
25,4617
2,4618
24,4619
6,4620
0,4621
2,4622
13,4623
29,4624
8,4625
28,4626
1,4627
28,4628
19,4629
2,4630
6,4631
27,4632
6,4633
12,4634
6,4635
20,4636
0,4637
3,4638
4,4639
29,4640
6,4641
20,4642
19,4643
28,4644
23,4645
22,4646
20,4647
8,4648
9,4649
3,4650
20,4651
0,4652
20,4653
1,4654
4,4655
20,4656
9,4657
9,4658
20,4659
11,4660
5,4661
5,4662
21,4663
5,4664
13,4665
26,4666
18,4667
12,4668
27,4669
8,4670
8,4671
17,4672
21,4673
6,4674
19,4675
2,4676
27,4677
1,4678
20,4679
21,4680
21,4681
20,4682
20,4683
23,4684
5,4685
8,4686
26,4687
22,4688
12,4689
25,4690
7,4691
10,4692
22,4693
28,4694
11,4695
5,4696
8,4697
9,4698
9,4699
14,4700
4,4701
23,4702
1,4703
15,4704
21,4705
0,4706
15,4707
22,4708
14,4709
26,4710
25,4711
1,4712
5,4713
4,4714
20,4715
11,4716
27,4717
28,4718
15,4719
15,4720
18,4721
9,4722
22,4723
28,4724
15,4725
1,4726
15,4727
20,4728
15,4729
4,4730
25,4731
19,4732
12,4733
2,4734
20,4735
19,4736
6,4737
12,4738
6,4739
18,4740
28,4741
12,4742
21,4743
18,4744
21,4745
21,4746
23,4747
1,4748
15,4749
19,4750
28,4751
27,4752
20,4753
26,4754
27,4755
12,4756
4,4757
8,4758
21,4759
26,4760
8,4761
10,4762
10,4763
16,4764
3,4765
1,4766
8,4767
17,4768
28,4769
21,4770
26,4771
27,4772
18,4773
2,4774
13,4775
14,4776
7,4777
4,4778
6,4779
16,4780
24,4781
17,4782
14,4783
27,4784
0,4785
28,4786
1,4787
28,4788
10,4789
10,4790
1,4791
27,4792
10,4793
2,4794
14,4795
10,4796
15,4797
1,4798
9,4799
14,4800
27,4801
13,4802
22,4803
15,4804
7,4805
15,4806
25,4807
6,4808
28,4809
2,4810
24,4811
28,4812
18,4813
2,4814
10,4815
18,4816
22,4817
28,4818
20,4819
17,4820
23,4821
10,4822
21,4823
8,4824
22,4825
24,4826
5,4827
16,4828
2,4829
7,4830
2,4831
7,4832
28,4833
20,4834
0,4835
0,4836
6,4837
13,4838
19,4839
24,4840
0,4841
15,4842
22,4843
6,4844
20,4845
27,4846
13,4847
26,4848
6,4849
10,4850
11,4851
25,4852
29,4853
3,4854
24,4855
5,4856
15,4857
23,4858
7,4859
20,4860
15,4861
8,4862
12,4863
29,4864
3,4865
7,4866
19,4867
4,4868
6,4869
22,4870
18,4871
3,4872
9,4873
8,4874
22,4875
6,4876
14,4877
14,4878
19,4879
5,4880
28,4881
26,4882
24,4883
27,4884
10,4885
11,4886
15,4887
19,4888
6,4889
6,4890
19,4891
22,4892
27,4893
6,4894
14,4895
27,4896
23,4897
14,4898
28,4899
21,4900
21,4901
12,4902
18,4903
8,4904
24,4905
19,4906
23,4907
26,4908
9,4909
26,4910
2,4911
19,4912
21,4913
18,4914
19,4915
23,4916
15,4917
14,4918
2,4919
4,4920
3,4921
3,4922
8,4923
23,4924
6,4925
25,4926
27,4927
25,4928
3,4929
4,4930
2,4931
23,4932
24,4933
22,4934
26,4935
15,4936
13,4937
21,4938
22,4939
25,4940
6,4941
27,4942
3,4943
16,4944
8,4945
4,4946
3,4947
27,4948
10,4949
9,4950
24,4951
23,4952
24,4953
25,4954
17,4955
1,4956
4,4957
2,4958
6,4959
15,4960
5,4961
4,4962
6,4963
6,4964
0,4965
26,4966
15,4967
4,4968
0,4969
20,4970
1,4971
22,4972
16,4973
16,4974
14,4975
6,4976
28,4977
18,4978
12,4979
28,4980
13,4981
22,4982
8,4983
4,4984
26,4985
0,4986
13,4987
21,4988
26,4989
19,4990
16,4991
26,4992
27,4993
29,4994
27,4995
21,4996
15,4997
23,4998
5,4999
23,5000
1,5001
8,5002
2,5003
16,5004
18,5005
23,5006
23,5007
12,5008
18,5009
14,5010
16,5011
8,5012
11,5013
5,5014
24,5015
18,5016
28,5017
14,5018
22,5019
16,5020
14,5021
6,5022
22,5023
10,5024
9,5025
13,5026
11,5027
17,5028
6,5029
5,5030
16,5031
8,5032
2,5033
2,5034
13,5035
14,5036
2,5037
6,5038
18,5039
16,5040
18,5041
29,5042
14,5043
4,5044
28,5045
22,5046
25,5047
17,5048
19,5049
7,5050
12,5051
29,5052
5,5053
23,5054
24,5055
2,5056
14,5057
26,5058
1,5059
20,5060
12,5061
18,5062
21,5063
1,5064
28,5065
8,5066
12,5067
9,5068
11,5069
25,5070
8,5071
20,5072
12,5073
20,5074
14,5075
7,5076
6,5077
18,5078
2,5079
19,5080
20,5081
1,5082
0,5083
3,5084
10,5085
1,5086
2,5087
3,5088
27,5089
11,5090
27,5091
4,5092
5,5093
0,5094
21,5095
16,5096
22,5097
25,5098
18,5099
17,5100
3,5101
22,5102
24,5103
20,5104
13,5105
0,5106
14,5107
17,5108
3,5109
24,5110
0,5111
0,5112
0,5113
1,5114
17,5115
29,5116
11,5117
9,5118
12,5119
10,5120
21,5121
21,5122
2,5123
2,5124
28,5125
26,5126
1,5127
16,5128
19,5129
3,5130
4,5131
1,5132
5,5133
12,5134
4,5135
19,5136
26,5137
23,5138
24,5139
19,5140
16,5141
29,5142
18,5143
4,5144
10,5145
29,5146
21,5147
23,5148
11,5149
12,5150
11,5151
10,5152
12,5153
1,5154
9,5155
8,5156
17,5157
10,5158
28,5159
17,5160
2,5161
12,5162
3,5163
15,5164
6,5165
29,5166
29,5167
11,5168
13,5169
15,5170
0,5171
16,5172
9,5173
20,5174
4,5175
21,5176
22,5177
23,5178
18,5179
2,5180
6,5181
20,5182
21,5183
2,5184
18,5185
1,5186
11,5187
20,5188
27,5189
13,5190
12,5191
25,5192
9,5193
0,5194
5,5195
11,5196
14,5197
15,5198
5,5199
1,5200
18,5201
2,5202
6,5203
21,5204
3,5205
15,5206
23,5207
15,5208
10,5209
23,5210
19,5211
14,5212
9,5213
20,5214
20,5215
3,5216
15,5217
23,5218
22,5219
4,5220
15,5221
9,5222
16,5223
25,5224
15,5225
27,5226
8,5227
20,5228
3,5229
14,5230
5,5231
16,5232
1,5233
22,5234
15,5235
3,5236
3,5237
18,5238
25,5239
5,5240
16,5241
9,5242
27,5243
18,5244
19,5245
1,5246
6,5247
5,5248
5,5249
21,5250
14,5251
17,5252
12,5253
10,5254
21,5255
13,5256
22,5257
2,5258
21,5259
21,5260
26,5261
8,5262
11,5263
1,5264
28,5265
6,5266
16,5267
27,5268
13,5269
7,5270
14,5271
28,5272
22,5273
23,5274
19,5275
10,5276
13,5277
3,5278
15,5279
27,5280
4,5281
18,5282
22,5283
22,5284
7,5285
3,5286
13,5287
24,5288
0,5289
6,5290
24,5291
15,5292
5,5293
22,5294
17,5295
22,5296
27,5297
18,5298
20,5299
28,5300
18,5301
13,5302
13,5303
7,5304
18,5305
11,5306
28,5307
7,5308
23,5309
9,5310
19,5311
16,5312
12,5313
16,5314
3,5315
29,5316
16,5317
6,5318
21,5319
27,5320
28,5321
27,5322
17,5323
29,5324
19,5325
28,5326
1,5327
28,5328
26,5329
12,5330
9,5331
25,5332
16,5333
1,5334
14,5335
3,5336
28,5337
15,5338
28,5339
10,5340
19,5341
6,5342
28,5343
28,5344
20,5345
28,5346
14,5347
25,5348
29,5349
1,5350
25,5351
11,5352
13,5353
29,5354
23,5355
5,5356
16,5357
8,5358
28,5359
21,5360
15,5361
7,5362
21,5363
1,5364
16,5365
27,5366
17,5367
7,5368
20,5369
0,5370
8,5371
1,5372
9,5373
23,5374
3,5375
6,5376
24,5377
1,5378
6,5379
19,5380
7,5381
22,5382
2,5383
14,5384
10,5385
11,5386
1,5387
27,5388
9,5389
19,5390
9,5391
0,5392
20,5393
16,5394
11,5395
4,5396
23,5397
12,5398
29,5399
25,5400
26,5401
0,5402
6,5403
5,5404
17,5405
25,5406
28,5407
16,5408
28,5409
14,5410
2,5411
17,5412
16,5413
26,5414
19,5415
0,5416
29,5417
3,5418
14,5419
17,5420
22,5421
9,5422
15,5423
12,5424
1,5425
12,5426
19,5427
7,5428
27,5429
24,5430
3,5431
26,5432
10,5433
6,5434
2,5435
18,5436
18,5437
11,5438
14,5439
10,5440
27,5441
24,5442
5,5443
5,5444
3,5445
0,5446
6,5447
7,5448
15,5449
25,5450
24,5451
28,5452
21,5453
0,5454
17,5455
22,5456
2,5457
7,5458
10,5459
0,5460
24,5461
20,5462
3,5463
17,5464
24,5465
16,5466
13,5467
5,5468
25,5469
15,5470
15,5471
14,5472
10,5473
6,5474
17,5475
20,5476
20,5477
24,5478
15,5479
27,5480
26,5481
7,5482
1,5483
23,5484
22,5485
29,5486
12,5487
7,5488
27,5489
22,5490
23,5491
21,5492
23,5493
15,5494
24,5495
15,5496
26,5497
10,5498
22,5499
28,5500
9,5501
12,5502
16,5503
2,5504
3,5505
1,5506
5,5507
17,5508
8,5509
21,5510
25,5511
10,5512
3,5513
16,5514
14,5515
9,5516
2,5517
4,5518
23,5519
14,5520
11,5521
20,5522
2,5523
17,5524
9,5525
29,5526
11,5527
26,5528
19,5529
28,5530
21,5531
8,5532
15,5533
5,5534
12,5535
26,5536
26,5537
29,5538
11,5539
28,5540
1,5541
16,5542
19,5543
17,5544
6,5545
1,5546
20,5547
16,5548
4,5549
1,5550
19,5551
15,5552
15,5553
24,5554
23,5555
9,5556
27,5557
18,5558
12,5559
23,5560
1,5561
27,5562
8,5563
7,5564
25,5565
4,5566
10,5567
7,5568
28,5569
3,5570
25,5571
10,5572
21,5573
18,5574
13,5575
2,5576
1,5577
26,5578
24,5579
17,5580
13,5581
15,5582
10,5583
16,5584
2,5585
17,5586
28,5587
3,5588
1,5589
29,5590
22,5591
13,5592
5,5593
11,5594
1,5595
21,5596
6,5597
25,5598
12,5599
6,5600
4,5601
15,5602
3,5603
21,5604
11,5605
21,5606
6,5607
23,5608
8,5609
27,5610
18,5611
13,5612
27,5613
17,5614
20,5615
18,5616
29,5617
8,5618
12,5619
5,5620
3,5621
5,5622
28,5623
22,5624
26,5625
14,5626
5,5627
18,5628
22,5629
8,5630
7,5631
8,5632
7,5633
9,5634
27,5635
1,5636
6,5637
2,5638
8,5639
9,5640
3,5641
0,5642
13,5643
13,5644
24,5645
13,5646
29,5647
19,5648
8,5649
11,5650
21,5651
8,5652
23,5653
22,5654
14,5655
12,5656
28,5657
28,5658
24,5659
18,5660
23,5661
11,5662
7,5663
16,5664
15,5665
22,5666
11,5667
29,5668
15,5669
1,5670
5,5671
16,5672
17,5673
15,5674
24,5675
11,5676
27,5677
11,5678
19,5679
11,5680
18,5681
8,5682
22,5683
20,5684
27,5685
1,5686
19,5687
18,5688
21,5689
9,5690
19,5691
11,5692
22,5693
19,5694
17,5695
25,5696
9,5697
9,5698
4,5699
29,5700
5,5701
14,5702
22,5703
22,5704
5,5705
6,5706
16,5707
9,5708
17,5709
1,5710
19,5711
6,5712
23,5713
3,5714
29,5715
19,5716
9,5717
22,5718
25,5719
18,5720
4,5721
12,5722
3,5723
8,5724
26,5725
13,5726
8,5727
0,5728
26,5729
1,5730
15,5731
3,5732
14,5733
20,5734
3,5735
9,5736
23,5737
4,5738
29,5739
7,5740
24,5741
11,5742
23,5743
23,5744
20,5745
5,5746
18,5747
18,5748
23,5749
15,5750
19,5751
12,5752
3,5753
17,5754
12,5755
15,5756
12,5757
29,5758
12,5759
16,5760
26,5761
18,5762
28,5763
29,5764
14,5765
0,5766
6,5767
19,5768
27,5769
28,5770
23,5771
11,5772
8,5773
11,5774
17,5775
26,5776
11,5777
22,5778
9,5779
13,5780
26,5781
10,5782
18,5783
8,5784
10,5785
2,5786
26,5787
0,5788
4,5789
17,5790
29,5791
12,5792
15,5793
13,5794
19,5795
26,5796
4,5797
11,5798
25,5799
13,5800
25,5801
24,5802
5,5803
25,5804
15,5805
20,5806
5,5807
25,5808
4,5809
25,5810
11,5811
14,5812
12,5813
9,5814
7,5815
12,5816
12,5817
6,5818
1,5819
27,5820
25,5821
16,5822
9,5823
7,5824
20,5825
9,5826
13,5827
26,5828
9,5829
25,5830
21,5831
5,5832
16,5833
4,5834
25,5835
7,5836
17,5837
20,5838
20,5839
2,5840
13,5841
16,5842
23,5843
11,5844
13,5845
7,5846
23,5847
28,5848
15,5849
27,5850
7,5851
24,5852
15,5853
19,5854
12,5855
4,5856
18,5857
22,5858
28,5859
26,5860
18,5861
17,5862
19,5863
26,5864
7,5865
26,5866
8,5867
8,5868
2,5869
13,5870
7,5871
17,5872
4,5873
14,5874
6,5875
12,5876
11,5877
7,5878
23,5879
25,5880
6,5881
21,5882
17,5883
27,5884
15,5885
29,5886
19,5887
9,5888
17,5889
9,5890
27,5891
13,5892
23,5893
6,5894
8,5895
13,5896
12,5897
3,5898
10,5899
4,5900
4,5901
3,5902
16,5903
0,5904
12,5905
19,5906
5,5907
29,5908
10,5909
25,5910
14,5911
16,5912
8,5913
0,5914
11,5915
15,5916
13,5917
12,5918
14,5919
2,5920
17,5921
3,5922
4,5923
15,5924
19,5925
23,5926
6,5927
20,5928
25,5929
24,5930
2,5931
5,5932
9,5933
10,5934
11,5935
1,5936
9,5937
13,5938
3,5939
15,5940
3,5941
26,5942
9,5943
18,5944
4,5945
6,5946
27,5947
14,5948
22,5949
7,5950
29,5951
6,5952
29,5953
24,5954
21,5955
28,5956
27,5957
6,5958
11,5959
8,5960
1,5961
18,5962
0,5963
26,5964
27,5965
10,5966
0,5967
9,5968
1,5969
27,5970
11,5971
5,5972
29,5973
9,5974
29,5975
25,5976
23,5977
15,5978
18,5979
21,5980
24,5981
5,5982
26,5983
4,5984
29,5985
2,5986
19,5987
27,5988
17,5989
5,5990
6,5991
0,5992
22,5993
6,5994
11,5995
19,5996
0,5997
12,5998
1,5999
27,6000
20,6001
6,6002
16,6003
26,6004
22,6005
14,6006
25,6007
11,6008
10,6009
22,6010
19,6011
17,6012
17,6013
12,6014
10,6015
6,6016
4,6017
19,6018
24,6019
28,6020
17,6021
5,6022
22,6023
18,6024
12,6025
6,6026
9,6027
0,6028
26,6029
25,6030
28,6031
28,6032
24,6033
28,6034
27,6035
0,6036
4,6037
7,6038
23,6039
19,6040
4,6041
25,6042
15,6043
3,6044
16,6045
22,6046
26,6047
6,6048
19,6049
14,6050
22,6051
17,6052
10,6053
3,6054
22,6055
21,6056
19,6057
24,6058
25,6059
25,6060
24,6061
2,6062
13,6063
0,6064
19,6065
23,6066
11,6067
4,6068
18,6069
26,6070
8,6071
16,6072
10,6073
20,6074
3,6075
4,6076
4,6077
27,6078
10,6079
27,6080
8,6081
3,6082
23,6083
12,6084
7,6085
7,6086
21,6087
8,6088
9,6089
18,6090
12,6091
4,6092
24,6093
17,6094
29,6095
2,6096
20,6097
24,6098
4,6099
26,6100
18,6101
5,6102
24,6103
8,6104
17,6105
15,6106
15,6107
28,6108
26,6109
12,6110
14,6111
28,6112
11,6113
24,6114
14,6115
1,6116
10,6117
28,6118
28,6119
17,6120
26,6121
15,6122
25,6123
10,6124
23,6125
10,6126
25,6127
3,6128
27,6129
7,6130
22,6131
2,6132
12,6133
18,6134
7,6135
18,6136
20,6137
26,6138
20,6139
8,6140
17,6141
27,6142
20,6143
5,6144
10,6145
8,6146
15,6147
24,6148
13,6149
15,6150
10,6151
7,6152
6,6153
22,6154
21,6155
1,6156
25,6157
26,6158
1,6159
13,6160
16,6161
24,6162
8,6163
6,6164
0,6165
14,6166
28,6167
27,6168
18,6169
5,6170
1,6171
24,6172
19,6173
8,6174
3,6175
4,6176
20,6177
4,6178
11,6179
27,6180
12,6181
13,6182
9,6183
27,6184
25,6185
23,6186
17,6187
3,6188
6,6189
26,6190
14,6191
25,6192
24,6193
14,6194
8,6195
13,6196
11,6197
2,6198
4,6199
21,6200
29,6201
26,6202
1,6203
8,6204
18,6205
27,6206
10,6207
7,6208
16,6209
19,6210
4,6211
13,6212
20,6213
20,6214
9,6215
2,6216
14,6217
29,6218
13,6219
24,6220
0,6221
25,6222
2,6223
6,6224
27,6225
19,6226
23,6227
20,6228
22,6229
26,6230
22,6231
3,6232
7,6233
11,6234
5,6235
17,6236
12,6237
16,6238
15,6239
9,6240
6,6241
18,6242
29,6243
14,6244
27,6245
22,6246
17,6247
4,6248
14,6249
11,6250
11,6251
26,6252
16,6253
28,6254
27,6255
29,6256
21,6257
22,6258
3,6259
10,6260
12,6261
27,6262
21,6263
20,6264
12,6265
21,6266
3,6267
5,6268
6,6269
6,6270
15,6271
23,6272
8,6273
24,6274
16,6275
1,6276
27,6277
2,6278
10,6279
6,6280
7,6281
16,6282
3,6283
13,6284
8,6285
16,6286
1,6287
2,6288
9,6289
2,6290
7,6291
7,6292
22,6293
1,6294
12,6295
3,6296
21,6297
18,6298
15,6299
23,6300
9,6301
22,6302
25,6303
29,6304
3,6305
25,6306
17,6307
15,6308
25,6309
10,6310
16,6311
13,6312
9,6313
24,6314
13,6315
16,6316
6,6317
27,6318
8,6319
11,6320
15,6321
6,6322
26,6323
4,6324
23,6325
12,6326
18,6327
21,6328
0,6329
14,6330
7,6331
13,6332
20,6333
25,6334
21,6335
6,6336
17,6337
26,6338
24,6339
22,6340
28,6341
12,6342
12,6343
27,6344
19,6345
10,6346
17,6347
12,6348
26,6349
9,6350
14,6351
0,6352
9,6353
20,6354
7,6355
10,6356
1,6357
19,6358
1,6359
27,6360
10,6361
4,6362
6,6363
24,6364
16,6365
2,6366
8,6367
24,6368
27,6369
22,6370
11,6371
21,6372
1,6373
21,6374
12,6375
11,6376
14,6377
29,6378
23,6379
0,6380
8,6381
18,6382
6,6383
1,6384
13,6385
25,6386
10,6387
9,6388
4,6389
23,6390
3,6391
23,6392
8,6393
20,6394
18,6395
20,6396
9,6397
6,6398
15,6399
6,6400
8,6401
0,6402
16,6403
27,6404
24,6405
24,6406
9,6407
28,6408
1,6409
24,6410
21,6411
19,6412
9,6413
2,6414
7,6415
11,6416
17,6417
10,6418
28,6419
9,6420
10,6421
26,6422
16,6423
1,6424
9,6425
17,6426
28,6427
12,6428
6,6429
21,6430
21,6431
22,6432
6,6433
7,6434
5,6435
27,6436
15,6437
5,6438
7,6439
27,6440
25,6441
24,6442
9,6443
8,6444
16,6445
17,6446
6,6447
23,6448
6,6449
20,6450
2,6451
14,6452
28,6453
6,6454
16,6455
28,6456
15,6457
7,6458
0,6459
9,6460
19,6461
18,6462
9,6463
18,6464
22,6465
28,6466
22,6467
25,6468
23,6469
10,6470
2,6471
24,6472
2,6473
5,6474
0,6475
18,6476
10,6477
10,6478
9,6479
20,6480
15,6481
11,6482
3,6483
28,6484
16,6485
6,6486
13,6487
23,6488
7,6489
8,6490
13,6491
10,6492
20,6493
0,6494
27,6495
18,6496
18,6497
15,6498
8,6499
5,6500
28,6501
16,6502
19,6503
19,6504
17,6505
1,6506
6,6507
16,6508
1,6509
26,6510
15,6511
13,6512
2,6513
22,6514
27,6515
11,6516
9,6517
0,6518
26,6519
25,6520
12,6521
16,6522
6,6523
9,6524
18,6525
23,6526
21,6527
2,6528
6,6529
25,6530
7,6531
10,6532
21,6533
7,6534
13,6535
3,6536
17,6537
21,6538
5,6539
10,6540
5,6541
23,6542
26,6543
6,6544
13,6545
17,6546
6,6547
6,6548
13,6549
7,6550
6,6551
19,6552
24,6553
3,6554
18,6555
14,6556
21,6557
28,6558
6,6559
2,6560
1,6561
15,6562
18,6563
23,6564
24,6565
11,6566
26,6567
29,6568
12,6569
12,6570
10,6571
18,6572
8,6573
21,6574
6,6575
15,6576
29,6577
19,6578
3,6579
20,6580
4,6581
18,6582
11,6583
9,6584
17,6585
16,6586
18,6587
21,6588
4,6589
20,6590
6,6591
13,6592
15,6593
13,6594
17,6595
13,6596
27,6597
27,6598
10,6599
4,6600
5,6601
16,6602
18,6603
3,6604
19,6605
9,6606
1,6607
0,6608
21,6609
18,6610
0,6611
28,6612
10,6613
23,6614
21,6615
21,6616
15,6617
28,6618
5,6619
3,6620
10,6621
13,6622
22,6623
10,6624
24,6625
13,6626
5,6627
5,6628
28,6629
2,6630
14,6631
19,6632
5,6633
16,6634
2,6635
0,6636
13,6637
10,6638
22,6639
2,6640
27,6641
9,6642
15,6643
10,6644
9,6645
19,6646
8,6647
4,6648
6,6649
21,6650
28,6651
13,6652
19,6653
8,6654
22,6655
26,6656
8,6657
12,6658
13,6659
11,6660
1,6661
23,6662
17,6663
22,6664
15,6665
6,6666
27,6667
17,6668
11,6669
19,6670
4,6671
19,6672
28,6673
17,6674
14,6675
26,6676
19,6677
28,6678
7,6679
27,6680
25,6681
25,6682
18,6683
25,6684
28,6685
3,6686
19,6687
11,6688
24,6689
21,6690
17,6691
25,6692
22,6693
28,6694
15,6695
25,6696
2,6697
4,6698
17,6699
5,6700
19,6701
9,6702
17,6703
9,6704
27,6705
28,6706
13,6707
11,6708
19,6709
9,6710
6,6711
11,6712
8,6713
26,6714
9,6715
13,6716
6,6717
22,6718
1,6719
25,6720
13,6721
17,6722
9,6723
25,6724
16,6725
28,6726
4,6727
19,6728
29,6729
5,6730
10,6731
25,6732
6,6733
14,6734
3,6735
16,6736
10,6737
29,6738
6,6739
29,6740
29,6741
17,6742
16,6743
0,6744
2,6745
22,6746
26,6747
16,6748
29,6749
27,6750
15,6751
13,6752
1,6753
22,6754
22,6755
19,6756
25,6757
3,6758
12,6759
26,6760
3,6761
19,6762
8,6763
23,6764
19,6765
1,6766
25,6767
22,6768
24,6769
27,6770
11,6771
22,6772
23,6773
2,6774
21,6775
7,6776
29,6777
28,6778
17,6779
27,6780
18,6781
15,6782
26,6783
12,6784
24,6785
15,6786
13,6787
0,6788
26,6789
20,6790
1,6791
0,6792
3,6793
15,6794
17,6795
2,6796
18,6797
18,6798
4,6799
14,6800
28,6801
5,6802
7,6803
12,6804
10,6805
6,6806
11,6807
15,6808
22,6809
28,6810
1,6811
9,6812
24,6813
16,6814
14,6815
4,6816
9,6817
2,6818
11,6819
22,6820
16,6821
2,6822
17,6823
24,6824
16,6825
8,6826
26,6827
13,6828
7,6829
26,6830
23,6831
3,6832
19,6833
21,6834
6,6835
28,6836
25,6837
11,6838
27,6839
10,6840
16,6841
9,6842
2,6843
18,6844
17,6845
6,6846
7,6847
6,6848
23,6849
2,6850
1,6851
20,6852
18,6853
24,6854
24,6855
13,6856
2,6857
24,6858
10,6859
27,6860
13,6861
13,6862
1,6863
22,6864
1,6865
29,6866
27,6867
19,6868
22,6869
25,6870
15,6871
20,6872
4,6873
21,6874
25,6875
1,6876
3,6877
29,6878
13,6879
6,6880
15,6881
29,6882
13,6883
28,6884
9,6885
3,6886
20,6887
3,6888
16,6889
1,6890
9,6891
28,6892
9,6893
17,6894
16,6895
9,6896
18,6897
14,6898
6,6899
22,6900
6,6901
22,6902
0,6903
21,6904
12,6905
0,6906
16,6907
24,6908
9,6909
3,6910
15,6911
24,6912
3,6913
4,6914
19,6915
10,6916
28,6917
29,6918
29,6919
19,6920
27,6921
9,6922
11,6923
14,6924
12,6925
10,6926
16,6927
12,6928
12,6929
25,6930
28,6931
5,6932
19,6933
21,6934
23,6935
3,6936
28,6937
9,6938
1,6939
29,6940
0,6941
27,6942
1,6943
11,6944
9,6945
13,6946
1,6947
15,6948
24,6949
25,6950
29,6951
23,6952
7,6953
24,6954
20,6955
29,6956
9,6957
10,6958
24,6959
4,6960
29,6961
11,6962
6,6963
15,6964
29,6965
5,6966
28,6967
27,6968
25,6969
12,6970
6,6971
23,6972
27,6973
17,6974
23,6975
10,6976
28,6977
20,6978
17,6979
11,6980
2,6981
10,6982
10,6983
3,6984
3,6985
7,6986
2,6987
14,6988
29,6989
29,6990
10,6991
1,6992
10,6993
19,6994
13,6995
3,6996
16,6997
20,6998
3,6999
15,7000
22,7001
24,7002
19,7003
21,7004
4,7005
17,7006
14,7007
4,7008
26,7009
0,7010
26,7011
18,7012
14,7013
25,7014
1,7015
9,7016
14,7017
9,7018
16,7019
25,7020
28,7021
3,7022
7,7023
9,7024
9,7025
22,7026
2,7027
21,7028
7,7029
9,7030
23,7031
20,7032
13,7033
14,7034
3,7035
18,7036
26,7037
15,7038
3,7039
3,7040
18,7041
22,7042
10,7043
20,7044
1,7045
10,7046
7,7047
29,7048
14,7049
16,7050
21,7051
4,7052
27,7053
16,7054
8,7055
2,7056
21,7057
8,7058
15,7059
16,7060
15,7061
3,7062
22,7063
12,7064
10,7065
21,7066
5,7067
20,7068
10,7069
21,7070
18,7071
25,7072
26,7073
11,7074
12,7075
25,7076
20,7077
15,7078
28,7079
1,7080
28,7081
19,7082
28,7083
21,7084
22,7085
27,7086
9,7087
22,7088
14,7089
11,7090
21,7091
29,7092
5,7093
23,7094
16,7095
9,7096
3,7097
28,7098
12,7099
22,7100
7,7101
3,7102
20,7103
3,7104
0,7105
2,7106
9,7107
20,7108
14,7109
16,7110
4,7111
4,7112
17,7113
14,7114
25,7115
19,7116
9,7117
28,7118
14,7119
10,7120
23,7121
8,7122
1,7123
27,7124
14,7125
29,7126
14,7127
29,7128
4,7129
2,7130
19,7131
13,7132
29,7133
20,7134
10,7135
25,7136
11,7137
22,7138
11,7139
20,7140
20,7141
24,7142
18,7143
0,7144
22,7145
16,7146
18,7147
11,7148
9,7149
0,7150
16,7151
16,7152
29,7153
7,7154
21,7155
29,7156
12,7157
19,7158
8,7159
29,7160
24,7161
18,7162
5,7163
27,7164
29,7165
10,7166
14,7167
24,7168
4,7169
26,7170
24,7171
25,7172
16,7173
20,7174
1,7175
4,7176
21,7177
18,7178
14,7179
10,7180
19,7181
21,7182
4,7183
12,7184
18,7185
15,7186
0,7187
2,7188
20,7189
4,7190
24,7191
9,7192
8,7193
7,7194
14,7195
11,7196
17,7197
22,7198
0,7199
23,7200
11,7201
2,7202
9,7203
18,7204
5,7205
9,7206
1,7207
9,7208
2,7209
9,7210
2,7211
7,7212
26,7213
2,7214
1,7215
13,7216
9,7217
13,7218
21,7219
7,7220
9,7221
10,7222
15,7223
18,7224
28,7225
19,7226
11,7227
8,7228
8,7229
27,7230
2,7231
11,7232
19,7233
16,7234
25,7235
15,7236
3,7237
26,7238
17,7239
14,7240
17,7241
9,7242
19,7243
13,7244
21,7245
11,7246
14,7247
10,7248
8,7249
26,7250
13,7251
12,7252
22,7253
10,7254
11,7255
11,7256
23,7257
9,7258
23,7259
10,7260
0,7261
12,7262
10,7263
12,7264
17,7265
15,7266
0,7267
10,7268
20,7269
20,7270
26,7271
13,7272
20,7273
9,7274
25,7275
11,7276
29,7277
16,7278
20,7279
3,7280
16,7281
1,7282
28,7283
14,7284
27,7285
25,7286
10,7287
25,7288
6,7289
0,7290
22,7291
11,7292
20,7293
27,7294
10,7295
28,7296
25,7297
18,7298
24,7299
0,7300
5,7301
11,7302
20,7303
10,7304
1,7305
28,7306
14,7307
29,7308
5,7309
7,7310
4,7311
8,7312
0,7313
25,7314
19,7315
27,7316
28,7317
18,7318
2,7319
15,7320
13,7321
1,7322
16,7323
9,7324
28,7325
0,7326
9,7327
23,7328
13,7329
12,7330
16,7331
5,7332
27,7333
10,7334
26,7335
5,7336
9,7337
8,7338
22,7339
11,7340
10,7341
4,7342
7,7343
10,7344
5,7345
23,7346
13,7347
17,7348
9,7349
27,7350
6,7351
19,7352
8,7353
24,7354
29,7355
25,7356
13,7357
12,7358
22,7359
25,7360
27,7361
9,7362
15,7363
15,7364
13,7365
19,7366
0,7367
24,7368
7,7369
9,7370
29,7371
15,7372
10,7373
22,7374
22,7375
21,7376
26,7377
28,7378
6,7379
2,7380
19,7381
2,7382
15,7383
13,7384
11,7385
8,7386
7,7387
28,7388
15,7389
14,7390
29,7391
18,7392
3,7393
5,7394
10,7395
29,7396
28,7397
24,7398
14,7399
24,7400
20,7401
6,7402
8,7403
25,7404
24,7405
13,7406
2,7407
28,7408
1,7409
11,7410
29,7411
13,7412
25,7413
5,7414
9,7415
11,7416
20,7417
12,7418
2,7419
26,7420
17,7421
22,7422
7,7423
18,7424
14,7425
14,7426
0,7427
17,7428
15,7429
7,7430
4,7431
1,7432
4,7433
10,7434
17,7435
21,7436
28,7437
17,7438
11,7439
23,7440
12,7441
21,7442
28,7443
19,7444
16,7445
16,7446
13,7447
7,7448
12,7449
9,7450
3,7451
14,7452
23,7453
22,7454
7,7455
16,7456
13,7457
5,7458
3,7459
2,7460
29,7461
19,7462
17,7463
29,7464
18,7465
11,7466
13,7467
25,7468
20,7469
10,7470
12,7471
11,7472
5,7473
8,7474
28,7475
25,7476
23,7477
3,7478
25,7479
23,7480
16,7481
24,7482
2,7483
13,7484
5,7485
27,7486
13,7487
13,7488
16,7489
8,7490
27,7491
21,7492
23,7493
12,7494
29,7495
5,7496
19,7497
20,7498
8,7499
16,7500
1,7501
27,7502
15,7503
3,7504
27,7505
11,7506
14,7507
25,7508
17,7509
15,7510
0,7511
2,7512
1,7513
15,7514
16,7515
7,7516
8,7517
3,7518
13,7519
21,7520
17,7521
3,7522
25,7523
22,7524
7,7525
11,7526
16,7527
5,7528
18,7529
13,7530
19,7531
17,7532
2,7533
22,7534
12,7535
11,7536
27,7537
3,7538
17,7539
6,7540
10,7541
4,7542
17,7543
27,7544
18,7545
8,7546
11,7547
8,7548
24,7549
18,7550
13,7551
18,7552
3,7553
14,7554
7,7555
27,7556
6,7557
18,7558
14,7559
13,7560
23,7561
11,7562
3,7563
25,7564
20,7565
16,7566
9,7567
1,7568
26,7569
26,7570
0,7571
27,7572
29,7573
24,7574
26,7575
9,7576
16,7577
0,7578
3,7579
21,7580
22,7581
22,7582
22,7583
7,7584
28,7585
26,7586
3,7587
10,7588
14,7589
12,7590
4,7591
26,7592
11,7593
5,7594
0,7595
6,7596
13,7597
16,7598
13,7599
24,7600
19,7601
23,7602
16,7603
27,7604
18,7605
25,7606
27,7607
9,7608
28,7609
20,7610
19,7611
25,7612
4,7613
6,7614
5,7615
23,7616
10,7617
8,7618
25,7619
3,7620
29,7621
1,7622
3,7623
9,7624
9,7625
22,7626
29,7627
11,7628
12,7629
21,7630
1,7631
18,7632
2,7633
6,7634
5,7635
12,7636
22,7637
13,7638
2,7639
27,7640
22,7641
14,7642
15,7643
5,7644
29,7645
5,7646
21,7647
25,7648
27,7649
11,7650
27,7651
7,7652
1,7653
6,7654
23,7655
4,7656
19,7657
14,7658
11,7659
19,7660
2,7661
13,7662
7,7663
4,7664
20,7665
15,7666
5,7667
1,7668
16,7669
2,7670
6,7671
3,7672
1,7673
25,7674
2,7675
15,7676
5,7677
1,7678
7,7679
7,7680
15,7681
25,7682
6,7683
27,7684
9,7685
18,7686
9,7687
13,7688
10,7689
15,7690
0,7691
23,7692
25,7693
2,7694
10,7695
19,7696
28,7697
17,7698
7,7699
19,7700
28,7701
7,7702
20,7703
4,7704
22,7705
24,7706
11,7707
4,7708
17,7709
3,7710
4,7711
2,7712
26,7713
3,7714
6,7715
16,7716
10,7717
27,7718
25,7719
3,7720
28,7721
15,7722
6,7723
15,7724
21,7725
27,7726
5,7727
16,7728
19,7729
21,7730
24,7731
7,7732
2,7733
22,7734
18,7735
4,7736
12,7737
11,7738
21,7739
2,7740
9,7741
21,7742
1,7743
19,7744
26,7745
20,7746
24,7747
16,7748
19,7749
11,7750
27,7751
1,7752
26,7753
26,7754
5,7755
8,7756
14,7757
14,7758
23,7759
5,7760
12,7761
22,7762
13,7763
6,7764
24,7765
20,7766
6,7767
18,7768
17,7769
25,7770
7,7771
4,7772
8,7773
2,7774
5,7775
19,7776
23,7777
8,7778
5,7779
23,7780
23,7781
24,7782
1,7783
2,7784
28,7785
26,7786
12,7787
12,7788
8,7789
24,7790
14,7791
22,7792
0,7793
22,7794
16,7795
22,7796
11,7797
1,7798
0,7799
22,7800
15,7801
19,7802
10,7803
1,7804
13,7805
13,7806
21,7807
15,7808
5,7809
16,7810
9,7811
9,7812
27,7813
2,7814
23,7815
8,7816
28,7817
20,7818
24,7819
24,7820
9,7821
25,7822
12,7823
25,7824
8,7825
3,7826
14,7827
20,7828
1,7829
6,7830
7,7831
13,7832
16,7833
20,7834
9,7835
19,7836
8,7837
22,7838
16,7839
0,7840
12,7841
12,7842
2,7843
14,7844
12,7845
16,7846
22,7847
6,7848
9,7849
15,7850
10,7851
27,7852
4,7853
24,7854
7,7855
21,7856
15,7857
25,7858
1,7859
24,7860
20,7861
10,7862
24,7863
24,7864
17,7865
8,7866
12,7867
13,7868
18,7869
1,7870
22,7871
0,7872
11,7873
5,7874
26,7875
3,7876
26,7877
2,7878
3,7879
9,7880
7,7881
5,7882
2,7883
2,7884
27,7885
0,7886
19,7887
24,7888
28,7889
15,7890
22,7891
14,7892
2,7893
1,7894
6,7895
0,7896
18,7897
3,7898
7,7899
28,7900
13,7901
26,7902
26,7903
18,7904
16,7905
18,7906
3,7907
9,7908
3,7909
24,7910
0,7911
12,7912
13,7913
17,7914
27,7915
24,7916
11,7917
23,7918
27,7919
15,7920
4,7921
25,7922
4,7923
8,7924
6,7925
10,7926
12,7927
14,7928
16,7929
24,7930
2,7931
26,7932
26,7933
12,7934
17,7935
6,7936
27,7937
3,7938
0,7939
20,7940
19,7941
10,7942
28,7943
6,7944
15,7945
16,7946
19,7947
14,7948
23,7949
11,7950
19,7951
3,7952
1,7953
5,7954
8,7955
13,7956
28,7957
3,7958
22,7959
1,7960
3,7961
9,7962
3,7963
0,7964
29,7965
5,7966
4,7967
18,7968
24,7969
15,7970
23,7971
19,7972
4,7973
10,7974
24,7975
6,7976
9,7977
7,7978
29,7979
6,7980
14,7981
17,7982
2,7983
7,7984
29,7985
4,7986
29,7987
12,7988
3,7989
11,7990
22,7991
7,7992
22,7993
3,7994
23,7995
14,7996
26,7997
6,7998
21,7999
3,8000
26,8001
24,8002
28,8003
15,8004
19,8005
2,8006
20,8007
9,8008
12,8009
15,8010
7,8011
7,8012
29,8013
26,8014
9,8015
16,8016
21,8017
21,8018
3,8019
6,8020
29,8021
26,8022
1,8023
20,8024
18,8025
28,8026
23,8027
19,8028
19,8029
10,8030
11,8031
25,8032
27,8033
4,8034
29,8035
19,8036
23,8037
23,8038
6,8039
16,8040
13,8041
2,8042
17,8043
17,8044
21,8045
12,8046
19,8047
1,8048
17,8049
10,8050
13,8051
5,8052
4,8053
27,8054
1,8055
21,8056
2,8057
22,8058
11,8059
16,8060
1,8061
14,8062
2,8063
14,8064
28,8065
11,8066
12,8067
10,8068
3,8069
25,8070
9,8071
12,8072
18,8073
17,8074
13,8075
2,8076
9,8077
23,8078
4,8079
0,8080
12,8081
4,8082
27,8083
5,8084
21,8085
23,8086
16,8087
2,8088
28,8089
25,8090
14,8091
20,8092
19,8093
20,8094
10,8095
14,8096
7,8097
4,8098
14,8099
11,8100
16,8101
10,8102
23,8103
24,8104
29,8105
17,8106
2,8107
18,8108
0,8109
21,8110
1,8111
19,8112
7,8113
6,8114
29,8115
21,8116
17,8117
9,8118
9,8119
18,8120
19,8121
8,8122
18,8123
14,8124
19,8125
7,8126
26,8127
28,8128
25,8129
0,8130
1,8131
19,8132
24,8133
23,8134
6,8135
7,8136
23,8137
1,8138
11,8139
17,8140
1,8141
17,8142
16,8143
2,8144
15,8145
23,8146
23,8147
20,8148
23,8149
21,8150
0,8151
11,8152
15,8153
12,8154
2,8155
2,8156
5,8157
13,8158
29,8159
7,8160
10,8161
10,8162
15,8163
28,8164
7,8165
22,8166
21,8167
27,8168
23,8169
5,8170
7,8171
27,8172
26,8173
15,8174
24,8175
24,8176
11,8177
18,8178
15,8179
5,8180
6,8181
3,8182
19,8183
16,8184
29,8185
9,8186
4,8187
27,8188
14,8189
19,8190
29,8191
19,8192
0,8193
2,8194
27,8195
19,8196
28,8197
27,8198
28,8199
9,8200
6,8201
16,8202
12,8203
26,8204
26,8205
19,8206
0,8207
11,8208
24,8209
10,8210
8,8211
12,8212
29,8213
28,8214
3,8215
19,8216
20,8217
2,8218
9,8219
11,8220
14,8221
1,8222
0,8223
19,8224
1,8225
11,8226
14,8227
0,8228
8,8229
3,8230
28,8231
11,8232
23,8233
0,8234
20,8235
23,8236
8,8237
7,8238
26,8239
12,8240
0,8241
12,8242
17,8243
0,8244
22,8245
21,8246
9,8247
9,8248
15,8249
20,8250
0,8251
21,8252
7,8253
27,8254
4,8255
12,8256
25,8257
20,8258
23,8259
14,8260
3,8261
6,8262
16,8263
0,8264
1,8265
2,8266
12,8267
12,8268
19,8269
18,8270
19,8271
16,8272
4,8273
28,8274
5,8275
17,8276
25,8277
23,8278
24,8279
10,8280
12,8281
12,8282
29,8283
17,8284
16,8285
20,8286
28,8287
25,8288
26,8289
20,8290
3,8291
13,8292
0,8293
10,8294
4,8295
20,8296
2,8297
2,8298
24,8299
24,8300
12,8301
11,8302
0,8303
28,8304
22,8305
27,8306
20,8307
21,8308
14,8309
19,8310
7,8311
25,8312
2,8313
21,8314
28,8315
3,8316
16,8317
12,8318
3,8319
19,8320
13,8321
23,8322
14,8323
26,8324
23,8325
14,8326
11,8327
21,8328
10,8329
19,8330
6,8331
3,8332
0,8333
8,8334
11,8335
7,8336
14,8337
1,8338
16,8339
11,8340
11,8341
15,8342
18,8343
13,8344
14,8345
7,8346
18,8347
13,8348
11,8349
27,8350
12,8351
14,8352
3,8353
19,8354
17,8355
9,8356
19,8357
11,8358
18,8359
29,8360
2,8361
27,8362
3,8363
2,8364
23,8365
17,8366
2,8367
21,8368
7,8369
14,8370
18,8371
3,8372
23,8373
10,8374
3,8375
13,8376
8,8377
19,8378
0,8379
16,8380
14,8381
22,8382
8,8383
25,8384
13,8385
8,8386
8,8387
6,8388
28,8389
17,8390
1,8391
18,8392
28,8393
17,8394
18,8395
20,8396
1,8397
5,8398
4,8399
3,8400
25,8401
26,8402
10,8403
2,8404
13,8405
9,8406
0,8407
12,8408
24,8409
0,8410
6,8411
23,8412
2,8413
24,8414
17,8415
4,8416
6,8417
18,8418
19,8419
24,8420
13,8421
23,8422
22,8423
1,8424
4,8425
3,8426
9,8427
17,8428
15,8429
26,8430
10,8431
2,8432
22,8433
18,8434
7,8435
12,8436
3,8437
16,8438
16,8439
26,8440
23,8441
16,8442
8,8443
23,8444
2,8445
23,8446
9,8447
23,8448
2,8449
21,8450
8,8451
29,8452
5,8453
9,8454
4,8455
15,8456
23,8457
26,8458
17,8459
10,8460
12,8461
20,8462
29,8463
5,8464
8,8465
9,8466
1,8467
10,8468
23,8469
7,8470
18,8471
27,8472
20,8473
19,8474
6,8475
16,8476
14,8477
27,8478
6,8479
21,8480
21,8481
4,8482
23,8483
24,8484
10,8485
5,8486
14,8487
22,8488
12,8489
9,8490
12,8491
2,8492
20,8493
29,8494
12,8495
3,8496
27,8497
23,8498
23,8499
27,8500
4,8501
26,8502
14,8503
29,8504
5,8505
3,8506
19,8507
9,8508
10,8509
1,8510
9,8511
3,8512
9,8513
14,8514
1,8515
20,8516
15,8517
26,8518
19,8519
5,8520
6,8521
29,8522
27,8523
3,8524
13,8525
24,8526
0,8527
24,8528
16,8529
21,8530
13,8531
26,8532
23,8533
15,8534
16,8535
22,8536
6,8537
6,8538
1,8539
10,8540
28,8541
27,8542
15,8543
20,8544
1,8545
19,8546
16,8547
14,8548
24,8549
16,8550
6,8551
22,8552
5,8553
6,8554
13,8555
27,8556
3,8557
17,8558
29,8559
14,8560
21,8561
0,8562
28,8563
7,8564
10,8565
20,8566
17,8567
20,8568
22,8569
20,8570
26,8571
20,8572
7,8573
5,8574
23,8575
25,8576
28,8577
4,8578
24,8579
18,8580
8,8581
27,8582
4,8583
0,8584
23,8585
14,8586
21,8587
22,8588
6,8589
11,8590
8,8591
9,8592
17,8593
29,8594
23,8595
29,8596
22,8597
5,8598
28,8599
11,8600
1,8601
26,8602
18,8603
26,8604
12,8605
13,8606
27,8607
19,8608
13,8609
11,8610
28,8611
2,8612
21,8613
24,8614
24,8615
17,8616
23,8617
24,8618
7,8619
23,8620
25,8621
11,8622
18,8623
25,8624
26,8625
20,8626
21,8627
14,8628
10,8629
7,8630
29,8631
10,8632
15,8633
10,8634
23,8635
11,8636
28,8637
24,8638
26,8639
17,8640
29,8641
11,8642
0,8643
5,8644
4,8645
9,8646
26,8647
17,8648
22,8649
6,8650
29,8651
12,8652
6,8653
3,8654
5,8655
19,8656
6,8657
15,8658
8,8659
11,8660
20,8661
11,8662
14,8663
16,8664
12,8665
25,8666
7,8667
16,8668
17,8669
4,8670
14,8671
27,8672
14,8673
21,8674
28,8675
2,8676
6,8677
1,8678
23,8679
17,8680
11,8681
11,8682
22,8683
5,8684
23,8685
27,8686
10,8687
3,8688
22,8689
25,8690
3,8691
7,8692
25,8693
19,8694
27,8695
20,8696
8,8697
6,8698
0,8699
24,8700
11,8701
11,8702
12,8703
0,8704
5,8705
17,8706
9,8707
10,8708
4,8709
8,8710
3,8711
4,8712
0,8713
24,8714
20,8715
11,8716
2,8717
17,8718
23,8719
8,8720
15,8721
25,8722
0,8723
13,8724
10,8725
17,8726
6,8727
9,8728
18,8729
16,8730
28,8731
28,8732
12,8733
28,8734
16,8735
10,8736
18,8737
27,8738
8,8739
16,8740
20,8741
4,8742
7,8743
20,8744
9,8745
16,8746
19,8747
22,8748
3,8749
26,8750
2,8751
1,8752
15,8753
23,8754
24,8755
21,8756
26,8757
22,8758
13,8759
29,8760
7,8761
4,8762
15,8763
5,8764
27,8765
26,8766
4,8767
14,8768
20,8769
7,8770
27,8771
29,8772
17,8773
2,8774
1,8775
21,8776
12,8777
7,8778
20,8779
26,8780
17,8781
12,8782
16,8783
6,8784
29,8785
18,8786
20,8787
19,8788
3,8789
25,8790
15,8791
26,8792
8,8793
8,8794
20,8795
12,8796
23,8797
26,8798
28,8799
20,8800
3,8801
15,8802
20,8803
14,8804
17,8805
13,8806
27,8807
13,8808
18,8809
7,8810
16,8811
12,8812
5,8813
22,8814
5,8815
9,8816
9,8817
15,8818
18,8819
9,8820
17,8821
15,8822
12,8823
11,8824
26,8825
4,8826
9,8827
16,8828
0,8829
18,8830
23,8831
8,8832
27,8833
12,8834
20,8835
3,8836
17,8837
5,8838
6,8839
29,8840
1,8841
21,8842
26,8843
14,8844
12,8845
19,8846
17,8847
14,8848
5,8849
5,8850
14,8851
19,8852
3,8853
24,8854
20,8855
8,8856
12,8857
10,8858
29,8859
7,8860
6,8861
22,8862
18,8863
4,8864
12,8865
10,8866
10,8867
19,8868
20,8869
15,8870
17,8871
10,8872
19,8873
15,8874
22,8875
21,8876
7,8877
10,8878
6,8879
10,8880
19,8881
24,8882
22,8883
19,8884
23,8885
0,8886
19,8887
16,8888
2,8889
19,8890
14,8891
16,8892
17,8893
12,8894
10,8895
17,8896
26,8897
28,8898
15,8899
0,8900
29,8901
14,8902
5,8903
11,8904
6,8905
1,8906
16,8907
17,8908
16,8909
4,8910
28,8911
17,8912
24,8913
17,8914
26,8915
1,8916
0,8917
6,8918
9,8919
15,8920
1,8921
11,8922
1,8923
9,8924
8,8925
16,8926
11,8927
27,8928
0,8929
0,8930
0,8931
29,8932
28,8933
11,8934
12,8935
18,8936
24,8937
22,8938
8,8939
7,8940
12,8941
5,8942
22,8943
29,8944
13,8945
28,8946
25,8947
12,8948
6,8949
13,8950
16,8951
20,8952
8,8953
3,8954
25,8955
28,8956
13,8957
6,8958
5,8959
29,8960
17,8961
12,8962
12,8963
26,8964
19,8965
23,8966
23,8967
9,8968
19,8969
24,8970
29,8971
4,8972
7,8973
24,8974
14,8975
18,8976
6,8977
4,8978
1,8979
5,8980
4,8981
19,8982
2,8983
12,8984
19,8985
14,8986
11,8987
26,8988
17,8989
7,8990
13,8991
16,8992
14,8993
29,8994
23,8995
10,8996
14,8997
13,8998
25,8999
27,9000
18,9001
5,9002
18,9003
27,9004
6,9005
6,9006
1,9007
14,9008
13,9009
18,9010
4,9011
14,9012
20,9013
14,9014
16,9015
14,9016
3,9017
0,9018
17,9019
4,9020
25,9021
1,9022
18,9023
29,9024
4,9025
23,9026
10,9027
21,9028
14,9029
13,9030
24,9031
25,9032
26,9033
21,9034
9,9035
8,9036
27,9037
18,9038
10,9039
21,9040
18,9041
20,9042
26,9043
6,9044
23,9045
14,9046
8,9047
19,9048
26,9049
0,9050
26,9051
4,9052
4,9053
16,9054
4,9055
5,9056
22,9057
11,9058
16,9059
10,9060
29,9061
15,9062
0,9063
5,9064
9,9065
5,9066
0,9067
1,9068
2,9069
1,9070
6,9071
24,9072
23,9073
19,9074
25,9075
10,9076
6,9077
8,9078
5,9079
0,9080
19,9081
24,9082
20,9083
12,9084
21,9085
10,9086
4,9087
27,9088
22,9089
29,9090
4,9091
27,9092
2,9093
18,9094
26,9095
16,9096
8,9097
3,9098
25,9099
17,9100
2,9101
23,9102
20,9103
19,9104
1,9105
22,9106
9,9107
8,9108
3,9109
13,9110
18,9111
13,9112
0,9113
19,9114
9,9115
3,9116
28,9117
21,9118
22,9119
2,9120
29,9121
25,9122
4,9123
2,9124
3,9125
1,9126
22,9127
23,9128
7,9129
23,9130
21,9131
2,9132
13,9133
19,9134
18,9135
5,9136
26,9137
23,9138
20,9139
18,9140
21,9141
25,9142
10,9143
11,9144
14,9145
17,9146
10,9147
14,9148
19,9149
20,9150
0,9151
8,9152
28,9153
12,9154
25,9155
18,9156
2,9157
24,9158
9,9159
10,9160
13,9161
10,9162
6,9163
13,9164
4,9165
14,9166
17,9167
27,9168
7,9169
21,9170
26,9171
21,9172
22,9173
18,9174
26,9175
24,9176
15,9177
21,9178
13,9179
1,9180
26,9181
5,9182
4,9183
25,9184
11,9185
4,9186
18,9187
10,9188
9,9189
28,9190
2,9191
14,9192
29,9193
15,9194
27,9195
26,9196
9,9197
28,9198
17,9199
23,9200
9,9201
25,9202
22,9203
17,9204
27,9205
22,9206
24,9207
2,9208
22,9209
3,9210
4,9211
16,9212
14,9213
22,9214
20,9215
9,9216
25,9217
11,9218
8,9219
0,9220
4,9221
29,9222
18,9223
27,9224
21,9225
9,9226
18,9227
17,9228
6,9229
11,9230
10,9231
13,9232
20,9233
18,9234
14,9235
6,9236
3,9237
16,9238
28,9239
29,9240
12,9241
11,9242
12,9243
7,9244
8,9245
22,9246
14,9247
28,9248
2,9249
11,9250
10,9251
1,9252
0,9253
22,9254
19,9255
12,9256
19,9257
2,9258
9,9259
14,9260
15,9261
1,9262
5,9263
0,9264
5,9265
28,9266
27,9267
7,9268
6,9269
6,9270
18,9271
8,9272
9,9273
4,9274
12,9275
29,9276
1,9277
3,9278
22,9279
17,9280
2,9281
13,9282
26,9283
9,9284
5,9285
29,9286
18,9287
17,9288
0,9289
26,9290
27,9291
3,9292
12,9293
4,9294
27,9295
12,9296
27,9297
24,9298
26,9299
24,9300
18,9301
27,9302
19,9303
29,9304
25,9305
15,9306
3,9307
25,9308
20,9309
0,9310
10,9311
17,9312
16,9313
22,9314
21,9315
18,9316
9,9317
16,9318
7,9319
12,9320
25,9321
3,9322
1,9323
23,9324
12,9325
6,9326
14,9327
12,9328
5,9329
9,9330
8,9331
27,9332
3,9333
7,9334
10,9335
8,9336
6,9337
3,9338
23,9339
13,9340
14,9341
17,9342
13,9343
21,9344
8,9345
20,9346
17,9347
8,9348
4,9349
3,9350
3,9351
13,9352
3,9353
16,9354
9,9355
20,9356
8,9357
21,9358
29,9359
0,9360
12,9361
22,9362
4,9363
0,9364
17,9365
18,9366
23,9367
15,9368
26,9369
23,9370
2,9371
4,9372
2,9373
19,9374
25,9375
16,9376
2,9377
4,9378
24,9379
23,9380
6,9381
17,9382
21,9383
9,9384
18,9385
1,9386
1,9387
14,9388
3,9389
23,9390
22,9391
21,9392
3,9393
21,9394
11,9395
29,9396
21,9397
12,9398
26,9399
27,9400
17,9401
11,9402
29,9403
17,9404
14,9405
20,9406
14,9407
11,9408
11,9409
18,9410
19,9411
11,9412
24,9413
19,9414
11,9415
25,9416
25,9417
13,9418
7,9419
19,9420
23,9421
19,9422
14,9423
14,9424
11,9425
4,9426
16,9427
13,9428
14,9429
9,9430
12,9431
10,9432
12,9433
9,9434
25,9435
12,9436
18,9437
3,9438
25,9439
20,9440
25,9441
14,9442
16,9443
13,9444
12,9445
29,9446
3,9447
28,9448
21,9449
23,9450
14,9451
21,9452
27,9453
8,9454
11,9455
25,9456
11,9457
28,9458
2,9459
12,9460
27,9461
3,9462
24,9463
0,9464
2,9465
26,9466
6,9467
7,9468
23,9469
21,9470
26,9471
13,9472
11,9473
15,9474
1,9475
23,9476
8,9477
29,9478
12,9479
7,9480
26,9481
5,9482
11,9483
20,9484
19,9485
17,9486
26,9487
19,9488
2,9489
0,9490
13,9491
15,9492
16,9493
16,9494
0,9495
20,9496
24,9497
13,9498
7,9499
11,9500
28,9501
11,9502
5,9503
4,9504
19,9505
19,9506
14,9507
19,9508
4,9509
5,9510
14,9511
26,9512
7,9513
10,9514
17,9515
12,9516
22,9517
29,9518
13,9519
19,9520
18,9521
21,9522
26,9523
15,9524
27,9525
0,9526
25,9527
25,9528
11,9529
5,9530
12,9531
25,9532
17,9533
10,9534
1,9535
0,9536
25,9537
10,9538
20,9539
13,9540
28,9541
21,9542
8,9543
2,9544
14,9545
10,9546
17,9547
19,9548
2,9549
26,9550
18,9551
1,9552
1,9553
23,9554
28,9555
5,9556
28,9557
17,9558
19,9559
21,9560
6,9561
10,9562
6,9563
27,9564
19,9565
11,9566
20,9567
6,9568
24,9569
28,9570
18,9571
20,9572
4,9573
13,9574
18,9575
14,9576
4,9577
10,9578
13,9579
22,9580
24,9581
4,9582
23,9583
25,9584
7,9585
23,9586
19,9587
14,9588
18,9589
3,9590
17,9591
17,9592
6,9593
1,9594
27,9595
9,9596
10,9597
9,9598
28,9599
5,9600
21,9601
24,9602
12,9603
2,9604
17,9605
27,9606
9,9607
24,9608
16,9609
1,9610
9,9611
28,9612
19,9613
20,9614
1,9615
28,9616
14,9617
9,9618
11,9619
28,9620
27,9621
13,9622
4,9623
19,9624
26,9625
3,9626
12,9627
12,9628
7,9629
17,9630
20,9631
16,9632
26,9633
17,9634
13,9635
10,9636
20,9637
8,9638
19,9639
7,9640
13,9641
22,9642
21,9643
0,9644
19,9645
9,9646
18,9647
10,9648
23,9649
15,9650
3,9651
7,9652
4,9653
17,9654
4,9655
0,9656
18,9657
22,9658
29,9659
17,9660
10,9661
15,9662
18,9663
13,9664
22,9665
5,9666
7,9667
26,9668
23,9669
5,9670
24,9671
10,9672
27,9673
24,9674
19,9675
6,9676
0,9677
3,9678
20,9679
11,9680
19,9681
9,9682
27,9683
8,9684
9,9685
6,9686
9,9687
18,9688
8,9689
28,9690
14,9691
19,9692
4,9693
5,9694
24,9695
5,9696
25,9697
13,9698
29,9699
28,9700
24,9701
2,9702
4,9703
27,9704
18,9705
14,9706
3,9707
20,9708
10,9709
20,9710
2,9711
29,9712
23,9713
29,9714
14,9715
28,9716
17,9717
6,9718
21,9719
16,9720
6,9721
11,9722
6,9723
29,9724
0,9725
14,9726
28,9727
21,9728
7,9729
29,9730
20,9731
27,9732
21,9733
22,9734
12,9735
29,9736
11,9737
3,9738
13,9739
8,9740
27,9741
2,9742
0,9743
28,9744
22,9745
13,9746
21,9747
4,9748
25,9749
13,9750
17,9751
15,9752
2,9753
27,9754
6,9755
11,9756
7,9757
20,9758
24,9759
11,9760
25,9761
21,9762
26,9763
3,9764
27,9765
22,9766
27,9767
7,9768
25,9769
13,9770
13,9771
2,9772
20,9773
22,9774
2,9775
28,9776
21,9777
7,9778
8,9779
27,9780
3,9781
14,9782
5,9783
17,9784
28,9785
2,9786
9,9787
26,9788
28,9789
28,9790
13,9791
27,9792
21,9793
25,9794
13,9795
12,9796
22,9797
28,9798
18,9799
25,9800
18,9801
1,9802
21,9803
13,9804
24,9805
28,9806
14,9807
22,9808
15,9809
8,9810
7,9811
8,9812
4,9813
20,9814
2,9815
4,9816
4,9817
12,9818
12,9819
23,9820
10,9821
14,9822
15,9823
23,9824
1,9825
21,9826
4,9827
25,9828
0,9829
2,9830
18,9831
24,9832
23,9833
9,9834
5,9835
9,9836
23,9837
11,9838
12,9839
2,9840
6,9841
15,9842
22,9843
6,9844
13,9845
28,9846
23,9847
13,9848
10,9849
26,9850
19,9851
6,9852
20,9853
28,9854
24,9855
8,9856
26,9857
14,9858
5,9859
23,9860
10,9861
2,9862
6,9863
3,9864
17,9865
1,9866
25,9867
13,9868
18,9869
27,9870
6,9871
6,9872
25,9873
10,9874
7,9875
14,9876
25,9877
12,9878
9,9879
23,9880
3,9881
19,9882
0,9883
18,9884
26,9885
0,9886
29,9887
11,9888
10,9889
27,9890
20,9891
10,9892
26,9893
17,9894
2,9895
27,9896
28,9897
8,9898
16,9899
3,9900
13,9901
18,9902
19,9903
17,9904
18,9905
24,9906
4,9907
27,9908
10,9909
28,9910
23,9911
14,9912
0,9913
12,9914
11,9915
23,9916
17,9917
9,9918
10,9919
9,9920
18,9921
24,9922
28,9923
16,9924
11,9925
15,9926
3,9927
27,9928
11,9929
1,9930
3,9931
15,9932
28,9933
3,9934
5,9935
28,9936
17,9937
22,9938
22,9939
11,9940
11,9941
10,9942
8,9943
10,9944
16,9945
15,9946
29,9947
4,9948
2,9949
13,9950
4,9951
12,9952
14,9953
28,9954
20,9955
14,9956
18,9957
11,9958
15,9959
6,9960
18,9961
9,9962
23,9963
18,9964
25,9965
1,9966
7,9967
27,9968
9,9969
24,9970
19,9971
14,9972
2,9973
24,9974
25,9975
25,9976
11,9977
5,9978
26,9979
0,9980
10,9981
17,9982
27,9983
24,9984
14,9985
0,9986
1,9987
6,9988
7,9989
27,9990
5,9991
13,9992
21,9993
21,9994
19,9995
24,9996
24,9997
27,9998
10,9999
