16,0
12,1
11,2
1,3
11,4
8,5
8,6
17,7
7,8
9,9
13,10
9,11
12,12
16,13
2,14
7,15
7,16
6,17
10,18
9,19
19,20
1,21
5,22
6,23
12,24
10,25
2,26
0,27
18,28
19,29
2,30
14,31
1,32
2,33
7,34
7,35
16,36
12,37
11,38
19,39
11,40
6,41
5,42
17,43
16,44
19,45
19,46
11,47
15,48
4,49
16,50
0,51
7,52
10,53
1,54
17,55
5,56
15,57
8,58
12,59
8,60
9,61
8,62
1,63
19,64
8,65
7,66
4,67
11,68
5,69
2,70
17,71
9,72
6,73
16,74
1,75
5,76
17,77
8,78
1,79
10,80
18,81
13,82
1,83
4,84
17,85
5,86
18,87
6,88
6,89
7,90
11,91
10,92
18,93
1,94
12,95
3,96
12,97
19,98
18,99
3,100
18,101
11,102
8,103
4,104
14,105
2,106
14,107
4,108
2,109
12,110
12,111
5,112
7,113
10,114
11,115
15,116
9,117
1,118
8,119
19,120
3,121
9,122
5,123
9,124
19,125
1,126
5,127
14,128
19,129
12,130
0,131
2,132
17,133
13,134
6,135
17,136
7,137
19,138
1,139
3,140
8,141
0,142
17,143
15,144
9,145
13,146
12,147
1,148
5,149
1,150
8,151
3,152
2,153
14,154
10,155
5,156
9,157
4,158
19,159
12,160
16,161
0,162
9,163
2,164
18,165
7,166
13,167
12,168
16,169
7,170
2,171
4,172
4,173
11,174
13,175
12,176
14,177
13,178
18,179
4,180
1,181
2,182
0,183
19,184
16,185
1,186
19,187
2,188
9,189
12,190
3,191
8,192
15,193
2,194
14,195
19,196
13,197
12,198
9,199
18,200
3,201
10,202
11,203
3,204
7,205
6,206
2,207
17,208
10,209
7,210
14,211
13,212
5,213
7,214
13,215
19,216
7,217
10,218
0,219
17,220
12,221
3,222
11,223
14,224
7,225
18,226
19,227
8,228
8,229
5,230
7,231
18,232
17,233
2,234
8,235
0,236
6,237
18,238
3,239
4,240
11,241
2,242
2,243
18,244
15,245
0,246
11,247
13,248
2,249
14,250
3,251
2,252
17,253
13,254
1,255
2,256
1,257
6,258
14,259
18,260
19,261
6,262
15,263
3,264
6,265
3,266
1,267
12,268
13,269
9,270
11,271
4,272
4,273
14,274
3,275
16,276
7,277
9,278
0,279
10,280
3,281
18,282
1,283
2,284
3,285
12,286
0,287
18,288
14,289
11,290
7,291
12,292
15,293
12,294
8,295
9,296
7,297
1,298
6,299
3,300
6,301
11,302
1,303
11,304
5,305
12,306
0,307
11,308
5,309
10,310
5,311
7,312
7,313
12,314
9,315
17,316
1,317
18,318
15,319
19,320
17,321
2,322
7,323
5,324
7,325
6,326
4,327
15,328
14,329
15,330
1,331
8,332
7,333
2,334
10,335
18,336
9,337
7,338
6,339
4,340
14,341
2,342
3,343
10,344
13,345
7,346
11,347
14,348
2,349
7,350
13,351
12,352
13,353
3,354
12,355
12,356
14,357
8,358
7,359
7,360
4,361
4,362
16,363
5,364
5,365
14,366
16,367
18,368
6,369
9,370
17,371
13,372
7,373
4,374
7,375
7,376
1,377
3,378
19,379
2,380
1,381
15,382
11,383
8,384
15,385
1,386
9,387
17,388
13,389
10,390
16,391
9,392
8,393
8,394
16,395
12,396
11,397
1,398
2,399
13,400
12,401
10,402
5,403
17,404
13,405
18,406
8,407
16,408
13,409
17,410
6,411
6,412
0,413
12,414
19,415
1,416
18,417
6,418
5,419
5,420
9,421
4,422
0,423
5,424
2,425
19,426
2,427
11,428
6,429
3,430
11,431
9,432
7,433
19,434
13,435
7,436
12,437
3,438
17,439
18,440
3,441
17,442
1,443
3,444
11,445
6,446
12,447
0,448
15,449
2,450
5,451
17,452
10,453
10,454
13,455
1,456
11,457
6,458
19,459
7,460
5,461
1,462
18,463
12,464
0,465
10,466
16,467
11,468
6,469
0,470
2,471
12,472
7,473
9,474
7,475
13,476
0,477
0,478
5,479
16,480
13,481
2,482
17,483
12,484
5,485
4,486
9,487
4,488
14,489
10,490
7,491
10,492
18,493
19,494
1,495
19,496
0,497
14,498
10,499
1,500
19,501
0,502
2,503
5,504
14,505
3,506
18,507
5,508
8,509
7,510
16,511
1,512
16,513
0,514
9,515
16,516
13,517
7,518
13,519
19,520
3,521
17,522
13,523
13,524
9,525
16,526
0,527
0,528
4,529
5,530
12,531
3,532
5,533
6,534
15,535
6,536
3,537
7,538
8,539
14,540
2,541
5,542
0,543
13,544
3,545
15,546
8,547
18,548
9,549
9,550
18,551
15,552
12,553
19,554
2,555
3,556
2,557
8,558
4,559
18,560
19,561
10,562
13,563
4,564
10,565
9,566
0,567
1,568
2,569
19,570
12,571
7,572
13,573
9,574
17,575
11,576
1,577
3,578
4,579
2,580
5,581
15,582
6,583
9,584
18,585
19,586
9,587
0,588
17,589
7,590
10,591
11,592
8,593
19,594
2,595
5,596
18,597
18,598
14,599
2,600
5,601
9,602
12,603
12,604
16,605
2,606
8,607
14,608
15,609
3,610
11,611
17,612
17,613
12,614
11,615
6,616
3,617
10,618
15,619
6,620
8,621
2,622
5,623
15,624
0,625
3,626
12,627
2,628
1,629
8,630
5,631
0,632
9,633
1,634
4,635
11,636
6,637
0,638
7,639
9,640
11,641
4,642
16,643
18,644
3,645
2,646
17,647
19,648
8,649
8,650
3,651
19,652
10,653
14,654
2,655
12,656
8,657
9,658
13,659
13,660
9,661
11,662
17,663
14,664
16,665
9,666
0,667
16,668
12,669
11,670
5,671
4,672
15,673
5,674
2,675
11,676
6,677
7,678
5,679
7,680
11,681
13,682
5,683
4,684
7,685
4,686
5,687
14,688
6,689
12,690
7,691
19,692
10,693
1,694
6,695
4,696
13,697
5,698
17,699
4,700
10,701
6,702
5,703
7,704
15,705
13,706
5,707
16,708
8,709
9,710
5,711
1,712
7,713
19,714
17,715
2,716
10,717
3,718
7,719
9,720
7,721
5,722
17,723
19,724
17,725
9,726
6,727
17,728
16,729
7,730
12,731
13,732
1,733
12,734
0,735
4,736
1,737
8,738
2,739
9,740
13,741
8,742
3,743
3,744
12,745
1,746
12,747
1,748
18,749
17,750
0,751
19,752
19,753
13,754
17,755
9,756
1,757
6,758
19,759
0,760
19,761
13,762
7,763
6,764
12,765
14,766
1,767
19,768
19,769
17,770
8,771
1,772
17,773
11,774
19,775
14,776
2,777
19,778
7,779
10,780
13,781
10,782
13,783
4,784
1,785
9,786
13,787
14,788
18,789
9,790
4,791
9,792
12,793
19,794
0,795
5,796
3,797
19,798
6,799
0,800
7,801
9,802
5,803
3,804
11,805
4,806
6,807
17,808
4,809
12,810
5,811
12,812
5,813
10,814
11,815
12,816
5,817
3,818
6,819
13,820
0,821
12,822
2,823
5,824
11,825
1,826
18,827
10,828
17,829
6,830
19,831
10,832
19,833
19,834
9,835
12,836
0,837
19,838
17,839
18,840
19,841
7,842
5,843
4,844
1,845
17,846
5,847
0,848
6,849
10,850
7,851
14,852
1,853
6,854
14,855
3,856
12,857
16,858
13,859
4,860
16,861
6,862
6,863
1,864
19,865
0,866
13,867
6,868
7,869
6,870
1,871
6,872
0,873
11,874
14,875
18,876
8,877
1,878
18,879
8,880
1,881
9,882
6,883
14,884
15,885
12,886
10,887
2,888
10,889
10,890
5,891
3,892
7,893
11,894
17,895
9,896
4,897
8,898
4,899
5,900
14,901
6,902
19,903
2,904
18,905
4,906
7,907
17,908
13,909
2,910
17,911
19,912
7,913
4,914
0,915
10,916
3,917
0,918
9,919
16,920
7,921
19,922
16,923
11,924
4,925
16,926
9,927
8,928
12,929
0,930
4,931
0,932
8,933
17,934
13,935
19,936
14,937
16,938
14,939
1,940
6,941
6,942
9,943
19,944
18,945
1,946
4,947
7,948
15,949
15,950
17,951
1,952
17,953
1,954
2,955
17,956
6,957
0,958
5,959
9,960
6,961
3,962
3,963
7,964
16,965
9,966
7,967
14,968
15,969
9,970
5,971
14,972
13,973
4,974
8,975
9,976
0,977
16,978
17,979
14,980
10,981
17,982
6,983
1,984
18,985
2,986
2,987
7,988
3,989
17,990
18,991
16,992
5,993
9,994
4,995
9,996
6,997
9,998
2,999
12,1000
16,1001
19,1002
9,1003
15,1004
15,1005
11,1006
17,1007
11,1008
16,1009
19,1010
11,1011
0,1012
16,1013
10,1014
19,1015
3,1016
0,1017
8,1018
3,1019
0,1020
5,1021
16,1022
17,1023
2,1024
13,1025
2,1026
7,1027
3,1028
6,1029
4,1030
8,1031
4,1032
9,1033
10,1034
13,1035
10,1036
10,1037
18,1038
2,1039
15,1040
10,1041
10,1042
13,1043
9,1044
0,1045
11,1046
1,1047
8,1048
12,1049
5,1050
15,1051
2,1052
8,1053
4,1054
10,1055
16,1056
10,1057
12,1058
19,1059
1,1060
3,1061
19,1062
9,1063
4,1064
6,1065
19,1066
18,1067
0,1068
6,1069
1,1070
9,1071
12,1072
0,1073
17,1074
9,1075
5,1076
2,1077
9,1078
3,1079
2,1080
5,1081
18,1082
1,1083
11,1084
10,1085
8,1086
6,1087
9,1088
16,1089
4,1090
14,1091
19,1092
10,1093
11,1094
6,1095
9,1096
9,1097
18,1098
13,1099
17,1100
17,1101
12,1102
8,1103
19,1104
13,1105
19,1106
17,1107
12,1108
1,1109
4,1110
3,1111
4,1112
1,1113
10,1114
7,1115
8,1116
1,1117
12,1118
4,1119
6,1120
6,1121
3,1122
10,1123
12,1124
18,1125
4,1126
12,1127
4,1128
16,1129
16,1130
13,1131
17,1132
13,1133
19,1134
3,1135
13,1136
11,1137
19,1138
16,1139
18,1140
7,1141
5,1142
2,1143
5,1144
2,1145
1,1146
19,1147
3,1148
2,1149
8,1150
3,1151
17,1152
13,1153
14,1154
5,1155
8,1156
5,1157
7,1158
18,1159
5,1160
9,1161
7,1162
9,1163
13,1164
18,1165
3,1166
2,1167
0,1168
19,1169
1,1170
5,1171
15,1172
10,1173
11,1174
1,1175
12,1176
19,1177
0,1178
10,1179
17,1180
4,1181
11,1182
17,1183
14,1184
16,1185
17,1186
6,1187
19,1188
10,1189
13,1190
17,1191
13,1192
16,1193
10,1194
2,1195
15,1196
10,1197
16,1198
16,1199
7,1200
19,1201
9,1202
17,1203
2,1204
12,1205
8,1206
5,1207
9,1208
1,1209
17,1210
12,1211
18,1212
15,1213
1,1214
6,1215
6,1216
0,1217
3,1218
11,1219
10,1220
16,1221
6,1222
1,1223
3,1224
2,1225
5,1226
12,1227
14,1228
8,1229
5,1230
17,1231
4,1232
16,1233
19,1234
9,1235
19,1236
5,1237
16,1238
7,1239
17,1240
6,1241
12,1242
4,1243
1,1244
4,1245
13,1246
4,1247
16,1248
4,1249
1,1250
2,1251
8,1252
2,1253
16,1254
13,1255
7,1256
11,1257
8,1258
9,1259
16,1260
19,1261
7,1262
2,1263
14,1264
10,1265
19,1266
12,1267
5,1268
14,1269
16,1270
6,1271
5,1272
16,1273
14,1274
16,1275
19,1276
7,1277
5,1278
7,1279
13,1280
9,1281
14,1282
1,1283
17,1284
1,1285
14,1286
8,1287
0,1288
4,1289
1,1290
12,1291
16,1292
14,1293
9,1294
3,1295
15,1296
9,1297
14,1298
4,1299
11,1300
8,1301
7,1302
18,1303
17,1304
17,1305
9,1306
6,1307
4,1308
11,1309
8,1310
17,1311
13,1312
7,1313
4,1314
0,1315
2,1316
1,1317
17,1318
2,1319
4,1320
3,1321
9,1322
15,1323
12,1324
5,1325
9,1326
16,1327
19,1328
0,1329
8,1330
7,1331
15,1332
9,1333
7,1334
10,1335
11,1336
13,1337
18,1338
7,1339
7,1340
13,1341
18,1342
1,1343
7,1344
0,1345
8,1346
1,1347
19,1348
18,1349
2,1350
12,1351
3,1352
4,1353
16,1354
7,1355
2,1356
13,1357
9,1358
10,1359
0,1360
6,1361
16,1362
1,1363
9,1364
5,1365
5,1366
7,1367
17,1368
9,1369
10,1370
11,1371
12,1372
3,1373
2,1374
12,1375
15,1376
9,1377
1,1378
12,1379
9,1380
1,1381
18,1382
12,1383
2,1384
8,1385
12,1386
17,1387
13,1388
0,1389
2,1390
17,1391
2,1392
1,1393
4,1394
14,1395
9,1396
4,1397
2,1398
11,1399
6,1400
19,1401
7,1402
18,1403
3,1404
4,1405
4,1406
19,1407
11,1408
7,1409
6,1410
7,1411
9,1412
11,1413
3,1414
19,1415
18,1416
15,1417
11,1418
14,1419
1,1420
19,1421
3,1422
3,1423
2,1424
2,1425
2,1426
19,1427
3,1428
7,1429
17,1430
5,1431
11,1432
5,1433
2,1434
12,1435
4,1436
14,1437
1,1438
5,1439
7,1440
6,1441
0,1442
9,1443
4,1444
7,1445
12,1446
7,1447
10,1448
5,1449
14,1450
4,1451
2,1452
7,1453
2,1454
17,1455
2,1456
18,1457
10,1458
2,1459
7,1460
12,1461
0,1462
3,1463
8,1464
12,1465
9,1466
18,1467
8,1468
13,1469
5,1470
14,1471
18,1472
3,1473
14,1474
2,1475
14,1476
13,1477
2,1478
14,1479
5,1480
9,1481
11,1482
6,1483
12,1484
14,1485
13,1486
10,1487
13,1488
5,1489
19,1490
14,1491
2,1492
0,1493
11,1494
16,1495
4,1496
0,1497
7,1498
13,1499
13,1500
0,1501
8,1502
2,1503
3,1504
16,1505
0,1506
10,1507
8,1508
5,1509
8,1510
0,1511
18,1512
1,1513
9,1514
2,1515
7,1516
3,1517
19,1518
12,1519
14,1520
8,1521
19,1522
13,1523
1,1524
18,1525
3,1526
4,1527
4,1528
4,1529
1,1530
8,1531
4,1532
1,1533
6,1534
6,1535
19,1536
4,1537
6,1538
11,1539
5,1540
15,1541
6,1542
19,1543
7,1544
16,1545
9,1546
8,1547
15,1548
1,1549
9,1550
10,1551
19,1552
1,1553
11,1554
16,1555
19,1556
10,1557
1,1558
17,1559
12,1560
10,1561
5,1562
19,1563
18,1564
9,1565
0,1566
9,1567
19,1568
18,1569
7,1570
11,1571
14,1572
3,1573
19,1574
1,1575
2,1576
4,1577
2,1578
5,1579
11,1580
6,1581
0,1582
14,1583
11,1584
16,1585
19,1586
13,1587
9,1588
6,1589
7,1590
11,1591
2,1592
9,1593
6,1594
12,1595
2,1596
10,1597
5,1598
15,1599
1,1600
17,1601
19,1602
12,1603
10,1604
6,1605
14,1606
4,1607
4,1608
3,1609
7,1610
19,1611
8,1612
17,1613
19,1614
10,1615
4,1616
6,1617
5,1618
1,1619
4,1620
8,1621
3,1622
2,1623
14,1624
14,1625
18,1626
11,1627
8,1628
11,1629
13,1630
4,1631
11,1632
13,1633
13,1634
11,1635
5,1636
10,1637
10,1638
19,1639
5,1640
1,1641
3,1642
12,1643
16,1644
0,1645
18,1646
1,1647
0,1648
18,1649
2,1650
9,1651
3,1652
10,1653
13,1654
3,1655
2,1656
4,1657
0,1658
4,1659
2,1660
11,1661
11,1662
9,1663
3,1664
16,1665
0,1666
3,1667
0,1668
2,1669
1,1670
12,1671
19,1672
17,1673
2,1674
10,1675
17,1676
3,1677
17,1678
1,1679
19,1680
14,1681
7,1682
10,1683
18,1684
14,1685
2,1686
16,1687
8,1688
13,1689
1,1690
11,1691
6,1692
5,1693
4,1694
12,1695
5,1696
1,1697
10,1698
17,1699
14,1700
10,1701
11,1702
14,1703
2,1704
12,1705
13,1706
14,1707
18,1708
12,1709
5,1710
4,1711
16,1712
5,1713
9,1714
6,1715
5,1716
5,1717
7,1718
17,1719
3,1720
12,1721
4,1722
7,1723
9,1724
1,1725
4,1726
18,1727
0,1728
3,1729
11,1730
4,1731
17,1732
19,1733
18,1734
3,1735
19,1736
0,1737
12,1738
2,1739
0,1740
12,1741
16,1742
19,1743
19,1744
11,1745
19,1746
9,1747
10,1748
11,1749
19,1750
9,1751
11,1752
6,1753
1,1754
19,1755
12,1756
10,1757
2,1758
5,1759
19,1760
17,1761
18,1762
17,1763
4,1764
4,1765
11,1766
19,1767
13,1768
17,1769
5,1770
14,1771
2,1772
8,1773
15,1774
16,1775
4,1776
11,1777
19,1778
12,1779
8,1780
8,1781
7,1782
5,1783
5,1784
9,1785
18,1786
14,1787
3,1788
6,1789
3,1790
2,1791
5,1792
2,1793
17,1794
11,1795
6,1796
9,1797
13,1798
13,1799
5,1800
16,1801
8,1802
4,1803
19,1804
17,1805
3,1806
10,1807
12,1808
4,1809
2,1810
15,1811
16,1812
15,1813
7,1814
17,1815
2,1816
15,1817
10,1818
18,1819
18,1820
4,1821
4,1822
15,1823
9,1824
6,1825
6,1826
9,1827
7,1828
19,1829
18,1830
10,1831
13,1832
1,1833
19,1834
12,1835
3,1836
17,1837
4,1838
9,1839
16,1840
17,1841
12,1842
19,1843
16,1844
9,1845
10,1846
15,1847
9,1848
4,1849
8,1850
5,1851
14,1852
17,1853
17,1854
2,1855
5,1856
3,1857
16,1858
15,1859
4,1860
16,1861
4,1862
14,1863
19,1864
7,1865
19,1866
0,1867
3,1868
2,1869
5,1870
1,1871
17,1872
2,1873
7,1874
3,1875
6,1876
0,1877
4,1878
5,1879
5,1880
17,1881
11,1882
14,1883
5,1884
0,1885
12,1886
14,1887
5,1888
0,1889
13,1890
5,1891
4,1892
8,1893
7,1894
14,1895
0,1896
6,1897
1,1898
6,1899
12,1900
14,1901
1,1902
5,1903
0,1904
12,1905
6,1906
6,1907
7,1908
2,1909
17,1910
18,1911
8,1912
12,1913
13,1914
14,1915
2,1916
0,1917
19,1918
0,1919
14,1920
14,1921
1,1922
4,1923
11,1924
9,1925
10,1926
12,1927
11,1928
10,1929
7,1930
13,1931
11,1932
16,1933
16,1934
11,1935
16,1936
19,1937
16,1938
9,1939
2,1940
5,1941
7,1942
3,1943
18,1944
6,1945
17,1946
1,1947
4,1948
7,1949
5,1950
11,1951
5,1952
6,1953
0,1954
7,1955
8,1956
19,1957
7,1958
2,1959
3,1960
14,1961
2,1962
9,1963
16,1964
15,1965
17,1966
2,1967
9,1968
4,1969
6,1970
5,1971
12,1972
5,1973
6,1974
17,1975
7,1976
0,1977
15,1978
10,1979
1,1980
13,1981
9,1982
12,1983
5,1984
19,1985
13,1986
4,1987
4,1988
4,1989
11,1990
6,1991
6,1992
0,1993
12,1994
1,1995
9,1996
12,1997
10,1998
6,1999
9,2000
3,2001
9,2002
11,2003
8,2004
0,2005
0,2006
10,2007
13,2008
0,2009
8,2010
11,2011
0,2012
19,2013
19,2014
10,2015
16,2016
17,2017
1,2018
6,2019
9,2020
4,2021
4,2022
16,2023
10,2024
6,2025
11,2026
1,2027
7,2028
10,2029
9,2030
11,2031
0,2032
1,2033
6,2034
4,2035
2,2036
1,2037
0,2038
8,2039
7,2040
9,2041
8,2042
1,2043
19,2044
7,2045
18,2046
0,2047
6,2048
1,2049
4,2050
8,2051
11,2052
4,2053
9,2054
5,2055
14,2056
6,2057
9,2058
1,2059
7,2060
17,2061
18,2062
19,2063
11,2064
8,2065
12,2066
12,2067
14,2068
12,2069
0,2070
13,2071
7,2072
14,2073
15,2074
4,2075
9,2076
5,2077
1,2078
2,2079
5,2080
9,2081
1,2082
12,2083
3,2084
15,2085
6,2086
19,2087
0,2088
16,2089
13,2090
0,2091
18,2092
13,2093
3,2094
1,2095
12,2096
5,2097
0,2098
8,2099
1,2100
6,2101
19,2102
0,2103
19,2104
19,2105
1,2106
15,2107
2,2108
3,2109
19,2110
12,2111
7,2112
18,2113
9,2114
3,2115
4,2116
0,2117
1,2118
10,2119
19,2120
10,2121
5,2122
0,2123
19,2124
17,2125
1,2126
7,2127
13,2128
2,2129
17,2130
14,2131
16,2132
5,2133
14,2134
16,2135
3,2136
7,2137
1,2138
9,2139
0,2140
0,2141
19,2142
2,2143
0,2144
9,2145
15,2146
9,2147
10,2148
16,2149
19,2150
9,2151
12,2152
1,2153
4,2154
3,2155
5,2156
9,2157
5,2158
6,2159
10,2160
7,2161
0,2162
8,2163
17,2164
13,2165
3,2166
19,2167
7,2168
13,2169
12,2170
4,2171
11,2172
13,2173
5,2174
17,2175
4,2176
7,2177
6,2178
17,2179
7,2180
4,2181
2,2182
1,2183
6,2184
15,2185
3,2186
16,2187
3,2188
13,2189
19,2190
9,2191
3,2192
11,2193
6,2194
12,2195
13,2196
7,2197
10,2198
13,2199
12,2200
12,2201
8,2202
15,2203
10,2204
15,2205
6,2206
6,2207
14,2208
7,2209
16,2210
1,2211
1,2212
2,2213
14,2214
6,2215
11,2216
16,2217
1,2218
17,2219
8,2220
0,2221
15,2222
8,2223
12,2224
4,2225
9,2226
16,2227
19,2228
9,2229
16,2230
16,2231
2,2232
14,2233
19,2234
2,2235
19,2236
0,2237
16,2238
17,2239
10,2240
2,2241
0,2242
19,2243
8,2244
12,2245
15,2246
0,2247
19,2248
14,2249
3,2250
7,2251
16,2252
5,2253
15,2254
5,2255
9,2256
4,2257
0,2258
3,2259
12,2260
14,2261
18,2262
12,2263
16,2264
19,2265
19,2266
9,2267
14,2268
9,2269
4,2270
2,2271
5,2272
11,2273
17,2274
6,2275
7,2276
7,2277
17,2278
4,2279
7,2280
5,2281
7,2282
12,2283
4,2284
6,2285
19,2286
7,2287
0,2288
9,2289
14,2290
13,2291
18,2292
14,2293
15,2294
10,2295
5,2296
9,2297
15,2298
15,2299
0,2300
3,2301
1,2302
17,2303
2,2304
7,2305
3,2306
17,2307
4,2308
13,2309
10,2310
11,2311
0,2312
5,2313
19,2314
2,2315
12,2316
10,2317
18,2318
9,2319
14,2320
15,2321
1,2322
16,2323
2,2324
12,2325
3,2326
10,2327
12,2328
9,2329
2,2330
19,2331
12,2332
9,2333
12,2334
8,2335
16,2336
18,2337
1,2338
11,2339
6,2340
10,2341
11,2342
5,2343
7,2344
13,2345
12,2346
5,2347
14,2348
17,2349
4,2350
16,2351
2,2352
0,2353
2,2354
14,2355
2,2356
8,2357
19,2358
8,2359
16,2360
19,2361
3,2362
11,2363
19,2364
18,2365
6,2366
5,2367
0,2368
3,2369
6,2370
18,2371
10,2372
9,2373
10,2374
7,2375
10,2376
2,2377
12,2378
8,2379
8,2380
8,2381
13,2382
4,2383
0,2384
1,2385
5,2386
14,2387
4,2388
2,2389
12,2390
17,2391
5,2392
18,2393
6,2394
1,2395
7,2396
9,2397
4,2398
3,2399
2,2400
5,2401
9,2402
14,2403
8,2404
12,2405
15,2406
7,2407
1,2408
2,2409
9,2410
4,2411
14,2412
3,2413
2,2414
12,2415
7,2416
16,2417
5,2418
5,2419
0,2420
8,2421
15,2422
9,2423
5,2424
8,2425
19,2426
11,2427
4,2428
9,2429
13,2430
18,2431
7,2432
4,2433
14,2434
2,2435
12,2436
13,2437
12,2438
18,2439
3,2440
14,2441
10,2442
7,2443
12,2444
14,2445
7,2446
3,2447
10,2448
16,2449
16,2450
16,2451
8,2452
13,2453
5,2454
18,2455
10,2456
12,2457
3,2458
11,2459
16,2460
4,2461
9,2462
19,2463
5,2464
6,2465
17,2466
6,2467
3,2468
12,2469
19,2470
7,2471
4,2472
0,2473
1,2474
4,2475
17,2476
13,2477
4,2478
2,2479
19,2480
10,2481
3,2482
3,2483
15,2484
10,2485
16,2486
10,2487
18,2488
2,2489
10,2490
5,2491
4,2492
0,2493
9,2494
19,2495
1,2496
11,2497
1,2498
17,2499
15,2500
8,2501
11,2502
5,2503
4,2504
2,2505
11,2506
0,2507
7,2508
1,2509
17,2510
19,2511
2,2512
6,2513
9,2514
3,2515
19,2516
17,2517
1,2518
4,2519
14,2520
15,2521
6,2522
8,2523
19,2524
0,2525
14,2526
19,2527
1,2528
7,2529
13,2530
18,2531
5,2532
3,2533
11,2534
19,2535
2,2536
14,2537
17,2538
16,2539
6,2540
12,2541
2,2542
9,2543
10,2544
16,2545
4,2546
9,2547
3,2548
5,2549
5,2550
5,2551
1,2552
12,2553
6,2554
3,2555
7,2556
18,2557
4,2558
6,2559
7,2560
19,2561
10,2562
8,2563
12,2564
11,2565
19,2566
13,2567
9,2568
16,2569
6,2570
14,2571
19,2572
13,2573
18,2574
17,2575
5,2576
3,2577
12,2578
16,2579
12,2580
14,2581
18,2582
14,2583
7,2584
3,2585
17,2586
4,2587
0,2588
1,2589
18,2590
2,2591
15,2592
13,2593
17,2594
8,2595
9,2596
12,2597
2,2598
7,2599
0,2600
4,2601
1,2602
17,2603
19,2604
14,2605
6,2606
9,2607
15,2608
5,2609
15,2610
14,2611
11,2612
11,2613
10,2614
8,2615
11,2616
16,2617
2,2618
18,2619
0,2620
8,2621
5,2622
1,2623
3,2624
15,2625
2,2626
17,2627
2,2628
3,2629
2,2630
5,2631
4,2632
6,2633
13,2634
5,2635
5,2636
6,2637
16,2638
7,2639
9,2640
10,2641
5,2642
13,2643
8,2644
12,2645
8,2646
12,2647
4,2648
8,2649
1,2650
3,2651
2,2652
15,2653
16,2654
2,2655
16,2656
13,2657
6,2658
9,2659
1,2660
19,2661
8,2662
5,2663
1,2664
9,2665
12,2666
3,2667
10,2668
2,2669
11,2670
16,2671
13,2672
12,2673
7,2674
5,2675
9,2676
16,2677
7,2678
5,2679
14,2680
1,2681
10,2682
8,2683
7,2684
3,2685
4,2686
8,2687
9,2688
9,2689
2,2690
4,2691
7,2692
5,2693
16,2694
19,2695
6,2696
9,2697
7,2698
10,2699
5,2700
12,2701
16,2702
18,2703
14,2704
5,2705
5,2706
10,2707
7,2708
4,2709
8,2710
12,2711
5,2712
4,2713
4,2714
9,2715
4,2716
10,2717
4,2718
6,2719
11,2720
12,2721
0,2722
7,2723
2,2724
0,2725
9,2726
8,2727
4,2728
11,2729
6,2730
16,2731
15,2732
6,2733
7,2734
5,2735
8,2736
8,2737
0,2738
15,2739
1,2740
3,2741
1,2742
16,2743
18,2744
2,2745
18,2746
3,2747
8,2748
9,2749
6,2750
0,2751
8,2752
17,2753
11,2754
2,2755
2,2756
4,2757
14,2758
15,2759
17,2760
13,2761
8,2762
11,2763
16,2764
7,2765
9,2766
1,2767
9,2768
18,2769
3,2770
10,2771
1,2772
5,2773
1,2774
10,2775
19,2776
17,2777
4,2778
8,2779
1,2780
19,2781
11,2782
9,2783
5,2784
3,2785
10,2786
13,2787
13,2788
5,2789
14,2790
4,2791
9,2792
6,2793
5,2794
9,2795
18,2796
6,2797
19,2798
0,2799
11,2800
6,2801
4,2802
16,2803
8,2804
17,2805
1,2806
5,2807
5,2808
17,2809
12,2810
13,2811
19,2812
11,2813
2,2814
11,2815
14,2816
15,2817
6,2818
12,2819
2,2820
13,2821
0,2822
11,2823
12,2824
15,2825
11,2826
9,2827
7,2828
1,2829
3,2830
15,2831
0,2832
8,2833
1,2834
0,2835
2,2836
13,2837
14,2838
19,2839
3,2840
19,2841
12,2842
5,2843
10,2844
9,2845
19,2846
16,2847
17,2848
8,2849
0,2850
0,2851
1,2852
4,2853
2,2854
16,2855
3,2856
16,2857
7,2858
11,2859
4,2860
8,2861
12,2862
9,2863
3,2864
12,2865
3,2866
17,2867
9,2868
14,2869
18,2870
11,2871
8,2872
11,2873
2,2874
14,2875
2,2876
13,2877
1,2878
6,2879
6,2880
5,2881
10,2882
13,2883
17,2884
9,2885
6,2886
14,2887
3,2888
11,2889
14,2890
0,2891
10,2892
1,2893
19,2894
8,2895
9,2896
5,2897
14,2898
17,2899
16,2900
4,2901
3,2902
18,2903
11,2904
16,2905
19,2906
8,2907
15,2908
13,2909
7,2910
7,2911
16,2912
8,2913
16,2914
6,2915
6,2916
6,2917
5,2918
16,2919
12,2920
6,2921
15,2922
10,2923
10,2924
18,2925
8,2926
4,2927
10,2928
10,2929
5,2930
2,2931
15,2932
6,2933
19,2934
7,2935
13,2936
2,2937
9,2938
17,2939
18,2940
12,2941
16,2942
18,2943
15,2944
17,2945
14,2946
4,2947
4,2948
18,2949
2,2950
6,2951
7,2952
17,2953
0,2954
7,2955
13,2956
10,2957
16,2958
0,2959
19,2960
3,2961
15,2962
0,2963
8,2964
19,2965
14,2966
0,2967
10,2968
16,2969
10,2970
1,2971
12,2972
2,2973
14,2974
10,2975
3,2976
7,2977
11,2978
9,2979
12,2980
10,2981
6,2982
0,2983
0,2984
17,2985
1,2986
11,2987
13,2988
18,2989
1,2990
19,2991
2,2992
4,2993
16,2994
4,2995
7,2996
14,2997
0,2998
19,2999
17,3000
15,3001
18,3002
2,3003
11,3004
17,3005
4,3006
14,3007
5,3008
17,3009
5,3010
5,3011
11,3012
6,3013
18,3014
2,3015
17,3016
7,3017
5,3018
1,3019
7,3020
13,3021
9,3022
6,3023
9,3024
6,3025
19,3026
8,3027
15,3028
19,3029
9,3030
1,3031
12,3032
11,3033
6,3034
1,3035
0,3036
3,3037
17,3038
4,3039
4,3040
16,3041
6,3042
11,3043
17,3044
2,3045
10,3046
14,3047
17,3048
19,3049
19,3050
4,3051
18,3052
7,3053
3,3054
2,3055
4,3056
1,3057
4,3058
12,3059
5,3060
11,3061
11,3062
9,3063
2,3064
17,3065
13,3066
9,3067
16,3068
4,3069
4,3070
1,3071
6,3072
3,3073
4,3074
3,3075
12,3076
16,3077
9,3078
1,3079
15,3080
0,3081
11,3082
12,3083
9,3084
14,3085
15,3086
15,3087
12,3088
18,3089
19,3090
13,3091
12,3092
13,3093
6,3094
0,3095
14,3096
9,3097
1,3098
4,3099
1,3100
15,3101
17,3102
8,3103
11,3104
15,3105
5,3106
4,3107
8,3108
17,3109
15,3110
15,3111
2,3112
5,3113
6,3114
12,3115
17,3116
12,3117
19,3118
6,3119
1,3120
4,3121
19,3122
18,3123
7,3124
19,3125
14,3126
7,3127
6,3128
9,3129
9,3130
14,3131
2,3132
12,3133
17,3134
1,3135
4,3136
6,3137
0,3138
10,3139
14,3140
19,3141
8,3142
13,3143
1,3144
4,3145
7,3146
5,3147
12,3148
6,3149
5,3150
7,3151
13,3152
9,3153
16,3154
1,3155
8,3156
12,3157
8,3158
2,3159
15,3160
5,3161
15,3162
7,3163
2,3164
17,3165
18,3166
11,3167
4,3168
6,3169
6,3170
9,3171
11,3172
12,3173
7,3174
14,3175
3,3176
17,3177
6,3178
18,3179
18,3180
8,3181
5,3182
11,3183
16,3184
9,3185
7,3186
1,3187
17,3188
0,3189
8,3190
5,3191
3,3192
18,3193
16,3194
9,3195
9,3196
11,3197
2,3198
3,3199
10,3200
19,3201
0,3202
2,3203
17,3204
18,3205
17,3206
1,3207
19,3208
2,3209
10,3210
8,3211
2,3212
0,3213
3,3214
6,3215
5,3216
0,3217
10,3218
14,3219
5,3220
7,3221
17,3222
19,3223
13,3224
0,3225
10,3226
6,3227
4,3228
16,3229
19,3230
3,3231
0,3232
1,3233
18,3234
2,3235
6,3236
3,3237
4,3238
12,3239
13,3240
12,3241
13,3242
0,3243
8,3244
12,3245
7,3246
17,3247
4,3248
1,3249
17,3250
14,3251
8,3252
8,3253
5,3254
15,3255
0,3256
11,3257
3,3258
9,3259
11,3260
12,3261
8,3262
3,3263
17,3264
4,3265
16,3266
3,3267
4,3268
10,3269
7,3270
5,3271
2,3272
7,3273
6,3274
0,3275
7,3276
19,3277
17,3278
19,3279
16,3280
7,3281
13,3282
16,3283
6,3284
7,3285
2,3286
12,3287
9,3288
9,3289
6,3290
7,3291
19,3292
9,3293
19,3294
19,3295
19,3296
3,3297
6,3298
7,3299
5,3300
18,3301
17,3302
19,3303
8,3304
17,3305
1,3306
10,3307
3,3308
14,3309
18,3310
9,3311
14,3312
19,3313
9,3314
17,3315
12,3316
9,3317
7,3318
4,3319
16,3320
16,3321
11,3322
2,3323
19,3324
1,3325
12,3326
12,3327
10,3328
5,3329
17,3330
16,3331
18,3332
16,3333
15,3334
16,3335
6,3336
8,3337
3,3338
4,3339
8,3340
9,3341
16,3342
1,3343
3,3344
6,3345
6,3346
8,3347
11,3348
6,3349
12,3350
9,3351
17,3352
11,3353
9,3354
12,3355
10,3356
3,3357
8,3358
5,3359
0,3360
10,3361
2,3362
17,3363
9,3364
15,3365
9,3366
6,3367
10,3368
1,3369
19,3370
7,3371
2,3372
0,3373
19,3374
0,3375
7,3376
19,3377
7,3378
8,3379
5,3380
1,3381
0,3382
9,3383
2,3384
14,3385
11,3386
3,3387
14,3388
12,3389
15,3390
0,3391
14,3392
1,3393
7,3394
13,3395
10,3396
0,3397
4,3398
16,3399
0,3400
4,3401
9,3402
6,3403
9,3404
11,3405
6,3406
14,3407
8,3408
1,3409
6,3410
12,3411
11,3412
19,3413
14,3414
14,3415
1,3416
17,3417
10,3418
2,3419
18,3420
3,3421
10,3422
2,3423
11,3424
4,3425
18,3426
4,3427
9,3428
14,3429
4,3430
8,3431
1,3432
15,3433
11,3434
1,3435
8,3436
1,3437
15,3438
6,3439
10,3440
19,3441
11,3442
19,3443
1,3444
8,3445
17,3446
13,3447
12,3448
10,3449
11,3450
4,3451
1,3452
18,3453
2,3454
13,3455
13,3456
5,3457
3,3458
19,3459
12,3460
9,3461
3,3462
16,3463
9,3464
18,3465
17,3466
7,3467
4,3468
4,3469
0,3470
19,3471
12,3472
14,3473
19,3474
2,3475
13,3476
11,3477
12,3478
13,3479
8,3480
18,3481
13,3482
11,3483
8,3484
9,3485
2,3486
15,3487
2,3488
4,3489
12,3490
4,3491
18,3492
7,3493
2,3494
0,3495
4,3496
11,3497
13,3498
14,3499
14,3500
14,3501
12,3502
0,3503
9,3504
11,3505
10,3506
6,3507
5,3508
5,3509
11,3510
2,3511
9,3512
6,3513
7,3514
13,3515
4,3516
16,3517
6,3518
3,3519
8,3520
14,3521
11,3522
12,3523
8,3524
9,3525
10,3526
15,3527
1,3528
7,3529
10,3530
4,3531
7,3532
16,3533
9,3534
5,3535
9,3536
14,3537
2,3538
14,3539
16,3540
10,3541
4,3542
18,3543
0,3544
5,3545
8,3546
10,3547
6,3548
17,3549
9,3550
13,3551
0,3552
18,3553
8,3554
9,3555
1,3556
10,3557
2,3558
15,3559
3,3560
4,3561
4,3562
14,3563
18,3564
17,3565
13,3566
12,3567
17,3568
16,3569
8,3570
3,3571
19,3572
11,3573
16,3574
11,3575
2,3576
0,3577
18,3578
19,3579
17,3580
8,3581
0,3582
18,3583
9,3584
1,3585
12,3586
2,3587
9,3588
3,3589
15,3590
15,3591
16,3592
15,3593
1,3594
11,3595
2,3596
9,3597
11,3598
12,3599
12,3600
11,3601
14,3602
13,3603
0,3604
12,3605
3,3606
18,3607
13,3608
12,3609
2,3610
12,3611
0,3612
15,3613
3,3614
7,3615
5,3616
13,3617
12,3618
16,3619
4,3620
7,3621
7,3622
19,3623
18,3624
4,3625
7,3626
14,3627
11,3628
8,3629
0,3630
8,3631
1,3632
1,3633
4,3634
19,3635
3,3636
17,3637
9,3638
10,3639
1,3640
19,3641
2,3642
11,3643
8,3644
5,3645
5,3646
2,3647
5,3648
7,3649
5,3650
0,3651
19,3652
6,3653
2,3654
7,3655
8,3656
1,3657
3,3658
7,3659
16,3660
11,3661
1,3662
0,3663
8,3664
11,3665
14,3666
16,3667
10,3668
1,3669
12,3670
13,3671
15,3672
15,3673
10,3674
9,3675
1,3676
7,3677
15,3678
0,3679
8,3680
8,3681
5,3682
4,3683
2,3684
1,3685
13,3686
12,3687
15,3688
6,3689
18,3690
7,3691
15,3692
15,3693
1,3694
17,3695
9,3696
19,3697
19,3698
9,3699
4,3700
8,3701
5,3702
9,3703
14,3704
6,3705
11,3706
7,3707
17,3708
7,3709
4,3710
0,3711
10,3712
12,3713
16,3714
8,3715
8,3716
13,3717
1,3718
17,3719
4,3720
0,3721
3,3722
8,3723
16,3724
4,3725
1,3726
12,3727
7,3728
19,3729
2,3730
0,3731
7,3732
3,3733
7,3734
4,3735
2,3736
12,3737
18,3738
18,3739
10,3740
1,3741
12,3742
3,3743
8,3744
3,3745
18,3746
19,3747
17,3748
15,3749
9,3750
19,3751
1,3752
13,3753
6,3754
16,3755
16,3756
14,3757
3,3758
8,3759
15,3760
8,3761
5,3762
4,3763
14,3764
2,3765
5,3766
17,3767
6,3768
9,3769
7,3770
2,3771
2,3772
18,3773
13,3774
1,3775
6,3776
2,3777
9,3778
4,3779
0,3780
5,3781
7,3782
11,3783
12,3784
0,3785
14,3786
16,3787
13,3788
1,3789
17,3790
15,3791
10,3792
14,3793
18,3794
9,3795
0,3796
9,3797
6,3798
19,3799
1,3800
0,3801
2,3802
2,3803
17,3804
18,3805
6,3806
0,3807
3,3808
8,3809
11,3810
13,3811
9,3812
9,3813
6,3814
1,3815
19,3816
9,3817
11,3818
15,3819
4,3820
8,3821
19,3822
12,3823
3,3824
3,3825
10,3826
11,3827
3,3828
5,3829
0,3830
2,3831
6,3832
6,3833
9,3834
13,3835
5,3836
1,3837
5,3838
4,3839
12,3840
8,3841
1,3842
7,3843
17,3844
14,3845
16,3846
6,3847
14,3848
1,3849
6,3850
3,3851
18,3852
7,3853
5,3854
8,3855
5,3856
14,3857
16,3858
12,3859
14,3860
0,3861
6,3862
3,3863
1,3864
3,3865
2,3866
19,3867
3,3868
5,3869
0,3870
19,3871
16,3872
18,3873
13,3874
17,3875
6,3876
6,3877
13,3878
18,3879
2,3880
14,3881
7,3882
13,3883
4,3884
6,3885
12,3886
13,3887
17,3888
2,3889
11,3890
12,3891
4,3892
2,3893
18,3894
6,3895
7,3896
9,3897
12,3898
13,3899
19,3900
1,3901
2,3902
9,3903
3,3904
4,3905
14,3906
5,3907
3,3908
10,3909
0,3910
0,3911
6,3912
1,3913
11,3914
2,3915
7,3916
4,3917
4,3918
3,3919
10,3920
15,3921
15,3922
14,3923
15,3924
10,3925
3,3926
15,3927
2,3928
18,3929
3,3930
9,3931
17,3932
3,3933
16,3934
7,3935
9,3936
16,3937
4,3938
12,3939
13,3940
0,3941
6,3942
3,3943
16,3944
12,3945
14,3946
9,3947
11,3948
1,3949
17,3950
6,3951
7,3952
9,3953
17,3954
11,3955
4,3956
12,3957
4,3958
16,3959
2,3960
0,3961
7,3962
19,3963
7,3964
19,3965
4,3966
0,3967
15,3968
9,3969
5,3970
5,3971
0,3972
11,3973
10,3974
10,3975
8,3976
2,3977
1,3978
12,3979
12,3980
5,3981
2,3982
9,3983
14,3984
7,3985
8,3986
13,3987
17,3988
0,3989
3,3990
1,3991
13,3992
2,3993
9,3994
3,3995
10,3996
11,3997
0,3998
11,3999
3,4000
12,4001
4,4002
7,4003
2,4004
7,4005
10,4006
5,4007
8,4008
8,4009
19,4010
9,4011
15,4012
0,4013
9,4014
12,4015
16,4016
11,4017
9,4018
14,4019
5,4020
9,4021
13,4022
3,4023
3,4024
4,4025
10,4026
3,4027
12,4028
1,4029
13,4030
5,4031
4,4032
8,4033
13,4034
16,4035
0,4036
0,4037
11,4038
1,4039
5,4040
2,4041
8,4042
3,4043
11,4044
0,4045
12,4046
9,4047
1,4048
4,4049
2,4050
7,4051
5,4052
13,4053
3,4054
10,4055
3,4056
2,4057
14,4058
10,4059
10,4060
13,4061
12,4062
16,4063
19,4064
16,4065
8,4066
11,4067
19,4068
6,4069
6,4070
11,4071
2,4072
4,4073
16,4074
4,4075
14,4076
16,4077
6,4078
0,4079
11,4080
8,4081
16,4082
4,4083
17,4084
4,4085
7,4086
1,4087
5,4088
6,4089
3,4090
17,4091
11,4092
9,4093
10,4094
3,4095
18,4096
2,4097
3,4098
19,4099
3,4100
8,4101
7,4102
16,4103
9,4104
4,4105
9,4106
10,4107
9,4108
4,4109
7,4110
19,4111
13,4112
19,4113
15,4114
4,4115
3,4116
11,4117
4,4118
13,4119
18,4120
8,4121
5,4122
4,4123
11,4124
6,4125
18,4126
9,4127
6,4128
19,4129
16,4130
7,4131
13,4132
0,4133
13,4134
13,4135
17,4136
13,4137
19,4138
10,4139
2,4140
5,4141
15,4142
17,4143
1,4144
17,4145
2,4146
1,4147
11,4148
12,4149
11,4150
11,4151
6,4152
12,4153
7,4154
10,4155
4,4156
13,4157
9,4158
1,4159
7,4160
1,4161
19,4162
2,4163
17,4164
0,4165
11,4166
15,4167
15,4168
9,4169
15,4170
14,4171
7,4172
17,4173
4,4174
16,4175
16,4176
0,4177
16,4178
0,4179
1,4180
9,4181
19,4182
19,4183
4,4184
11,4185
1,4186
5,4187
19,4188
6,4189
3,4190
7,4191
5,4192
12,4193
18,4194
8,4195
6,4196
2,4197
18,4198
7,4199
5,4200
19,4201
17,4202
9,4203
6,4204
7,4205
11,4206
19,4207
15,4208
2,4209
17,4210
13,4211
10,4212
12,4213
4,4214
7,4215
4,4216
2,4217
6,4218
7,4219
5,4220
1,4221
6,4222
5,4223
5,4224
9,4225
18,4226
7,4227
19,4228
11,4229
18,4230
15,4231
2,4232
14,4233
14,4234
2,4235
16,4236
11,4237
0,4238
19,4239
3,4240
4,4241
13,4242
17,4243
9,4244
12,4245
4,4246
9,4247
7,4248
4,4249
0,4250
11,4251
16,4252
7,4253
1,4254
3,4255
9,4256
12,4257
15,4258
4,4259
1,4260
3,4261
7,4262
1,4263
8,4264
10,4265
16,4266
6,4267
11,4268
17,4269
1,4270
6,4271
8,4272
19,4273
19,4274
17,4275
11,4276
16,4277
0,4278
17,4279
7,4280
13,4281
18,4282
4,4283
14,4284
5,4285
11,4286
5,4287
17,4288
8,4289
8,4290
11,4291
6,4292
10,4293
5,4294
7,4295
7,4296
5,4297
0,4298
18,4299
4,4300
14,4301
12,4302
19,4303
7,4304
0,4305
18,4306
11,4307
14,4308
15,4309
17,4310
4,4311
17,4312
4,4313
13,4314
18,4315
17,4316
4,4317
9,4318
18,4319
17,4320
4,4321
8,4322
7,4323
17,4324
2,4325
11,4326
2,4327
17,4328
1,4329
19,4330
18,4331
1,4332
2,4333
14,4334
10,4335
5,4336
10,4337
9,4338
2,4339
5,4340
17,4341
14,4342
18,4343
17,4344
6,4345
17,4346
0,4347
2,4348
3,4349
15,4350
8,4351
3,4352
3,4353
7,4354
14,4355
14,4356
18,4357
11,4358
19,4359
16,4360
10,4361
3,4362
7,4363
9,4364
15,4365
2,4366
17,4367
3,4368
2,4369
4,4370
3,4371
5,4372
0,4373
9,4374
14,4375
13,4376
17,4377
16,4378
1,4379
5,4380
1,4381
7,4382
17,4383
9,4384
2,4385
12,4386
9,4387
6,4388
6,4389
16,4390
5,4391
11,4392
9,4393
6,4394
9,4395
7,4396
16,4397
3,4398
19,4399
12,4400
14,4401
7,4402
18,4403
14,4404
19,4405
10,4406
8,4407
19,4408
15,4409
15,4410
0,4411
18,4412
19,4413
14,4414
9,4415
7,4416
10,4417
0,4418
9,4419
3,4420
8,4421
3,4422
2,4423
17,4424
0,4425
18,4426
17,4427
6,4428
7,4429
0,4430
2,4431
14,4432
1,4433
19,4434
2,4435
2,4436
17,4437
11,4438
13,4439
12,4440
9,4441
12,4442
11,4443
9,4444
3,4445
16,4446
10,4447
11,4448
1,4449
17,4450
9,4451
0,4452
18,4453
8,4454
17,4455
1,4456
5,4457
3,4458
3,4459
11,4460
4,4461
16,4462
6,4463
3,4464
19,4465
7,4466
11,4467
4,4468
11,4469
9,4470
17,4471
4,4472
8,4473
1,4474
2,4475
17,4476
5,4477
1,4478
3,4479
16,4480
12,4481
8,4482
13,4483
9,4484
3,4485
11,4486
10,4487
12,4488
14,4489
10,4490
6,4491
10,4492
14,4493
15,4494
9,4495
11,4496
8,4497
3,4498
13,4499
1,4500
10,4501
9,4502
1,4503
3,4504
17,4505
16,4506
10,4507
0,4508
14,4509
3,4510
9,4511
17,4512
13,4513
5,4514
3,4515
11,4516
5,4517
15,4518
8,4519
11,4520
12,4521
19,4522
9,4523
4,4524
14,4525
14,4526
0,4527
10,4528
11,4529
4,4530
0,4531
11,4532
4,4533
2,4534
17,4535
13,4536
10,4537
10,4538
11,4539
1,4540
0,4541
0,4542
11,4543
1,4544
12,4545
2,4546
19,4547
3,4548
3,4549
4,4550
16,4551
1,4552
4,4553
13,4554
18,4555
3,4556
11,4557
16,4558
10,4559
17,4560
6,4561
7,4562
4,4563
12,4564
9,4565
6,4566
6,4567
14,4568
2,4569
3,4570
9,4571
16,4572
19,4573
8,4574
9,4575
0,4576
6,4577
16,4578
19,4579
15,4580
5,4581
11,4582
1,4583
15,4584
5,4585
4,4586
0,4587
5,4588
15,4589
6,4590
19,4591
7,4592
0,4593
6,4594
5,4595
9,4596
14,4597
13,4598
18,4599
8,4600
2,4601
2,4602
3,4603
3,4604
16,4605
3,4606
12,4607
7,4608
13,4609
5,4610
5,4611
7,4612
1,4613
0,4614
10,4615
1,4616
12,4617
18,4618
2,4619
8,4620
3,4621
15,4622
16,4623
18,4624
6,4625
14,4626
8,4627
11,4628
7,4629
12,4630
3,4631
1,4632
8,4633
1,4634
3,4635
17,4636
2,4637
8,4638
15,4639
0,4640
4,4641
13,4642
7,4643
6,4644
8,4645
12,4646
10,4647
16,4648
2,4649
0,4650
10,4651
19,4652
18,4653
9,4654
8,4655
3,4656
2,4657
18,4658
3,4659
8,4660
11,4661
16,4662
16,4663
17,4664
4,4665
14,4666
1,4667
13,4668
12,4669
4,4670
7,4671
19,4672
16,4673
0,4674
7,4675
19,4676
11,4677
5,4678
11,4679
15,4680
8,4681
9,4682
14,4683
2,4684
18,4685
12,4686
7,4687
13,4688
9,4689
4,4690
0,4691
3,4692
19,4693
14,4694
14,4695
2,4696
11,4697
19,4698
15,4699
16,4700
17,4701
2,4702
0,4703
4,4704
1,4705
3,4706
4,4707
4,4708
7,4709
1,4710
2,4711
15,4712
16,4713
3,4714
15,4715
3,4716
10,4717
12,4718
10,4719
16,4720
11,4721
2,4722
3,4723
4,4724
0,4725
6,4726
1,4727
7,4728
2,4729
8,4730
14,4731
3,4732
3,4733
17,4734
14,4735
5,4736
5,4737
0,4738
2,4739
7,4740
12,4741
16,4742
19,4743
2,4744
7,4745
7,4746
18,4747
3,4748
19,4749
15,4750
16,4751
0,4752
7,4753
1,4754
8,4755
2,4756
15,4757
9,4758
3,4759
18,4760
8,4761
2,4762
5,4763
12,4764
19,4765
0,4766
19,4767
8,4768
8,4769
15,4770
19,4771
7,4772
17,4773
5,4774
14,4775
19,4776
14,4777
19,4778
14,4779
1,4780
3,4781
7,4782
9,4783
4,4784
11,4785
5,4786
9,4787
0,4788
18,4789
1,4790
5,4791
16,4792
2,4793
11,4794
6,4795
6,4796
3,4797
2,4798
17,4799
2,4800
14,4801
8,4802
9,4803
6,4804
9,4805
10,4806
18,4807
15,4808
1,4809
5,4810
15,4811
10,4812
5,4813
4,4814
2,4815
5,4816
7,4817
5,4818
8,4819
16,4820
2,4821
5,4822
0,4823
2,4824
0,4825
15,4826
6,4827
7,4828
2,4829
16,4830
1,4831
18,4832
10,4833
11,4834
1,4835
4,4836
7,4837
9,4838
1,4839
17,4840
5,4841
10,4842
13,4843
7,4844
13,4845
0,4846
5,4847
0,4848
0,4849
9,4850
14,4851
1,4852
4,4853
2,4854
4,4855
8,4856
3,4857
18,4858
19,4859
12,4860
10,4861
2,4862
14,4863
15,4864
17,4865
12,4866
11,4867
19,4868
9,4869
11,4870
0,4871
19,4872
8,4873
5,4874
8,4875
3,4876
2,4877
18,4878
16,4879
19,4880
10,4881
10,4882
3,4883
11,4884
10,4885
19,4886
14,4887
3,4888
19,4889
0,4890
18,4891
6,4892
1,4893
7,4894
10,4895
7,4896
10,4897
1,4898
6,4899
13,4900
9,4901
16,4902
2,4903
2,4904
18,4905
17,4906
1,4907
14,4908
11,4909
7,4910
6,4911
3,4912
19,4913
9,4914
6,4915
11,4916
7,4917
4,4918
17,4919
12,4920
16,4921
2,4922
5,4923
9,4924
4,4925
6,4926
5,4927
5,4928
6,4929
6,4930
7,4931
1,4932
5,4933
4,4934
18,4935
0,4936
4,4937
8,4938
7,4939
13,4940
5,4941
11,4942
13,4943
18,4944
17,4945
6,4946
7,4947
7,4948
19,4949
8,4950
16,4951
11,4952
9,4953
12,4954
0,4955
9,4956
10,4957
15,4958
7,4959
11,4960
12,4961
4,4962
2,4963
9,4964
10,4965
4,4966
7,4967
5,4968
14,4969
15,4970
6,4971
3,4972
7,4973
11,4974
13,4975
1,4976
10,4977
14,4978
8,4979
6,4980
4,4981
7,4982
5,4983
15,4984
8,4985
14,4986
16,4987
12,4988
19,4989
1,4990
8,4991
1,4992
8,4993
6,4994
6,4995
4,4996
14,4997
18,4998
7,4999
6,5000
6,5001
8,5002
12,5003
19,5004
15,5005
8,5006
19,5007
19,5008
0,5009
19,5010
8,5011
9,5012
11,5013
13,5014
16,5015
14,5016
10,5017
7,5018
19,5019
13,5020
12,5021
7,5022
14,5023
15,5024
10,5025
18,5026
13,5027
19,5028
5,5029
10,5030
13,5031
17,5032
2,5033
3,5034
3,5035
4,5036
7,5037
5,5038
15,5039
4,5040
3,5041
3,5042
3,5043
12,5044
8,5045
5,5046
2,5047
16,5048
9,5049
16,5050
10,5051
6,5052
4,5053
18,5054
8,5055
8,5056
2,5057
19,5058
3,5059
15,5060
1,5061
4,5062
8,5063
9,5064
2,5065
18,5066
15,5067
15,5068
2,5069
5,5070
11,5071
4,5072
4,5073
7,5074
17,5075
15,5076
17,5077
0,5078
6,5079
11,5080
19,5081
7,5082
5,5083
5,5084
14,5085
16,5086
8,5087
16,5088
19,5089
7,5090
16,5091
0,5092
6,5093
17,5094
8,5095
4,5096
1,5097
5,5098
9,5099
6,5100
0,5101
7,5102
6,5103
7,5104
4,5105
8,5106
7,5107
6,5108
5,5109
3,5110
6,5111
7,5112
11,5113
7,5114
3,5115
16,5116
1,5117
4,5118
1,5119
13,5120
17,5121
8,5122
19,5123
17,5124
12,5125
5,5126
17,5127
13,5128
9,5129
0,5130
19,5131
1,5132
14,5133
2,5134
11,5135
3,5136
14,5137
10,5138
16,5139
9,5140
12,5141
7,5142
18,5143
3,5144
9,5145
14,5146
13,5147
6,5148
6,5149
6,5150
6,5151
11,5152
5,5153
2,5154
15,5155
13,5156
14,5157
11,5158
4,5159
8,5160
9,5161
14,5162
6,5163
12,5164
0,5165
19,5166
18,5167
7,5168
4,5169
12,5170
13,5171
19,5172
0,5173
1,5174
7,5175
15,5176
3,5177
12,5178
13,5179
1,5180
17,5181
1,5182
12,5183
8,5184
11,5185
16,5186
6,5187
3,5188
1,5189
8,5190
14,5191
10,5192
11,5193
12,5194
19,5195
17,5196
9,5197
5,5198
10,5199
6,5200
1,5201
5,5202
1,5203
12,5204
19,5205
11,5206
9,5207
13,5208
9,5209
5,5210
4,5211
8,5212
4,5213
18,5214
12,5215
15,5216
1,5217
3,5218
18,5219
4,5220
9,5221
14,5222
15,5223
17,5224
14,5225
11,5226
9,5227
10,5228
18,5229
17,5230
19,5231
18,5232
16,5233
12,5234
0,5235
4,5236
17,5237
6,5238
8,5239
19,5240
18,5241
0,5242
12,5243
1,5244
10,5245
2,5246
17,5247
3,5248
19,5249
13,5250
19,5251
8,5252
18,5253
15,5254
7,5255
13,5256
17,5257
7,5258
11,5259
10,5260
15,5261
9,5262
11,5263
17,5264
5,5265
0,5266
4,5267
16,5268
5,5269
11,5270
12,5271
13,5272
1,5273
4,5274
12,5275
9,5276
7,5277
5,5278
9,5279
10,5280
17,5281
15,5282
11,5283
0,5284
6,5285
1,5286
1,5287
6,5288
2,5289
3,5290
3,5291
6,5292
14,5293
13,5294
0,5295
8,5296
13,5297
0,5298
10,5299
18,5300
7,5301
7,5302
11,5303
19,5304
11,5305
18,5306
5,5307
7,5308
17,5309
5,5310
11,5311
8,5312
8,5313
4,5314
9,5315
7,5316
5,5317
5,5318
4,5319
18,5320
1,5321
1,5322
2,5323
17,5324
18,5325
4,5326
16,5327
14,5328
1,5329
12,5330
12,5331
15,5332
4,5333
0,5334
7,5335
6,5336
2,5337
7,5338
7,5339
4,5340
5,5341
12,5342
5,5343
4,5344
5,5345
10,5346
6,5347
0,5348
7,5349
5,5350
8,5351
8,5352
5,5353
7,5354
16,5355
11,5356
19,5357
9,5358
8,5359
3,5360
10,5361
11,5362
13,5363
0,5364
8,5365
16,5366
8,5367
2,5368
3,5369
2,5370
12,5371
10,5372
19,5373
10,5374
13,5375
10,5376
12,5377
12,5378
6,5379
11,5380
15,5381
17,5382
13,5383
10,5384
7,5385
9,5386
14,5387
1,5388
11,5389
15,5390
8,5391
11,5392
17,5393
2,5394
14,5395
13,5396
6,5397
5,5398
2,5399
5,5400
11,5401
5,5402
12,5403
0,5404
13,5405
18,5406
14,5407
15,5408
17,5409
2,5410
7,5411
10,5412
13,5413
1,5414
4,5415
8,5416
9,5417
10,5418
9,5419
8,5420
8,5421
9,5422
9,5423
2,5424
15,5425
9,5426
18,5427
0,5428
1,5429
11,5430
5,5431
19,5432
18,5433
17,5434
11,5435
0,5436
9,5437
3,5438
6,5439
8,5440
12,5441
11,5442
15,5443
15,5444
3,5445
17,5446
15,5447
6,5448
0,5449
18,5450
2,5451
13,5452
4,5453
6,5454
5,5455
3,5456
19,5457
6,5458
0,5459
7,5460
13,5461
12,5462
4,5463
8,5464
9,5465
11,5466
8,5467
2,5468
13,5469
14,5470
3,5471
5,5472
8,5473
6,5474
15,5475
11,5476
6,5477
18,5478
3,5479
0,5480
1,5481
1,5482
17,5483
15,5484
4,5485
17,5486
8,5487
17,5488
10,5489
14,5490
16,5491
0,5492
6,5493
3,5494
18,5495
2,5496
11,5497
12,5498
2,5499
19,5500
0,5501
11,5502
15,5503
15,5504
1,5505
7,5506
10,5507
10,5508
3,5509
4,5510
13,5511
18,5512
7,5513
5,5514
3,5515
16,5516
10,5517
11,5518
19,5519
19,5520
7,5521
0,5522
13,5523
6,5524
10,5525
15,5526
3,5527
17,5528
19,5529
2,5530
6,5531
1,5532
18,5533
5,5534
0,5535
8,5536
4,5537
11,5538
19,5539
18,5540
18,5541
1,5542
13,5543
0,5544
17,5545
19,5546
17,5547
13,5548
1,5549
19,5550
16,5551
10,5552
10,5553
11,5554
2,5555
2,5556
4,5557
0,5558
5,5559
3,5560
12,5561
9,5562
6,5563
1,5564
19,5565
7,5566
13,5567
5,5568
16,5569
9,5570
11,5571
13,5572
1,5573
4,5574
16,5575
2,5576
13,5577
16,5578
16,5579
7,5580
6,5581
18,5582
4,5583
14,5584
13,5585
18,5586
11,5587
2,5588
8,5589
8,5590
17,5591
2,5592
16,5593
4,5594
5,5595
5,5596
3,5597
16,5598
18,5599
14,5600
6,5601
17,5602
7,5603
19,5604
2,5605
11,5606
17,5607
2,5608
9,5609
3,5610
10,5611
0,5612
11,5613
8,5614
5,5615
3,5616
2,5617
9,5618
5,5619
12,5620
9,5621
7,5622
0,5623
4,5624
14,5625
7,5626
16,5627
9,5628
19,5629
12,5630
12,5631
18,5632
7,5633
1,5634
5,5635
5,5636
19,5637
9,5638
14,5639
19,5640
6,5641
3,5642
8,5643
6,5644
12,5645
11,5646
19,5647
12,5648
15,5649
9,5650
7,5651
13,5652
7,5653
10,5654
19,5655
0,5656
18,5657
7,5658
17,5659
18,5660
3,5661
2,5662
12,5663
0,5664
4,5665
8,5666
14,5667
0,5668
3,5669
9,5670
0,5671
2,5672
11,5673
6,5674
19,5675
13,5676
11,5677
1,5678
3,5679
16,5680
2,5681
9,5682
18,5683
5,5684
3,5685
4,5686
8,5687
19,5688
10,5689
7,5690
10,5691
13,5692
17,5693
18,5694
14,5695
3,5696
4,5697
14,5698
5,5699
5,5700
7,5701
9,5702
6,5703
17,5704
14,5705
7,5706
15,5707
10,5708
18,5709
3,5710
7,5711
19,5712
9,5713
18,5714
15,5715
17,5716
10,5717
12,5718
14,5719
17,5720
1,5721
3,5722
4,5723
8,5724
9,5725
17,5726
12,5727
0,5728
1,5729
13,5730
8,5731
16,5732
16,5733
18,5734
3,5735
18,5736
13,5737
1,5738
3,5739
16,5740
7,5741
5,5742
7,5743
2,5744
13,5745
9,5746
18,5747
17,5748
12,5749
19,5750
9,5751
11,5752
19,5753
1,5754
17,5755
3,5756
2,5757
11,5758
8,5759
7,5760
15,5761
16,5762
2,5763
3,5764
17,5765
16,5766
13,5767
10,5768
18,5769
1,5770
8,5771
4,5772
13,5773
17,5774
18,5775
9,5776
7,5777
16,5778
6,5779
0,5780
1,5781
6,5782
9,5783
4,5784
6,5785
2,5786
15,5787
17,5788
9,5789
7,5790
10,5791
5,5792
9,5793
7,5794
17,5795
9,5796
12,5797
17,5798
16,5799
12,5800
14,5801
2,5802
14,5803
11,5804
4,5805
2,5806
7,5807
6,5808
0,5809
3,5810
7,5811
6,5812
7,5813
19,5814
5,5815
2,5816
8,5817
17,5818
3,5819
15,5820
1,5821
1,5822
2,5823
16,5824
19,5825
7,5826
3,5827
19,5828
5,5829
14,5830
11,5831
12,5832
18,5833
12,5834
14,5835
16,5836
4,5837
0,5838
18,5839
1,5840
12,5841
19,5842
3,5843
12,5844
19,5845
12,5846
2,5847
16,5848
15,5849
10,5850
0,5851
18,5852
14,5853
1,5854
7,5855
11,5856
5,5857
17,5858
18,5859
0,5860
14,5861
10,5862
12,5863
8,5864
4,5865
10,5866
9,5867
17,5868
12,5869
19,5870
11,5871
4,5872
12,5873
8,5874
8,5875
5,5876
7,5877
17,5878
14,5879
10,5880
12,5881
0,5882
3,5883
2,5884
16,5885
6,5886
17,5887
10,5888
7,5889
14,5890
11,5891
14,5892
7,5893
13,5894
5,5895
0,5896
10,5897
12,5898
16,5899
16,5900
10,5901
18,5902
7,5903
19,5904
15,5905
3,5906
2,5907
11,5908
16,5909
5,5910
8,5911
7,5912
13,5913
18,5914
4,5915
9,5916
7,5917
5,5918
10,5919
8,5920
19,5921
1,5922
17,5923
5,5924
9,5925
11,5926
12,5927
2,5928
19,5929
12,5930
19,5931
4,5932
13,5933
12,5934
3,5935
9,5936
14,5937
10,5938
6,5939
7,5940
17,5941
6,5942
9,5943
6,5944
7,5945
10,5946
6,5947
3,5948
4,5949
11,5950
4,5951
13,5952
4,5953
9,5954
11,5955
3,5956
10,5957
11,5958
4,5959
10,5960
6,5961
4,5962
4,5963
10,5964
15,5965
9,5966
7,5967
6,5968
5,5969
11,5970
1,5971
9,5972
15,5973
10,5974
13,5975
4,5976
4,5977
5,5978
3,5979
6,5980
7,5981
7,5982
4,5983
0,5984
16,5985
11,5986
19,5987
19,5988
11,5989
1,5990
5,5991
5,5992
0,5993
18,5994
12,5995
19,5996
8,5997
1,5998
18,5999
7,6000
13,6001
10,6002
2,6003
7,6004
3,6005
10,6006
8,6007
17,6008
12,6009
14,6010
1,6011
19,6012
2,6013
7,6014
19,6015
3,6016
8,6017
10,6018
5,6019
17,6020
17,6021
9,6022
10,6023
8,6024
4,6025
19,6026
2,6027
12,6028
11,6029
19,6030
5,6031
3,6032
4,6033
17,6034
0,6035
8,6036
5,6037
0,6038
17,6039
13,6040
0,6041
11,6042
1,6043
8,6044
2,6045
8,6046
3,6047
17,6048
16,6049
2,6050
13,6051
19,6052
8,6053
3,6054
4,6055
5,6056
0,6057
18,6058
5,6059
9,6060
10,6061
10,6062
11,6063
8,6064
8,6065
3,6066
4,6067
15,6068
7,6069
5,6070
1,6071
11,6072
5,6073
8,6074
8,6075
13,6076
16,6077
1,6078
12,6079
0,6080
8,6081
12,6082
7,6083
5,6084
17,6085
8,6086
15,6087
5,6088
8,6089
3,6090
10,6091
6,6092
17,6093
4,6094
11,6095
19,6096
11,6097
6,6098
16,6099
9,6100
5,6101
3,6102
4,6103
5,6104
11,6105
8,6106
5,6107
3,6108
19,6109
14,6110
3,6111
4,6112
0,6113
12,6114
0,6115
9,6116
3,6117
1,6118
9,6119
5,6120
9,6121
11,6122
9,6123
11,6124
8,6125
13,6126
9,6127
4,6128
5,6129
10,6130
7,6131
10,6132
2,6133
18,6134
1,6135
19,6136
0,6137
8,6138
10,6139
19,6140
11,6141
16,6142
15,6143
17,6144
17,6145
9,6146
8,6147
1,6148
2,6149
11,6150
8,6151
13,6152
12,6153
10,6154
16,6155
5,6156
9,6157
6,6158
19,6159
15,6160
2,6161
0,6162
2,6163
16,6164
11,6165
5,6166
3,6167
8,6168
14,6169
2,6170
8,6171
14,6172
15,6173
4,6174
2,6175
18,6176
14,6177
12,6178
8,6179
12,6180
15,6181
13,6182
9,6183
2,6184
2,6185
6,6186
1,6187
2,6188
10,6189
18,6190
17,6191
7,6192
19,6193
16,6194
3,6195
6,6196
17,6197
1,6198
13,6199
0,6200
19,6201
12,6202
18,6203
2,6204
8,6205
16,6206
6,6207
19,6208
0,6209
3,6210
8,6211
13,6212
12,6213
2,6214
18,6215
1,6216
19,6217
17,6218
12,6219
4,6220
0,6221
6,6222
3,6223
10,6224
15,6225
4,6226
4,6227
5,6228
4,6229
6,6230
9,6231
7,6232
2,6233
14,6234
11,6235
19,6236
16,6237
5,6238
5,6239
13,6240
17,6241
11,6242
14,6243
0,6244
15,6245
18,6246
16,6247
7,6248
1,6249
15,6250
2,6251
0,6252
3,6253
4,6254
4,6255
13,6256
14,6257
11,6258
12,6259
0,6260
7,6261
1,6262
13,6263
17,6264
1,6265
18,6266
2,6267
18,6268
1,6269
3,6270
12,6271
13,6272
19,6273
8,6274
5,6275
8,6276
8,6277
16,6278
8,6279
17,6280
4,6281
16,6282
5,6283
10,6284
5,6285
8,6286
5,6287
17,6288
4,6289
8,6290
3,6291
7,6292
7,6293
2,6294
17,6295
8,6296
8,6297
5,6298
1,6299
4,6300
7,6301
13,6302
7,6303
13,6304
8,6305
3,6306
15,6307
19,6308
4,6309
13,6310
1,6311
1,6312
5,6313
17,6314
13,6315
8,6316
17,6317
8,6318
8,6319
19,6320
10,6321
19,6322
11,6323
0,6324
19,6325
5,6326
0,6327
16,6328
7,6329
4,6330
8,6331
1,6332
3,6333
2,6334
7,6335
10,6336
3,6337
9,6338
18,6339
18,6340
14,6341
8,6342
16,6343
0,6344
12,6345
1,6346
6,6347
12,6348
2,6349
0,6350
14,6351
5,6352
3,6353
7,6354
2,6355
8,6356
3,6357
7,6358
11,6359
4,6360
18,6361
14,6362
7,6363
2,6364
14,6365
10,6366
8,6367
17,6368
14,6369
10,6370
12,6371
16,6372
0,6373
3,6374
6,6375
18,6376
9,6377
19,6378
7,6379
10,6380
3,6381
0,6382
4,6383
19,6384
5,6385
9,6386
19,6387
5,6388
3,6389
15,6390
13,6391
18,6392
2,6393
11,6394
6,6395
12,6396
19,6397
7,6398
6,6399
19,6400
2,6401
3,6402
9,6403
1,6404
10,6405
7,6406
0,6407
11,6408
1,6409
11,6410
6,6411
12,6412
2,6413
14,6414
18,6415
3,6416
17,6417
9,6418
18,6419
11,6420
19,6421
1,6422
9,6423
0,6424
5,6425
6,6426
6,6427
15,6428
9,6429
14,6430
3,6431
2,6432
17,6433
15,6434
3,6435
16,6436
0,6437
11,6438
14,6439
19,6440
7,6441
5,6442
18,6443
13,6444
10,6445
19,6446
11,6447
17,6448
2,6449
17,6450
13,6451
8,6452
19,6453
2,6454
13,6455
6,6456
12,6457
7,6458
5,6459
11,6460
6,6461
2,6462
10,6463
9,6464
4,6465
7,6466
5,6467
9,6468
5,6469
6,6470
6,6471
0,6472
7,6473
10,6474
13,6475
0,6476
12,6477
3,6478
17,6479
1,6480
8,6481
10,6482
3,6483
2,6484
2,6485
5,6486
3,6487
16,6488
4,6489
19,6490
7,6491
19,6492
17,6493
16,6494
16,6495
13,6496
10,6497
13,6498
5,6499
16,6500
7,6501
14,6502
12,6503
9,6504
6,6505
7,6506
3,6507
12,6508
16,6509
11,6510
2,6511
17,6512
2,6513
11,6514
14,6515
19,6516
8,6517
8,6518
5,6519
3,6520
9,6521
4,6522
12,6523
5,6524
10,6525
5,6526
11,6527
7,6528
19,6529
18,6530
14,6531
7,6532
2,6533
14,6534
0,6535
6,6536
16,6537
14,6538
14,6539
13,6540
6,6541
7,6542
12,6543
1,6544
8,6545
19,6546
12,6547
13,6548
18,6549
17,6550
13,6551
18,6552
9,6553
3,6554
14,6555
14,6556
15,6557
17,6558
17,6559
13,6560
9,6561
11,6562
17,6563
2,6564
3,6565
11,6566
17,6567
1,6568
4,6569
9,6570
11,6571
7,6572
14,6573
14,6574
0,6575
19,6576
10,6577
2,6578
7,6579
10,6580
7,6581
11,6582
4,6583
9,6584
0,6585
9,6586
10,6587
4,6588
7,6589
10,6590
2,6591
19,6592
10,6593
10,6594
2,6595
17,6596
2,6597
17,6598
11,6599
10,6600
11,6601
12,6602
15,6603
2,6604
1,6605
3,6606
17,6607
6,6608
6,6609
6,6610
6,6611
9,6612
6,6613
7,6614
16,6615
0,6616
3,6617
7,6618
17,6619
0,6620
10,6621
1,6622
12,6623
9,6624
16,6625
2,6626
12,6627
17,6628
11,6629
1,6630
16,6631
4,6632
11,6633
3,6634
17,6635
2,6636
12,6637
7,6638
7,6639
19,6640
7,6641
1,6642
7,6643
14,6644
4,6645
11,6646
19,6647
5,6648
16,6649
17,6650
13,6651
11,6652
16,6653
4,6654
9,6655
14,6656
10,6657
19,6658
11,6659
14,6660
4,6661
0,6662
11,6663
1,6664
4,6665
2,6666
7,6667
3,6668
11,6669
17,6670
6,6671
19,6672
3,6673
8,6674
0,6675
3,6676
10,6677
11,6678
8,6679
19,6680
5,6681
3,6682
0,6683
11,6684
1,6685
4,6686
11,6687
3,6688
4,6689
17,6690
17,6691
6,6692
6,6693
1,6694
6,6695
7,6696
4,6697
16,6698
7,6699
17,6700
11,6701
17,6702
6,6703
19,6704
0,6705
6,6706
9,6707
0,6708
12,6709
5,6710
10,6711
19,6712
17,6713
8,6714
4,6715
2,6716
2,6717
11,6718
18,6719
15,6720
16,6721
4,6722
10,6723
11,6724
1,6725
8,6726
9,6727
4,6728
7,6729
19,6730
17,6731
1,6732
15,6733
14,6734
10,6735
12,6736
18,6737
14,6738
5,6739
10,6740
14,6741
3,6742
10,6743
7,6744
6,6745
15,6746
2,6747
12,6748
15,6749
15,6750
8,6751
1,6752
0,6753
3,6754
17,6755
4,6756
8,6757
4,6758
17,6759
15,6760
1,6761
1,6762
5,6763
2,6764
9,6765
7,6766
5,6767
8,6768
17,6769
12,6770
16,6771
11,6772
0,6773
0,6774
9,6775
1,6776
6,6777
9,6778
13,6779
9,6780
5,6781
15,6782
5,6783
6,6784
9,6785
11,6786
12,6787
0,6788
8,6789
8,6790
4,6791
4,6792
11,6793
8,6794
19,6795
5,6796
10,6797
15,6798
7,6799
14,6800
5,6801
11,6802
17,6803
1,6804
19,6805
9,6806
11,6807
4,6808
7,6809
5,6810
0,6811
3,6812
6,6813
17,6814
7,6815
10,6816
5,6817
0,6818
19,6819
4,6820
15,6821
5,6822
11,6823
6,6824
6,6825
7,6826
0,6827
7,6828
5,6829
4,6830
15,6831
10,6832
12,6833
8,6834
12,6835
1,6836
6,6837
16,6838
2,6839
14,6840
2,6841
5,6842
1,6843
4,6844
17,6845
19,6846
11,6847
8,6848
4,6849
0,6850
5,6851
11,6852
18,6853
18,6854
8,6855
5,6856
10,6857
1,6858
4,6859
8,6860
13,6861
18,6862
17,6863
19,6864
15,6865
15,6866
3,6867
17,6868
10,6869
18,6870
15,6871
6,6872
0,6873
18,6874
19,6875
9,6876
19,6877
11,6878
1,6879
10,6880
12,6881
4,6882
4,6883
5,6884
10,6885
6,6886
1,6887
7,6888
2,6889
4,6890
13,6891
7,6892
5,6893
7,6894
16,6895
6,6896
10,6897
10,6898
7,6899
19,6900
12,6901
7,6902
15,6903
15,6904
5,6905
4,6906
13,6907
16,6908
19,6909
11,6910
16,6911
0,6912
2,6913
1,6914
17,6915
14,6916
2,6917
13,6918
9,6919
6,6920
17,6921
3,6922
15,6923
9,6924
5,6925
11,6926
17,6927
11,6928
13,6929
19,6930
18,6931
15,6932
8,6933
8,6934
17,6935
11,6936
1,6937
7,6938
14,6939
11,6940
17,6941
13,6942
3,6943
16,6944
4,6945
9,6946
7,6947
14,6948
17,6949
8,6950
19,6951
4,6952
8,6953
14,6954
3,6955
2,6956
17,6957
19,6958
17,6959
14,6960
18,6961
17,6962
18,6963
9,6964
6,6965
5,6966
10,6967
10,6968
6,6969
17,6970
9,6971
10,6972
6,6973
14,6974
11,6975
4,6976
9,6977
7,6978
4,6979
13,6980
0,6981
8,6982
1,6983
6,6984
6,6985
6,6986
2,6987
8,6988
16,6989
1,6990
4,6991
1,6992
7,6993
13,6994
1,6995
17,6996
17,6997
15,6998
8,6999
2,7000
12,7001
7,7002
19,7003
11,7004
14,7005
3,7006
8,7007
13,7008
4,7009
3,7010
17,7011
14,7012
15,7013
5,7014
0,7015
14,7016
11,7017
1,7018
8,7019
5,7020
18,7021
11,7022
3,7023
18,7024
12,7025
9,7026
15,7027
5,7028
8,7029
12,7030
14,7031
5,7032
17,7033
2,7034
0,7035
11,7036
5,7037
3,7038
4,7039
4,7040
9,7041
13,7042
10,7043
16,7044
18,7045
12,7046
0,7047
11,7048
6,7049
7,7050
4,7051
16,7052
12,7053
1,7054
9,7055
5,7056
17,7057
7,7058
2,7059
1,7060
12,7061
13,7062
5,7063
16,7064
13,7065
18,7066
3,7067
8,7068
6,7069
3,7070
9,7071
19,7072
16,7073
10,7074
13,7075
0,7076
8,7077
13,7078
18,7079
3,7080
6,7081
9,7082
19,7083
12,7084
10,7085
17,7086
0,7087
16,7088
19,7089
19,7090
1,7091
19,7092
12,7093
2,7094
17,7095
3,7096
3,7097
2,7098
15,7099
9,7100
10,7101
18,7102
3,7103
18,7104
11,7105
9,7106
14,7107
16,7108
19,7109
15,7110
14,7111
1,7112
14,7113
2,7114
11,7115
12,7116
16,7117
14,7118
0,7119
6,7120
7,7121
4,7122
7,7123
5,7124
17,7125
6,7126
0,7127
7,7128
18,7129
18,7130
13,7131
8,7132
4,7133
1,7134
19,7135
19,7136
16,7137
18,7138
4,7139
7,7140
3,7141
12,7142
8,7143
5,7144
0,7145
12,7146
11,7147
3,7148
19,7149
17,7150
14,7151
15,7152
17,7153
11,7154
5,7155
9,7156
4,7157
7,7158
4,7159
4,7160
5,7161
7,7162
8,7163
15,7164
15,7165
17,7166
15,7167
6,7168
0,7169
8,7170
15,7171
7,7172
6,7173
7,7174
1,7175
10,7176
0,7177
18,7178
12,7179
9,7180
10,7181
10,7182
14,7183
6,7184
18,7185
14,7186
13,7187
6,7188
7,7189
18,7190
12,7191
17,7192
9,7193
1,7194
5,7195
2,7196
18,7197
4,7198
16,7199
8,7200
5,7201
11,7202
13,7203
6,7204
6,7205
12,7206
8,7207
7,7208
17,7209
14,7210
13,7211
12,7212
10,7213
0,7214
5,7215
19,7216
2,7217
9,7218
2,7219
7,7220
17,7221
1,7222
5,7223
17,7224
2,7225
5,7226
2,7227
9,7228
5,7229
7,7230
6,7231
11,7232
12,7233
9,7234
11,7235
18,7236
19,7237
11,7238
13,7239
6,7240
15,7241
14,7242
17,7243
14,7244
16,7245
12,7246
14,7247
19,7248
7,7249
16,7250
14,7251
18,7252
5,7253
11,7254
2,7255
7,7256
4,7257
16,7258
10,7259
0,7260
13,7261
5,7262
7,7263
6,7264
15,7265
0,7266
9,7267
1,7268
8,7269
2,7270
1,7271
3,7272
4,7273
16,7274
2,7275
10,7276
12,7277
4,7278
14,7279
1,7280
10,7281
11,7282
5,7283
0,7284
3,7285
10,7286
11,7287
1,7288
7,7289
16,7290
8,7291
18,7292
0,7293
3,7294
17,7295
1,7296
10,7297
2,7298
7,7299
3,7300
2,7301
17,7302
17,7303
4,7304
14,7305
18,7306
9,7307
0,7308
17,7309
6,7310
7,7311
5,7312
3,7313
9,7314
6,7315
2,7316
19,7317
16,7318
9,7319
4,7320
17,7321
0,7322
5,7323
2,7324
6,7325
0,7326
7,7327
9,7328
4,7329
8,7330
9,7331
6,7332
5,7333
11,7334
15,7335
3,7336
18,7337
18,7338
4,7339
11,7340
2,7341
15,7342
14,7343
16,7344
15,7345
4,7346
4,7347
1,7348
5,7349
15,7350
9,7351
6,7352
7,7353
7,7354
5,7355
7,7356
4,7357
16,7358
5,7359
9,7360
14,7361
13,7362
17,7363
15,7364
4,7365
11,7366
0,7367
7,7368
10,7369
0,7370
15,7371
12,7372
19,7373
2,7374
14,7375
15,7376
18,7377
7,7378
4,7379
1,7380
4,7381
13,7382
10,7383
9,7384
7,7385
6,7386
19,7387
8,7388
19,7389
17,7390
1,7391
14,7392
12,7393
9,7394
10,7395
12,7396
0,7397
0,7398
3,7399
2,7400
1,7401
3,7402
17,7403
6,7404
5,7405
19,7406
3,7407
2,7408
12,7409
14,7410
3,7411
19,7412
12,7413
3,7414
14,7415
11,7416
14,7417
5,7418
5,7419
1,7420
3,7421
5,7422
5,7423
0,7424
0,7425
6,7426
17,7427
1,7428
12,7429
14,7430
11,7431
8,7432
10,7433
9,7434
1,7435
5,7436
0,7437
1,7438
0,7439
8,7440
1,7441
12,7442
8,7443
16,7444
3,7445
2,7446
18,7447
12,7448
3,7449
2,7450
14,7451
5,7452
14,7453
14,7454
6,7455
11,7456
1,7457
1,7458
17,7459
12,7460
1,7461
1,7462
12,7463
14,7464
16,7465
13,7466
1,7467
17,7468
9,7469
19,7470
0,7471
6,7472
9,7473
1,7474
19,7475
11,7476
9,7477
19,7478
18,7479
19,7480
15,7481
13,7482
8,7483
14,7484
3,7485
18,7486
10,7487
12,7488
0,7489
19,7490
8,7491
11,7492
4,7493
8,7494
5,7495
12,7496
6,7497
12,7498
11,7499
7,7500
5,7501
7,7502
7,7503
16,7504
12,7505
4,7506
11,7507
8,7508
0,7509
9,7510
1,7511
17,7512
2,7513
10,7514
7,7515
1,7516
3,7517
12,7518
14,7519
5,7520
9,7521
1,7522
4,7523
18,7524
0,7525
3,7526
13,7527
15,7528
6,7529
17,7530
1,7531
11,7532
16,7533
12,7534
12,7535
16,7536
18,7537
9,7538
5,7539
1,7540
19,7541
2,7542
17,7543
12,7544
10,7545
4,7546
7,7547
13,7548
7,7549
1,7550
18,7551
12,7552
0,7553
6,7554
4,7555
6,7556
9,7557
16,7558
9,7559
18,7560
5,7561
14,7562
6,7563
19,7564
3,7565
4,7566
7,7567
0,7568
17,7569
6,7570
10,7571
10,7572
0,7573
3,7574
8,7575
6,7576
1,7577
5,7578
10,7579
14,7580
7,7581
5,7582
1,7583
19,7584
11,7585
3,7586
9,7587
11,7588
17,7589
2,7590
6,7591
18,7592
9,7593
10,7594
12,7595
14,7596
19,7597
4,7598
11,7599
4,7600
0,7601
1,7602
10,7603
17,7604
11,7605
15,7606
4,7607
13,7608
19,7609
11,7610
18,7611
19,7612
3,7613
15,7614
1,7615
8,7616
11,7617
16,7618
1,7619
0,7620
9,7621
1,7622
12,7623
15,7624
1,7625
17,7626
4,7627
9,7628
2,7629
8,7630
19,7631
17,7632
4,7633
2,7634
10,7635
13,7636
16,7637
0,7638
4,7639
4,7640
5,7641
12,7642
11,7643
14,7644
1,7645
6,7646
3,7647
17,7648
19,7649
7,7650
13,7651
7,7652
3,7653
16,7654
11,7655
19,7656
2,7657
12,7658
13,7659
19,7660
12,7661
0,7662
15,7663
17,7664
13,7665
12,7666
15,7667
8,7668
17,7669
1,7670
17,7671
4,7672
0,7673
19,7674
4,7675
7,7676
1,7677
16,7678
8,7679
13,7680
7,7681
5,7682
7,7683
13,7684
4,7685
13,7686
1,7687
11,7688
14,7689
11,7690
2,7691
14,7692
1,7693
10,7694
14,7695
18,7696
11,7697
6,7698
0,7699
2,7700
17,7701
6,7702
15,7703
3,7704
12,7705
4,7706
11,7707
8,7708
5,7709
9,7710
17,7711
9,7712
8,7713
1,7714
8,7715
1,7716
4,7717
16,7718
19,7719
12,7720
19,7721
3,7722
8,7723
12,7724
14,7725
5,7726
17,7727
18,7728
0,7729
5,7730
0,7731
11,7732
1,7733
14,7734
2,7735
16,7736
15,7737
3,7738
17,7739
13,7740
11,7741
14,7742
2,7743
10,7744
7,7745
11,7746
6,7747
0,7748
2,7749
8,7750
5,7751
1,7752
19,7753
2,7754
15,7755
3,7756
18,7757
8,7758
5,7759
13,7760
12,7761
5,7762
8,7763
0,7764
6,7765
19,7766
18,7767
1,7768
18,7769
2,7770
5,7771
3,7772
12,7773
4,7774
14,7775
8,7776
18,7777
2,7778
11,7779
12,7780
14,7781
16,7782
1,7783
12,7784
14,7785
16,7786
11,7787
17,7788
2,7789
11,7790
0,7791
2,7792
12,7793
19,7794
7,7795
1,7796
17,7797
17,7798
16,7799
5,7800
11,7801
4,7802
13,7803
7,7804
14,7805
2,7806
17,7807
13,7808
7,7809
14,7810
13,7811
10,7812
5,7813
0,7814
18,7815
8,7816
5,7817
1,7818
12,7819
16,7820
0,7821
1,7822
15,7823
17,7824
16,7825
12,7826
12,7827
5,7828
3,7829
7,7830
9,7831
15,7832
7,7833
17,7834
2,7835
9,7836
6,7837
5,7838
0,7839
18,7840
13,7841
12,7842
5,7843
4,7844
16,7845
10,7846
2,7847
1,7848
8,7849
16,7850
5,7851
7,7852
9,7853
19,7854
18,7855
18,7856
8,7857
12,7858
15,7859
5,7860
7,7861
6,7862
5,7863
9,7864
11,7865
4,7866
18,7867
1,7868
18,7869
2,7870
14,7871
7,7872
17,7873
2,7874
4,7875
0,7876
5,7877
7,7878
2,7879
1,7880
6,7881
14,7882
6,7883
9,7884
7,7885
5,7886
1,7887
5,7888
11,7889
4,7890
2,7891
18,7892
8,7893
0,7894
9,7895
6,7896
7,7897
5,7898
10,7899
6,7900
12,7901
4,7902
11,7903
1,7904
0,7905
19,7906
1,7907
14,7908
2,7909
7,7910
14,7911
3,7912
8,7913
9,7914
1,7915
7,7916
18,7917
14,7918
0,7919
9,7920
1,7921
19,7922
2,7923
18,7924
3,7925
0,7926
9,7927
1,7928
3,7929
18,7930
0,7931
6,7932
1,7933
7,7934
7,7935
2,7936
11,7937
3,7938
8,7939
11,7940
6,7941
18,7942
7,7943
7,7944
4,7945
13,7946
3,7947
9,7948
6,7949
0,7950
11,7951
3,7952
12,7953
8,7954
17,7955
15,7956
17,7957
15,7958
15,7959
18,7960
4,7961
4,7962
12,7963
5,7964
9,7965
6,7966
4,7967
0,7968
0,7969
16,7970
18,7971
16,7972
14,7973
15,7974
7,7975
9,7976
4,7977
12,7978
14,7979
7,7980
2,7981
0,7982
4,7983
18,7984
15,7985
9,7986
6,7987
0,7988
7,7989
19,7990
8,7991
19,7992
15,7993
15,7994
15,7995
3,7996
5,7997
2,7998
3,7999
2,8000
8,8001
8,8002
3,8003
15,8004
14,8005
13,8006
17,8007
6,8008
17,8009
4,8010
2,8011
14,8012
18,8013
2,8014
19,8015
19,8016
15,8017
11,8018
18,8019
4,8020
3,8021
18,8022
9,8023
13,8024
6,8025
2,8026
12,8027
0,8028
1,8029
12,8030
6,8031
10,8032
4,8033
9,8034
2,8035
7,8036
3,8037
19,8038
19,8039
1,8040
7,8041
17,8042
2,8043
9,8044
16,8045
12,8046
15,8047
4,8048
18,8049
7,8050
14,8051
10,8052
9,8053
5,8054
11,8055
19,8056
17,8057
15,8058
14,8059
15,8060
4,8061
15,8062
5,8063
0,8064
6,8065
17,8066
12,8067
7,8068
9,8069
10,8070
2,8071
14,8072
1,8073
18,8074
18,8075
15,8076
13,8077
7,8078
9,8079
8,8080
15,8081
0,8082
7,8083
17,8084
1,8085
19,8086
15,8087
1,8088
19,8089
8,8090
4,8091
15,8092
15,8093
14,8094
11,8095
5,8096
9,8097
6,8098
6,8099
19,8100
7,8101
11,8102
12,8103
0,8104
0,8105
19,8106
2,8107
7,8108
13,8109
18,8110
18,8111
9,8112
6,8113
12,8114
7,8115
19,8116
17,8117
11,8118
13,8119
19,8120
3,8121
8,8122
13,8123
6,8124
9,8125
14,8126
4,8127
9,8128
18,8129
0,8130
16,8131
3,8132
15,8133
6,8134
9,8135
10,8136
7,8137
13,8138
5,8139
6,8140
3,8141
4,8142
8,8143
8,8144
14,8145
17,8146
17,8147
8,8148
0,8149
12,8150
19,8151
1,8152
2,8153
2,8154
9,8155
3,8156
11,8157
3,8158
7,8159
12,8160
13,8161
3,8162
10,8163
13,8164
2,8165
0,8166
19,8167
11,8168
9,8169
12,8170
10,8171
5,8172
14,8173
14,8174
17,8175
4,8176
2,8177
5,8178
15,8179
19,8180
3,8181
15,8182
0,8183
19,8184
6,8185
0,8186
16,8187
1,8188
12,8189
3,8190
19,8191
11,8192
15,8193
8,8194
11,8195
4,8196
4,8197
14,8198
13,8199
3,8200
2,8201
11,8202
9,8203
12,8204
17,8205
13,8206
11,8207
1,8208
15,8209
8,8210
17,8211
18,8212
1,8213
2,8214
9,8215
0,8216
1,8217
19,8218
14,8219
16,8220
0,8221
7,8222
11,8223
2,8224
14,8225
7,8226
13,8227
1,8228
0,8229
18,8230
10,8231
8,8232
19,8233
18,8234
13,8235
9,8236
16,8237
1,8238
9,8239
8,8240
5,8241
3,8242
3,8243
6,8244
5,8245
3,8246
4,8247
11,8248
16,8249
9,8250
16,8251
19,8252
19,8253
3,8254
4,8255
9,8256
5,8257
7,8258
12,8259
14,8260
13,8261
6,8262
3,8263
11,8264
16,8265
10,8266
1,8267
3,8268
8,8269
2,8270
19,8271
12,8272
9,8273
2,8274
12,8275
16,8276
8,8277
13,8278
17,8279
14,8280
1,8281
17,8282
9,8283
13,8284
0,8285
10,8286
3,8287
11,8288
4,8289
4,8290
11,8291
6,8292
10,8293
10,8294
4,8295
14,8296
4,8297
14,8298
2,8299
5,8300
0,8301
16,8302
16,8303
1,8304
10,8305
1,8306
8,8307
12,8308
12,8309
9,8310
12,8311
8,8312
8,8313
3,8314
6,8315
0,8316
19,8317
11,8318
17,8319
4,8320
14,8321
11,8322
6,8323
11,8324
6,8325
7,8326
5,8327
15,8328
6,8329
4,8330
9,8331
3,8332
6,8333
12,8334
0,8335
8,8336
4,8337
17,8338
12,8339
5,8340
9,8341
9,8342
4,8343
6,8344
2,8345
4,8346
16,8347
18,8348
8,8349
5,8350
14,8351
11,8352
0,8353
11,8354
19,8355
9,8356
13,8357
13,8358
3,8359
11,8360
16,8361
0,8362
6,8363
2,8364
16,8365
8,8366
2,8367
14,8368
11,8369
5,8370
9,8371
6,8372
7,8373
12,8374
10,8375
11,8376
1,8377
12,8378
5,8379
0,8380
14,8381
19,8382
12,8383
1,8384
5,8385
3,8386
7,8387
3,8388
18,8389
12,8390
9,8391
5,8392
0,8393
11,8394
0,8395
1,8396
4,8397
7,8398
1,8399
10,8400
9,8401
10,8402
2,8403
1,8404
19,8405
3,8406
6,8407
7,8408
6,8409
17,8410
8,8411
19,8412
2,8413
10,8414
2,8415
5,8416
10,8417
19,8418
9,8419
10,8420
6,8421
9,8422
0,8423
7,8424
6,8425
0,8426
19,8427
18,8428
3,8429
4,8430
3,8431
5,8432
3,8433
10,8434
6,8435
19,8436
9,8437
11,8438
7,8439
19,8440
1,8441
15,8442
1,8443
4,8444
8,8445
4,8446
18,8447
2,8448
5,8449
4,8450
0,8451
19,8452
14,8453
13,8454
18,8455
5,8456
11,8457
19,8458
0,8459
8,8460
14,8461
11,8462
16,8463
19,8464
18,8465
3,8466
11,8467
10,8468
16,8469
6,8470
7,8471
16,8472
11,8473
13,8474
9,8475
6,8476
3,8477
12,8478
14,8479
10,8480
18,8481
17,8482
12,8483
7,8484
7,8485
9,8486
10,8487
12,8488
0,8489
10,8490
11,8491
12,8492
14,8493
5,8494
9,8495
6,8496
19,8497
5,8498
12,8499
8,8500
1,8501
3,8502
17,8503
8,8504
7,8505
9,8506
5,8507
15,8508
8,8509
9,8510
13,8511
0,8512
6,8513
6,8514
6,8515
13,8516
9,8517
2,8518
0,8519
13,8520
17,8521
1,8522
0,8523
6,8524
9,8525
6,8526
1,8527
11,8528
2,8529
8,8530
17,8531
12,8532
3,8533
7,8534
11,8535
1,8536
16,8537
11,8538
17,8539
19,8540
12,8541
8,8542
7,8543
0,8544
7,8545
9,8546
14,8547
5,8548
1,8549
3,8550
2,8551
14,8552
16,8553
3,8554
2,8555
3,8556
13,8557
11,8558
11,8559
14,8560
15,8561
12,8562
17,8563
0,8564
4,8565
17,8566
6,8567
5,8568
8,8569
7,8570
14,8571
15,8572
10,8573
6,8574
6,8575
7,8576
14,8577
13,8578
13,8579
17,8580
4,8581
8,8582
4,8583
9,8584
5,8585
17,8586
2,8587
2,8588
10,8589
15,8590
4,8591
4,8592
16,8593
1,8594
9,8595
15,8596
8,8597
8,8598
7,8599
9,8600
13,8601
2,8602
4,8603
2,8604
5,8605
17,8606
2,8607
8,8608
13,8609
17,8610
4,8611
9,8612
16,8613
9,8614
11,8615
17,8616
11,8617
11,8618
11,8619
8,8620
12,8621
4,8622
9,8623
5,8624
11,8625
14,8626
6,8627
19,8628
0,8629
1,8630
7,8631
4,8632
9,8633
12,8634
4,8635
14,8636
0,8637
19,8638
15,8639
9,8640
14,8641
6,8642
0,8643
3,8644
4,8645
6,8646
0,8647
5,8648
1,8649
8,8650
6,8651
7,8652
12,8653
14,8654
12,8655
10,8656
14,8657
7,8658
13,8659
7,8660
14,8661
11,8662
2,8663
11,8664
6,8665
12,8666
17,8667
0,8668
1,8669
17,8670
4,8671
5,8672
17,8673
1,8674
19,8675
2,8676
5,8677
3,8678
5,8679
8,8680
5,8681
18,8682
10,8683
2,8684
5,8685
15,8686
17,8687
8,8688
8,8689
14,8690
3,8691
15,8692
10,8693
8,8694
19,8695
9,8696
16,8697
12,8698
9,8699
11,8700
19,8701
14,8702
18,8703
18,8704
13,8705
17,8706
10,8707
13,8708
10,8709
2,8710
17,8711
6,8712
7,8713
0,8714
10,8715
18,8716
10,8717
12,8718
1,8719
19,8720
13,8721
0,8722
4,8723
2,8724
17,8725
3,8726
11,8727
10,8728
4,8729
8,8730
3,8731
11,8732
5,8733
4,8734
19,8735
5,8736
1,8737
6,8738
10,8739
7,8740
19,8741
11,8742
16,8743
3,8744
2,8745
3,8746
15,8747
16,8748
17,8749
15,8750
15,8751
8,8752
3,8753
2,8754
17,8755
9,8756
17,8757
13,8758
7,8759
4,8760
13,8761
6,8762
0,8763
11,8764
6,8765
3,8766
5,8767
3,8768
11,8769
14,8770
1,8771
6,8772
16,8773
8,8774
7,8775
1,8776
19,8777
12,8778
8,8779
5,8780
9,8781
3,8782
3,8783
17,8784
6,8785
12,8786
14,8787
16,8788
16,8789
19,8790
10,8791
18,8792
3,8793
13,8794
1,8795
1,8796
19,8797
18,8798
17,8799
3,8800
11,8801
17,8802
4,8803
2,8804
13,8805
9,8806
5,8807
11,8808
5,8809
11,8810
16,8811
14,8812
19,8813
13,8814
17,8815
12,8816
8,8817
16,8818
12,8819
4,8820
2,8821
17,8822
9,8823
12,8824
15,8825
14,8826
0,8827
8,8828
10,8829
3,8830
1,8831
19,8832
2,8833
9,8834
3,8835
11,8836
1,8837
5,8838
8,8839
3,8840
17,8841
1,8842
4,8843
11,8844
2,8845
11,8846
4,8847
6,8848
16,8849
18,8850
17,8851
12,8852
3,8853
8,8854
0,8855
15,8856
4,8857
16,8858
7,8859
13,8860
4,8861
14,8862
7,8863
5,8864
1,8865
12,8866
12,8867
3,8868
4,8869
13,8870
1,8871
0,8872
7,8873
17,8874
4,8875
16,8876
18,8877
1,8878
6,8879
8,8880
4,8881
9,8882
5,8883
16,8884
5,8885
7,8886
5,8887
18,8888
7,8889
6,8890
9,8891
11,8892
7,8893
5,8894
17,8895
6,8896
19,8897
9,8898
7,8899
14,8900
16,8901
8,8902
3,8903
16,8904
1,8905
4,8906
7,8907
3,8908
7,8909
10,8910
5,8911
7,8912
8,8913
6,8914
0,8915
11,8916
6,8917
17,8918
2,8919
16,8920
4,8921
2,8922
7,8923
17,8924
18,8925
6,8926
14,8927
4,8928
17,8929
0,8930
3,8931
6,8932
6,8933
1,8934
6,8935
7,8936
19,8937
14,8938
13,8939
10,8940
1,8941
8,8942
12,8943
1,8944
8,8945
2,8946
10,8947
4,8948
1,8949
11,8950
8,8951
13,8952
1,8953
9,8954
5,8955
3,8956
16,8957
13,8958
7,8959
11,8960
15,8961
17,8962
6,8963
3,8964
8,8965
4,8966
17,8967
19,8968
5,8969
16,8970
2,8971
13,8972
1,8973
6,8974
6,8975
7,8976
7,8977
6,8978
0,8979
11,8980
6,8981
17,8982
19,8983
8,8984
9,8985
9,8986
9,8987
1,8988
19,8989
8,8990
9,8991
14,8992
19,8993
17,8994
19,8995
19,8996
5,8997
8,8998
7,8999
2,9000
12,9001
9,9002
19,9003
8,9004
4,9005
0,9006
8,9007
19,9008
18,9009
3,9010
18,9011
13,9012
18,9013
3,9014
18,9015
8,9016
19,9017
11,9018
0,9019
14,9020
8,9021
8,9022
5,9023
14,9024
11,9025
17,9026
18,9027
8,9028
7,9029
2,9030
11,9031
9,9032
6,9033
19,9034
10,9035
12,9036
13,9037
10,9038
5,9039
3,9040
9,9041
4,9042
9,9043
6,9044
15,9045
8,9046
8,9047
7,9048
16,9049
13,9050
16,9051
5,9052
15,9053
0,9054
6,9055
10,9056
5,9057
17,9058
13,9059
5,9060
10,9061
12,9062
0,9063
10,9064
4,9065
8,9066
13,9067
15,9068
15,9069
13,9070
9,9071
12,9072
17,9073
12,9074
17,9075
13,9076
10,9077
8,9078
1,9079
0,9080
8,9081
7,9082
4,9083
8,9084
10,9085
11,9086
4,9087
2,9088
18,9089
8,9090
1,9091
11,9092
5,9093
7,9094
4,9095
7,9096
13,9097
9,9098
4,9099
14,9100
5,9101
2,9102
8,9103
4,9104
6,9105
15,9106
7,9107
19,9108
12,9109
6,9110
19,9111
14,9112
18,9113
8,9114
9,9115
6,9116
19,9117
19,9118
7,9119
13,9120
17,9121
13,9122
9,9123
16,9124
5,9125
19,9126
16,9127
16,9128
8,9129
17,9130
1,9131
0,9132
10,9133
11,9134
6,9135
9,9136
8,9137
7,9138
5,9139
15,9140
12,9141
9,9142
18,9143
1,9144
5,9145
4,9146
9,9147
14,9148
4,9149
19,9150
14,9151
13,9152
17,9153
5,9154
9,9155
6,9156
0,9157
4,9158
7,9159
16,9160
13,9161
0,9162
14,9163
13,9164
18,9165
12,9166
17,9167
13,9168
9,9169
0,9170
4,9171
8,9172
9,9173
4,9174
14,9175
1,9176
17,9177
8,9178
19,9179
19,9180
14,9181
13,9182
19,9183
3,9184
2,9185
9,9186
6,9187
0,9188
18,9189
14,9190
1,9191
15,9192
10,9193
2,9194
13,9195
1,9196
0,9197
4,9198
8,9199
1,9200
17,9201
18,9202
2,9203
3,9204
3,9205
19,9206
7,9207
0,9208
7,9209
1,9210
0,9211
6,9212
19,9213
11,9214
14,9215
10,9216
4,9217
10,9218
18,9219
2,9220
7,9221
9,9222
1,9223
4,9224
15,9225
12,9226
9,9227
19,9228
10,9229
4,9230
16,9231
1,9232
0,9233
3,9234
1,9235
17,9236
2,9237
11,9238
3,9239
8,9240
19,9241
2,9242
5,9243
0,9244
4,9245
2,9246
9,9247
14,9248
18,9249
3,9250
19,9251
3,9252
15,9253
11,9254
19,9255
18,9256
2,9257
0,9258
9,9259
5,9260
1,9261
6,9262
19,9263
8,9264
2,9265
5,9266
9,9267
7,9268
3,9269
19,9270
11,9271
6,9272
11,9273
1,9274
4,9275
9,9276
1,9277
5,9278
9,9279
11,9280
13,9281
6,9282
4,9283
7,9284
11,9285
4,9286
1,9287
10,9288
18,9289
1,9290
10,9291
2,9292
8,9293
5,9294
1,9295
12,9296
14,9297
15,9298
9,9299
15,9300
16,9301
13,9302
14,9303
12,9304
0,9305
4,9306
1,9307
14,9308
16,9309
2,9310
6,9311
0,9312
4,9313
3,9314
2,9315
1,9316
19,9317
7,9318
7,9319
4,9320
7,9321
5,9322
11,9323
1,9324
8,9325
5,9326
15,9327
1,9328
3,9329
8,9330
13,9331
18,9332
14,9333
13,9334
8,9335
2,9336
18,9337
10,9338
16,9339
11,9340
13,9341
8,9342
7,9343
9,9344
7,9345
2,9346
3,9347
19,9348
10,9349
18,9350
7,9351
8,9352
3,9353
19,9354
2,9355
0,9356
11,9357
9,9358
0,9359
1,9360
8,9361
10,9362
14,9363
8,9364
2,9365
11,9366
0,9367
18,9368
19,9369
19,9370
8,9371
11,9372
16,9373
19,9374
17,9375
6,9376
10,9377
11,9378
2,9379
19,9380
0,9381
4,9382
12,9383
19,9384
5,9385
11,9386
6,9387
4,9388
13,9389
18,9390
3,9391
7,9392
10,9393
17,9394
16,9395
11,9396
13,9397
11,9398
9,9399
19,9400
11,9401
13,9402
0,9403
10,9404
10,9405
1,9406
17,9407
4,9408
18,9409
15,9410
5,9411
3,9412
6,9413
6,9414
7,9415
5,9416
8,9417
5,9418
17,9419
7,9420
14,9421
0,9422
14,9423
13,9424
1,9425
15,9426
2,9427
7,9428
0,9429
3,9430
17,9431
10,9432
7,9433
4,9434
11,9435
12,9436
14,9437
16,9438
8,9439
3,9440
0,9441
19,9442
5,9443
16,9444
0,9445
7,9446
9,9447
3,9448
11,9449
13,9450
4,9451
14,9452
5,9453
4,9454
5,9455
18,9456
18,9457
14,9458
5,9459
10,9460
6,9461
12,9462
7,9463
4,9464
13,9465
16,9466
19,9467
9,9468
16,9469
1,9470
18,9471
12,9472
13,9473
12,9474
3,9475
15,9476
9,9477
2,9478
1,9479
14,9480
17,9481
6,9482
0,9483
11,9484
5,9485
1,9486
4,9487
8,9488
18,9489
2,9490
7,9491
4,9492
7,9493
0,9494
13,9495
17,9496
8,9497
4,9498
1,9499
1,9500
8,9501
2,9502
0,9503
3,9504
16,9505
0,9506
10,9507
5,9508
12,9509
8,9510
9,9511
11,9512
6,9513
7,9514
19,9515
1,9516
7,9517
1,9518
7,9519
14,9520
8,9521
17,9522
13,9523
7,9524
16,9525
5,9526
14,9527
0,9528
18,9529
16,9530
13,9531
17,9532
0,9533
18,9534
15,9535
2,9536
9,9537
2,9538
9,9539
16,9540
12,9541
5,9542
15,9543
14,9544
19,9545
17,9546
16,9547
13,9548
18,9549
3,9550
1,9551
10,9552
4,9553
18,9554
4,9555
9,9556
1,9557
5,9558
4,9559
6,9560
5,9561
7,9562
6,9563
2,9564
13,9565
7,9566
17,9567
4,9568
9,9569
7,9570
5,9571
12,9572
6,9573
0,9574
8,9575
7,9576
13,9577
1,9578
4,9579
2,9580
11,9581
17,9582
2,9583
1,9584
5,9585
3,9586
2,9587
7,9588
5,9589
11,9590
6,9591
0,9592
6,9593
6,9594
9,9595
16,9596
8,9597
17,9598
15,9599
8,9600
3,9601
7,9602
6,9603
6,9604
8,9605
2,9606
8,9607
9,9608
14,9609
17,9610
18,9611
17,9612
9,9613
11,9614
14,9615
2,9616
14,9617
2,9618
10,9619
8,9620
8,9621
14,9622
2,9623
14,9624
4,9625
2,9626
13,9627
10,9628
5,9629
11,9630
17,9631
8,9632
16,9633
0,9634
13,9635
4,9636
13,9637
12,9638
2,9639
5,9640
8,9641
16,9642
9,9643
2,9644
0,9645
11,9646
1,9647
14,9648
12,9649
2,9650
10,9651
3,9652
8,9653
7,9654
11,9655
1,9656
5,9657
0,9658
19,9659
3,9660
2,9661
5,9662
9,9663
1,9664
17,9665
15,9666
9,9667
16,9668
17,9669
14,9670
0,9671
19,9672
2,9673
12,9674
16,9675
2,9676
19,9677
10,9678
19,9679
2,9680
19,9681
0,9682
8,9683
6,9684
15,9685
4,9686
8,9687
17,9688
10,9689
0,9690
3,9691
0,9692
18,9693
11,9694
4,9695
11,9696
5,9697
1,9698
11,9699
11,9700
2,9701
0,9702
15,9703
16,9704
11,9705
17,9706
19,9707
12,9708
16,9709
0,9710
6,9711
2,9712
0,9713
18,9714
1,9715
8,9716
2,9717
19,9718
2,9719
5,9720
11,9721
6,9722
9,9723
3,9724
2,9725
12,9726
0,9727
4,9728
12,9729
7,9730
6,9731
7,9732
10,9733
10,9734
5,9735
11,9736
18,9737
11,9738
1,9739
3,9740
14,9741
15,9742
0,9743
8,9744
5,9745
0,9746
5,9747
5,9748
11,9749
16,9750
11,9751
2,9752
10,9753
3,9754
7,9755
4,9756
3,9757
7,9758
19,9759
10,9760
2,9761
8,9762
8,9763
5,9764
0,9765
8,9766
17,9767
9,9768
11,9769
0,9770
8,9771
2,9772
11,9773
5,9774
0,9775
14,9776
5,9777
0,9778
8,9779
17,9780
13,9781
12,9782
9,9783
16,9784
5,9785
3,9786
8,9787
3,9788
17,9789
1,9790
12,9791
7,9792
14,9793
7,9794
4,9795
8,9796
19,9797
2,9798
18,9799
6,9800
0,9801
5,9802
17,9803
10,9804
2,9805
8,9806
4,9807
1,9808
3,9809
13,9810
8,9811
2,9812
5,9813
0,9814
6,9815
13,9816
18,9817
2,9818
17,9819
15,9820
10,9821
9,9822
16,9823
6,9824
4,9825
8,9826
0,9827
6,9828
17,9829
6,9830
6,9831
6,9832
0,9833
19,9834
8,9835
5,9836
4,9837
12,9838
5,9839
2,9840
6,9841
18,9842
7,9843
5,9844
17,9845
18,9846
0,9847
9,9848
17,9849
5,9850
11,9851
1,9852
12,9853
13,9854
17,9855
12,9856
8,9857
0,9858
3,9859
7,9860
0,9861
4,9862
7,9863
10,9864
1,9865
7,9866
17,9867
2,9868
9,9869
19,9870
17,9871
12,9872
8,9873
2,9874
12,9875
11,9876
12,9877
17,9878
18,9879
18,9880
15,9881
18,9882
8,9883
8,9884
17,9885
9,9886
4,9887
2,9888
8,9889
1,9890
11,9891
9,9892
18,9893
16,9894
7,9895
9,9896
3,9897
2,9898
2,9899
17,9900
13,9901
8,9902
2,9903
9,9904
11,9905
4,9906
0,9907
12,9908
2,9909
9,9910
2,9911
5,9912
3,9913
16,9914
9,9915
1,9916
0,9917
3,9918
11,9919
12,9920
19,9921
19,9922
0,9923
1,9924
1,9925
6,9926
2,9927
17,9928
14,9929
3,9930
3,9931
0,9932
7,9933
4,9934
0,9935
19,9936
13,9937
18,9938
12,9939
2,9940
18,9941
0,9942
0,9943
7,9944
2,9945
17,9946
19,9947
16,9948
10,9949
13,9950
6,9951
9,9952
14,9953
11,9954
7,9955
18,9956
9,9957
14,9958
14,9959
9,9960
5,9961
9,9962
14,9963
8,9964
9,9965
0,9966
1,9967
10,9968
10,9969
10,9970
18,9971
12,9972
2,9973
17,9974
5,9975
0,9976
19,9977
13,9978
9,9979
10,9980
19,9981
12,9982
14,9983
19,9984
8,9985
19,9986
0,9987
1,9988
18,9989
4,9990
14,9991
16,9992
16,9993
11,9994
0,9995
2,9996
18,9997
8,9998
9,9999
