16,0
12,1
12,2
22,3
14,4
4,5
4,6
17,7
19,8
19,9
14,10
17,11
14,12
17,13
14,14
17,15
5,16
19,17
19,18
5,19
4,20
17,21
4,22
17,23
5,24
4,25
6,26
25,27
7,28
7,29
29,30
28,31
11,32
4,33
5,34
19,35
5,36
17,37
6,38
26,39
6,40
25,41
7,42
29,43
7,44
28,45
28,46
7,47
11,48
11,49
28,50
6,51
6,52
25,53
16,54
25,55
13,56
25,57
13,58
13,59
16,60
12,61
27,62
3,63
3,64
3,65
27,66
27,67
3,68
12,69
12,70
12,71
12,72
27,73
27,74
3,75
12,76
22,77
20,78
9,79
9,80
24,81
0,82
20,83
0,84
9,85
23,86
24,87
1,88
15,89
8,90
2,91
6,92
3,93
27,94
27,95
12,96
22,97
14,98
14,99
17,100
17,101
14,102
4,103
19,104
4,105
17,106
19,107
17,108
17,109
5,110
14,111
19,112
19,113
19,114
14,115
5,116
17,117
5,118
4,119
19,120
17,121
19,122
14,123
4,124
17,125
5,126
17,127
14,128
5,129
17,130
17,131
17,132
17,133
4,134
19,135
5,136
4,137
4,138
14,139
5,140
4,141
5,142
17,143
14,144
19,145
5,146
17,147
4,148
19,149
17,150
4,151
4,152
17,153
19,154
17,155
19,156
17,157
5,158
14,159
19,160
8,161
8,162
18,163
1,164
15,165
15,166
18,167
1,168
15,169
18,170
1,171
1,172
15,173
1,174
18,175
18,176
1,177
1,178
1,179
4,180
5,181
4,182
19,183
5,184
4,185
14,186
5,187
14,188
6,189
2,190
7,191
29,192
11,193
29,194
28,195
6,196
21,197
21,198
26,199
26,200
26,201
6,202
2,203
6,204
26,205
6,206
25,207
25,208
13,209
16,210
13,211
13,212
16,213
25,214
16,215
25,216
13,217
16,218
0,219
9,220
20,221
1,222
8,223
2,224
21,225
6,226
3,227
27,228
12,229
12,230
3,231
3,232
12,233
3,234
27,235
27,236
27,237
3,238
3,239
3,240
12,241
22,242
22,243
23,244
22,245
9,246
23,247
22,248
20,249
0,250
0,251
20,252
22,253
22,254
22,255
0,256
24,257
24,258
24,259
0,260
9,261
22,262
9,263
20,264
23,265
0,266
0,267
20,268
20,269
23,270
23,271
9,272
23,273
9,274
20,275
9,276
23,277
20,278
0,279
9,280
9,281
23,282
0,283
23,284
23,285
9,286
24,287
9,288
24,289
22,290
22,291
22,292
24,293
0,294
24,295
0,296
22,297
9,298
24,299
22,300
14,301
5,302
14,303
4,304
14,305
14,306
14,307
14,308
4,309
5,310
0,311
22,312
1,313
18,314
8,315
2,316
26,317
3,318
12,319
12,320
3,321
27,322
12,323
12,324
3,325
27,326
27,327
27,328
3,329
3,330
3,331
12,332
22,333
20,334
0,335
24,336
4,337
19,338
5,339
5,340
4,341
5,342
4,343
6,344
2,345
10,346
7,347
11,348
29,349
28,350
6,351
21,352
21,353
21,354
21,355
6,356
6,357
26,358
26,359
6,360
21,361
26,362
21,363
10,364
2,365
21,366
6,367
21,368
2,369
2,370
21,371
2,372
10,373
2,374
21,375
21,376
26,377
21,378
2,379
2,380
4,381
4,382
5,383
19,384
6,385
10,386
21,387
7,388
28,389
6,390
26,391
21,392
10,393
21,394
2,395
6,396
25,397
13,398
13,399
25,400
25,401
0,402
9,403
22,404
1,405
15,406
2,407
2,408
3,409
12,410
22,411
20,412
0,413
23,414
9,415
9,416
23,417
24,418
22,419
0,420
4,421
4,422
5,423
4,424
17,425
6,426
10,427
7,428
7,429
28,430
6,431
6,432
10,433
21,434
2,435
21,436
2,437
6,438
21,439
26,440
6,441
2,442
6,443
25,444
13,445
16,446
13,447
25,448
13,449
16,450
25,451
13,452
13,453
13,454
16,455
13,456
25,457
16,458
13,459
13,460
13,461
16,462
25,463
16,464
25,465
13,466
16,467
16,468
13,469
25,470
16,471
13,472
25,473
13,474
13,475
13,476
16,477
16,478
25,479
16,480
25,481
16,482
12,483
27,484
3,485
12,486
3,487
3,488
27,489
12,490
3,491
12,492
0,493
0,494
1,495
15,496
2,497
6,498
2,499
3,500
27,501
3,502
12,503
22,504
4,505
17,506
5,507
4,508
6,509
10,510
21,511
26,512
7,513
29,514
7,515
11,516
7,517
11,518
11,519
7,520
28,521
7,522
11,523
7,524
29,525
11,526
28,527
7,528
11,529
28,530
7,531
29,532
7,533
28,534
28,535
28,536
28,537
28,538
28,539
28,540
11,541
7,542
28,543
7,544
7,545
11,546
29,547
28,548
29,549
11,550
7,551
28,552
6,553
21,554
6,555
10,556
10,557
21,558
21,559
26,560
26,561
26,562
21,563
26,564
26,565
6,566
25,567
13,568
16,569
13,570
25,571
25,572
25,573
13,574
16,575
13,576
25,577
25,578
13,579
16,580
12,581
3,582
12,583
27,584
3,585
12,586
12,587
22,588
23,589
20,590
9,591
22,592
9,593
0,594
22,595
9,596
22,597
24,598
20,599
20,600
20,601
24,602
23,603
24,604
24,605
9,606
9,607
22,608
23,609
24,610
0,611
23,612
9,613
9,614
23,615
9,616
20,617
9,618
9,619
9,620
0,621
0,622
20,623
22,624
23,625
24,626
24,627
9,628
22,629
24,630
9,631
20,632
9,633
23,634
20,635
24,636
22,637
0,638
9,639
22,640
22,641
24,642
0,643
9,644
20,645
20,646
23,647
23,648
20,649
9,650
24,651
9,652
22,653
23,654
24,655
9,656
24,657
0,658
23,659
22,660
9,661
22,662
24,663
22,664
22,665
23,666
22,667
9,668
0,669
0,670
22,671
24,672
24,673
23,674
24,675
22,676
23,677
20,678
22,679
22,680
14,681
19,682
14,683
17,684
17,685
19,686
4,687
4,688
17,689
19,690
14,691
19,692
19,693
5,694
19,695
8,696
1,697
18,698
1,699
8,700
1,701
18,702
8,703
8,704
18,705
18,706
18,707
18,708
18,709
15,710
18,711
0,712
23,713
9,714
9,715
1,716
15,717
18,718
15,719
1,720
1,721
2,722
2,723
3,724
27,725
27,726
3,727
27,728
3,729
27,730
3,731
27,732
12,733
12,734
12,735
22,736
14,737
5,738
4,739
17,740
4,741
4,742
5,743
14,744
17,745
19,746
17,747
19,748
8,749
1,750
18,751
8,752
1,753
15,754
18,755
8,756
1,757
15,758
15,759
18,760
15,761
1,762
18,763
0,764
24,765
24,766
1,767
8,768
2,769
10,770
3,771
12,772
27,773
27,774
12,775
12,776
12,777
3,778
3,779
3,780
3,781
27,782
27,783
4,784
14,785
5,786
5,787
4,788
4,789
6,790
2,791
6,792
7,793
28,794
7,795
11,796
7,797
28,798
11,799
7,800
29,801
7,802
28,803
11,804
7,805
28,806
28,807
7,808
28,809
7,810
28,811
6,812
21,813
21,814
26,815
26,816
10,817
10,818
10,819
10,820
4,821
5,822
5,823
4,824
6,825
2,826
26,827
21,828
7,829
28,830
29,831
11,832
28,833
28,834
11,835
29,836
29,837
7,838
7,839
28,840
28,841
6,842
2,843
21,844
6,845
25,846
13,847
25,848
16,849
25,850
4,851
5,852
4,853
5,854
19,855
17,856
6,857
2,858
21,859
2,860
26,861
2,862
6,863
7,864
28,865
11,866
29,867
7,868
29,869
7,870
28,871
7,872
28,873
7,874
7,875
7,876
29,877
11,878
4,879
4,880
5,881
4,882
6,883
25,884
16,885
7,886
28,887
6,888
6,889
25,890
25,891
13,892
13,893
13,894
25,895
13,896
16,897
16,898
13,899
13,900
16,901
25,902
13,903
25,904
25,905
16,906
25,907
16,908
0,909
23,910
20,911
0,912
0,913
1,914
18,915
2,916
6,917
26,918
3,919
27,920
12,921
22,922
9,923
24,924
24,925
24,926
24,927
9,928
24,929
20,930
0,931
0,932
23,933
23,934
9,935
24,936
9,937
23,938
20,939
0,940
20,941
0,942
9,943
1,944
8,945
11,946
2,947
2,948
21,949
3,950
27,951
3,952
27,953
12,954
27,955
12,956
12,957
27,958
12,959
12,960
27,961
3,962
27,963
12,964
22,965
24,966
0,967
22,968
0,969
9,970
0,971
0,972
9,973
20,974
9,975
20,976
0,977
23,978
24,979
24,980
22,981
9,982
20,983
24,984
23,985
0,986
23,987
20,988
9,989
23,990
22,991
20,992
24,993
22,994
14,995
4,996
4,997
4,998
5,999
17,1000
4,1001
17,1002
17,1003
5,1004
19,1005
17,1006
19,1007
17,1008
4,1009
4,1010
17,1011
5,1012
0,1013
20,1014
1,1015
8,1016
1,1017
2,1018
10,1019
3,1020
3,1021
3,1022
3,1023
27,1024
3,1025
3,1026
3,1027
3,1028
12,1029
3,1030
12,1031
22,1032
20,1033
9,1034
23,1035
0,1036
23,1037
20,1038
22,1039
9,1040
20,1041
0,1042
9,1043
9,1044
24,1045
23,1046
22,1047
24,1048
20,1049
23,1050
24,1051
0,1052
22,1053
14,1054
19,1055
17,1056
5,1057
19,1058
4,1059
4,1060
5,1061
5,1062
5,1063
17,1064
17,1065
17,1066
14,1067
4,1068
19,1069
19,1070
14,1071
4,1072
4,1073
19,1074
4,1075
5,1076
5,1077
17,1078
4,1079
4,1080
17,1081
4,1082
17,1083
17,1084
5,1085
14,1086
17,1087
5,1088
14,1089
17,1090
17,1091
14,1092
14,1093
19,1094
4,1095
4,1096
17,1097
4,1098
19,1099
19,1100
8,1101
18,1102
1,1103
18,1104
1,1105
15,1106
1,1107
18,1108
8,1109
18,1110
18,1111
1,1112
8,1113
18,1114
18,1115
8,1116
8,1117
1,1118
1,1119
8,1120
15,1121
1,1122
1,1123
18,1124
1,1125
1,1126
18,1127
1,1128
15,1129
1,1130
1,1131
15,1132
18,1133
15,1134
1,1135
15,1136
18,1137
18,1138
1,1139
15,1140
15,1141
8,1142
15,1143
18,1144
8,1145
1,1146
1,1147
18,1148
15,1149
1,1150
15,1151
8,1152
18,1153
1,1154
1,1155
15,1156
1,1157
15,1158
1,1159
15,1160
1,1161
18,1162
1,1163
8,1164
11,1165
28,1166
6,1167
21,1168
0,1169
9,1170
23,1171
23,1172
1,1173
8,1174
2,1175
26,1176
3,1177
27,1178
27,1179
12,1180
3,1181
27,1182
27,1183
27,1184
27,1185
27,1186
12,1187
3,1188
3,1189
3,1190
3,1191
12,1192
3,1193
12,1194
12,1195
12,1196
22,1197
24,1198
23,1199
20,1200
9,1201
23,1202
23,1203
22,1204
9,1205
23,1206
9,1207
23,1208
22,1209
0,1210
20,1211
9,1212
22,1213
9,1214
23,1215
20,1216
9,1217
24,1218
9,1219
0,1220
22,1221
24,1222
23,1223
22,1224
9,1225
9,1226
24,1227
24,1228
24,1229
22,1230
14,1231
5,1232
19,1233
4,1234
19,1235
14,1236
19,1237
19,1238
14,1239
4,1240
19,1241
4,1242
4,1243
5,1244
19,1245
19,1246
17,1247
19,1248
14,1249
5,1250
4,1251
14,1252
19,1253
17,1254
17,1255
5,1256
4,1257
14,1258
5,1259
4,1260
4,1261
17,1262
4,1263
14,1264
14,1265
5,1266
19,1267
14,1268
19,1269
14,1270
5,1271
5,1272
5,1273
4,1274
17,1275
17,1276
14,1277
4,1278
5,1279
19,1280
4,1281
19,1282
19,1283
19,1284
17,1285
5,1286
4,1287
5,1288
5,1289
17,1290
14,1291
14,1292
5,1293
4,1294
5,1295
4,1296
14,1297
5,1298
5,1299
17,1300
5,1301
17,1302
5,1303
14,1304
19,1305
4,1306
14,1307
17,1308
14,1309
5,1310
14,1311
4,1312
5,1313
14,1314
4,1315
17,1316
4,1317
5,1318
5,1319
17,1320
14,1321
4,1322
5,1323
17,1324
14,1325
19,1326
4,1327
4,1328
19,1329
14,1330
17,1331
4,1332
5,1333
5,1334
17,1335
17,1336
17,1337
14,1338
5,1339
4,1340
14,1341
14,1342
4,1343
5,1344
4,1345
5,1346
5,1347
4,1348
17,1349
5,1350
14,1351
5,1352
5,1353
14,1354
4,1355
17,1356
5,1357
5,1358
14,1359
19,1360
4,1361
19,1362
17,1363
19,1364
19,1365
8,1366
1,1367
15,1368
1,1369
8,1370
0,1371
9,1372
1,1373
1,1374
1,1375
15,1376
15,1377
15,1378
18,1379
8,1380
2,1381
2,1382
6,1383
3,1384
27,1385
27,1386
27,1387
27,1388
3,1389
12,1390
3,1391
3,1392
3,1393
12,1394
22,1395
24,1396
23,1397
9,1398
23,1399
24,1400
24,1401
24,1402
9,1403
9,1404
24,1405
0,1406
9,1407
24,1408
23,1409
24,1410
9,1411
24,1412
9,1413
23,1414
23,1415
9,1416
0,1417
20,1418
0,1419
22,1420
14,1421
17,1422
19,1423
17,1424
5,1425
4,1426
14,1427
17,1428
4,1429
5,1430
5,1431
4,1432
19,1433
8,1434
18,1435
15,1436
18,1437
18,1438
1,1439
1,1440
18,1441
1,1442
15,1443
1,1444
1,1445
15,1446
15,1447
15,1448
8,1449
15,1450
15,1451
15,1452
8,1453
1,1454
15,1455
18,1456
18,1457
18,1458
8,1459
8,1460
18,1461
18,1462
1,1463
8,1464
8,1465
11,1466
29,1467
28,1468
6,1469
21,1470
21,1471
26,1472
6,1473
25,1474
13,1475
13,1476
25,1477
25,1478
13,1479
13,1480
25,1481
16,1482
13,1483
13,1484
25,1485
13,1486
25,1487
16,1488
12,1489
12,1490
3,1491
27,1492
12,1493
3,1494
12,1495
12,1496
4,1497
14,1498
4,1499
5,1500
5,1501
4,1502
6,1503
10,1504
21,1505
7,1506
11,1507
7,1508
7,1509
28,1510
6,1511
2,1512
4,1513
17,1514
4,1515
17,1516
5,1517
4,1518
5,1519
5,1520
4,1521
14,1522
6,1523
10,1524
7,1525
11,1526
29,1527
29,1528
7,1529
28,1530
7,1531
28,1532
7,1533
29,1534
29,1535
7,1536
11,1537
29,1538
11,1539
11,1540
28,1541
6,1542
26,1543
21,1544
2,1545
6,1546
26,1547
21,1548
26,1549
6,1550
10,1551
10,1552
21,1553
10,1554
26,1555
21,1556
6,1557
25,1558
16,1559
12,1560
0,1561
0,1562
23,1563
1,1564
8,1565
15,1566
2,1567
21,1568
3,1569
12,1570
22,1571
0,1572
23,1573
0,1574
20,1575
20,1576
22,1577
0,1578
0,1579
20,1580
22,1581
9,1582
24,1583
23,1584
9,1585
23,1586
24,1587
23,1588
23,1589
23,1590
20,1591
22,1592
24,1593
0,1594
22,1595
0,1596
0,1597
22,1598
14,1599
5,1600
4,1601
14,1602
5,1603
5,1604
14,1605
17,1606
5,1607
5,1608
17,1609
4,1610
5,1611
5,1612
4,1613
17,1614
5,1615
14,1616
19,1617
14,1618
5,1619
4,1620
14,1621
14,1622
19,1623
17,1624
4,1625
5,1626
4,1627
17,1628
17,1629
14,1630
4,1631
14,1632
17,1633
14,1634
14,1635
19,1636
4,1637
4,1638
17,1639
5,1640
17,1641
17,1642
5,1643
14,1644
17,1645
5,1646
14,1647
17,1648
19,1649
8,1650
8,1651
8,1652
15,1653
1,1654
8,1655
15,1656
18,1657
18,1658
1,1659
1,1660
8,1661
18,1662
8,1663
15,1664
18,1665
8,1666
8,1667
15,1668
8,1669
15,1670
18,1671
15,1672
18,1673
1,1674
1,1675
8,1676
11,1677
7,1678
29,1679
7,1680
28,1681
28,1682
11,1683
29,1684
29,1685
7,1686
11,1687
29,1688
7,1689
7,1690
7,1691
11,1692
29,1693
28,1694
28,1695
7,1696
29,1697
7,1698
28,1699
28,1700
7,1701
7,1702
7,1703
7,1704
29,1705
7,1706
7,1707
7,1708
29,1709
11,1710
7,1711
28,1712
28,1713
28,1714
6,1715
10,1716
21,1717
2,1718
2,1719
6,1720
6,1721
6,1722
26,1723
10,1724
10,1725
21,1726
26,1727
21,1728
21,1729
10,1730
6,1731
6,1732
21,1733
10,1734
21,1735
21,1736
2,1737
10,1738
26,1739
2,1740
2,1741
21,1742
26,1743
26,1744
6,1745
6,1746
26,1747
10,1748
21,1749
2,1750
6,1751
25,1752
16,1753
13,1754
16,1755
0,1756
24,1757
1,1758
15,1759
2,1760
2,1761
6,1762
26,1763
2,1764
10,1765
21,1766
26,1767
3,1768
12,1769
12,1770
22,1771
24,1772
0,1773
24,1774
0,1775
23,1776
24,1777
22,1778
1,1779
8,1780
2,1781
10,1782
3,1783
3,1784
27,1785
27,1786
12,1787
22,1788
22,1789
14,1790
14,1791
17,1792
14,1793
4,1794
19,1795
5,1796
17,1797
4,1798
4,1799
0,1800
24,1801
1,1802
18,1803
18,1804
2,1805
2,1806
2,1807
2,1808
26,1809
3,1810
3,1811
3,1812
12,1813
27,1814
3,1815
12,1816
3,1817
12,1818
27,1819
3,1820
27,1821
27,1822
27,1823
3,1824
3,1825
3,1826
3,1827
3,1828
3,1829
12,1830
3,1831
27,1832
12,1833
12,1834
12,1835
3,1836
27,1837
3,1838
12,1839
3,1840
3,1841
27,1842
3,1843
12,1844
27,1845
3,1846
3,1847
27,1848
0,1849
9,1850
1,1851
18,1852
2,1853
10,1854
3,1855
27,1856
27,1857
3,1858
27,1859
27,1860
12,1861
27,1862
12,1863
22,1864
14,1865
19,1866
5,1867
4,1868
14,1869
17,1870
19,1871
14,1872
5,1873
19,1874
8,1875
15,1876
8,1877
11,1878
11,1879
7,1880
29,1881
29,1882
7,1883
29,1884
28,1885
7,1886
7,1887
29,1888
28,1889
6,1890
6,1891
10,1892
21,1893
10,1894
2,1895
21,1896
21,1897
6,1898
21,1899
2,1900
6,1901
10,1902
2,1903
6,1904
2,1905
4,1906
14,1907
5,1908
4,1909
6,1910
6,1911
7,1912
28,1913
7,1914
29,1915
11,1916
7,1917
11,1918
28,1919
29,1920
28,1921
28,1922
11,1923
29,1924
28,1925
7,1926
11,1927
11,1928
11,1929
29,1930
11,1931
28,1932
6,1933
10,1934
26,1935
10,1936
26,1937
21,1938
10,1939
6,1940
26,1941
21,1942
6,1943
10,1944
10,1945
4,1946
14,1947
5,1948
19,1949
5,1950
6,1951
26,1952
7,1953
28,1954
28,1955
6,1956
10,1957
2,1958
26,1959
21,1960
10,1961
26,1962
10,1963
10,1964
2,1965
2,1966
21,1967
2,1968
21,1969
10,1970
2,1971
2,1972
6,1973
26,1974
2,1975
21,1976
10,1977
10,1978
6,1979
2,1980
2,1981
2,1982
21,1983
21,1984
6,1985
25,1986
16,1987
13,1988
25,1989
13,1990
16,1991
4,1992
19,1993
8,1994
1,1995
5,1996
5,1997
19,1998
6,1999
6,2000
7,2001
11,2002
29,2003
7,2004
29,2005
11,2006
28,2007
6,2008
26,2009
21,2010
6,2011
6,2012
25,2013
16,2014
16,2015
12,2016
12,2017
27,2018
12,2019
3,2020
12,2021
27,2022
27,2023
27,2024
3,2025
27,2026
27,2027
3,2028
3,2029
12,2030
27,2031
3,2032
12,2033
27,2034
12,2035
12,2036
27,2037
3,2038
12,2039
12,2040
12,2041
22,2042
24,2043
0,2044
23,2045
9,2046
9,2047
20,2048
9,2049
23,2050
24,2051
20,2052
20,2053
23,2054
9,2055
9,2056
24,2057
22,2058
23,2059
20,2060
20,2061
9,2062
20,2063
20,2064
24,2065
24,2066
0,2067
24,2068
9,2069
23,2070
23,2071
20,2072
0,2073
9,2074
0,2075
22,2076
0,2077
0,2078
0,2079
23,2080
9,2081
9,2082
9,2083
9,2084
22,2085
22,2086
22,2087
22,2088
14,2089
17,2090
4,2091
5,2092
19,2093
17,2094
5,2095
19,2096
6,2097
6,2098
25,2099
13,2100
13,2101
13,2102
16,2103
16,2104
12,2105
27,2106
27,2107
7,2108
11,2109
29,2110
29,2111
11,2112
7,2113
28,2114
11,2115
29,2116
7,2117
29,2118
7,2119
7,2120
29,2121
11,2122
7,2123
11,2124
28,2125
29,2126
7,2127
29,2128
28,2129
6,2130
10,2131
21,2132
2,2133
6,2134
6,2135
26,2136
2,2137
21,2138
26,2139
2,2140
2,2141
2,2142
6,2143
6,2144
6,2145
25,2146
13,2147
16,2148
12,2149
12,2150
3,2151
12,2152
27,2153
12,2154
12,2155
3,2156
27,2157
3,2158
12,2159
3,2160
3,2161
27,2162
3,2163
3,2164
12,2165
22,2166
22,2167
14,2168
14,2169
19,2170
17,2171
5,2172
17,2173
14,2174
19,2175
19,2176
4,2177
5,2178
19,2179
14,2180
5,2181
4,2182
19,2183
19,2184
4,2185
19,2186
8,2187
1,2188
15,2189
15,2190
18,2191
8,2192
8,2193
8,2194
15,2195
18,2196
15,2197
8,2198
15,2199
18,2200
15,2201
8,2202
15,2203
18,2204
18,2205
1,2206
18,2207
15,2208
8,2209
18,2210
15,2211
18,2212
4,2213
4,2214
5,2215
17,2216
6,2217
26,2218
10,2219
7,2220
29,2221
11,2222
11,2223
11,2224
28,2225
29,2226
7,2227
29,2228
11,2229
29,2230
7,2231
28,2232
29,2233
11,2234
7,2235
11,2236
7,2237
29,2238
7,2239
7,2240
4,2241
17,2242
17,2243
5,2244
14,2245
6,2246
26,2247
10,2248
7,2249
11,2250
28,2251
11,2252
7,2253
11,2254
7,2255
7,2256
29,2257
28,2258
7,2259
11,2260
28,2261
11,2262
28,2263
28,2264
7,2265
11,2266
7,2267
11,2268
28,2269
11,2270
28,2271
6,2272
10,2273
6,2274
2,2275
26,2276
6,2277
21,2278
26,2279
6,2280
6,2281
6,2282
25,2283
25,2284
16,2285
13,2286
16,2287
4,2288
5,2289
17,2290
5,2291
14,2292
19,2293
5,2294
6,2295
25,2296
7,2297
28,2298
29,2299
7,2300
29,2301
7,2302
11,2303
28,2304
6,2305
21,2306
10,2307
2,2308
10,2309
6,2310
25,2311
16,2312
16,2313
12,2314
22,2315
0,2316
0,2317
20,2318
23,2319
24,2320
0,2321
9,2322
23,2323
24,2324
22,2325
20,2326
0,2327
0,2328
23,2329
9,2330
22,2331
23,2332
9,2333
9,2334
23,2335
23,2336
23,2337
22,2338
22,2339
23,2340
22,2341
9,2342
23,2343
22,2344
23,2345
22,2346
23,2347
9,2348
9,2349
24,2350
24,2351
9,2352
24,2353
24,2354
20,2355
0,2356
9,2357
1,2358
1,2359
2,2360
6,2361
26,2362
3,2363
27,2364
3,2365
12,2366
27,2367
12,2368
12,2369
12,2370
3,2371
3,2372
3,2373
12,2374
22,2375
4,2376
14,2377
5,2378
4,2379
5,2380
19,2381
6,2382
25,2383
7,2384
11,2385
7,2386
29,2387
11,2388
7,2389
7,2390
29,2391
11,2392
29,2393
7,2394
11,2395
28,2396
11,2397
11,2398
29,2399
28,2400
4,2401
5,2402
5,2403
4,2404
6,2405
10,2406
7,2407
29,2408
7,2409
11,2410
7,2411
7,2412
29,2413
7,2414
7,2415
28,2416
7,2417
7,2418
28,2419
28,2420
6,2421
10,2422
26,2423
6,2424
26,2425
2,2426
10,2427
6,2428
6,2429
25,2430
25,2431
16,2432
13,2433
25,2434
16,2435
13,2436
13,2437
25,2438
25,2439
13,2440
16,2441
25,2442
25,2443
13,2444
25,2445
25,2446
25,2447
13,2448
13,2449
16,2450
12,2451
3,2452
12,2453
12,2454
22,2455
20,2456
20,2457
0,2458
23,2459
24,2460
9,2461
9,2462
20,2463
22,2464
20,2465
22,2466
23,2467
9,2468
22,2469
24,2470
0,2471
24,2472
9,2473
20,2474
22,2475
23,2476
22,2477
0,2478
24,2479
24,2480
24,2481
24,2482
20,2483
23,2484
24,2485
20,2486
20,2487
9,2488
20,2489
22,2490
0,2491
20,2492
9,2493
22,2494
14,2495
19,2496
14,2497
17,2498
4,2499
5,2500
17,2501
4,2502
5,2503
4,2504
4,2505
5,2506
17,2507
17,2508
19,2509
17,2510
19,2511
14,2512
17,2513
14,2514
5,2515
19,2516
8,2517
8,2518
1,2519
15,2520
18,2521
1,2522
15,2523
15,2524
8,2525
8,2526
11,2527
28,2528
7,2529
7,2530
11,2531
7,2532
7,2533
11,2534
28,2535
7,2536
28,2537
6,2538
25,2539
25,2540
25,2541
25,2542
13,2543
0,2544
0,2545
1,2546
15,2547
2,2548
10,2549
3,2550
27,2551
3,2552
12,2553
3,2554
27,2555
12,2556
12,2557
27,2558
12,2559
12,2560
22,2561
22,2562
22,2563
22,2564
9,2565
23,2566
20,2567
22,2568
24,2569
0,2570
9,2571
20,2572
20,2573
0,2574
22,2575
20,2576
22,2577
23,2578
24,2579
23,2580
22,2581
22,2582
23,2583
23,2584
20,2585
0,2586
24,2587
23,2588
24,2589
9,2590
9,2591
22,2592
0,2593
0,2594
9,2595
9,2596
24,2597
24,2598
24,2599
9,2600
23,2601
0,2602
0,2603
20,2604
20,2605
9,2606
0,2607
22,2608
23,2609
20,2610
0,2611
22,2612
23,2613
0,2614
24,2615
23,2616
9,2617
9,2618
0,2619
0,2620
23,2621
0,2622
20,2623
9,2624
20,2625
22,2626
0,2627
24,2628
9,2629
24,2630
9,2631
9,2632
23,2633
20,2634
23,2635
24,2636
22,2637
9,2638
0,2639
22,2640
24,2641
9,2642
0,2643
20,2644
22,2645
23,2646
24,2647
24,2648
22,2649
24,2650
23,2651
23,2652
0,2653
24,2654
24,2655
24,2656
9,2657
0,2658
20,2659
9,2660
9,2661
22,2662
20,2663
0,2664
24,2665
24,2666
24,2667
20,2668
23,2669
23,2670
24,2671
22,2672
24,2673
24,2674
24,2675
23,2676
9,2677
24,2678
20,2679
22,2680
0,2681
20,2682
23,2683
20,2684
23,2685
9,2686
23,2687
22,2688
14,2689
5,2690
17,2691
4,2692
4,2693
4,2694
17,2695
4,2696
4,2697
5,2698
4,2699
17,2700
14,2701
4,2702
4,2703
14,2704
5,2705
5,2706
19,2707
6,2708
10,2709
10,2710
7,2711
11,2712
11,2713
7,2714
29,2715
29,2716
28,2717
7,2718
29,2719
29,2720
29,2721
28,2722
11,2723
11,2724
4,2725
17,2726
17,2727
5,2728
5,2729
5,2730
6,2731
25,2732
16,2733
7,2734
29,2735
28,2736
29,2737
28,2738
7,2739
29,2740
11,2741
11,2742
29,2743
28,2744
6,2745
26,2746
21,2747
6,2748
6,2749
21,2750
21,2751
2,2752
6,2753
6,2754
6,2755
6,2756
2,2757
21,2758
2,2759
2,2760
2,2761
2,2762
21,2763
6,2764
26,2765
21,2766
21,2767
2,2768
26,2769
21,2770
21,2771
2,2772
6,2773
26,2774
21,2775
21,2776
2,2777
21,2778
10,2779
26,2780
21,2781
26,2782
10,2783
26,2784
10,2785
6,2786
25,2787
25,2788
13,2789
16,2790
13,2791
16,2792
25,2793
25,2794
16,2795
16,2796
25,2797
13,2798
25,2799
16,2800
13,2801
25,2802
16,2803
25,2804
13,2805
13,2806
16,2807
13,2808
25,2809
16,2810
16,2811
16,2812
13,2813
25,2814
25,2815
13,2816
25,2817
13,2818
13,2819
16,2820
16,2821
13,2822
16,2823
16,2824
25,2825
13,2826
25,2827
25,2828
16,2829
12,2830
22,2831
23,2832
9,2833
9,2834
20,2835
22,2836
24,2837
24,2838
0,2839
20,2840
23,2841
9,2842
24,2843
24,2844
22,2845
23,2846
24,2847
20,2848
20,2849
24,2850
20,2851
0,2852
9,2853
23,2854
9,2855
24,2856
23,2857
24,2858
24,2859
0,2860
0,2861
24,2862
22,2863
0,2864
22,2865
20,2866
9,2867
23,2868
22,2869
14,2870
19,2871
8,2872
8,2873
11,2874
28,2875
11,2876
28,2877
29,2878
28,2879
7,2880
11,2881
28,2882
0,2883
0,2884
1,2885
15,2886
2,2887
26,2888
21,2889
3,2890
12,2891
12,2892
27,2893
27,2894
3,2895
3,2896
12,2897
22,2898
23,2899
22,2900
22,2901
22,2902
20,2903
0,2904
24,2905
22,2906
20,2907
0,2908
9,2909
0,2910
22,2911
0,2912
24,2913
20,2914
1,2915
18,2916
15,2917
18,2918
2,2919
6,2920
26,2921
10,2922
21,2923
2,2924
2,2925
6,2926
3,2927
27,2928
12,2929
12,2930
3,2931
27,2932
3,2933
3,2934
12,2935
27,2936
27,2937
12,2938
12,2939
12,2940
27,2941
3,2942
12,2943
12,2944
12,2945
22,2946
9,2947
24,2948
9,2949
22,2950
9,2951
23,2952
22,2953
22,2954
14,2955
14,2956
19,2957
17,2958
4,2959
14,2960
4,2961
5,2962
4,2963
19,2964
17,2965
19,2966
14,2967
4,2968
14,2969
4,2970
4,2971
5,2972
19,2973
19,2974
17,2975
17,2976
5,2977
14,2978
17,2979
19,2980
19,2981
17,2982
17,2983
19,2984
14,2985
4,2986
14,2987
19,2988
14,2989
19,2990
14,2991
5,2992
17,2993
19,2994
17,2995
5,2996
4,2997
17,2998
14,2999
19,3000
19,3001
8,3002
11,3003
28,3004
6,3005
25,3006
25,3007
25,3008
16,3009
13,3010
13,3011
16,3012
16,3013
13,3014
16,3015
13,3016
25,3017
16,3018
13,3019
25,3020
16,3021
13,3022
16,3023
12,3024
27,3025
27,3026
3,3027
27,3028
12,3029
3,3030
27,3031
3,3032
27,3033
3,3034
12,3035
27,3036
27,3037
12,3038
3,3039
3,3040
12,3041
22,3042
0,3043
24,3044
22,3045
23,3046
22,3047
14,3048
17,3049
17,3050
14,3051
17,3052
17,3053
17,3054
14,3055
14,3056
19,3057
0,3058
0,3059
1,3060
18,3061
2,3062
21,3063
26,3064
6,3065
3,3066
3,3067
12,3068
12,3069
12,3070
22,3071
23,3072
20,3073
20,3074
23,3075
22,3076
23,3077
20,3078
0,3079
20,3080
22,3081
20,3082
9,3083
0,3084
9,3085
0,3086
23,3087
23,3088
20,3089
0,3090
0,3091
23,3092
0,3093
0,3094
23,3095
22,3096
22,3097
9,3098
20,3099
0,3100
20,3101
24,3102
20,3103
24,3104
20,3105
23,3106
22,3107
4,3108
19,3109
5,3110
5,3111
14,3112
6,3113
6,3114
21,3115
10,3116
21,3117
7,3118
11,3119
28,3120
28,3121
7,3122
28,3123
11,3124
11,3125
29,3126
28,3127
28,3128
29,3129
29,3130
28,3131
7,3132
28,3133
6,3134
0,3135
22,3136
1,3137
8,3138
2,3139
21,3140
3,3141
27,3142
27,3143
12,3144
12,3145
27,3146
12,3147
27,3148
12,3149
3,3150
12,3151
3,3152
3,3153
12,3154
12,3155
27,3156
3,3157
3,3158
3,3159
12,3160
3,3161
27,3162
3,3163
27,3164
27,3165
12,3166
22,3167
22,3168
14,3169
4,3170
14,3171
19,3172
5,3173
17,3174
19,3175
8,3176
18,3177
15,3178
18,3179
8,3180
11,3181
28,3182
11,3183
11,3184
11,3185
7,3186
7,3187
29,3188
28,3189
29,3190
29,3191
11,3192
29,3193
11,3194
7,3195
7,3196
11,3197
11,3198
28,3199
11,3200
29,3201
7,3202
28,3203
7,3204
29,3205
11,3206
28,3207
11,3208
7,3209
4,3210
5,3211
5,3212
4,3213
4,3214
6,3215
10,3216
7,3217
11,3218
7,3219
11,3220
29,3221
7,3222
0,3223
0,3224
23,3225
1,3226
8,3227
2,3228
10,3229
3,3230
3,3231
12,3232
22,3233
23,3234
9,3235
0,3236
23,3237
22,3238
24,3239
0,3240
24,3241
22,3242
22,3243
0,3244
9,3245
9,3246
9,3247
22,3248
9,3249
0,3250
9,3251
24,3252
24,3253
9,3254
23,3255
9,3256
24,3257
22,3258
22,3259
24,3260
24,3261
22,3262
24,3263
0,3264
24,3265
20,3266
24,3267
9,3268
24,3269
22,3270
23,3271
24,3272
22,3273
22,3274
14,3275
19,3276
14,3277
19,3278
19,3279
4,3280
5,3281
4,3282
19,3283
17,3284
19,3285
17,3286
19,3287
17,3288
17,3289
17,3290
19,3291
19,3292
8,3293
8,3294
11,3295
28,3296
11,3297
28,3298
28,3299
7,3300
7,3301
29,3302
11,3303
29,3304
29,3305
28,3306
7,3307
29,3308
29,3309
28,3310
6,3311
10,3312
2,3313
6,3314
25,3315
16,3316
0,3317
24,3318
22,3319
1,3320
1,3321
18,3322
2,3323
2,3324
3,3325
12,3326
4,3327
4,3328
14,3329
5,3330
19,3331
6,3332
25,3333
25,3334
16,3335
7,3336
28,3337
7,3338
28,3339
11,3340
11,3341
28,3342
6,3343
25,3344
13,3345
16,3346
12,3347
22,3348
24,3349
22,3350
24,3351
0,3352
0,3353
20,3354
9,3355
9,3356
22,3357
24,3358
24,3359
23,3360
20,3361
9,3362
24,3363
24,3364
24,3365
9,3366
24,3367
23,3368
23,3369
0,3370
20,3371
9,3372
9,3373
20,3374
23,3375
23,3376
9,3377
20,3378
22,3379
14,3380
5,3381
4,3382
17,3383
5,3384
14,3385
4,3386
19,3387
19,3388
17,3389
14,3390
4,3391
14,3392
5,3393
19,3394
14,3395
17,3396
4,3397
14,3398
4,3399
14,3400
14,3401
17,3402
17,3403
5,3404
19,3405
5,3406
19,3407
17,3408
5,3409
5,3410
17,3411
19,3412
19,3413
17,3414
5,3415
5,3416
14,3417
5,3418
4,3419
19,3420
5,3421
14,3422
19,3423
8,3424
18,3425
8,3426
1,3427
15,3428
8,3429
15,3430
15,3431
15,3432
0,3433
0,3434
22,3435
9,3436
1,3437
15,3438
2,3439
26,3440
21,3441
3,3442
3,3443
12,3444
3,3445
4,3446
4,3447
17,3448
14,3449
19,3450
5,3451
5,3452
4,3453
6,3454
2,3455
7,3456
28,3457
7,3458
11,3459
29,3460
29,3461
7,3462
11,3463
11,3464
28,3465
7,3466
7,3467
7,3468
7,3469
28,3470
29,3471
28,3472
6,3473
2,3474
2,3475
10,3476
10,3477
2,3478
21,3479
10,3480
2,3481
21,3482
6,3483
26,3484
21,3485
2,3486
26,3487
6,3488
2,3489
21,3490
10,3491
2,3492
10,3493
26,3494
10,3495
21,3496
21,3497
2,3498
21,3499
6,3500
26,3501
10,3502
2,3503
21,3504
10,3505
26,3506
21,3507
2,3508
6,3509
10,3510
26,3511
2,3512
26,3513
26,3514
2,3515
21,3516
2,3517
26,3518
2,3519
21,3520
21,3521
26,3522
2,3523
26,3524
26,3525
26,3526
6,3527
2,3528
10,3529
26,3530
21,3531
2,3532
2,3533
26,3534
6,3535
2,3536
21,3537
2,3538
6,3539
25,3540
16,3541
25,3542
16,3543
13,3544
13,3545
13,3546
16,3547
16,3548
12,3549
12,3550
22,3551
9,3552
22,3553
9,3554
20,3555
23,3556
9,3557
22,3558
0,3559
24,3560
9,3561
24,3562
9,3563
9,3564
20,3565
20,3566
22,3567
23,3568
20,3569
20,3570
22,3571
0,3572
23,3573
22,3574
14,3575
4,3576
5,3577
14,3578
5,3579
4,3580
19,3581
4,3582
17,3583
4,3584
5,3585
5,3586
17,3587
14,3588
6,3589
25,3590
16,3591
13,3592
7,3593
7,3594
11,3595
29,3596
7,3597
29,3598
29,3599
29,3600
7,3601
7,3602
7,3603
11,3604
7,3605
7,3606
28,3607
7,3608
29,3609
11,3610
28,3611
6,3612
21,3613
21,3614
26,3615
2,3616
6,3617
2,3618
10,3619
6,3620
10,3621
21,3622
6,3623
26,3624
2,3625
2,3626
2,3627
2,3628
2,3629
6,3630
26,3631
21,3632
21,3633
6,3634
21,3635
21,3636
26,3637
21,3638
6,3639
0,3640
24,3641
20,3642
1,3643
8,3644
2,3645
6,3646
6,3647
26,3648
3,3649
12,3650
12,3651
3,3652
3,3653
27,3654
3,3655
27,3656
12,3657
27,3658
27,3659
12,3660
12,3661
27,3662
3,3663
27,3664
3,3665
3,3666
3,3667
3,3668
3,3669
3,3670
3,3671
12,3672
3,3673
3,3674
12,3675
12,3676
22,3677
14,3678
19,3679
17,3680
19,3681
4,3682
19,3683
8,3684
1,3685
1,3686
15,3687
15,3688
1,3689
15,3690
1,3691
15,3692
1,3693
1,3694
15,3695
8,3696
8,3697
11,3698
11,3699
7,3700
11,3701
7,3702
29,3703
7,3704
7,3705
28,3706
28,3707
0,3708
23,3709
1,3710
1,3711
18,3712
15,3713
2,3714
26,3715
3,3716
27,3717
12,3718
27,3719
3,3720
12,3721
12,3722
3,3723
12,3724
22,3725
9,3726
0,3727
22,3728
20,3729
24,3730
22,3731
14,3732
14,3733
14,3734
17,3735
4,3736
19,3737
4,3738
17,3739
19,3740
8,3741
11,3742
7,3743
29,3744
28,3745
29,3746
29,3747
29,3748
11,3749
29,3750
11,3751
7,3752
29,3753
7,3754
7,3755
29,3756
11,3757
7,3758
11,3759
29,3760
7,3761
7,3762
11,3763
11,3764
7,3765
11,3766
28,3767
11,3768
11,3769
29,3770
29,3771
11,3772
28,3773
29,3774
11,3775
7,3776
7,3777
29,3778
29,3779
11,3780
11,3781
28,3782
28,3783
6,3784
21,3785
26,3786
2,3787
6,3788
6,3789
6,3790
6,3791
10,3792
2,3793
10,3794
6,3795
2,3796
21,3797
6,3798
6,3799
10,3800
6,3801
21,3802
0,3803
0,3804
9,3805
1,3806
1,3807
18,3808
2,3809
2,3810
21,3811
3,3812
27,3813
12,3814
3,3815
3,3816
3,3817
12,3818
3,3819
27,3820
27,3821
3,3822
12,3823
27,3824
12,3825
22,3826
22,3827
22,3828
24,3829
22,3830
9,3831
24,3832
24,3833
24,3834
20,3835
23,3836
20,3837
23,3838
0,3839
24,3840
24,3841
22,3842
23,3843
0,3844
20,3845
9,3846
22,3847
14,3848
5,3849
5,3850
4,3851
17,3852
19,3853
8,3854
1,3855
15,3856
18,3857
15,3858
1,3859
1,3860
1,3861
15,3862
8,3863
18,3864
8,3865
8,3866
1,3867
18,3868
15,3869
8,3870
8,3871
11,3872
28,3873
7,3874
29,3875
28,3876
29,3877
7,3878
11,3879
28,3880
6,3881
21,3882
10,3883
2,3884
26,3885
10,3886
26,3887
10,3888
6,3889
2,3890
6,3891
25,3892
4,3893
4,3894
5,3895
19,3896
6,3897
6,3898
7,3899
28,3900
11,3901
28,3902
29,3903
7,3904
28,3905
29,3906
11,3907
29,3908
11,3909
7,3910
28,3911
29,3912
7,3913
11,3914
11,3915
11,3916
29,3917
7,3918
11,3919
28,3920
29,3921
29,3922
7,3923
29,3924
7,3925
28,3926
28,3927
7,3928
28,3929
29,3930
29,3931
7,3932
7,3933
7,3934
11,3935
29,3936
29,3937
11,3938
11,3939
29,3940
11,3941
11,3942
11,3943
11,3944
4,3945
5,3946
14,3947
14,3948
5,3949
17,3950
6,3951
2,3952
7,3953
28,3954
29,3955
29,3956
7,3957
11,3958
28,3959
28,3960
7,3961
11,3962
29,3963
28,3964
11,3965
28,3966
7,3967
7,3968
11,3969
7,3970
28,3971
29,3972
11,3973
29,3974
28,3975
29,3976
29,3977
29,3978
11,3979
28,3980
11,3981
7,3982
7,3983
28,3984
6,3985
2,3986
21,3987
4,3988
14,3989
17,3990
4,3991
17,3992
19,3993
17,3994
19,3995
8,3996
5,3997
5,3998
5,3999
14,4000
6,4001
10,4002
7,4003
28,4004
11,4005
29,4006
28,4007
28,4008
28,4009
11,4010
29,4011
28,4012
11,4013
29,4014
7,4015
11,4016
11,4017
29,4018
7,4019
11,4020
28,4021
7,4022
28,4023
11,4024
29,4025
11,4026
29,4027
7,4028
11,4029
11,4030
11,4031
7,4032
7,4033
29,4034
28,4035
11,4036
11,4037
7,4038
11,4039
29,4040
28,4041
7,4042
7,4043
28,4044
28,4045
11,4046
29,4047
11,4048
7,4049
29,4050
7,4051
29,4052
28,4053
28,4054
6,4055
6,4056
26,4057
26,4058
6,4059
6,4060
21,4061
4,4062
17,4063
5,4064
4,4065
6,4066
25,4067
16,4068
16,4069
7,4070
7,4071
29,4072
11,4073
29,4074
7,4075
29,4076
11,4077
29,4078
11,4079
29,4080
28,4081
11,4082
7,4083
28,4084
29,4085
29,4086
29,4087
29,4088
28,4089
28,4090
28,4091
29,4092
11,4093
7,4094
7,4095
7,4096
28,4097
29,4098
28,4099
29,4100
11,4101
29,4102
28,4103
29,4104
7,4105
28,4106
7,4107
28,4108
11,4109
28,4110
7,4111
29,4112
7,4113
29,4114
7,4115
11,4116
28,4117
28,4118
29,4119
29,4120
7,4121
29,4122
7,4123
29,4124
11,4125
29,4126
29,4127
28,4128
29,4129
29,4130
7,4131
11,4132
11,4133
29,4134
29,4135
11,4136
7,4137
11,4138
28,4139
7,4140
28,4141
11,4142
29,4143
7,4144
28,4145
11,4146
11,4147
7,4148
7,4149
7,4150
7,4151
29,4152
11,4153
28,4154
11,4155
7,4156
7,4157
11,4158
11,4159
29,4160
28,4161
11,4162
28,4163
7,4164
11,4165
28,4166
29,4167
7,4168
29,4169
7,4170
28,4171
7,4172
7,4173
11,4174
7,4175
28,4176
7,4177
29,4178
7,4179
11,4180
7,4181
11,4182
11,4183
7,4184
11,4185
28,4186
29,4187
7,4188
11,4189
7,4190
11,4191
29,4192
28,4193
28,4194
28,4195
29,4196
29,4197
29,4198
29,4199
28,4200
28,4201
28,4202
7,4203
7,4204
11,4205
29,4206
29,4207
11,4208
11,4209
7,4210
7,4211
11,4212
11,4213
7,4214
11,4215
11,4216
11,4217
11,4218
11,4219
28,4220
6,4221
25,4222
16,4223
16,4224
16,4225
13,4226
16,4227
13,4228
25,4229
13,4230
13,4231
13,4232
25,4233
25,4234
16,4235
12,4236
27,4237
27,4238
12,4239
27,4240
27,4241
27,4242
27,4243
3,4244
3,4245
12,4246
27,4247
12,4248
12,4249
3,4250
12,4251
27,4252
3,4253
12,4254
12,4255
12,4256
12,4257
3,4258
12,4259
3,4260
12,4261
22,4262
22,4263
4,4264
17,4265
14,4266
5,4267
19,4268
5,4269
17,4270
6,4271
25,4272
25,4273
7,4274
28,4275
6,4276
26,4277
6,4278
10,4279
21,4280
2,4281
6,4282
2,4283
0,4284
22,4285
1,4286
18,4287
1,4288
2,4289
6,4290
3,4291
27,4292
3,4293
3,4294
0,4295
0,4296
24,4297
22,4298
23,4299
20,4300
1,4301
8,4302
1,4303
8,4304
2,4305
2,4306
3,4307
27,4308
12,4309
3,4310
27,4311
4,4312
14,4313
19,4314
5,4315
19,4316
6,4317
2,4318
21,4319
7,4320
28,4321
11,4322
11,4323
11,4324
29,4325
29,4326
28,4327
11,4328
28,4329
11,4330
7,4331
28,4332
0,4333
9,4334
1,4335
15,4336
2,4337
21,4338
21,4339
26,4340
10,4341
3,4342
3,4343
12,4344
22,4345
24,4346
9,4347
9,4348
22,4349
20,4350
22,4351
20,4352
9,4353
9,4354
0,4355
9,4356
9,4357
0,4358
9,4359
0,4360
24,4361
20,4362
22,4363
14,4364
4,4365
17,4366
14,4367
19,4368
14,4369
14,4370
14,4371
14,4372
19,4373
8,4374
1,4375
8,4376
8,4377
1,4378
15,4379
8,4380
1,4381
1,4382
15,4383
1,4384
1,4385
15,4386
0,4387
20,4388
20,4389
1,4390
18,4391
15,4392
18,4393
2,4394
21,4395
6,4396
3,4397
27,4398
27,4399
3,4400
12,4401
22,4402
23,4403
9,4404
23,4405
9,4406
20,4407
20,4408
23,4409
23,4410
23,4411
9,4412
0,4413
24,4414
24,4415
9,4416
24,4417
20,4418
9,4419
20,4420
22,4421
22,4422
20,4423
20,4424
22,4425
9,4426
23,4427
23,4428
22,4429
23,4430
9,4431
24,4432
22,4433
14,4434
17,4435
4,4436
14,4437
14,4438
0,4439
0,4440
1,4441
15,4442
8,4443
18,4444
1,4445
2,4446
21,4447
21,4448
10,4449
3,4450
27,4451
12,4452
22,4453
14,4454
17,4455
19,4456
4,4457
14,4458
4,4459
5,4460
5,4461
19,4462
14,4463
5,4464
5,4465
19,4466
5,4467
17,4468
14,4469
4,4470
14,4471
4,4472
17,4473
5,4474
14,4475
17,4476
17,4477
4,4478
19,4479
17,4480
19,4481
19,4482
19,4483
14,4484
17,4485
5,4486
17,4487
14,4488
17,4489
17,4490
5,4491
14,4492
4,4493
19,4494
19,4495
14,4496
19,4497
14,4498
19,4499
4,4500
5,4501
17,4502
19,4503
19,4504
14,4505
5,4506
19,4507
8,4508
1,4509
8,4510
1,4511
18,4512
15,4513
18,4514
1,4515
8,4516
1,4517
8,4518
8,4519
18,4520
15,4521
1,4522
8,4523
11,4524
7,4525
28,4526
7,4527
29,4528
28,4529
28,4530
28,4531
28,4532
28,4533
29,4534
28,4535
7,4536
7,4537
28,4538
6,4539
0,4540
23,4541
20,4542
1,4543
8,4544
18,4545
1,4546
2,4547
26,4548
26,4549
2,4550
6,4551
25,4552
3,4553
3,4554
27,4555
12,4556
12,4557
3,4558
3,4559
27,4560
3,4561
12,4562
12,4563
0,4564
20,4565
1,4566
18,4567
15,4568
8,4569
2,4570
26,4571
3,4572
3,4573
3,4574
27,4575
3,4576
27,4577
3,4578
3,4579
27,4580
27,4581
3,4582
3,4583
3,4584
12,4585
27,4586
3,4587
12,4588
22,4589
22,4590
20,4591
0,4592
24,4593
9,4594
20,4595
20,4596
24,4597
22,4598
14,4599
19,4600
14,4601
5,4602
4,4603
17,4604
19,4605
8,4606
1,4607
15,4608
4,4609
19,4610
5,4611
14,4612
4,4613
14,4614
4,4615
6,4616
2,4617
10,4618
6,4619
10,4620
2,4621
26,4622
6,4623
7,4624
28,4625
28,4626
6,4627
6,4628
10,4629
21,4630
10,4631
4,4632
5,4633
19,4634
5,4635
4,4636
17,4637
17,4638
5,4639
6,4640
2,4641
10,4642
21,4643
10,4644
7,4645
29,4646
11,4647
29,4648
11,4649
28,4650
7,4651
28,4652
29,4653
29,4654
29,4655
11,4656
28,4657
11,4658
28,4659
7,4660
11,4661
11,4662
7,4663
29,4664
11,4665
28,4666
7,4667
28,4668
11,4669
28,4670
7,4671
29,4672
7,4673
11,4674
11,4675
11,4676
7,4677
11,4678
11,4679
7,4680
28,4681
11,4682
29,4683
29,4684
11,4685
11,4686
28,4687
11,4688
29,4689
11,4690
29,4691
7,4692
29,4693
11,4694
7,4695
11,4696
29,4697
28,4698
7,4699
29,4700
0,4701
9,4702
23,4703
1,4704
18,4705
1,4706
15,4707
2,4708
21,4709
3,4710
27,4711
27,4712
12,4713
3,4714
12,4715
3,4716
12,4717
12,4718
22,4719
9,4720
9,4721
20,4722
0,4723
9,4724
0,4725
9,4726
23,4727
0,4728
22,4729
24,4730
22,4731
4,4732
4,4733
4,4734
5,4735
19,4736
6,4737
2,4738
7,4739
29,4740
28,4741
7,4742
29,4743
7,4744
7,4745
11,4746
29,4747
28,4748
28,4749
11,4750
28,4751
29,4752
7,4753
7,4754
28,4755
28,4756
7,4757
11,4758
28,4759
6,4760
2,4761
2,4762
21,4763
2,4764
2,4765
6,4766
26,4767
26,4768
6,4769
25,4770
13,4771
25,4772
16,4773
12,4774
12,4775
3,4776
12,4777
3,4778
12,4779
27,4780
27,4781
27,4782
3,4783
0,4784
22,4785
9,4786
1,4787
18,4788
18,4789
15,4790
1,4791
18,4792
15,4793
2,4794
26,4795
2,4796
3,4797
12,4798
22,4799
0,4800
20,4801
9,4802
9,4803
23,4804
24,4805
9,4806
24,4807
23,4808
24,4809
20,4810
22,4811
9,4812
0,4813
9,4814
0,4815
24,4816
22,4817
23,4818
23,4819
23,4820
23,4821
20,4822
22,4823
0,4824
0,4825
23,4826
20,4827
20,4828
22,4829
24,4830
23,4831
0,4832
9,4833
1,4834
1,4835
2,4836
26,4837
26,4838
3,4839
27,4840
27,4841
12,4842
12,4843
12,4844
27,4845
27,4846
27,4847
3,4848
3,4849
12,4850
27,4851
3,4852
3,4853
12,4854
12,4855
22,4856
0,4857
0,4858
0,4859
20,4860
9,4861
23,4862
9,4863
20,4864
9,4865
23,4866
0,4867
23,4868
23,4869
24,4870
9,4871
0,4872
22,4873
0,4874
0,4875
22,4876
23,4877
0,4878
24,4879
0,4880
22,4881
23,4882
9,4883
24,4884
20,4885
23,4886
24,4887
20,4888
22,4889
9,4890
9,4891
22,4892
0,4893
23,4894
20,4895
23,4896
9,4897
0,4898
9,4899
20,4900
0,4901
23,4902
24,4903
9,4904
9,4905
0,4906
24,4907
0,4908
23,4909
9,4910
23,4911
20,4912
4,4913
19,4914
5,4915
17,4916
6,4917
21,4918
6,4919
6,4920
7,4921
7,4922
29,4923
28,4924
6,4925
6,4926
21,4927
10,4928
10,4929
26,4930
10,4931
6,4932
6,4933
6,4934
6,4935
10,4936
2,4937
6,4938
2,4939
21,4940
2,4941
2,4942
26,4943
2,4944
2,4945
21,4946
6,4947
10,4948
10,4949
21,4950
2,4951
21,4952
6,4953
10,4954
2,4955
10,4956
10,4957
26,4958
6,4959
26,4960
2,4961
2,4962
26,4963
6,4964
26,4965
21,4966
6,4967
6,4968
21,4969
21,4970
10,4971
6,4972
21,4973
21,4974
21,4975
10,4976
26,4977
26,4978
6,4979
26,4980
2,4981
10,4982
26,4983
2,4984
26,4985
6,4986
6,4987
10,4988
21,4989
21,4990
21,4991
26,4992
2,4993
10,4994
10,4995
10,4996
6,4997
10,4998
21,4999
6,5000
21,5001
10,5002
2,5003
2,5004
6,5005
10,5006
26,5007
21,5008
6,5009
21,5010
2,5011
6,5012
25,5013
0,5014
24,5015
1,5016
18,5017
18,5018
1,5019
2,5020
2,5021
6,5022
26,5023
3,5024
27,5025
27,5026
12,5027
27,5028
3,5029
3,5030
12,5031
27,5032
12,5033
22,5034
9,5035
24,5036
24,5037
22,5038
24,5039
24,5040
24,5041
22,5042
20,5043
23,5044
22,5045
14,5046
4,5047
17,5048
5,5049
5,5050
17,5051
19,5052
8,5053
1,5054
8,5055
15,5056
1,5057
1,5058
8,5059
18,5060
1,5061
18,5062
1,5063
1,5064
15,5065
1,5066
15,5067
18,5068
8,5069
11,5070
7,5071
28,5072
7,5073
28,5074
29,5075
7,5076
7,5077
7,5078
7,5079
7,5080
11,5081
29,5082
29,5083
7,5084
11,5085
28,5086
29,5087
11,5088
28,5089
29,5090
11,5091
7,5092
11,5093
7,5094
11,5095
11,5096
11,5097
11,5098
28,5099
11,5100
11,5101
28,5102
11,5103
29,5104
7,5105
28,5106
28,5107
28,5108
29,5109
29,5110
7,5111
29,5112
28,5113
29,5114
11,5115
29,5116
11,5117
29,5118
7,5119
28,5120
29,5121
29,5122
11,5123
11,5124
29,5125
29,5126
11,5127
11,5128
7,5129
11,5130
11,5131
28,5132
28,5133
28,5134
11,5135
28,5136
11,5137
7,5138
29,5139
7,5140
28,5141
29,5142
11,5143
28,5144
28,5145
11,5146
29,5147
28,5148
28,5149
29,5150
29,5151
11,5152
29,5153
11,5154
7,5155
7,5156
11,5157
11,5158
29,5159
11,5160
11,5161
28,5162
29,5163
7,5164
11,5165
7,5166
28,5167
11,5168
7,5169
29,5170
29,5171
11,5172
11,5173
29,5174
29,5175
7,5176
4,5177
14,5178
5,5179
5,5180
6,5181
25,5182
7,5183
11,5184
28,5185
11,5186
28,5187
6,5188
21,5189
26,5190
6,5191
25,5192
16,5193
12,5194
12,5195
3,5196
12,5197
3,5198
3,5199
27,5200
12,5201
12,5202
3,5203
3,5204
12,5205
12,5206
3,5207
12,5208
3,5209
27,5210
12,5211
3,5212
27,5213
27,5214
27,5215
12,5216
3,5217
27,5218
12,5219
27,5220
3,5221
3,5222
12,5223
3,5224
27,5225
12,5226
27,5227
3,5228
27,5229
3,5230
12,5231
3,5232
3,5233
12,5234
3,5235
3,5236
27,5237
27,5238
12,5239
22,5240
23,5241
9,5242
0,5243
9,5244
20,5245
22,5246
0,5247
9,5248
22,5249
14,5250
14,5251
14,5252
4,5253
5,5254
4,5255
4,5256
19,5257
5,5258
5,5259
5,5260
6,5261
10,5262
2,5263
26,5264
7,5265
28,5266
0,5267
0,5268
1,5269
15,5270
2,5271
2,5272
21,5273
3,5274
27,5275
3,5276
12,5277
22,5278
9,5279
22,5280
9,5281
20,5282
22,5283
23,5284
0,5285
22,5286
20,5287
20,5288
23,5289
22,5290
23,5291
0,5292
23,5293
22,5294
0,5295
23,5296
0,5297
24,5298
22,5299
22,5300
20,5301
20,5302
20,5303
0,5304
22,5305
14,5306
17,5307
5,5308
14,5309
19,5310
17,5311
14,5312
17,5313
17,5314
17,5315
17,5316
5,5317
4,5318
4,5319
5,5320
17,5321
14,5322
19,5323
8,5324
1,5325
18,5326
18,5327
15,5328
1,5329
8,5330
8,5331
15,5332
18,5333
15,5334
15,5335
8,5336
8,5337
15,5338
1,5339
8,5340
15,5341
18,5342
15,5343
1,5344
18,5345
8,5346
11,5347
11,5348
29,5349
7,5350
29,5351
28,5352
11,5353
11,5354
29,5355
29,5356
29,5357
28,5358
7,5359
29,5360
29,5361
11,5362
29,5363
7,5364
7,5365
11,5366
29,5367
29,5368
28,5369
29,5370
7,5371
29,5372
11,5373
7,5374
11,5375
28,5376
11,5377
28,5378
6,5379
10,5380
10,5381
2,5382
21,5383
21,5384
21,5385
6,5386
21,5387
2,5388
26,5389
26,5390
2,5391
6,5392
26,5393
6,5394
25,5395
16,5396
13,5397
25,5398
25,5399
25,5400
13,5401
16,5402
25,5403
13,5404
16,5405
12,5406
22,5407
14,5408
5,5409
17,5410
5,5411
5,5412
5,5413
5,5414
17,5415
5,5416
5,5417
5,5418
14,5419
14,5420
14,5421
14,5422
5,5423
14,5424
4,5425
19,5426
5,5427
14,5428
17,5429
17,5430
14,5431
17,5432
4,5433
5,5434
4,5435
4,5436
4,5437
4,5438
14,5439
5,5440
17,5441
14,5442
14,5443
17,5444
19,5445
4,5446
4,5447
14,5448
4,5449
5,5450
14,5451
5,5452
19,5453
5,5454
17,5455
19,5456
5,5457
5,5458
5,5459
5,5460
4,5461
17,5462
5,5463
4,5464
17,5465
19,5466
4,5467
14,5468
17,5469
14,5470
17,5471
19,5472
14,5473
19,5474
14,5475
17,5476
19,5477
4,5478
14,5479
5,5480
17,5481
5,5482
5,5483
19,5484
8,5485
18,5486
18,5487
18,5488
1,5489
18,5490
1,5491
1,5492
1,5493
1,5494
18,5495
15,5496
1,5497
8,5498
11,5499
29,5500
7,5501
28,5502
7,5503
29,5504
28,5505
11,5506
7,5507
11,5508
28,5509
28,5510
6,5511
21,5512
6,5513
26,5514
10,5515
6,5516
21,5517
2,5518
26,5519
0,5520
24,5521
1,5522
15,5523
2,5524
10,5525
10,5526
3,5527
12,5528
12,5529
3,5530
12,5531
3,5532
27,5533
3,5534
12,5535
27,5536
27,5537
27,5538
3,5539
12,5540
27,5541
27,5542
12,5543
27,5544
3,5545
12,5546
12,5547
22,5548
14,5549
4,5550
5,5551
19,5552
4,5553
4,5554
14,5555
14,5556
17,5557
14,5558
0,5559
24,5560
1,5561
15,5562
2,5563
26,5564
3,5565
3,5566
3,5567
27,5568
3,5569
27,5570
3,5571
3,5572
27,5573
12,5574
22,5575
22,5576
23,5577
20,5578
23,5579
0,5580
23,5581
0,5582
20,5583
1,5584
1,5585
1,5586
8,5587
2,5588
26,5589
21,5590
2,5591
10,5592
3,5593
27,5594
27,5595
27,5596
3,5597
12,5598
22,5599
14,5600
5,5601
4,5602
5,5603
4,5604
14,5605
14,5606
17,5607
19,5608
19,5609
14,5610
5,5611
14,5612
5,5613
4,5614
19,5615
14,5616
4,5617
5,5618
17,5619
17,5620
4,5621
17,5622
5,5623
17,5624
14,5625
5,5626
19,5627
14,5628
14,5629
5,5630
19,5631
4,5632
17,5633
17,5634
14,5635
4,5636
19,5637
8,5638
18,5639
8,5640
18,5641
8,5642
15,5643
1,5644
15,5645
18,5646
15,5647
18,5648
15,5649
18,5650
8,5651
18,5652
8,5653
1,5654
8,5655
11,5656
7,5657
29,5658
11,5659
11,5660
11,5661
11,5662
7,5663
28,5664
11,5665
7,5666
29,5667
29,5668
29,5669
28,5670
28,5671
28,5672
11,5673
7,5674
29,5675
11,5676
28,5677
29,5678
7,5679
11,5680
29,5681
7,5682
28,5683
11,5684
29,5685
11,5686
29,5687
29,5688
11,5689
11,5690
29,5691
28,5692
6,5693
21,5694
26,5695
2,5696
26,5697
21,5698
2,5699
6,5700
6,5701
10,5702
21,5703
26,5704
26,5705
21,5706
10,5707
6,5708
25,5709
16,5710
16,5711
13,5712
25,5713
13,5714
25,5715
13,5716
16,5717
13,5718
13,5719
25,5720
16,5721
25,5722
25,5723
16,5724
16,5725
16,5726
25,5727
13,5728
25,5729
25,5730
16,5731
13,5732
13,5733
13,5734
16,5735
12,5736
27,5737
27,5738
12,5739
12,5740
3,5741
3,5742
12,5743
3,5744
3,5745
3,5746
12,5747
3,5748
3,5749
3,5750
12,5751
12,5752
27,5753
3,5754
27,5755
12,5756
12,5757
12,5758
27,5759
12,5760
12,5761
3,5762
12,5763
22,5764
22,5765
24,5766
24,5767
20,5768
24,5769
24,5770
9,5771
20,5772
22,5773
24,5774
22,5775
0,5776
20,5777
22,5778
20,5779
20,5780
20,5781
22,5782
4,5783
17,5784
5,5785
5,5786
6,5787
26,5788
6,5789
7,5790
29,5791
7,5792
28,5793
28,5794
7,5795
28,5796
29,5797
7,5798
28,5799
28,5800
28,5801
29,5802
7,5803
11,5804
29,5805
28,5806
7,5807
11,5808
29,5809
28,5810
6,5811
25,5812
13,5813
16,5814
13,5815
25,5816
16,5817
12,5818
12,5819
3,5820
12,5821
22,5822
14,5823
14,5824
4,5825
17,5826
4,5827
19,5828
8,5829
1,5830
18,5831
18,5832
1,5833
18,5834
15,5835
18,5836
1,5837
18,5838
15,5839
15,5840
15,5841
1,5842
8,5843
8,5844
1,5845
15,5846
8,5847
11,5848
7,5849
7,5850
28,5851
11,5852
28,5853
6,5854
2,5855
6,5856
25,5857
16,5858
12,5859
22,5860
20,5861
23,5862
22,5863
20,5864
20,5865
9,5866
24,5867
9,5868
9,5869
22,5870
9,5871
9,5872
24,5873
9,5874
20,5875
22,5876
20,5877
9,5878
22,5879
9,5880
9,5881
24,5882
23,5883
23,5884
9,5885
22,5886
14,5887
4,5888
4,5889
5,5890
19,5891
8,5892
18,5893
15,5894
18,5895
15,5896
18,5897
1,5898
8,5899
18,5900
15,5901
15,5902
18,5903
1,5904
15,5905
8,5906
8,5907
15,5908
8,5909
1,5910
1,5911
8,5912
15,5913
15,5914
18,5915
1,5916
8,5917
11,5918
11,5919
7,5920
28,5921
7,5922
29,5923
11,5924
7,5925
28,5926
11,5927
29,5928
7,5929
7,5930
7,5931
28,5932
28,5933
7,5934
28,5935
7,5936
28,5937
4,5938
4,5939
4,5940
17,5941
19,5942
5,5943
19,5944
4,5945
14,5946
6,5947
6,5948
10,5949
7,5950
7,5951
11,5952
28,5953
28,5954
11,5955
29,5956
29,5957
28,5958
29,5959
7,5960
28,5961
11,5962
29,5963
29,5964
28,5965
28,5966
28,5967
11,5968
7,5969
29,5970
7,5971
29,5972
28,5973
6,5974
10,5975
21,5976
6,5977
10,5978
10,5979
10,5980
2,5981
21,5982
10,5983
6,5984
26,5985
21,5986
6,5987
2,5988
26,5989
2,5990
2,5991
21,5992
2,5993
26,5994
21,5995
6,5996
2,5997
6,5998
10,5999
2,6000
2,6001
21,6002
26,6003
10,6004
21,6005
2,6006
2,6007
21,6008
21,6009
26,6010
21,6011
26,6012
26,6013
10,6014
2,6015
6,6016
21,6017
21,6018
6,6019
21,6020
10,6021
6,6022
26,6023
6,6024
6,6025
2,6026
26,6027
2,6028
21,6029
21,6030
26,6031
6,6032
25,6033
16,6034
16,6035
16,6036
13,6037
25,6038
25,6039
16,6040
13,6041
16,6042
12,6043
22,6044
9,6045
9,6046
22,6047
22,6048
9,6049
9,6050
9,6051
24,6052
22,6053
20,6054
0,6055
23,6056
22,6057
14,6058
14,6059
17,6060
19,6061
14,6062
5,6063
19,6064
8,6065
18,6066
1,6067
8,6068
11,6069
11,6070
7,6071
29,6072
7,6073
7,6074
28,6075
7,6076
29,6077
7,6078
7,6079
7,6080
7,6081
7,6082
11,6083
29,6084
28,6085
11,6086
11,6087
28,6088
7,6089
7,6090
7,6091
29,6092
29,6093
11,6094
29,6095
7,6096
11,6097
28,6098
6,6099
2,6100
2,6101
26,6102
10,6103
10,6104
2,6105
6,6106
21,6107
26,6108
26,6109
26,6110
10,6111
10,6112
21,6113
2,6114
6,6115
21,6116
10,6117
2,6118
21,6119
21,6120
2,6121
2,6122
21,6123
10,6124
6,6125
6,6126
10,6127
2,6128
6,6129
6,6130
21,6131
21,6132
2,6133
26,6134
2,6135
2,6136
21,6137
21,6138
10,6139
6,6140
26,6141
6,6142
10,6143
10,6144
2,6145
6,6146
6,6147
10,6148
26,6149
2,6150
26,6151
2,6152
21,6153
21,6154
21,6155
21,6156
2,6157
26,6158
2,6159
2,6160
26,6161
6,6162
2,6163
26,6164
26,6165
2,6166
21,6167
6,6168
10,6169
2,6170
26,6171
6,6172
26,6173
10,6174
10,6175
10,6176
6,6177
21,6178
6,6179
21,6180
21,6181
2,6182
6,6183
6,6184
10,6185
2,6186
10,6187
26,6188
10,6189
26,6190
10,6191
10,6192
2,6193
2,6194
2,6195
10,6196
10,6197
6,6198
10,6199
21,6200
10,6201
2,6202
26,6203
6,6204
26,6205
26,6206
26,6207
21,6208
4,6209
17,6210
5,6211
4,6212
17,6213
6,6214
21,6215
7,6216
11,6217
7,6218
7,6219
29,6220
28,6221
29,6222
28,6223
28,6224
7,6225
11,6226
28,6227
6,6228
10,6229
10,6230
2,6231
4,6232
5,6233
5,6234
5,6235
19,6236
6,6237
26,6238
2,6239
7,6240
29,6241
7,6242
29,6243
11,6244
11,6245
11,6246
4,6247
5,6248
5,6249
4,6250
6,6251
6,6252
7,6253
7,6254
29,6255
7,6256
7,6257
4,6258
4,6259
5,6260
5,6261
4,6262
19,6263
6,6264
25,6265
7,6266
28,6267
6,6268
25,6269
13,6270
25,6271
25,6272
13,6273
13,6274
0,6275
0,6276
9,6277
24,6278
1,6279
1,6280
18,6281
2,6282
10,6283
26,6284
2,6285
6,6286
26,6287
21,6288
3,6289
27,6290
3,6291
3,6292
27,6293
12,6294
12,6295
22,6296
9,6297
9,6298
24,6299
22,6300
24,6301
0,6302
20,6303
9,6304
24,6305
9,6306
24,6307
9,6308
24,6309
9,6310
24,6311
23,6312
9,6313
23,6314
0,6315
22,6316
20,6317
22,6318
14,6319
17,6320
17,6321
19,6322
19,6323
8,6324
18,6325
8,6326
1,6327
15,6328
18,6329
15,6330
15,6331
18,6332
18,6333
15,6334
8,6335
15,6336
15,6337
1,6338
15,6339
18,6340
8,6341
18,6342
8,6343
11,6344
28,6345
6,6346
6,6347
25,6348
13,6349
25,6350
13,6351
13,6352
13,6353
13,6354
13,6355
16,6356
13,6357
25,6358
25,6359
13,6360
25,6361
4,6362
5,6363
14,6364
17,6365
5,6366
14,6367
19,6368
19,6369
6,6370
10,6371
7,6372
29,6373
28,6374
28,6375
7,6376
29,6377
28,6378
11,6379
29,6380
29,6381
7,6382
29,6383
11,6384
28,6385
28,6386
28,6387
11,6388
11,6389
29,6390
7,6391
28,6392
29,6393
7,6394
28,6395
11,6396
11,6397
29,6398
7,6399
29,6400
7,6401
11,6402
29,6403
7,6404
28,6405
28,6406
28,6407
6,6408
26,6409
21,6410
6,6411
26,6412
6,6413
10,6414
10,6415
6,6416
6,6417
21,6418
2,6419
21,6420
2,6421
21,6422
2,6423
6,6424
2,6425
6,6426
10,6427
10,6428
2,6429
6,6430
10,6431
10,6432
2,6433
2,6434
2,6435
2,6436
26,6437
21,6438
21,6439
21,6440
21,6441
2,6442
10,6443
21,6444
2,6445
10,6446
6,6447
25,6448
25,6449
16,6450
12,6451
12,6452
3,6453
3,6454
12,6455
27,6456
12,6457
22,6458
0,6459
22,6460
23,6461
24,6462
22,6463
14,6464
17,6465
19,6466
14,6467
4,6468
5,6469
14,6470
14,6471
19,6472
8,6473
1,6474
15,6475
18,6476
15,6477
1,6478
15,6479
8,6480
11,6481
29,6482
7,6483
11,6484
29,6485
7,6486
28,6487
28,6488
11,6489
28,6490
7,6491
11,6492
29,6493
7,6494
11,6495
28,6496
7,6497
7,6498
28,6499
7,6500
29,6501
28,6502
6,6503
2,6504
6,6505
21,6506
26,6507
10,6508
26,6509
21,6510
2,6511
26,6512
2,6513
26,6514
6,6515
21,6516
10,6517
2,6518
2,6519
21,6520
2,6521
10,6522
26,6523
10,6524
6,6525
10,6526
6,6527
10,6528
26,6529
10,6530
26,6531
2,6532
21,6533
2,6534
26,6535
26,6536
21,6537
6,6538
21,6539
10,6540
2,6541
21,6542
26,6543
21,6544
21,6545
26,6546
6,6547
25,6548
13,6549
13,6550
25,6551
13,6552
25,6553
13,6554
13,6555
25,6556
16,6557
12,6558
22,6559
23,6560
23,6561
9,6562
24,6563
22,6564
20,6565
23,6566
0,6567
24,6568
20,6569
23,6570
22,6571
14,6572
19,6573
14,6574
19,6575
5,6576
5,6577
19,6578
4,6579
5,6580
19,6581
4,6582
4,6583
17,6584
4,6585
4,6586
14,6587
4,6588
19,6589
14,6590
5,6591
17,6592
14,6593
19,6594
4,6595
4,6596
17,6597
17,6598
5,6599
14,6600
5,6601
19,6602
19,6603
4,6604
0,6605
20,6606
1,6607
8,6608
2,6609
10,6610
6,6611
25,6612
16,6613
12,6614
3,6615
3,6616
3,6617
27,6618
12,6619
27,6620
3,6621
3,6622
27,6623
12,6624
12,6625
12,6626
22,6627
9,6628
9,6629
20,6630
22,6631
20,6632
0,6633
20,6634
24,6635
20,6636
22,6637
22,6638
9,6639
9,6640
0,6641
24,6642
20,6643
20,6644
9,6645
9,6646
23,6647
9,6648
0,6649
22,6650
23,6651
23,6652
0,6653
20,6654
22,6655
22,6656
22,6657
20,6658
9,6659
23,6660
20,6661
9,6662
9,6663
0,6664
20,6665
22,6666
22,6667
24,6668
22,6669
22,6670
9,6671
24,6672
4,6673
5,6674
14,6675
5,6676
4,6677
17,6678
6,6679
21,6680
7,6681
29,6682
11,6683
11,6684
11,6685
11,6686
28,6687
6,6688
25,6689
13,6690
0,6691
24,6692
24,6693
9,6694
1,6695
18,6696
2,6697
6,6698
3,6699
27,6700
27,6701
3,6702
3,6703
3,6704
3,6705
27,6706
3,6707
27,6708
27,6709
3,6710
3,6711
27,6712
27,6713
27,6714
3,6715
12,6716
3,6717
3,6718
27,6719
12,6720
22,6721
0,6722
9,6723
22,6724
14,6725
17,6726
5,6727
17,6728
4,6729
4,6730
17,6731
5,6732
5,6733
4,6734
17,6735
5,6736
5,6737
14,6738
14,6739
17,6740
4,6741
4,6742
14,6743
4,6744
14,6745
19,6746
19,6747
8,6748
15,6749
0,6750
20,6751
1,6752
8,6753
2,6754
21,6755
6,6756
6,6757
2,6758
6,6759
3,6760
27,6761
3,6762
12,6763
22,6764
22,6765
9,6766
9,6767
9,6768
0,6769
0,6770
23,6771
0,6772
20,6773
22,6774
14,6775
14,6776
19,6777
5,6778
17,6779
4,6780
17,6781
4,6782
5,6783
14,6784
4,6785
5,6786
14,6787
14,6788
5,6789
17,6790
17,6791
19,6792
8,6793
8,6794
18,6795
18,6796
8,6797
18,6798
18,6799
15,6800
8,6801
11,6802
11,6803
11,6804
11,6805
28,6806
6,6807
26,6808
21,6809
26,6810
21,6811
21,6812
2,6813
6,6814
2,6815
6,6816
2,6817
21,6818
2,6819
21,6820
2,6821
10,6822
2,6823
10,6824
21,6825
26,6826
6,6827
10,6828
21,6829
6,6830
10,6831
2,6832
10,6833
6,6834
26,6835
2,6836
26,6837
21,6838
26,6839
21,6840
6,6841
21,6842
10,6843
6,6844
10,6845
6,6846
2,6847
10,6848
10,6849
26,6850
21,6851
10,6852
10,6853
2,6854
26,6855
21,6856
10,6857
26,6858
6,6859
25,6860
13,6861
13,6862
16,6863
13,6864
13,6865
13,6866
13,6867
16,6868
16,6869
16,6870
13,6871
25,6872
16,6873
13,6874
13,6875
13,6876
25,6877
16,6878
16,6879
25,6880
16,6881
12,6882
27,6883
3,6884
27,6885
3,6886
27,6887
12,6888
27,6889
27,6890
3,6891
3,6892
12,6893
3,6894
3,6895
3,6896
12,6897
12,6898
27,6899
27,6900
12,6901
27,6902
3,6903
27,6904
27,6905
3,6906
12,6907
22,6908
22,6909
0,6910
20,6911
9,6912
24,6913
0,6914
20,6915
20,6916
1,6917
18,6918
2,6919
26,6920
3,6921
27,6922
12,6923
22,6924
20,6925
9,6926
24,6927
22,6928
23,6929
23,6930
22,6931
23,6932
23,6933
23,6934
23,6935
4,6936
5,6937
4,6938
5,6939
5,6940
5,6941
4,6942
17,6943
6,6944
21,6945
7,6946
7,6947
29,6948
28,6949
11,6950
7,6951
28,6952
6,6953
6,6954
25,6955
13,6956
16,6957
25,6958
16,6959
13,6960
16,6961
12,6962
12,6963
22,6964
23,6965
22,6966
23,6967
0,6968
20,6969
0,6970
20,6971
0,6972
20,6973
22,6974
14,6975
14,6976
14,6977
14,6978
4,6979
4,6980
4,6981
14,6982
19,6983
5,6984
5,6985
5,6986
4,6987
5,6988
19,6989
4,6990
5,6991
4,6992
17,6993
5,6994
19,6995
14,6996
4,6997
17,6998
19,6999
4,7000
17,7001
4,7002
14,7003
14,7004
17,7005
19,7006
14,7007
4,7008
14,7009
19,7010
17,7011
17,7012
19,7013
5,7014
19,7015
19,7016
4,7017
14,7018
17,7019
14,7020
17,7021
4,7022
14,7023
4,7024
14,7025
5,7026
17,7027
4,7028
19,7029
14,7030
14,7031
0,7032
23,7033
20,7034
9,7035
22,7036
20,7037
20,7038
1,7039
18,7040
8,7041
8,7042
18,7043
2,7044
26,7045
3,7046
12,7047
3,7048
12,7049
27,7050
3,7051
3,7052
3,7053
27,7054
27,7055
27,7056
27,7057
0,7058
20,7059
1,7060
8,7061
2,7062
6,7063
3,7064
12,7065
12,7066
22,7067
14,7068
19,7069
4,7070
5,7071
5,7072
14,7073
5,7074
19,7075
14,7076
19,7077
17,7078
19,7079
8,7080
8,7081
1,7082
15,7083
0,7084
9,7085
1,7086
1,7087
2,7088
26,7089
3,7090
12,7091
22,7092
0,7093
22,7094
22,7095
0,7096
0,7097
9,7098
4,7099
17,7100
17,7101
5,7102
19,7103
8,7104
6,7105
2,7106
7,7107
28,7108
11,7109
28,7110
29,7111
11,7112
7,7113
7,7114
29,7115
7,7116
7,7117
29,7118
28,7119
11,7120
11,7121
29,7122
29,7123
7,7124
11,7125
7,7126
11,7127
7,7128
29,7129
28,7130
29,7131
29,7132
29,7133
28,7134
29,7135
29,7136
7,7137
11,7138
28,7139
28,7140
6,7141
25,7142
13,7143
16,7144
12,7145
0,7146
24,7147
20,7148
9,7149
1,7150
8,7151
8,7152
2,7153
2,7154
10,7155
3,7156
3,7157
12,7158
12,7159
22,7160
22,7161
22,7162
20,7163
22,7164
22,7165
0,7166
20,7167
22,7168
14,7169
5,7170
4,7171
17,7172
4,7173
5,7174
4,7175
4,7176
5,7177
14,7178
4,7179
17,7180
19,7181
8,7182
8,7183
18,7184
1,7185
15,7186
8,7187
18,7188
15,7189
15,7190
8,7191
11,7192
28,7193
28,7194
28,7195
7,7196
28,7197
7,7198
7,7199
7,7200
7,7201
29,7202
29,7203
7,7204
29,7205
7,7206
28,7207
28,7208
7,7209
28,7210
29,7211
28,7212
28,7213
7,7214
7,7215
7,7216
28,7217
11,7218
7,7219
11,7220
28,7221
11,7222
28,7223
29,7224
29,7225
11,7226
29,7227
11,7228
29,7229
11,7230
29,7231
0,7232
20,7233
20,7234
9,7235
9,7236
22,7237
1,7238
18,7239
2,7240
21,7241
21,7242
3,7243
27,7244
27,7245
12,7246
27,7247
3,7248
12,7249
27,7250
27,7251
27,7252
3,7253
27,7254
12,7255
22,7256
14,7257
4,7258
5,7259
14,7260
4,7261
14,7262
4,7263
14,7264
5,7265
4,7266
19,7267
17,7268
4,7269
14,7270
19,7271
14,7272
17,7273
14,7274
4,7275
17,7276
14,7277
17,7278
0,7279
9,7280
1,7281
1,7282
1,7283
2,7284
2,7285
3,7286
27,7287
27,7288
12,7289
27,7290
12,7291
22,7292
24,7293
20,7294
20,7295
22,7296
22,7297
9,7298
0,7299
9,7300
23,7301
24,7302
24,7303
20,7304
23,7305
23,7306
24,7307
20,7308
23,7309
20,7310
23,7311
0,7312
0,7313
0,7314
24,7315
9,7316
20,7317
9,7318
20,7319
9,7320
23,7321
22,7322
9,7323
22,7324
9,7325
22,7326
20,7327
9,7328
9,7329
23,7330
22,7331
24,7332
24,7333
20,7334
0,7335
20,7336
9,7337
22,7338
0,7339
20,7340
23,7341
9,7342
9,7343
9,7344
9,7345
23,7346
9,7347
24,7348
23,7349
9,7350
20,7351
23,7352
20,7353
22,7354
20,7355
20,7356
0,7357
24,7358
9,7359
22,7360
24,7361
23,7362
24,7363
24,7364
24,7365
0,7366
0,7367
24,7368
22,7369
23,7370
4,7371
19,7372
5,7373
19,7374
6,7375
2,7376
7,7377
11,7378
28,7379
6,7380
25,7381
13,7382
13,7383
25,7384
16,7385
16,7386
25,7387
25,7388
16,7389
16,7390
25,7391
25,7392
25,7393
16,7394
25,7395
25,7396
13,7397
25,7398
25,7399
25,7400
25,7401
25,7402
25,7403
16,7404
13,7405
25,7406
16,7407
25,7408
13,7409
16,7410
13,7411
13,7412
13,7413
25,7414
16,7415
25,7416
13,7417
16,7418
13,7419
16,7420
16,7421
12,7422
27,7423
27,7424
3,7425
27,7426
3,7427
12,7428
3,7429
3,7430
12,7431
27,7432
3,7433
3,7434
12,7435
22,7436
9,7437
9,7438
0,7439
23,7440
0,7441
23,7442
22,7443
9,7444
9,7445
20,7446
23,7447
22,7448
22,7449
0,7450
0,7451
23,7452
20,7453
23,7454
0,7455
20,7456
1,7457
1,7458
15,7459
8,7460
15,7461
2,7462
6,7463
21,7464
21,7465
3,7466
3,7467
12,7468
3,7469
12,7470
3,7471
12,7472
12,7473
22,7474
0,7475
20,7476
24,7477
23,7478
23,7479
0,7480
24,7481
24,7482
23,7483
0,7484
0,7485
22,7486
9,7487
9,7488
24,7489
20,7490
0,7491
0,7492
20,7493
0,7494
0,7495
23,7496
22,7497
23,7498
0,7499
24,7500
24,7501
24,7502
22,7503
24,7504
0,7505
9,7506
20,7507
0,7508
20,7509
9,7510
20,7511
20,7512
23,7513
9,7514
22,7515
24,7516
23,7517
20,7518
23,7519
20,7520
20,7521
0,7522
22,7523
9,7524
23,7525
20,7526
23,7527
23,7528
20,7529
20,7530
0,7531
9,7532
9,7533
9,7534
22,7535
9,7536
22,7537
14,7538
4,7539
14,7540
17,7541
17,7542
5,7543
19,7544
19,7545
19,7546
19,7547
4,7548
17,7549
4,7550
19,7551
5,7552
4,7553
19,7554
5,7555
17,7556
19,7557
17,7558
19,7559
8,7560
8,7561
1,7562
15,7563
8,7564
18,7565
8,7566
15,7567
18,7568
18,7569
15,7570
18,7571
15,7572
8,7573
1,7574
15,7575
18,7576
15,7577
18,7578
15,7579
18,7580
8,7581
1,7582
15,7583
15,7584
1,7585
0,7586
22,7587
1,7588
8,7589
2,7590
2,7591
3,7592
3,7593
27,7594
3,7595
12,7596
12,7597
12,7598
12,7599
12,7600
22,7601
0,7602
24,7603
24,7604
23,7605
0,7606
24,7607
24,7608
20,7609
24,7610
9,7611
24,7612
23,7613
23,7614
22,7615
14,7616
19,7617
14,7618
19,7619
17,7620
14,7621
0,7622
22,7623
1,7624
18,7625
15,7626
8,7627
2,7628
21,7629
6,7630
10,7631
3,7632
27,7633
3,7634
3,7635
3,7636
27,7637
3,7638
12,7639
3,7640
3,7641
27,7642
12,7643
27,7644
27,7645
12,7646
12,7647
27,7648
12,7649
22,7650
24,7651
9,7652
0,7653
24,7654
0,7655
24,7656
20,7657
22,7658
24,7659
23,7660
23,7661
22,7662
9,7663
24,7664
24,7665
23,7666
9,7667
23,7668
9,7669
9,7670
9,7671
24,7672
20,7673
20,7674
20,7675
0,7676
20,7677
0,7678
4,7679
17,7680
5,7681
4,7682
19,7683
6,7684
10,7685
7,7686
29,7687
29,7688
7,7689
29,7690
7,7691
29,7692
29,7693
11,7694
0,7695
20,7696
1,7697
8,7698
11,7699
2,7700
2,7701
3,7702
27,7703
27,7704
27,7705
3,7706
27,7707
12,7708
3,7709
27,7710
3,7711
27,7712
27,7713
3,7714
12,7715
12,7716
22,7717
24,7718
22,7719
22,7720
20,7721
20,7722
20,7723
9,7724
9,7725
9,7726
9,7727
0,7728
20,7729
0,7730
20,7731
20,7732
24,7733
23,7734
9,7735
0,7736
23,7737
9,7738
22,7739
24,7740
9,7741
24,7742
0,7743
23,7744
20,7745
22,7746
14,7747
4,7748
4,7749
5,7750
17,7751
17,7752
17,7753
14,7754
14,7755
5,7756
14,7757
4,7758
4,7759
4,7760
17,7761
4,7762
5,7763
5,7764
4,7765
6,7766
26,7767
26,7768
7,7769
28,7770
28,7771
28,7772
11,7773
7,7774
7,7775
28,7776
29,7777
11,7778
29,7779
28,7780
6,7781
2,7782
26,7783
2,7784
2,7785
2,7786
10,7787
2,7788
10,7789
10,7790
21,7791
6,7792
2,7793
6,7794
2,7795
6,7796
6,7797
26,7798
21,7799
26,7800
6,7801
6,7802
21,7803
26,7804
21,7805
26,7806
21,7807
6,7808
2,7809
6,7810
10,7811
21,7812
2,7813
21,7814
26,7815
2,7816
2,7817
10,7818
2,7819
10,7820
26,7821
10,7822
21,7823
26,7824
21,7825
10,7826
21,7827
2,7828
2,7829
26,7830
10,7831
21,7832
26,7833
21,7834
21,7835
26,7836
10,7837
21,7838
26,7839
21,7840
10,7841
10,7842
2,7843
21,7844
21,7845
2,7846
6,7847
6,7848
21,7849
6,7850
25,7851
13,7852
25,7853
16,7854
13,7855
16,7856
16,7857
13,7858
25,7859
25,7860
16,7861
13,7862
13,7863
25,7864
13,7865
13,7866
25,7867
13,7868
16,7869
25,7870
25,7871
13,7872
25,7873
13,7874
16,7875
13,7876
16,7877
12,7878
22,7879
23,7880
24,7881
20,7882
0,7883
24,7884
23,7885
0,7886
23,7887
0,7888
9,7889
22,7890
23,7891
23,7892
0,7893
9,7894
0,7895
9,7896
20,7897
9,7898
20,7899
23,7900
23,7901
0,7902
23,7903
0,7904
0,7905
0,7906
0,7907
23,7908
22,7909
0,7910
24,7911
22,7912
20,7913
20,7914
20,7915
0,7916
0,7917
0,7918
1,7919
8,7920
2,7921
26,7922
3,7923
27,7924
3,7925
27,7926
3,7927
3,7928
3,7929
3,7930
27,7931
27,7932
27,7933
12,7934
27,7935
3,7936
3,7937
12,7938
12,7939
27,7940
12,7941
3,7942
3,7943
3,7944
3,7945
12,7946
22,7947
0,7948
0,7949
24,7950
24,7951
9,7952
9,7953
22,7954
9,7955
20,7956
24,7957
23,7958
9,7959
0,7960
9,7961
23,7962
0,7963
9,7964
9,7965
24,7966
23,7967
0,7968
23,7969
0,7970
9,7971
22,7972
9,7973
0,7974
20,7975
9,7976
9,7977
0,7978
9,7979
20,7980
20,7981
22,7982
23,7983
0,7984
0,7985
22,7986
9,7987
24,7988
24,7989
9,7990
20,7991
20,7992
0,7993
20,7994
0,7995
0,7996
22,7997
9,7998
20,7999
24,8000
23,8001
0,8002
22,8003
22,8004
0,8005
24,8006
20,8007
22,8008
14,8009
14,8010
4,8011
4,8012
5,8013
17,8014
19,8015
14,8016
6,8017
25,8018
7,8019
11,8020
29,8021
7,8022
11,8023
28,8024
6,8025
21,8026
2,8027
10,8028
6,8029
25,8030
16,8031
16,8032
25,8033
25,8034
13,8035
25,8036
13,8037
13,8038
13,8039
13,8040
13,8041
25,8042
25,8043
16,8044
13,8045
13,8046
13,8047
16,8048
16,8049
25,8050
0,8051
24,8052
23,8053
1,8054
18,8055
8,8056
2,8057
26,8058
3,8059
3,8060
12,8061
27,8062
12,8063
22,8064
9,8065
0,8066
24,8067
0,8068
9,8069
9,8070
23,8071
9,8072
9,8073
9,8074
9,8075
22,8076
24,8077
24,8078
0,8079
9,8080
20,8081
9,8082
0,8083
22,8084
1,8085
18,8086
8,8087
2,8088
21,8089
3,8090
12,8091
22,8092
9,8093
20,8094
22,8095
9,8096
22,8097
24,8098
24,8099
9,8100
0,8101
22,8102
0,8103
24,8104
22,8105
9,8106
9,8107
0,8108
23,8109
9,8110
24,8111
22,8112
22,8113
22,8114
22,8115
23,8116
9,8117
22,8118
22,8119
24,8120
22,8121
14,8122
17,8123
4,8124
19,8125
8,8126
11,8127
28,8128
11,8129
28,8130
11,8131
7,8132
11,8133
28,8134
29,8135
7,8136
7,8137
7,8138
28,8139
6,8140
2,8141
26,8142
21,8143
21,8144
2,8145
10,8146
26,8147
21,8148
26,8149
6,8150
21,8151
10,8152
21,8153
21,8154
6,8155
2,8156
21,8157
26,8158
2,8159
6,8160
6,8161
25,8162
13,8163
16,8164
25,8165
13,8166
16,8167
25,8168
13,8169
25,8170
25,8171
13,8172
25,8173
13,8174
13,8175
25,8176
25,8177
25,8178
13,8179
13,8180
25,8181
25,8182
16,8183
13,8184
25,8185
16,8186
25,8187
25,8188
13,8189
13,8190
13,8191
25,8192
13,8193
13,8194
16,8195
13,8196
25,8197
16,8198
13,8199
25,8200
13,8201
25,8202
16,8203
25,8204
16,8205
25,8206
13,8207
13,8208
25,8209
16,8210
13,8211
13,8212
25,8213
13,8214
16,8215
12,8216
22,8217
22,8218
20,8219
23,8220
22,8221
22,8222
24,8223
22,8224
9,8225
24,8226
9,8227
9,8228
9,8229
24,8230
9,8231
22,8232
14,8233
5,8234
5,8235
19,8236
4,8237
5,8238
19,8239
19,8240
4,8241
5,8242
17,8243
5,8244
17,8245
14,8246
14,8247
4,8248
19,8249
8,8250
15,8251
15,8252
1,8253
18,8254
15,8255
1,8256
1,8257
8,8258
11,8259
11,8260
28,8261
7,8262
11,8263
29,8264
7,8265
29,8266
11,8267
7,8268
7,8269
28,8270
11,8271
7,8272
11,8273
7,8274
7,8275
11,8276
11,8277
7,8278
28,8279
6,8280
21,8281
10,8282
26,8283
2,8284
10,8285
26,8286
21,8287
6,8288
21,8289
6,8290
2,8291
26,8292
21,8293
6,8294
6,8295
25,8296
16,8297
13,8298
25,8299
13,8300
16,8301
13,8302
16,8303
12,8304
22,8305
0,8306
9,8307
9,8308
24,8309
24,8310
9,8311
9,8312
4,8313
14,8314
4,8315
5,8316
17,8317
4,8318
4,8319
17,8320
5,8321
6,8322
6,8323
26,8324
7,8325
28,8326
11,8327
28,8328
29,8329
11,8330
29,8331
29,8332
28,8333
11,8334
29,8335
28,8336
28,8337
4,8338
14,8339
5,8340
19,8341
5,8342
5,8343
6,8344
21,8345
10,8346
7,8347
11,8348
29,8349
7,8350
28,8351
11,8352
11,8353
11,8354
29,8355
11,8356
11,8357
11,8358
29,8359
28,8360
7,8361
28,8362
6,8363
2,8364
2,8365
10,8366
6,8367
2,8368
6,8369
6,8370
0,8371
20,8372
1,8373
18,8374
1,8375
2,8376
6,8377
3,8378
12,8379
22,8380
9,8381
23,8382
9,8383
9,8384
22,8385
24,8386
9,8387
20,8388
22,8389
9,8390
0,8391
0,8392
0,8393
20,8394
0,8395
9,8396
22,8397
0,8398
22,8399
1,8400
18,8401
2,8402
6,8403
21,8404
3,8405
12,8406
3,8407
12,8408
27,8409
3,8410
3,8411
3,8412
3,8413
12,8414
22,8415
22,8416
0,8417
9,8418
4,8419
17,8420
5,8421
14,8422
4,8423
17,8424
5,8425
6,8426
6,8427
6,8428
6,8429
6,8430
7,8431
29,8432
7,8433
7,8434
28,8435
7,8436
4,8437
4,8438
17,8439
17,8440
5,8441
14,8442
14,8443
5,8444
14,8445
6,8446
21,8447
26,8448
2,8449
7,8450
11,8451
28,8452
11,8453
11,8454
29,8455
29,8456
28,8457
6,8458
10,8459
26,8460
21,8461
21,8462
6,8463
21,8464
21,8465
21,8466
6,8467
6,8468
25,8469
16,8470
13,8471
25,8472
16,8473
25,8474
16,8475
4,8476
5,8477
5,8478
5,8479
19,8480
14,8481
19,8482
6,8483
26,8484
7,8485
7,8486
29,8487
7,8488
29,8489
11,8490
11,8491
29,8492
28,8493
29,8494
7,8495
28,8496
29,8497
7,8498
7,8499
28,8500
29,8501
7,8502
28,8503
29,8504
11,8505
29,8506
29,8507
7,8508
29,8509
11,8510
29,8511
11,8512
29,8513
11,8514
29,8515
29,8516
28,8517
7,8518
7,8519
29,8520
11,8521
7,8522
29,8523
28,8524
6,8525
26,8526
21,8527
6,8528
26,8529
2,8530
26,8531
2,8532
6,8533
2,8534
26,8535
21,8536
2,8537
6,8538
26,8539
2,8540
2,8541
21,8542
2,8543
6,8544
25,8545
16,8546
13,8547
16,8548
13,8549
16,8550
12,8551
12,8552
12,8553
27,8554
0,8555
24,8556
1,8557
1,8558
2,8559
2,8560
6,8561
3,8562
12,8563
12,8564
3,8565
3,8566
12,8567
27,8568
27,8569
3,8570
27,8571
27,8572
3,8573
12,8574
3,8575
3,8576
4,8577
17,8578
5,8579
19,8580
6,8581
10,8582
21,8583
7,8584
29,8585
7,8586
11,8587
28,8588
4,8589
4,8590
5,8591
5,8592
4,8593
6,8594
10,8595
7,8596
28,8597
29,8598
28,8599
29,8600
11,8601
28,8602
6,8603
21,8604
21,8605
6,8606
26,8607
6,8608
4,8609
5,8610
17,8611
5,8612
14,8613
5,8614
4,8615
6,8616
6,8617
26,8618
7,8619
11,8620
7,8621
11,8622
29,8623
11,8624
11,8625
29,8626
28,8627
7,8628
29,8629
11,8630
29,8631
29,8632
28,8633
7,8634
28,8635
28,8636
11,8637
11,8638
7,8639
7,8640
11,8641
28,8642
11,8643
28,8644
7,8645
29,8646
28,8647
29,8648
29,8649
7,8650
28,8651
11,8652
7,8653
28,8654
11,8655
29,8656
11,8657
29,8658
7,8659
29,8660
29,8661
29,8662
7,8663
11,8664
28,8665
11,8666
11,8667
28,8668
29,8669
29,8670
11,8671
11,8672
29,8673
7,8674
28,8675
11,8676
7,8677
29,8678
28,8679
28,8680
28,8681
29,8682
28,8683
6,8684
6,8685
6,8686
25,8687
25,8688
25,8689
13,8690
13,8691
13,8692
13,8693
13,8694
25,8695
25,8696
16,8697
25,8698
25,8699
13,8700
13,8701
13,8702
25,8703
16,8704
25,8705
25,8706
13,8707
16,8708
25,8709
16,8710
12,8711
27,8712
27,8713
12,8714
3,8715
12,8716
12,8717
3,8718
3,8719
12,8720
12,8721
12,8722
3,8723
27,8724
3,8725
12,8726
3,8727
27,8728
27,8729
12,8730
3,8731
27,8732
3,8733
27,8734
12,8735
27,8736
3,8737
3,8738
3,8739
3,8740
12,8741
27,8742
27,8743
3,8744
27,8745
3,8746
12,8747
22,8748
23,8749
9,8750
0,8751
23,8752
22,8753
24,8754
23,8755
23,8756
20,8757
0,8758
0,8759
20,8760
22,8761
0,8762
0,8763
20,8764
20,8765
0,8766
9,8767
24,8768
0,8769
24,8770
1,8771
15,8772
18,8773
2,8774
10,8775
3,8776
3,8777
12,8778
3,8779
3,8780
3,8781
12,8782
22,8783
20,8784
22,8785
0,8786
9,8787
20,8788
23,8789
22,8790
20,8791
9,8792
20,8793
0,8794
24,8795
9,8796
22,8797
23,8798
24,8799
24,8800
24,8801
22,8802
9,8803
20,8804
24,8805
9,8806
9,8807
22,8808
0,8809
20,8810
0,8811
22,8812
23,8813
20,8814
24,8815
24,8816
24,8817
4,8818
14,8819
14,8820
5,8821
14,8822
19,8823
19,8824
6,8825
25,8826
16,8827
7,8828
28,8829
11,8830
28,8831
7,8832
7,8833
11,8834
29,8835
28,8836
29,8837
28,8838
11,8839
7,8840
11,8841
28,8842
29,8843
11,8844
7,8845
11,8846
29,8847
11,8848
29,8849
28,8850
28,8851
0,8852
23,8853
9,8854
22,8855
0,8856
20,8857
24,8858
1,8859
8,8860
2,8861
10,8862
3,8863
27,8864
27,8865
3,8866
12,8867
27,8868
12,8869
27,8870
3,8871
3,8872
12,8873
27,8874
3,8875
12,8876
12,8877
22,8878
0,8879
9,8880
0,8881
23,8882
23,8883
20,8884
0,8885
0,8886
1,8887
15,8888
15,8889
2,8890
6,8891
3,8892
27,8893
3,8894
3,8895
12,8896
22,8897
23,8898
9,8899
0,8900
23,8901
9,8902
24,8903
9,8904
23,8905
23,8906
22,8907
22,8908
14,8909
5,8910
4,8911
14,8912
5,8913
14,8914
14,8915
17,8916
0,8917
22,8918
14,8919
19,8920
1,8921
15,8922
1,8923
1,8924
8,8925
1,8926
15,8927
18,8928
18,8929
15,8930
18,8931
2,8932
10,8933
26,8934
21,8935
10,8936
3,8937
3,8938
3,8939
12,8940
22,8941
24,8942
20,8943
9,8944
0,8945
20,8946
22,8947
20,8948
0,8949
22,8950
20,8951
9,8952
20,8953
0,8954
20,8955
24,8956
20,8957
24,8958
22,8959
0,8960
0,8961
0,8962
9,8963
24,8964
0,8965
23,8966
23,8967
20,8968
24,8969
23,8970
0,8971
0,8972
20,8973
24,8974
24,8975
22,8976
23,8977
22,8978
20,8979
23,8980
20,8981
23,8982
9,8983
0,8984
22,8985
22,8986
14,8987
19,8988
5,8989
14,8990
19,8991
4,8992
4,8993
14,8994
5,8995
19,8996
6,8997
25,8998
13,8999
16,9000
7,9001
29,9002
29,9003
7,9004
29,9005
7,9006
7,9007
11,9008
11,9009
29,9010
7,9011
7,9012
29,9013
11,9014
7,9015
29,9016
7,9017
7,9018
29,9019
11,9020
11,9021
28,9022
6,9023
6,9024
6,9025
2,9026
4,9027
14,9028
17,9029
5,9030
19,9031
4,9032
17,9033
19,9034
8,9035
6,9036
10,9037
7,9038
11,9039
11,9040
28,9041
29,9042
11,9043
28,9044
7,9045
28,9046
6,9047
2,9048
2,9049
21,9050
6,9051
25,9052
25,9053
25,9054
16,9055
13,9056
25,9057
16,9058
13,9059
25,9060
16,9061
13,9062
25,9063
25,9064
16,9065
25,9066
13,9067
13,9068
25,9069
16,9070
12,9071
27,9072
12,9073
12,9074
3,9075
3,9076
12,9077
27,9078
3,9079
27,9080
3,9081
3,9082
12,9083
12,9084
22,9085
24,9086
20,9087
24,9088
20,9089
20,9090
20,9091
0,9092
0,9093
1,9094
15,9095
2,9096
2,9097
3,9098
27,9099
27,9100
27,9101
3,9102
27,9103
3,9104
27,9105
27,9106
12,9107
0,9108
24,9109
1,9110
15,9111
2,9112
6,9113
3,9114
12,9115
12,9116
3,9117
12,9118
22,9119
22,9120
24,9121
20,9122
0,9123
24,9124
22,9125
14,9126
19,9127
8,9128
8,9129
1,9130
15,9131
15,9132
18,9133
15,9134
18,9135
8,9136
18,9137
18,9138
1,9139
15,9140
1,9141
8,9142
8,9143
11,9144
29,9145
11,9146
29,9147
28,9148
4,9149
5,9150
19,9151
19,9152
19,9153
5,9154
5,9155
4,9156
6,9157
2,9158
26,9159
21,9160
26,9161
7,9162
11,9163
28,9164
11,9165
29,9166
11,9167
7,9168
29,9169
28,9170
28,9171
11,9172
11,9173
29,9174
28,9175
11,9176
28,9177
7,9178
11,9179
11,9180
29,9181
28,9182
29,9183
11,9184
29,9185
11,9186
29,9187
11,9188
28,9189
29,9190
11,9191
4,9192
4,9193
4,9194
5,9195
17,9196
14,9197
6,9198
25,9199
16,9200
12,9201
7,9202
29,9203
29,9204
29,9205
11,9206
11,9207
29,9208
11,9209
11,9210
7,9211
29,9212
4,9213
14,9214
5,9215
5,9216
4,9217
19,9218
6,9219
21,9220
7,9221
7,9222
29,9223
29,9224
11,9225
28,9226
28,9227
6,9228
10,9229
10,9230
10,9231
26,9232
26,9233
26,9234
2,9235
26,9236
2,9237
2,9238
10,9239
21,9240
2,9241
2,9242
2,9243
21,9244
6,9245
21,9246
2,9247
21,9248
26,9249
21,9250
21,9251
2,9252
10,9253
2,9254
10,9255
21,9256
6,9257
6,9258
10,9259
6,9260
25,9261
13,9262
13,9263
13,9264
25,9265
25,9266
16,9267
16,9268
16,9269
16,9270
25,9271
13,9272
13,9273
16,9274
13,9275
16,9276
25,9277
16,9278
12,9279
27,9280
27,9281
12,9282
12,9283
12,9284
27,9285
3,9286
3,9287
3,9288
27,9289
12,9290
22,9291
22,9292
22,9293
9,9294
24,9295
9,9296
0,9297
23,9298
22,9299
23,9300
0,9301
20,9302
22,9303
22,9304
0,9305
24,9306
23,9307
9,9308
20,9309
20,9310
0,9311
23,9312
23,9313
23,9314
22,9315
0,9316
0,9317
24,9318
23,9319
22,9320
9,9321
24,9322
0,9323
9,9324
20,9325
20,9326
22,9327
23,9328
24,9329
20,9330
4,9331
14,9332
5,9333
5,9334
6,9335
6,9336
7,9337
28,9338
7,9339
29,9340
11,9341
11,9342
11,9343
29,9344
28,9345
7,9346
29,9347
29,9348
29,9349
29,9350
29,9351
29,9352
29,9353
7,9354
29,9355
28,9356
11,9357
28,9358
6,9359
25,9360
13,9361
25,9362
16,9363
13,9364
13,9365
16,9366
12,9367
27,9368
3,9369
3,9370
3,9371
27,9372
12,9373
22,9374
14,9375
17,9376
14,9377
14,9378
17,9379
5,9380
5,9381
4,9382
19,9383
17,9384
14,9385
17,9386
5,9387
14,9388
17,9389
5,9390
19,9391
19,9392
19,9393
14,9394
14,9395
5,9396
5,9397
19,9398
5,9399
14,9400
5,9401
5,9402
19,9403
4,9404
5,9405
5,9406
19,9407
4,9408
17,9409
19,9410
4,9411
14,9412
19,9413
5,9414
19,9415
19,9416
8,9417
11,9418
28,9419
7,9420
29,9421
11,9422
28,9423
7,9424
28,9425
7,9426
28,9427
6,9428
2,9429
2,9430
2,9431
6,9432
26,9433
6,9434
2,9435
21,9436
6,9437
21,9438
10,9439
6,9440
2,9441
6,9442
10,9443
10,9444
21,9445
26,9446
6,9447
6,9448
2,9449
2,9450
2,9451
26,9452
26,9453
10,9454
6,9455
6,9456
10,9457
10,9458
2,9459
26,9460
10,9461
6,9462
21,9463
10,9464
6,9465
6,9466
25,9467
16,9468
4,9469
19,9470
4,9471
5,9472
14,9473
17,9474
14,9475
6,9476
6,9477
2,9478
6,9479
2,9480
6,9481
2,9482
7,9483
7,9484
29,9485
11,9486
7,9487
7,9488
7,9489
11,9490
7,9491
29,9492
28,9493
11,9494
28,9495
29,9496
11,9497
11,9498
28,9499
11,9500
29,9501
11,9502
28,9503
7,9504
11,9505
29,9506
7,9507
28,9508
7,9509
29,9510
7,9511
28,9512
28,9513
28,9514
7,9515
28,9516
29,9517
29,9518
4,9519
4,9520
4,9521
4,9522
4,9523
4,9524
5,9525
14,9526
6,9527
10,9528
21,9529
7,9530
7,9531
29,9532
11,9533
28,9534
11,9535
11,9536
29,9537
29,9538
28,9539
0,9540
22,9541
1,9542
8,9543
15,9544
2,9545
10,9546
3,9547
12,9548
27,9549
12,9550
27,9551
27,9552
3,9553
3,9554
27,9555
3,9556
12,9557
3,9558
27,9559
3,9560
12,9561
22,9562
14,9563
19,9564
8,9565
1,9566
8,9567
11,9568
11,9569
29,9570
0,9571
9,9572
1,9573
18,9574
15,9575
2,9576
21,9577
3,9578
3,9579
3,9580
3,9581
3,9582
3,9583
12,9584
22,9585
23,9586
0,9587
24,9588
9,9589
9,9590
22,9591
24,9592
0,9593
0,9594
24,9595
9,9596
20,9597
24,9598
9,9599
23,9600
0,9601
20,9602
23,9603
9,9604
22,9605
0,9606
23,9607
22,9608
0,9609
4,9610
17,9611
19,9612
5,9613
5,9614
19,9615
6,9616
10,9617
21,9618
7,9619
7,9620
11,9621
29,9622
11,9623
29,9624
28,9625
7,9626
29,9627
7,9628
7,9629
11,9630
28,9631
11,9632
7,9633
7,9634
7,9635
11,9636
11,9637
28,9638
11,9639
11,9640
7,9641
4,9642
4,9643
5,9644
19,9645
17,9646
6,9647
26,9648
7,9649
7,9650
7,9651
29,9652
7,9653
29,9654
7,9655
11,9656
11,9657
28,9658
28,9659
7,9660
28,9661
7,9662
28,9663
6,9664
2,9665
10,9666
0,9667
24,9668
23,9669
22,9670
1,9671
1,9672
2,9673
2,9674
3,9675
27,9676
27,9677
12,9678
12,9679
12,9680
3,9681
3,9682
27,9683
27,9684
3,9685
27,9686
12,9687
3,9688
27,9689
3,9690
27,9691
12,9692
27,9693
27,9694
27,9695
27,9696
12,9697
27,9698
3,9699
12,9700
12,9701
27,9702
27,9703
12,9704
3,9705
27,9706
3,9707
27,9708
27,9709
12,9710
3,9711
12,9712
3,9713
12,9714
22,9715
14,9716
17,9717
17,9718
14,9719
19,9720
19,9721
14,9722
17,9723
14,9724
5,9725
17,9726
19,9727
17,9728
4,9729
4,9730
17,9731
4,9732
4,9733
14,9734
14,9735
17,9736
17,9737
14,9738
5,9739
14,9740
19,9741
8,9742
8,9743
4,9744
14,9745
5,9746
17,9747
6,9748
6,9749
6,9750
7,9751
11,9752
7,9753
11,9754
28,9755
11,9756
29,9757
29,9758
29,9759
11,9760
28,9761
28,9762
11,9763
28,9764
11,9765
7,9766
7,9767
29,9768
7,9769
28,9770
29,9771
11,9772
11,9773
29,9774
11,9775
11,9776
11,9777
11,9778
29,9779
28,9780
6,9781
6,9782
21,9783
2,9784
21,9785
6,9786
2,9787
6,9788
2,9789
26,9790
6,9791
25,9792
16,9793
12,9794
27,9795
3,9796
12,9797
3,9798
3,9799
27,9800
12,9801
27,9802
3,9803
27,9804
12,9805
27,9806
27,9807
27,9808
12,9809
22,9810
20,9811
9,9812
24,9813
20,9814
20,9815
0,9816
24,9817
24,9818
0,9819
9,9820
9,9821
20,9822
20,9823
22,9824
14,9825
5,9826
4,9827
17,9828
5,9829
19,9830
14,9831
19,9832
5,9833
17,9834
4,9835
19,9836
17,9837
19,9838
4,9839
14,9840
14,9841
17,9842
14,9843
14,9844
4,9845
17,9846
17,9847
17,9848
19,9849
8,9850
15,9851
1,9852
1,9853
8,9854
18,9855
18,9856
8,9857
8,9858
8,9859
18,9860
1,9861
15,9862
1,9863
15,9864
18,9865
18,9866
8,9867
8,9868
18,9869
1,9870
18,9871
15,9872
1,9873
18,9874
18,9875
15,9876
1,9877
1,9878
8,9879
8,9880
8,9881
1,9882
1,9883
1,9884
1,9885
1,9886
15,9887
15,9888
8,9889
8,9890
1,9891
8,9892
11,9893
29,9894
29,9895
7,9896
29,9897
7,9898
7,9899
11,9900
28,9901
29,9902
4,9903
14,9904
4,9905
5,9906
17,9907
6,9908
2,9909
7,9910
29,9911
28,9912
11,9913
28,9914
28,9915
28,9916
6,9917
10,9918
10,9919
10,9920
26,9921
6,9922
21,9923
2,9924
2,9925
6,9926
26,9927
26,9928
21,9929
6,9930
21,9931
21,9932
10,9933
26,9934
6,9935
2,9936
21,9937
10,9938
6,9939
10,9940
6,9941
10,9942
6,9943
25,9944
16,9945
25,9946
25,9947
25,9948
25,9949
13,9950
25,9951
16,9952
13,9953
25,9954
13,9955
25,9956
16,9957
13,9958
16,9959
16,9960
25,9961
25,9962
16,9963
25,9964
16,9965
16,9966
12,9967
27,9968
27,9969
12,9970
12,9971
22,9972
20,9973
24,9974
24,9975
23,9976
24,9977
24,9978
0,9979
20,9980
24,9981
20,9982
0,9983
22,9984
0,9985
20,9986
20,9987
20,9988
23,9989
9,9990
20,9991
23,9992
23,9993
20,9994
20,9995
23,9996
24,9997
20,9998
23,9999
