15,0
25,1
46,2
5,3
17,4
29,5
5,6
33,7
26,8
49,9
19,10
13,11
17,12
46,13
3,14
41,15
46,16
30,17
0,18
15,19
32,20
22,21
41,22
43,23
36,24
43,25
0,26
12,27
35,28
32,29
5,30
27,31
10,32
10,33
43,34
35,35
39,36
4,37
5,38
42,39
9,40
12,41
45,42
10,43
29,44
20,45
18,46
37,47
34,48
37,49
10,50
27,51
45,52
0,53
5,54
12,55
12,56
12,57
4,58
11,59
28,60
22,61
4,62
31,63
39,64
38,65
30,66
44,67
25,68
43,69
1,70
17,71
8,72
11,73
23,74
26,75
16,76
1,77
8,78
44,79
42,80
15,81
24,82
46,83
31,84
40,85
16,86
47,87
14,88
28,89
12,90
31,91
2,92
30,93
21,94
49,95
43,96
18,97
24,98
35,99
20,100
11,101
31,102
2,103
10,104
47,105
13,106
10,107
34,108
17,109
44,110
42,111
32,112
22,113
24,114
18,115
27,116
10,117
32,118
49,119
46,120
17,121
30,122
34,123
17,124
9,125
8,126
40,127
49,128
41,129
13,130
10,131
49,132
47,133
46,134
26,135
21,136
48,137
14,138
4,139
0,140
48,141
36,142
7,143
41,144
18,145
31,146
45,147
35,148
36,149
18,150
43,151
20,152
26,153
9,154
1,155
12,156
12,157
14,158
19,159
45,160
42,161
48,162
38,163
34,164
47,165
49,166
38,167
16,168
24,169
45,170
15,171
24,172
34,173
18,174
16,175
24,176
31,177
31,178
30,179
1,180
10,181
32,182
43,183
1,184
25,185
21,186
2,187
7,188
7,189
44,190
4,191
45,192
24,193
45,194
49,195
45,196
40,197
1,198
32,199
43,200
26,201
25,202
31,203
27,204
1,205
29,206
15,207
32,208
17,209
43,210
16,211
26,212
36,213
48,214
8,215
40,216
31,217
39,218
10,219
37,220
1,221
11,222
49,223
12,224
37,225
14,226
36,227
39,228
4,229
22,230
15,231
28,232
49,233
48,234
10,235
15,236
2,237
20,238
49,239
8,240
1,241
44,242
11,243
6,244
36,245
39,246
4,247
11,248
41,249
33,250
47,251
1,252
10,253
39,254
11,255
49,256
12,257
49,258
47,259
40,260
7,261
1,262
3,263
5,264
12,265
7,266
7,267
23,268
12,269
41,270
18,271
38,272
32,273
49,274
44,275
46,276
44,277
14,278
9,279
4,280
48,281
43,282
13,283
17,284
12,285
22,286
20,287
42,288
31,289
4,290
12,291
38,292
36,293
6,294
12,295
2,296
8,297
30,298
20,299
49,300
38,301
23,302
39,303
44,304
0,305
41,306
47,307
10,308
43,309
38,310
7,311
9,312
38,313
13,314
5,315
30,316
46,317
2,318
0,319
10,320
25,321
45,322
1,323
44,324
10,325
48,326
0,327
41,328
3,329
41,330
20,331
37,332
9,333
23,334
20,335
12,336
46,337
43,338
30,339
23,340
45,341
28,342
18,343
19,344
35,345
10,346
5,347
9,348
4,349
1,350
4,351
20,352
49,353
48,354
39,355
22,356
5,357
21,358
25,359
48,360
40,361
28,362
49,363
49,364
39,365
49,366
1,367
49,368
18,369
27,370
39,371
39,372
3,373
13,374
37,375
28,376
10,377
31,378
47,379
49,380
28,381
21,382
11,383
49,384
38,385
10,386
47,387
3,388
46,389
36,390
19,391
38,392
5,393
33,394
43,395
27,396
35,397
17,398
0,399
28,400
32,401
23,402
49,403
18,404
12,405
19,406
16,407
4,408
5,409
37,410
46,411
19,412
3,413
48,414
7,415
8,416
34,417
18,418
17,419
22,420
49,421
14,422
48,423
17,424
4,425
24,426
24,427
11,428
0,429
40,430
26,431
0,432
29,433
7,434
33,435
40,436
28,437
17,438
40,439
47,440
26,441
24,442
38,443
26,444
23,445
44,446
39,447
41,448
30,449
45,450
40,451
5,452
38,453
26,454
21,455
25,456
22,457
5,458
36,459
6,460
49,461
2,462
15,463
30,464
5,465
49,466
0,467
20,468
26,469
40,470
31,471
37,472
34,473
28,474
15,475
14,476
7,477
18,478
2,479
15,480
32,481
39,482
2,483
35,484
49,485
19,486
32,487
49,488
15,489
28,490
30,491
29,492
39,493
33,494
30,495
14,496
20,497
7,498
18,499
21,500
31,501
16,502
39,503
38,504
2,505
24,506
1,507
3,508
44,509
9,510
32,511
11,512
10,513
42,514
32,515
35,516
8,517
27,518
6,519
1,520
5,521
7,522
41,523
6,524
13,525
14,526
28,527
15,528
14,529
19,530
34,531
13,532
48,533
16,534
29,535
30,536
47,537
20,538
40,539
30,540
43,541
43,542
5,543
34,544
0,545
18,546
12,547
20,548
37,549
25,550
7,551
24,552
9,553
14,554
27,555
14,556
26,557
44,558
5,559
36,560
12,561
42,562
38,563
28,564
12,565
2,566
17,567
49,568
14,569
10,570
38,571
36,572
0,573
31,574
21,575
9,576
41,577
4,578
45,579
10,580
43,581
19,582
38,583
30,584
45,585
5,586
22,587
32,588
28,589
9,590
10,591
49,592
24,593
34,594
15,595
35,596
37,597
18,598
49,599
30,600
42,601
42,602
35,603
39,604
6,605
14,606
33,607
1,608
49,609
45,610
23,611
27,612
35,613
29,614
2,615
45,616
23,617
37,618
39,619
49,620
12,621
29,622
5,623
35,624
5,625
19,626
11,627
10,628
46,629
12,630
9,631
13,632
33,633
0,634
47,635
9,636
35,637
3,638
44,639
37,640
1,641
19,642
15,643
36,644
36,645
12,646
22,647
4,648
6,649
27,650
40,651
16,652
9,653
8,654
42,655
38,656
43,657
41,658
39,659
38,660
19,661
9,662
45,663
28,664
6,665
5,666
36,667
7,668
1,669
24,670
36,671
14,672
6,673
21,674
2,675
21,676
47,677
3,678
42,679
6,680
41,681
44,682
48,683
4,684
17,685
29,686
23,687
10,688
28,689
18,690
31,691
45,692
13,693
10,694
5,695
30,696
6,697
41,698
14,699
48,700
47,701
37,702
21,703
37,704
28,705
35,706
13,707
1,708
3,709
30,710
4,711
38,712
49,713
49,714
9,715
37,716
45,717
1,718
15,719
4,720
25,721
44,722
25,723
36,724
20,725
49,726
21,727
30,728
48,729
9,730
5,731
38,732
2,733
7,734
21,735
15,736
10,737
20,738
49,739
33,740
12,741
35,742
44,743
48,744
42,745
49,746
49,747
20,748
41,749
5,750
30,751
45,752
36,753
5,754
3,755
13,756
21,757
41,758
47,759
12,760
7,761
30,762
31,763
25,764
45,765
22,766
49,767
41,768
32,769
14,770
31,771
28,772
49,773
30,774
45,775
26,776
49,777
42,778
32,779
3,780
11,781
39,782
9,783
41,784
33,785
47,786
16,787
9,788
3,789
30,790
7,791
3,792
34,793
6,794
47,795
26,796
45,797
39,798
20,799
18,800
30,801
6,802
28,803
49,804
47,805
39,806
37,807
16,808
9,809
49,810
1,811
49,812
48,813
13,814
8,815
46,816
35,817
19,818
9,819
48,820
42,821
48,822
31,823
11,824
12,825
45,826
0,827
31,828
33,829
1,830
24,831
12,832
27,833
28,834
49,835
14,836
39,837
10,838
31,839
38,840
31,841
43,842
22,843
16,844
24,845
13,846
4,847
18,848
47,849
1,850
3,851
7,852
44,853
17,854
0,855
12,856
19,857
19,858
16,859
27,860
1,861
2,862
19,863
37,864
34,865
8,866
23,867
17,868
46,869
25,870
48,871
39,872
9,873
40,874
46,875
39,876
38,877
39,878
14,879
5,880
3,881
49,882
49,883
26,884
31,885
39,886
40,887
30,888
7,889
29,890
5,891
3,892
20,893
36,894
8,895
35,896
1,897
17,898
45,899
5,900
41,901
24,902
44,903
30,904
47,905
20,906
22,907
49,908
24,909
24,910
1,911
44,912
41,913
30,914
38,915
10,916
3,917
22,918
28,919
27,920
27,921
20,922
11,923
21,924
30,925
10,926
46,927
22,928
40,929
5,930
25,931
20,932
23,933
13,934
45,935
22,936
24,937
41,938
43,939
40,940
45,941
30,942
28,943
4,944
17,945
17,946
42,947
33,948
0,949
29,950
3,951
27,952
7,953
0,954
17,955
31,956
48,957
33,958
46,959
22,960
5,961
47,962
23,963
31,964
30,965
30,966
32,967
34,968
37,969
2,970
13,971
16,972
12,973
46,974
32,975
32,976
33,977
24,978
9,979
37,980
49,981
34,982
23,983
29,984
41,985
26,986
5,987
10,988
37,989
34,990
31,991
38,992
46,993
32,994
47,995
40,996
17,997
33,998
7,999
1,1000
17,1001
39,1002
2,1003
3,1004
27,1005
17,1006
29,1007
26,1008
19,1009
39,1010
45,1011
34,1012
1,1013
39,1014
42,1015
6,1016
37,1017
49,1018
14,1019
26,1020
27,1021
40,1022
1,1023
18,1024
3,1025
40,1026
45,1027
12,1028
41,1029
6,1030
48,1031
27,1032
30,1033
40,1034
8,1035
24,1036
33,1037
38,1038
26,1039
36,1040
2,1041
9,1042
49,1043
49,1044
23,1045
11,1046
49,1047
31,1048
23,1049
23,1050
37,1051
12,1052
7,1053
31,1054
5,1055
3,1056
13,1057
42,1058
42,1059
2,1060
9,1061
49,1062
9,1063
33,1064
40,1065
3,1066
31,1067
25,1068
24,1069
48,1070
17,1071
29,1072
18,1073
22,1074
43,1075
14,1076
36,1077
17,1078
11,1079
21,1080
48,1081
11,1082
27,1083
4,1084
14,1085
5,1086
9,1087
2,1088
5,1089
1,1090
1,1091
41,1092
30,1093
5,1094
9,1095
47,1096
9,1097
32,1098
14,1099
39,1100
4,1101
49,1102
30,1103
1,1104
3,1105
20,1106
37,1107
31,1108
25,1109
35,1110
3,1111
49,1112
13,1113
12,1114
4,1115
41,1116
13,1117
9,1118
22,1119
5,1120
28,1121
45,1122
19,1123
26,1124
6,1125
23,1126
49,1127
49,1128
0,1129
47,1130
26,1131
26,1132
19,1133
0,1134
36,1135
37,1136
15,1137
32,1138
27,1139
9,1140
29,1141
41,1142
41,1143
9,1144
10,1145
39,1146
18,1147
21,1148
9,1149
19,1150
5,1151
28,1152
45,1153
38,1154
41,1155
47,1156
5,1157
29,1158
20,1159
18,1160
49,1161
44,1162
10,1163
36,1164
13,1165
24,1166
13,1167
21,1168
17,1169
33,1170
22,1171
14,1172
33,1173
24,1174
5,1175
17,1176
17,1177
43,1178
6,1179
21,1180
42,1181
19,1182
19,1183
32,1184
20,1185
12,1186
9,1187
21,1188
23,1189
38,1190
42,1191
37,1192
11,1193
43,1194
9,1195
21,1196
32,1197
24,1198
15,1199
11,1200
25,1201
25,1202
9,1203
6,1204
48,1205
4,1206
25,1207
20,1208
34,1209
3,1210
45,1211
26,1212
11,1213
49,1214
27,1215
30,1216
15,1217
48,1218
2,1219
17,1220
43,1221
26,1222
12,1223
12,1224
1,1225
33,1226
37,1227
39,1228
47,1229
35,1230
2,1231
49,1232
22,1233
20,1234
17,1235
24,1236
30,1237
14,1238
2,1239
49,1240
18,1241
32,1242
26,1243
13,1244
4,1245
49,1246
1,1247
11,1248
4,1249
25,1250
31,1251
29,1252
16,1253
6,1254
22,1255
43,1256
47,1257
21,1258
18,1259
25,1260
43,1261
19,1262
42,1263
32,1264
4,1265
41,1266
0,1267
24,1268
26,1269
42,1270
24,1271
27,1272
12,1273
20,1274
42,1275
41,1276
6,1277
49,1278
12,1279
49,1280
46,1281
37,1282
44,1283
7,1284
3,1285
14,1286
3,1287
27,1288
0,1289
13,1290
23,1291
43,1292
38,1293
48,1294
9,1295
9,1296
27,1297
40,1298
24,1299
49,1300
40,1301
37,1302
20,1303
41,1304
25,1305
25,1306
1,1307
20,1308
20,1309
9,1310
7,1311
48,1312
34,1313
6,1314
36,1315
32,1316
49,1317
30,1318
24,1319
38,1320
5,1321
30,1322
26,1323
49,1324
17,1325
1,1326
10,1327
48,1328
45,1329
21,1330
12,1331
17,1332
41,1333
16,1334
44,1335
28,1336
49,1337
7,1338
0,1339
2,1340
34,1341
31,1342
43,1343
8,1344
44,1345
1,1346
24,1347
49,1348
44,1349
30,1350
37,1351
16,1352
9,1353
24,1354
44,1355
45,1356
41,1357
18,1358
8,1359
42,1360
45,1361
24,1362
15,1363
22,1364
43,1365
3,1366
14,1367
7,1368
1,1369
46,1370
33,1371
13,1372
49,1373
10,1374
46,1375
18,1376
11,1377
49,1378
26,1379
16,1380
4,1381
2,1382
40,1383
31,1384
11,1385
34,1386
13,1387
10,1388
38,1389
27,1390
5,1391
15,1392
38,1393
25,1394
44,1395
39,1396
49,1397
24,1398
26,1399
45,1400
4,1401
8,1402
27,1403
9,1404
10,1405
12,1406
25,1407
24,1408
18,1409
37,1410
11,1411
46,1412
12,1413
49,1414
45,1415
44,1416
27,1417
3,1418
38,1419
3,1420
6,1421
16,1422
6,1423
44,1424
11,1425
41,1426
41,1427
4,1428
18,1429
46,1430
48,1431
47,1432
41,1433
13,1434
14,1435
44,1436
6,1437
6,1438
36,1439
6,1440
13,1441
48,1442
2,1443
31,1444
39,1445
2,1446
40,1447
39,1448
20,1449
8,1450
10,1451
7,1452
13,1453
7,1454
4,1455
33,1456
39,1457
9,1458
25,1459
43,1460
42,1461
10,1462
34,1463
32,1464
9,1465
5,1466
10,1467
49,1468
2,1469
15,1470
8,1471
42,1472
37,1473
1,1474
21,1475
47,1476
3,1477
19,1478
45,1479
5,1480
20,1481
49,1482
43,1483
31,1484
35,1485
40,1486
32,1487
21,1488
29,1489
33,1490
47,1491
4,1492
0,1493
24,1494
14,1495
20,1496
46,1497
6,1498
26,1499
48,1500
42,1501
21,1502
41,1503
24,1504
40,1505
0,1506
28,1507
49,1508
23,1509
29,1510
37,1511
37,1512
20,1513
15,1514
28,1515
25,1516
42,1517
4,1518
1,1519
27,1520
3,1521
30,1522
0,1523
27,1524
23,1525
44,1526
31,1527
42,1528
33,1529
8,1530
25,1531
8,1532
1,1533
2,1534
47,1535
48,1536
47,1537
46,1538
38,1539
15,1540
46,1541
38,1542
5,1543
33,1544
46,1545
38,1546
4,1547
11,1548
3,1549
30,1550
14,1551
4,1552
16,1553
23,1554
21,1555
26,1556
2,1557
24,1558
15,1559
18,1560
31,1561
28,1562
49,1563
31,1564
20,1565
10,1566
6,1567
32,1568
27,1569
16,1570
39,1571
2,1572
29,1573
46,1574
6,1575
27,1576
36,1577
40,1578
40,1579
35,1580
13,1581
37,1582
38,1583
49,1584
47,1585
35,1586
16,1587
12,1588
7,1589
38,1590
6,1591
21,1592
26,1593
13,1594
42,1595
48,1596
35,1597
37,1598
22,1599
12,1600
29,1601
26,1602
23,1603
45,1604
5,1605
5,1606
1,1607
10,1608
6,1609
49,1610
17,1611
34,1612
33,1613
24,1614
45,1615
24,1616
34,1617
39,1618
30,1619
11,1620
27,1621
0,1622
3,1623
45,1624
22,1625
16,1626
22,1627
8,1628
41,1629
45,1630
30,1631
29,1632
29,1633
41,1634
21,1635
30,1636
1,1637
32,1638
3,1639
4,1640
9,1641
45,1642
30,1643
5,1644
12,1645
20,1646
24,1647
4,1648
23,1649
42,1650
0,1651
30,1652
23,1653
36,1654
18,1655
1,1656
33,1657
24,1658
30,1659
14,1660
20,1661
2,1662
31,1663
48,1664
48,1665
48,1666
28,1667
49,1668
28,1669
12,1670
28,1671
45,1672
41,1673
39,1674
31,1675
26,1676
45,1677
44,1678
8,1679
8,1680
15,1681
20,1682
46,1683
47,1684
14,1685
8,1686
13,1687
29,1688
4,1689
16,1690
0,1691
10,1692
16,1693
26,1694
8,1695
8,1696
11,1697
25,1698
21,1699
39,1700
26,1701
31,1702
17,1703
40,1704
24,1705
7,1706
31,1707
27,1708
27,1709
31,1710
18,1711
8,1712
24,1713
41,1714
17,1715
29,1716
43,1717
24,1718
3,1719
13,1720
25,1721
41,1722
18,1723
49,1724
48,1725
37,1726
47,1727
46,1728
18,1729
25,1730
18,1731
2,1732
12,1733
29,1734
31,1735
8,1736
32,1737
32,1738
29,1739
8,1740
42,1741
42,1742
35,1743
36,1744
32,1745
2,1746
49,1747
49,1748
26,1749
24,1750
47,1751
7,1752
23,1753
17,1754
43,1755
42,1756
25,1757
31,1758
39,1759
4,1760
3,1761
5,1762
11,1763
24,1764
7,1765
48,1766
0,1767
36,1768
19,1769
22,1770
24,1771
30,1772
40,1773
40,1774
31,1775
31,1776
45,1777
18,1778
37,1779
10,1780
49,1781
1,1782
2,1783
43,1784
15,1785
49,1786
7,1787
1,1788
49,1789
13,1790
42,1791
43,1792
8,1793
42,1794
13,1795
37,1796
28,1797
37,1798
20,1799
7,1800
49,1801
45,1802
45,1803
44,1804
15,1805
47,1806
12,1807
5,1808
9,1809
48,1810
40,1811
29,1812
13,1813
29,1814
16,1815
48,1816
48,1817
35,1818
36,1819
3,1820
40,1821
25,1822
20,1823
1,1824
33,1825
22,1826
18,1827
42,1828
8,1829
48,1830
48,1831
18,1832
36,1833
15,1834
19,1835
46,1836
12,1837
2,1838
10,1839
6,1840
46,1841
13,1842
21,1843
7,1844
23,1845
10,1846
2,1847
12,1848
19,1849
11,1850
49,1851
49,1852
18,1853
3,1854
35,1855
5,1856
30,1857
0,1858
20,1859
46,1860
9,1861
11,1862
2,1863
14,1864
38,1865
38,1866
3,1867
29,1868
19,1869
0,1870
49,1871
30,1872
32,1873
36,1874
17,1875
29,1876
19,1877
49,1878
29,1879
13,1880
37,1881
8,1882
35,1883
31,1884
43,1885
9,1886
25,1887
37,1888
18,1889
2,1890
43,1891
35,1892
44,1893
6,1894
28,1895
25,1896
0,1897
47,1898
14,1899
10,1900
32,1901
25,1902
41,1903
10,1904
40,1905
40,1906
42,1907
42,1908
16,1909
24,1910
15,1911
38,1912
3,1913
44,1914
2,1915
38,1916
28,1917
6,1918
29,1919
18,1920
16,1921
23,1922
2,1923
23,1924
34,1925
2,1926
27,1927
11,1928
26,1929
1,1930
49,1931
41,1932
24,1933
12,1934
22,1935
13,1936
44,1937
41,1938
43,1939
12,1940
8,1941
3,1942
33,1943
38,1944
0,1945
18,1946
18,1947
20,1948
46,1949
18,1950
42,1951
22,1952
17,1953
0,1954
46,1955
26,1956
10,1957
3,1958
49,1959
12,1960
49,1961
15,1962
12,1963
27,1964
42,1965
4,1966
0,1967
48,1968
35,1969
14,1970
42,1971
9,1972
18,1973
22,1974
9,1975
33,1976
45,1977
38,1978
17,1979
19,1980
36,1981
15,1982
14,1983
22,1984
49,1985
19,1986
1,1987
6,1988
49,1989
12,1990
2,1991
21,1992
22,1993
31,1994
21,1995
1,1996
27,1997
27,1998
30,1999
16,2000
43,2001
3,2002
45,2003
22,2004
3,2005
30,2006
0,2007
20,2008
9,2009
45,2010
35,2011
44,2012
19,2013
9,2014
43,2015
49,2016
34,2017
9,2018
6,2019
1,2020
41,2021
46,2022
44,2023
10,2024
47,2025
42,2026
18,2027
31,2028
41,2029
34,2030
31,2031
37,2032
41,2033
29,2034
35,2035
3,2036
38,2037
16,2038
18,2039
49,2040
5,2041
0,2042
27,2043
32,2044
12,2045
14,2046
46,2047
20,2048
19,2049
13,2050
2,2051
19,2052
34,2053
31,2054
2,2055
21,2056
41,2057
10,2058
12,2059
10,2060
6,2061
48,2062
14,2063
41,2064
46,2065
22,2066
29,2067
4,2068
26,2069
6,2070
48,2071
39,2072
2,2073
40,2074
12,2075
43,2076
32,2077
48,2078
3,2079
31,2080
20,2081
20,2082
44,2083
32,2084
33,2085
6,2086
2,2087
40,2088
16,2089
15,2090
15,2091
37,2092
28,2093
43,2094
21,2095
3,2096
19,2097
8,2098
39,2099
25,2100
48,2101
37,2102
18,2103
15,2104
16,2105
39,2106
40,2107
10,2108
5,2109
32,2110
11,2111
39,2112
4,2113
16,2114
32,2115
30,2116
17,2117
13,2118
17,2119
47,2120
39,2121
32,2122
49,2123
26,2124
44,2125
43,2126
46,2127
18,2128
25,2129
48,2130
8,2131
44,2132
9,2133
12,2134
0,2135
16,2136
23,2137
3,2138
31,2139
20,2140
8,2141
29,2142
38,2143
46,2144
32,2145
23,2146
39,2147
13,2148
8,2149
48,2150
7,2151
43,2152
33,2153
23,2154
46,2155
34,2156
14,2157
15,2158
0,2159
36,2160
34,2161
11,2162
30,2163
23,2164
49,2165
38,2166
30,2167
29,2168
30,2169
25,2170
2,2171
8,2172
7,2173
17,2174
10,2175
37,2176
28,2177
26,2178
49,2179
30,2180
32,2181
45,2182
21,2183
32,2184
29,2185
19,2186
20,2187
19,2188
10,2189
6,2190
44,2191
42,2192
8,2193
36,2194
35,2195
10,2196
7,2197
26,2198
37,2199
29,2200
32,2201
12,2202
31,2203
9,2204
20,2205
36,2206
45,2207
13,2208
36,2209
8,2210
26,2211
12,2212
19,2213
6,2214
49,2215
26,2216
8,2217
45,2218
37,2219
30,2220
10,2221
48,2222
27,2223
12,2224
45,2225
20,2226
36,2227
32,2228
13,2229
29,2230
13,2231
43,2232
26,2233
5,2234
6,2235
45,2236
0,2237
16,2238
32,2239
35,2240
45,2241
1,2242
12,2243
8,2244
45,2245
13,2246
43,2247
13,2248
10,2249
48,2250
5,2251
29,2252
12,2253
38,2254
25,2255
24,2256
13,2257
1,2258
44,2259
6,2260
41,2261
30,2262
14,2263
39,2264
21,2265
28,2266
24,2267
44,2268
1,2269
20,2270
48,2271
24,2272
47,2273
17,2274
31,2275
2,2276
18,2277
20,2278
42,2279
31,2280
9,2281
22,2282
47,2283
32,2284
32,2285
44,2286
32,2287
8,2288
39,2289
40,2290
39,2291
48,2292
23,2293
32,2294
12,2295
28,2296
36,2297
18,2298
20,2299
5,2300
38,2301
42,2302
4,2303
25,2304
23,2305
16,2306
18,2307
11,2308
35,2309
45,2310
29,2311
30,2312
47,2313
9,2314
49,2315
1,2316
24,2317
25,2318
18,2319
48,2320
9,2321
11,2322
25,2323
46,2324
20,2325
11,2326
5,2327
28,2328
0,2329
46,2330
9,2331
13,2332
49,2333
10,2334
3,2335
16,2336
22,2337
8,2338
38,2339
6,2340
49,2341
13,2342
21,2343
19,2344
25,2345
3,2346
20,2347
21,2348
33,2349
40,2350
1,2351
9,2352
42,2353
43,2354
34,2355
17,2356
45,2357
1,2358
49,2359
26,2360
42,2361
9,2362
9,2363
12,2364
42,2365
36,2366
34,2367
28,2368
34,2369
47,2370
26,2371
13,2372
46,2373
33,2374
49,2375
31,2376
43,2377
16,2378
44,2379
23,2380
16,2381
12,2382
6,2383
49,2384
7,2385
41,2386
6,2387
22,2388
14,2389
17,2390
49,2391
36,2392
46,2393
24,2394
17,2395
37,2396
47,2397
4,2398
24,2399
26,2400
1,2401
47,2402
9,2403
23,2404
43,2405
26,2406
33,2407
4,2408
29,2409
26,2410
10,2411
44,2412
49,2413
21,2414
8,2415
47,2416
36,2417
36,2418
7,2419
34,2420
12,2421
17,2422
49,2423
41,2424
25,2425
3,2426
26,2427
31,2428
14,2429
2,2430
23,2431
27,2432
12,2433
1,2434
1,2435
9,2436
30,2437
25,2438
18,2439
42,2440
16,2441
8,2442
5,2443
38,2444
31,2445
31,2446
2,2447
6,2448
49,2449
21,2450
25,2451
7,2452
39,2453
13,2454
12,2455
49,2456
34,2457
31,2458
17,2459
49,2460
45,2461
10,2462
44,2463
7,2464
40,2465
28,2466
27,2467
40,2468
43,2469
20,2470
37,2471
45,2472
37,2473
9,2474
24,2475
27,2476
46,2477
30,2478
1,2479
36,2480
39,2481
48,2482
27,2483
32,2484
21,2485
16,2486
25,2487
35,2488
10,2489
6,2490
39,2491
29,2492
10,2493
17,2494
22,2495
35,2496
5,2497
8,2498
42,2499
22,2500
38,2501
1,2502
26,2503
0,2504
17,2505
39,2506
29,2507
11,2508
39,2509
33,2510
39,2511
13,2512
49,2513
45,2514
35,2515
1,2516
18,2517
21,2518
49,2519
1,2520
19,2521
10,2522
0,2523
39,2524
12,2525
8,2526
28,2527
4,2528
2,2529
38,2530
33,2531
19,2532
34,2533
8,2534
26,2535
47,2536
38,2537
19,2538
3,2539
38,2540
44,2541
34,2542
19,2543
29,2544
3,2545
26,2546
33,2547
17,2548
39,2549
20,2550
26,2551
0,2552
9,2553
48,2554
32,2555
5,2556
3,2557
19,2558
28,2559
6,2560
49,2561
22,2562
37,2563
41,2564
43,2565
41,2566
49,2567
45,2568
2,2569
17,2570
37,2571
19,2572
9,2573
20,2574
17,2575
20,2576
1,2577
34,2578
43,2579
0,2580
45,2581
13,2582
25,2583
15,2584
44,2585
45,2586
1,2587
9,2588
33,2589
1,2590
6,2591
1,2592
14,2593
0,2594
9,2595
32,2596
1,2597
49,2598
23,2599
39,2600
38,2601
2,2602
40,2603
16,2604
46,2605
46,2606
43,2607
23,2608
3,2609
14,2610
7,2611
3,2612
25,2613
7,2614
39,2615
23,2616
36,2617
22,2618
16,2619
25,2620
36,2621
41,2622
12,2623
1,2624
11,2625
22,2626
35,2627
27,2628
21,2629
23,2630
46,2631
46,2632
49,2633
24,2634
49,2635
15,2636
47,2637
25,2638
5,2639
10,2640
9,2641
46,2642
4,2643
21,2644
39,2645
34,2646
14,2647
48,2648
33,2649
46,2650
38,2651
3,2652
40,2653
31,2654
11,2655
49,2656
7,2657
45,2658
41,2659
29,2660
12,2661
46,2662
32,2663
45,2664
44,2665
3,2666
3,2667
27,2668
39,2669
12,2670
29,2671
2,2672
23,2673
35,2674
47,2675
46,2676
18,2677
16,2678
19,2679
43,2680
19,2681
28,2682
25,2683
34,2684
28,2685
3,2686
3,2687
44,2688
19,2689
16,2690
11,2691
20,2692
38,2693
16,2694
21,2695
2,2696
34,2697
49,2698
34,2699
49,2700
32,2701
42,2702
13,2703
29,2704
11,2705
22,2706
44,2707
26,2708
16,2709
0,2710
25,2711
7,2712
43,2713
13,2714
9,2715
0,2716
47,2717
33,2718
10,2719
33,2720
18,2721
12,2722
33,2723
26,2724
45,2725
33,2726
4,2727
26,2728
3,2729
21,2730
3,2731
49,2732
39,2733
10,2734
35,2735
27,2736
43,2737
16,2738
26,2739
18,2740
3,2741
14,2742
18,2743
16,2744
5,2745
23,2746
38,2747
28,2748
13,2749
29,2750
17,2751
16,2752
10,2753
19,2754
41,2755
31,2756
36,2757
3,2758
39,2759
20,2760
8,2761
15,2762
40,2763
30,2764
2,2765
33,2766
38,2767
17,2768
16,2769
25,2770
8,2771
26,2772
6,2773
14,2774
38,2775
3,2776
41,2777
27,2778
47,2779
10,2780
44,2781
10,2782
45,2783
16,2784
39,2785
2,2786
36,2787
21,2788
16,2789
39,2790
12,2791
12,2792
33,2793
49,2794
49,2795
22,2796
34,2797
16,2798
42,2799
6,2800
49,2801
44,2802
23,2803
46,2804
13,2805
49,2806
16,2807
1,2808
2,2809
16,2810
33,2811
11,2812
34,2813
23,2814
12,2815
23,2816
33,2817
47,2818
18,2819
3,2820
41,2821
34,2822
20,2823
15,2824
32,2825
11,2826
32,2827
2,2828
36,2829
2,2830
44,2831
16,2832
16,2833
19,2834
5,2835
1,2836
12,2837
18,2838
22,2839
29,2840
6,2841
25,2842
7,2843
14,2844
32,2845
3,2846
29,2847
23,2848
49,2849
41,2850
13,2851
10,2852
25,2853
4,2854
11,2855
7,2856
29,2857
23,2858
6,2859
14,2860
4,2861
19,2862
38,2863
24,2864
39,2865
19,2866
46,2867
27,2868
35,2869
1,2870
32,2871
27,2872
2,2873
11,2874
11,2875
6,2876
36,2877
45,2878
4,2879
30,2880
27,2881
17,2882
35,2883
44,2884
25,2885
48,2886
27,2887
17,2888
43,2889
42,2890
7,2891
8,2892
35,2893
41,2894
33,2895
37,2896
5,2897
34,2898
23,2899
14,2900
20,2901
19,2902
6,2903
40,2904
15,2905
48,2906
24,2907
24,2908
7,2909
26,2910
47,2911
11,2912
24,2913
48,2914
41,2915
11,2916
13,2917
12,2918
1,2919
45,2920
29,2921
26,2922
36,2923
42,2924
36,2925
27,2926
29,2927
44,2928
43,2929
28,2930
49,2931
21,2932
10,2933
24,2934
25,2935
29,2936
16,2937
17,2938
2,2939
21,2940
6,2941
25,2942
42,2943
3,2944
46,2945
14,2946
13,2947
46,2948
45,2949
34,2950
36,2951
23,2952
29,2953
12,2954
33,2955
18,2956
17,2957
19,2958
24,2959
44,2960
40,2961
2,2962
20,2963
42,2964
47,2965
22,2966
47,2967
14,2968
14,2969
3,2970
41,2971
33,2972
39,2973
47,2974
18,2975
44,2976
30,2977
42,2978
22,2979
10,2980
21,2981
16,2982
31,2983
45,2984
27,2985
25,2986
4,2987
48,2988
39,2989
49,2990
16,2991
42,2992
16,2993
1,2994
40,2995
26,2996
0,2997
24,2998
23,2999
30,3000
40,3001
3,3002
26,3003
26,3004
24,3005
27,3006
39,3007
36,3008
25,3009
28,3010
11,3011
40,3012
0,3013
42,3014
35,3015
22,3016
45,3017
13,3018
7,3019
32,3020
49,3021
15,3022
10,3023
22,3024
49,3025
21,3026
41,3027
25,3028
46,3029
47,3030
33,3031
37,3032
24,3033
14,3034
11,3035
11,3036
49,3037
33,3038
37,3039
25,3040
24,3041
16,3042
0,3043
2,3044
40,3045
1,3046
47,3047
14,3048
9,3049
33,3050
26,3051
37,3052
6,3053
37,3054
5,3055
30,3056
47,3057
4,3058
49,3059
3,3060
20,3061
9,3062
7,3063
31,3064
43,3065
16,3066
33,3067
45,3068
4,3069
22,3070
7,3071
26,3072
27,3073
41,3074
19,3075
1,3076
33,3077
21,3078
11,3079
49,3080
31,3081
30,3082
20,3083
47,3084
27,3085
17,3086
43,3087
40,3088
19,3089
25,3090
42,3091
2,3092
16,3093
33,3094
49,3095
5,3096
2,3097
33,3098
25,3099
37,3100
37,3101
11,3102
42,3103
32,3104
30,3105
30,3106
44,3107
35,3108
21,3109
25,3110
44,3111
15,3112
20,3113
7,3114
0,3115
39,3116
5,3117
37,3118
15,3119
10,3120
25,3121
10,3122
7,3123
16,3124
22,3125
1,3126
26,3127
37,3128
22,3129
42,3130
45,3131
35,3132
47,3133
29,3134
27,3135
3,3136
16,3137
33,3138
25,3139
12,3140
49,3141
3,3142
11,3143
31,3144
32,3145
27,3146
45,3147
15,3148
35,3149
34,3150
31,3151
48,3152
42,3153
27,3154
1,3155
9,3156
4,3157
36,3158
49,3159
49,3160
36,3161
49,3162
18,3163
21,3164
11,3165
49,3166
27,3167
21,3168
28,3169
39,3170
18,3171
3,3172
5,3173
42,3174
3,3175
38,3176
37,3177
31,3178
15,3179
15,3180
47,3181
3,3182
16,3183
25,3184
20,3185
49,3186
46,3187
44,3188
14,3189
9,3190
8,3191
15,3192
17,3193
1,3194
1,3195
18,3196
26,3197
35,3198
24,3199
34,3200
6,3201
49,3202
46,3203
45,3204
39,3205
13,3206
34,3207
25,3208
0,3209
12,3210
23,3211
21,3212
16,3213
17,3214
43,3215
13,3216
20,3217
36,3218
10,3219
16,3220
35,3221
31,3222
17,3223
3,3224
18,3225
38,3226
42,3227
3,3228
23,3229
8,3230
17,3231
44,3232
12,3233
15,3234
27,3235
8,3236
24,3237
13,3238
3,3239
33,3240
41,3241
39,3242
23,3243
49,3244
43,3245
29,3246
7,3247
8,3248
42,3249
13,3250
3,3251
30,3252
2,3253
22,3254
45,3255
39,3256
9,3257
30,3258
14,3259
20,3260
14,3261
32,3262
40,3263
12,3264
34,3265
8,3266
17,3267
29,3268
36,3269
49,3270
25,3271
20,3272
18,3273
27,3274
0,3275
47,3276
1,3277
41,3278
35,3279
39,3280
7,3281
23,3282
39,3283
24,3284
29,3285
30,3286
22,3287
5,3288
5,3289
28,3290
30,3291
34,3292
28,3293
12,3294
1,3295
9,3296
32,3297
17,3298
13,3299
49,3300
48,3301
3,3302
36,3303
28,3304
33,3305
21,3306
35,3307
19,3308
46,3309
45,3310
36,3311
31,3312
31,3313
31,3314
20,3315
49,3316
17,3317
36,3318
44,3319
33,3320
35,3321
48,3322
43,3323
21,3324
28,3325
36,3326
25,3327
42,3328
0,3329
38,3330
16,3331
21,3332
22,3333
30,3334
28,3335
6,3336
22,3337
19,3338
0,3339
46,3340
5,3341
10,3342
6,3343
1,3344
18,3345
16,3346
37,3347
39,3348
12,3349
22,3350
49,3351
40,3352
43,3353
48,3354
38,3355
0,3356
35,3357
40,3358
47,3359
13,3360
16,3361
14,3362
22,3363
10,3364
45,3365
29,3366
27,3367
36,3368
39,3369
16,3370
1,3371
11,3372
3,3373
38,3374
44,3375
18,3376
35,3377
47,3378
19,3379
48,3380
34,3381
38,3382
16,3383
23,3384
11,3385
29,3386
38,3387
5,3388
9,3389
32,3390
22,3391
15,3392
33,3393
8,3394
39,3395
11,3396
39,3397
13,3398
2,3399
42,3400
14,3401
44,3402
3,3403
21,3404
46,3405
35,3406
19,3407
33,3408
39,3409
11,3410
43,3411
42,3412
8,3413
41,3414
0,3415
37,3416
1,3417
1,3418
49,3419
39,3420
43,3421
26,3422
12,3423
44,3424
9,3425
35,3426
15,3427
10,3428
8,3429
45,3430
20,3431
39,3432
17,3433
0,3434
20,3435
1,3436
26,3437
21,3438
23,3439
12,3440
44,3441
49,3442
30,3443
0,3444
36,3445
18,3446
37,3447
43,3448
24,3449
16,3450
18,3451
48,3452
21,3453
41,3454
9,3455
5,3456
12,3457
9,3458
8,3459
42,3460
11,3461
49,3462
33,3463
4,3464
14,3465
43,3466
7,3467
18,3468
16,3469
20,3470
45,3471
26,3472
13,3473
13,3474
39,3475
49,3476
13,3477
29,3478
37,3479
39,3480
16,3481
24,3482
19,3483
4,3484
49,3485
18,3486
44,3487
5,3488
4,3489
13,3490
4,3491
13,3492
19,3493
48,3494
6,3495
27,3496
33,3497
5,3498
21,3499
20,3500
12,3501
19,3502
1,3503
40,3504
27,3505
41,3506
19,3507
7,3508
1,3509
40,3510
17,3511
11,3512
23,3513
10,3514
6,3515
49,3516
34,3517
32,3518
43,3519
47,3520
20,3521
21,3522
47,3523
3,3524
46,3525
43,3526
46,3527
26,3528
42,3529
37,3530
5,3531
41,3532
21,3533
11,3534
49,3535
22,3536
49,3537
26,3538
29,3539
10,3540
49,3541
39,3542
32,3543
16,3544
44,3545
42,3546
15,3547
11,3548
34,3549
9,3550
35,3551
36,3552
27,3553
28,3554
47,3555
32,3556
5,3557
32,3558
5,3559
30,3560
13,3561
49,3562
45,3563
39,3564
20,3565
42,3566
8,3567
5,3568
38,3569
5,3570
28,3571
7,3572
27,3573
29,3574
41,3575
7,3576
31,3577
22,3578
17,3579
29,3580
29,3581
23,3582
49,3583
49,3584
21,3585
2,3586
37,3587
44,3588
7,3589
0,3590
47,3591
20,3592
31,3593
12,3594
23,3595
3,3596
19,3597
11,3598
18,3599
30,3600
10,3601
24,3602
47,3603
10,3604
1,3605
49,3606
4,3607
13,3608
38,3609
19,3610
23,3611
28,3612
49,3613
47,3614
35,3615
24,3616
3,3617
37,3618
5,3619
38,3620
33,3621
45,3622
4,3623
16,3624
35,3625
14,3626
34,3627
23,3628
17,3629
44,3630
43,3631
10,3632
48,3633
24,3634
40,3635
39,3636
20,3637
48,3638
13,3639
14,3640
12,3641
35,3642
47,3643
4,3644
41,3645
44,3646
10,3647
10,3648
1,3649
30,3650
1,3651
17,3652
3,3653
14,3654
7,3655
37,3656
32,3657
4,3658
12,3659
34,3660
2,3661
17,3662
44,3663
19,3664
28,3665
36,3666
0,3667
24,3668
19,3669
36,3670
42,3671
31,3672
27,3673
8,3674
10,3675
26,3676
21,3677
19,3678
0,3679
2,3680
4,3681
33,3682
10,3683
49,3684
9,3685
36,3686
15,3687
14,3688
1,3689
49,3690
18,3691
13,3692
25,3693
1,3694
19,3695
9,3696
12,3697
28,3698
36,3699
42,3700
32,3701
48,3702
45,3703
19,3704
48,3705
47,3706
46,3707
23,3708
6,3709
7,3710
34,3711
2,3712
27,3713
40,3714
41,3715
47,3716
43,3717
13,3718
36,3719
19,3720
37,3721
34,3722
46,3723
30,3724
34,3725
1,3726
26,3727
22,3728
24,3729
33,3730
9,3731
22,3732
49,3733
0,3734
12,3735
39,3736
6,3737
23,3738
47,3739
29,3740
30,3741
25,3742
9,3743
14,3744
34,3745
16,3746
0,3747
41,3748
18,3749
12,3750
30,3751
17,3752
3,3753
11,3754
15,3755
17,3756
31,3757
38,3758
8,3759
24,3760
21,3761
46,3762
17,3763
27,3764
1,3765
2,3766
1,3767
29,3768
13,3769
17,3770
29,3771
10,3772
27,3773
8,3774
49,3775
42,3776
37,3777
34,3778
33,3779
21,3780
17,3781
24,3782
25,3783
16,3784
44,3785
42,3786
14,3787
39,3788
16,3789
15,3790
48,3791
37,3792
37,3793
29,3794
25,3795
14,3796
39,3797
44,3798
34,3799
27,3800
2,3801
37,3802
45,3803
32,3804
3,3805
5,3806
35,3807
45,3808
35,3809
0,3810
41,3811
13,3812
2,3813
40,3814
25,3815
5,3816
47,3817
46,3818
27,3819
20,3820
27,3821
49,3822
20,3823
37,3824
45,3825
41,3826
18,3827
6,3828
3,3829
43,3830
3,3831
30,3832
42,3833
29,3834
8,3835
22,3836
45,3837
30,3838
42,3839
1,3840
19,3841
32,3842
3,3843
6,3844
31,3845
24,3846
33,3847
34,3848
33,3849
6,3850
21,3851
4,3852
49,3853
34,3854
20,3855
36,3856
24,3857
22,3858
26,3859
47,3860
42,3861
6,3862
49,3863
45,3864
5,3865
15,3866
47,3867
4,3868
49,3869
26,3870
29,3871
7,3872
0,3873
19,3874
42,3875
18,3876
37,3877
40,3878
37,3879
48,3880
35,3881
32,3882
36,3883
29,3884
39,3885
29,3886
5,3887
13,3888
33,3889
1,3890
45,3891
18,3892
18,3893
30,3894
17,3895
46,3896
49,3897
15,3898
14,3899
9,3900
2,3901
20,3902
1,3903
10,3904
6,3905
46,3906
33,3907
49,3908
44,3909
9,3910
39,3911
22,3912
43,3913
6,3914
37,3915
11,3916
11,3917
5,3918
13,3919
30,3920
33,3921
38,3922
21,3923
3,3924
11,3925
21,3926
37,3927
42,3928
11,3929
36,3930
22,3931
27,3932
37,3933
39,3934
11,3935
44,3936
19,3937
43,3938
37,3939
15,3940
12,3941
49,3942
34,3943
6,3944
5,3945
46,3946
6,3947
31,3948
43,3949
42,3950
49,3951
22,3952
27,3953
2,3954
30,3955
27,3956
45,3957
3,3958
38,3959
46,3960
14,3961
28,3962
14,3963
2,3964
9,3965
6,3966
11,3967
34,3968
14,3969
47,3970
3,3971
13,3972
8,3973
27,3974
17,3975
20,3976
45,3977
23,3978
24,3979
49,3980
8,3981
24,3982
5,3983
36,3984
45,3985
39,3986
47,3987
49,3988
30,3989
46,3990
13,3991
12,3992
19,3993
19,3994
15,3995
21,3996
28,3997
49,3998
1,3999
49,4000
38,4001
45,4002
13,4003
49,4004
5,4005
8,4006
25,4007
34,4008
24,4009
38,4010
23,4011
14,4012
19,4013
27,4014
20,4015
44,4016
19,4017
34,4018
4,4019
7,4020
0,4021
35,4022
15,4023
24,4024
7,4025
42,4026
49,4027
20,4028
39,4029
6,4030
38,4031
10,4032
22,4033
23,4034
5,4035
4,4036
46,4037
26,4038
41,4039
6,4040
49,4041
42,4042
7,4043
31,4044
32,4045
2,4046
6,4047
43,4048
38,4049
20,4050
46,4051
31,4052
31,4053
38,4054
1,4055
49,4056
24,4057
3,4058
14,4059
45,4060
26,4061
29,4062
21,4063
44,4064
48,4065
34,4066
20,4067
39,4068
37,4069
41,4070
0,4071
27,4072
8,4073
4,4074
7,4075
39,4076
39,4077
31,4078
16,4079
47,4080
17,4081
30,4082
34,4083
13,4084
7,4085
12,4086
34,4087
38,4088
24,4089
13,4090
12,4091
19,4092
27,4093
15,4094
10,4095
43,4096
35,4097
9,4098
7,4099
13,4100
46,4101
27,4102
10,4103
21,4104
39,4105
12,4106
44,4107
45,4108
21,4109
19,4110
37,4111
21,4112
32,4113
4,4114
22,4115
13,4116
3,4117
4,4118
49,4119
27,4120
3,4121
7,4122
5,4123
2,4124
8,4125
48,4126
14,4127
32,4128
46,4129
48,4130
35,4131
20,4132
42,4133
18,4134
21,4135
4,4136
2,4137
19,4138
14,4139
48,4140
48,4141
31,4142
9,4143
14,4144
7,4145
41,4146
44,4147
7,4148
32,4149
46,4150
34,4151
43,4152
42,4153
19,4154
47,4155
25,4156
24,4157
14,4158
34,4159
7,4160
4,4161
2,4162
44,4163
22,4164
44,4165
10,4166
42,4167
12,4168
49,4169
44,4170
21,4171
25,4172
34,4173
32,4174
2,4175
38,4176
25,4177
6,4178
29,4179
44,4180
30,4181
18,4182
7,4183
49,4184
23,4185
28,4186
39,4187
36,4188
40,4189
30,4190
37,4191
20,4192
37,4193
17,4194
8,4195
31,4196
26,4197
3,4198
16,4199
28,4200
43,4201
19,4202
43,4203
2,4204
22,4205
37,4206
19,4207
15,4208
14,4209
36,4210
41,4211
44,4212
9,4213
41,4214
9,4215
12,4216
27,4217
0,4218
23,4219
20,4220
42,4221
49,4222
16,4223
47,4224
19,4225
41,4226
11,4227
16,4228
7,4229
29,4230
36,4231
49,4232
34,4233
28,4234
40,4235
9,4236
5,4237
28,4238
15,4239
28,4240
47,4241
44,4242
35,4243
45,4244
39,4245
35,4246
11,4247
2,4248
4,4249
0,4250
3,4251
48,4252
7,4253
40,4254
3,4255
25,4256
38,4257
42,4258
9,4259
18,4260
6,4261
6,4262
36,4263
43,4264
45,4265
1,4266
43,4267
1,4268
44,4269
33,4270
5,4271
23,4272
3,4273
38,4274
44,4275
25,4276
2,4277
2,4278
13,4279
4,4280
11,4281
46,4282
26,4283
8,4284
6,4285
47,4286
12,4287
12,4288
19,4289
22,4290
35,4291
19,4292
23,4293
1,4294
11,4295
3,4296
38,4297
2,4298
39,4299
22,4300
37,4301
35,4302
0,4303
22,4304
45,4305
17,4306
30,4307
33,4308
24,4309
20,4310
11,4311
34,4312
1,4313
46,4314
14,4315
15,4316
44,4317
37,4318
1,4319
20,4320
10,4321
31,4322
3,4323
11,4324
20,4325
36,4326
47,4327
38,4328
17,4329
31,4330
25,4331
14,4332
28,4333
40,4334
23,4335
6,4336
1,4337
44,4338
47,4339
35,4340
38,4341
15,4342
17,4343
21,4344
41,4345
43,4346
49,4347
15,4348
37,4349
10,4350
21,4351
13,4352
17,4353
37,4354
17,4355
6,4356
22,4357
24,4358
17,4359
18,4360
42,4361
26,4362
31,4363
17,4364
5,4365
21,4366
33,4367
19,4368
24,4369
31,4370
40,4371
37,4372
26,4373
29,4374
4,4375
1,4376
12,4377
12,4378
4,4379
22,4380
43,4381
28,4382
21,4383
13,4384
17,4385
14,4386
40,4387
0,4388
49,4389
13,4390
37,4391
3,4392
48,4393
48,4394
22,4395
49,4396
42,4397
25,4398
7,4399
21,4400
10,4401
43,4402
24,4403
46,4404
17,4405
0,4406
22,4407
34,4408
5,4409
20,4410
20,4411
18,4412
36,4413
3,4414
30,4415
14,4416
39,4417
28,4418
49,4419
14,4420
3,4421
41,4422
47,4423
7,4424
28,4425
5,4426
13,4427
16,4428
19,4429
41,4430
40,4431
9,4432
35,4433
19,4434
5,4435
49,4436
15,4437
0,4438
23,4439
11,4440
4,4441
12,4442
36,4443
4,4444
49,4445
45,4446
42,4447
49,4448
39,4449
31,4450
40,4451
12,4452
17,4453
41,4454
47,4455
6,4456
32,4457
33,4458
24,4459
3,4460
27,4461
47,4462
33,4463
31,4464
46,4465
40,4466
31,4467
39,4468
12,4469
22,4470
11,4471
45,4472
46,4473
5,4474
5,4475
27,4476
47,4477
7,4478
1,4479
46,4480
6,4481
26,4482
29,4483
30,4484
15,4485
23,4486
10,4487
49,4488
43,4489
46,4490
35,4491
14,4492
4,4493
37,4494
21,4495
48,4496
19,4497
16,4498
40,4499
15,4500
27,4501
8,4502
44,4503
37,4504
2,4505
8,4506
25,4507
7,4508
20,4509
47,4510
19,4511
5,4512
6,4513
27,4514
5,4515
38,4516
42,4517
37,4518
22,4519
45,4520
32,4521
8,4522
2,4523
40,4524
31,4525
41,4526
6,4527
36,4528
10,4529
2,4530
26,4531
45,4532
10,4533
22,4534
28,4535
9,4536
47,4537
49,4538
12,4539
46,4540
42,4541
1,4542
4,4543
22,4544
30,4545
42,4546
36,4547
29,4548
33,4549
35,4550
37,4551
5,4552
2,4553
24,4554
38,4555
48,4556
38,4557
31,4558
18,4559
47,4560
35,4561
21,4562
44,4563
10,4564
1,4565
32,4566
33,4567
5,4568
4,4569
12,4570
23,4571
39,4572
25,4573
5,4574
19,4575
47,4576
12,4577
0,4578
41,4579
3,4580
15,4581
48,4582
44,4583
35,4584
27,4585
35,4586
32,4587
49,4588
43,4589
49,4590
30,4591
1,4592
36,4593
4,4594
40,4595
29,4596
18,4597
34,4598
9,4599
43,4600
26,4601
31,4602
2,4603
44,4604
11,4605
37,4606
24,4607
27,4608
42,4609
4,4610
29,4611
19,4612
46,4613
48,4614
40,4615
5,4616
6,4617
31,4618
45,4619
18,4620
36,4621
44,4622
17,4623
16,4624
1,4625
2,4626
30,4627
40,4628
32,4629
23,4630
39,4631
20,4632
12,4633
40,4634
41,4635
34,4636
2,4637
29,4638
27,4639
48,4640
29,4641
4,4642
1,4643
48,4644
45,4645
41,4646
1,4647
27,4648
43,4649
27,4650
14,4651
38,4652
3,4653
41,4654
44,4655
27,4656
41,4657
34,4658
31,4659
2,4660
6,4661
14,4662
44,4663
20,4664
41,4665
1,4666
3,4667
47,4668
46,4669
49,4670
38,4671
30,4672
49,4673
3,4674
44,4675
48,4676
35,4677
32,4678
38,4679
48,4680
6,4681
5,4682
38,4683
24,4684
7,4685
3,4686
38,4687
25,4688
0,4689
27,4690
35,4691
9,4692
31,4693
23,4694
26,4695
0,4696
0,4697
0,4698
2,4699
31,4700
37,4701
22,4702
24,4703
5,4704
42,4705
7,4706
35,4707
16,4708
38,4709
25,4710
44,4711
47,4712
9,4713
27,4714
27,4715
15,4716
49,4717
26,4718
17,4719
45,4720
49,4721
22,4722
9,4723
33,4724
0,4725
13,4726
42,4727
24,4728
7,4729
39,4730
31,4731
2,4732
0,4733
7,4734
35,4735
14,4736
22,4737
16,4738
22,4739
37,4740
21,4741
47,4742
0,4743
1,4744
15,4745
41,4746
18,4747
1,4748
10,4749
7,4750
13,4751
30,4752
2,4753
45,4754
49,4755
5,4756
12,4757
12,4758
2,4759
38,4760
34,4761
32,4762
5,4763
17,4764
19,4765
39,4766
39,4767
48,4768
2,4769
45,4770
35,4771
27,4772
26,4773
6,4774
36,4775
41,4776
13,4777
37,4778
33,4779
47,4780
42,4781
20,4782
49,4783
49,4784
49,4785
9,4786
25,4787
5,4788
41,4789
0,4790
5,4791
37,4792
1,4793
44,4794
14,4795
44,4796
43,4797
31,4798
46,4799
20,4800
3,4801
14,4802
47,4803
39,4804
24,4805
39,4806
48,4807
38,4808
16,4809
49,4810
3,4811
26,4812
20,4813
20,4814
18,4815
49,4816
4,4817
20,4818
8,4819
17,4820
11,4821
34,4822
15,4823
9,4824
46,4825
8,4826
42,4827
24,4828
7,4829
48,4830
21,4831
37,4832
49,4833
47,4834
2,4835
11,4836
38,4837
35,4838
39,4839
20,4840
46,4841
15,4842
2,4843
9,4844
22,4845
32,4846
29,4847
4,4848
41,4849
49,4850
2,4851
23,4852
14,4853
2,4854
43,4855
38,4856
40,4857
31,4858
5,4859
26,4860
21,4861
28,4862
9,4863
46,4864
35,4865
0,4866
35,4867
36,4868
29,4869
44,4870
42,4871
2,4872
36,4873
7,4874
2,4875
45,4876
43,4877
49,4878
2,4879
34,4880
45,4881
21,4882
44,4883
15,4884
40,4885
0,4886
28,4887
7,4888
41,4889
45,4890
18,4891
35,4892
44,4893
22,4894
40,4895
20,4896
12,4897
25,4898
28,4899
38,4900
44,4901
39,4902
6,4903
36,4904
32,4905
5,4906
37,4907
42,4908
25,4909
20,4910
22,4911
20,4912
41,4913
18,4914
33,4915
49,4916
42,4917
1,4918
27,4919
16,4920
16,4921
31,4922
7,4923
43,4924
41,4925
35,4926
3,4927
13,4928
38,4929
10,4930
10,4931
3,4932
46,4933
45,4934
36,4935
0,4936
16,4937
19,4938
10,4939
20,4940
28,4941
34,4942
45,4943
21,4944
41,4945
3,4946
44,4947
43,4948
15,4949
15,4950
0,4951
37,4952
13,4953
23,4954
24,4955
34,4956
9,4957
49,4958
1,4959
35,4960
38,4961
48,4962
9,4963
29,4964
41,4965
20,4966
49,4967
30,4968
13,4969
5,4970
28,4971
11,4972
29,4973
27,4974
29,4975
33,4976
27,4977
43,4978
38,4979
24,4980
5,4981
21,4982
4,4983
2,4984
29,4985
33,4986
49,4987
14,4988
38,4989
36,4990
46,4991
30,4992
23,4993
10,4994
49,4995
45,4996
49,4997
12,4998
44,4999
29,5000
46,5001
10,5002
38,5003
46,5004
12,5005
1,5006
18,5007
13,5008
24,5009
24,5010
43,5011
30,5012
23,5013
15,5014
27,5015
10,5016
30,5017
35,5018
10,5019
39,5020
40,5021
18,5022
26,5023
19,5024
49,5025
16,5026
31,5027
20,5028
42,5029
42,5030
48,5031
3,5032
19,5033
46,5034
32,5035
40,5036
29,5037
8,5038
49,5039
45,5040
39,5041
6,5042
37,5043
49,5044
49,5045
14,5046
36,5047
19,5048
21,5049
36,5050
7,5051
48,5052
5,5053
46,5054
23,5055
10,5056
34,5057
45,5058
35,5059
24,5060
41,5061
2,5062
17,5063
11,5064
22,5065
19,5066
42,5067
9,5068
38,5069
48,5070
40,5071
28,5072
49,5073
44,5074
48,5075
8,5076
22,5077
38,5078
42,5079
46,5080
17,5081
45,5082
43,5083
48,5084
1,5085
31,5086
0,5087
39,5088
32,5089
16,5090
37,5091
42,5092
9,5093
26,5094
9,5095
33,5096
25,5097
9,5098
33,5099
24,5100
47,5101
16,5102
49,5103
49,5104
10,5105
15,5106
21,5107
16,5108
43,5109
13,5110
5,5111
31,5112
43,5113
48,5114
11,5115
29,5116
41,5117
7,5118
33,5119
9,5120
23,5121
31,5122
9,5123
45,5124
39,5125
12,5126
45,5127
22,5128
44,5129
42,5130
37,5131
17,5132
21,5133
11,5134
3,5135
38,5136
17,5137
42,5138
7,5139
0,5140
13,5141
17,5142
42,5143
17,5144
27,5145
34,5146
49,5147
18,5148
37,5149
5,5150
9,5151
35,5152
35,5153
2,5154
40,5155
12,5156
40,5157
26,5158
6,5159
25,5160
7,5161
21,5162
44,5163
20,5164
34,5165
30,5166
15,5167
45,5168
31,5169
16,5170
1,5171
5,5172
2,5173
33,5174
22,5175
20,5176
19,5177
4,5178
41,5179
4,5180
15,5181
1,5182
45,5183
18,5184
22,5185
47,5186
13,5187
13,5188
46,5189
14,5190
23,5191
17,5192
16,5193
24,5194
49,5195
30,5196
44,5197
31,5198
28,5199
49,5200
7,5201
15,5202
48,5203
10,5204
33,5205
1,5206
33,5207
19,5208
38,5209
7,5210
9,5211
32,5212
44,5213
18,5214
20,5215
37,5216
20,5217
49,5218
1,5219
5,5220
16,5221
11,5222
26,5223
4,5224
13,5225
49,5226
3,5227
27,5228
31,5229
1,5230
40,5231
1,5232
42,5233
16,5234
1,5235
39,5236
23,5237
15,5238
48,5239
27,5240
47,5241
9,5242
36,5243
25,5244
30,5245
16,5246
42,5247
1,5248
19,5249
39,5250
29,5251
2,5252
34,5253
48,5254
10,5255
28,5256
43,5257
30,5258
21,5259
23,5260
35,5261
44,5262
17,5263
11,5264
29,5265
46,5266
30,5267
32,5268
33,5269
42,5270
26,5271
45,5272
49,5273
46,5274
19,5275
36,5276
21,5277
9,5278
34,5279
16,5280
5,5281
4,5282
4,5283
41,5284
40,5285
12,5286
42,5287
19,5288
13,5289
12,5290
19,5291
10,5292
32,5293
36,5294
17,5295
6,5296
31,5297
44,5298
10,5299
44,5300
30,5301
47,5302
3,5303
38,5304
8,5305
4,5306
22,5307
34,5308
30,5309
49,5310
26,5311
22,5312
34,5313
2,5314
20,5315
49,5316
15,5317
32,5318
1,5319
49,5320
18,5321
14,5322
13,5323
48,5324
21,5325
15,5326
1,5327
44,5328
0,5329
43,5330
13,5331
44,5332
2,5333
18,5334
49,5335
3,5336
37,5337
10,5338
35,5339
45,5340
36,5341
23,5342
29,5343
0,5344
49,5345
49,5346
26,5347
15,5348
15,5349
40,5350
37,5351
34,5352
2,5353
43,5354
33,5355
13,5356
48,5357
31,5358
15,5359
26,5360
45,5361
37,5362
14,5363
35,5364
39,5365
2,5366
10,5367
45,5368
4,5369
40,5370
11,5371
2,5372
19,5373
49,5374
39,5375
3,5376
37,5377
0,5378
2,5379
46,5380
33,5381
45,5382
40,5383
7,5384
34,5385
28,5386
19,5387
24,5388
19,5389
45,5390
31,5391
35,5392
8,5393
17,5394
45,5395
22,5396
6,5397
2,5398
15,5399
0,5400
36,5401
19,5402
12,5403
38,5404
46,5405
31,5406
25,5407
45,5408
17,5409
47,5410
6,5411
20,5412
14,5413
48,5414
1,5415
4,5416
20,5417
10,5418
20,5419
40,5420
12,5421
49,5422
47,5423
26,5424
33,5425
24,5426
47,5427
26,5428
31,5429
20,5430
49,5431
12,5432
41,5433
4,5434
22,5435
10,5436
31,5437
6,5438
10,5439
35,5440
25,5441
7,5442
7,5443
13,5444
49,5445
43,5446
33,5447
41,5448
4,5449
3,5450
23,5451
6,5452
40,5453
9,5454
10,5455
6,5456
49,5457
10,5458
25,5459
43,5460
44,5461
45,5462
19,5463
28,5464
49,5465
27,5466
27,5467
11,5468
36,5469
10,5470
5,5471
7,5472
11,5473
3,5474
29,5475
28,5476
25,5477
24,5478
13,5479
44,5480
39,5481
9,5482
45,5483
35,5484
10,5485
38,5486
33,5487
46,5488
14,5489
44,5490
45,5491
20,5492
38,5493
36,5494
18,5495
13,5496
46,5497
14,5498
4,5499
30,5500
46,5501
49,5502
34,5503
3,5504
29,5505
46,5506
33,5507
38,5508
26,5509
26,5510
23,5511
26,5512
29,5513
21,5514
32,5515
3,5516
12,5517
9,5518
16,5519
14,5520
36,5521
30,5522
47,5523
20,5524
36,5525
46,5526
12,5527
47,5528
35,5529
8,5530
18,5531
20,5532
12,5533
4,5534
2,5535
33,5536
26,5537
6,5538
21,5539
40,5540
31,5541
26,5542
2,5543
0,5544
27,5545
25,5546
2,5547
19,5548
35,5549
45,5550
31,5551
13,5552
11,5553
5,5554
16,5555
18,5556
21,5557
1,5558
39,5559
5,5560
11,5561
4,5562
9,5563
29,5564
19,5565
9,5566
42,5567
4,5568
19,5569
15,5570
21,5571
41,5572
29,5573
34,5574
44,5575
2,5576
23,5577
48,5578
14,5579
7,5580
32,5581
9,5582
29,5583
24,5584
49,5585
27,5586
36,5587
4,5588
49,5589
2,5590
45,5591
25,5592
49,5593
26,5594
44,5595
9,5596
27,5597
35,5598
35,5599
0,5600
2,5601
44,5602
43,5603
12,5604
2,5605
40,5606
11,5607
23,5608
19,5609
38,5610
45,5611
39,5612
4,5613
11,5614
28,5615
17,5616
14,5617
4,5618
34,5619
6,5620
17,5621
27,5622
0,5623
10,5624
1,5625
7,5626
29,5627
12,5628
22,5629
23,5630
17,5631
40,5632
40,5633
28,5634
37,5635
22,5636
16,5637
1,5638
26,5639
43,5640
45,5641
49,5642
2,5643
27,5644
42,5645
34,5646
12,5647
36,5648
10,5649
49,5650
3,5651
48,5652
4,5653
16,5654
22,5655
13,5656
28,5657
49,5658
41,5659
2,5660
30,5661
27,5662
23,5663
26,5664
16,5665
2,5666
29,5667
30,5668
44,5669
40,5670
35,5671
3,5672
45,5673
29,5674
5,5675
27,5676
0,5677
21,5678
23,5679
49,5680
26,5681
20,5682
49,5683
36,5684
34,5685
18,5686
19,5687
30,5688
14,5689
13,5690
27,5691
12,5692
9,5693
35,5694
32,5695
29,5696
3,5697
46,5698
11,5699
42,5700
49,5701
5,5702
34,5703
9,5704
23,5705
23,5706
23,5707
1,5708
12,5709
19,5710
22,5711
24,5712
48,5713
47,5714
1,5715
37,5716
3,5717
7,5718
10,5719
43,5720
7,5721
38,5722
29,5723
31,5724
40,5725
28,5726
10,5727
49,5728
10,5729
32,5730
2,5731
16,5732
30,5733
44,5734
37,5735
30,5736
5,5737
9,5738
37,5739
49,5740
1,5741
15,5742
32,5743
29,5744
19,5745
49,5746
21,5747
16,5748
17,5749
7,5750
1,5751
36,5752
25,5753
5,5754
1,5755
22,5756
15,5757
14,5758
23,5759
24,5760
18,5761
10,5762
34,5763
5,5764
29,5765
5,5766
10,5767
44,5768
29,5769
10,5770
1,5771
3,5772
3,5773
36,5774
17,5775
6,5776
48,5777
44,5778
6,5779
16,5780
23,5781
27,5782
11,5783
19,5784
12,5785
35,5786
13,5787
49,5788
18,5789
45,5790
49,5791
47,5792
25,5793
27,5794
15,5795
45,5796
33,5797
25,5798
42,5799
39,5800
37,5801
46,5802
11,5803
4,5804
21,5805
16,5806
37,5807
37,5808
30,5809
17,5810
5,5811
41,5812
24,5813
34,5814
38,5815
2,5816
16,5817
47,5818
49,5819
26,5820
40,5821
39,5822
31,5823
27,5824
34,5825
31,5826
8,5827
5,5828
6,5829
32,5830
1,5831
44,5832
12,5833
36,5834
18,5835
25,5836
40,5837
45,5838
21,5839
34,5840
15,5841
22,5842
33,5843
43,5844
45,5845
10,5846
11,5847
28,5848
36,5849
32,5850
2,5851
44,5852
45,5853
37,5854
11,5855
2,5856
19,5857
40,5858
32,5859
36,5860
44,5861
16,5862
11,5863
19,5864
24,5865
27,5866
15,5867
21,5868
28,5869
27,5870
35,5871
1,5872
41,5873
34,5874
32,5875
7,5876
39,5877
45,5878
24,5879
28,5880
5,5881
3,5882
26,5883
22,5884
30,5885
14,5886
4,5887
12,5888
29,5889
26,5890
47,5891
7,5892
10,5893
31,5894
31,5895
6,5896
9,5897
49,5898
49,5899
38,5900
46,5901
41,5902
47,5903
49,5904
17,5905
29,5906
3,5907
31,5908
48,5909
9,5910
25,5911
43,5912
26,5913
23,5914
49,5915
1,5916
19,5917
1,5918
49,5919
46,5920
12,5921
2,5922
20,5923
34,5924
32,5925
29,5926
41,5927
6,5928
49,5929
21,5930
25,5931
42,5932
48,5933
19,5934
45,5935
37,5936
33,5937
17,5938
49,5939
2,5940
31,5941
4,5942
49,5943
41,5944
46,5945
40,5946
16,5947
44,5948
26,5949
28,5950
15,5951
49,5952
3,5953
2,5954
45,5955
19,5956
6,5957
47,5958
3,5959
37,5960
5,5961
33,5962
41,5963
1,5964
12,5965
36,5966
44,5967
22,5968
9,5969
11,5970
7,5971
48,5972
47,5973
20,5974
4,5975
48,5976
4,5977
9,5978
25,5979
37,5980
41,5981
28,5982
37,5983
9,5984
43,5985
12,5986
7,5987
44,5988
3,5989
5,5990
23,5991
45,5992
39,5993
31,5994
3,5995
17,5996
16,5997
22,5998
32,5999
11,6000
29,6001
13,6002
26,6003
17,6004
8,6005
28,6006
15,6007
43,6008
36,6009
33,6010
24,6011
37,6012
20,6013
47,6014
8,6015
45,6016
1,6017
1,6018
49,6019
45,6020
45,6021
49,6022
40,6023
48,6024
15,6025
49,6026
14,6027
35,6028
47,6029
0,6030
28,6031
15,6032
22,6033
47,6034
10,6035
32,6036
43,6037
47,6038
42,6039
42,6040
17,6041
10,6042
37,6043
47,6044
22,6045
16,6046
43,6047
45,6048
18,6049
32,6050
34,6051
30,6052
37,6053
32,6054
49,6055
2,6056
6,6057
41,6058
30,6059
2,6060
11,6061
9,6062
30,6063
19,6064
19,6065
5,6066
30,6067
20,6068
44,6069
48,6070
21,6071
13,6072
30,6073
2,6074
20,6075
15,6076
49,6077
49,6078
38,6079
23,6080
27,6081
5,6082
21,6083
32,6084
5,6085
35,6086
8,6087
16,6088
34,6089
7,6090
35,6091
29,6092
42,6093
32,6094
49,6095
12,6096
41,6097
1,6098
11,6099
29,6100
20,6101
48,6102
39,6103
36,6104
5,6105
9,6106
25,6107
21,6108
48,6109
9,6110
29,6111
6,6112
19,6113
10,6114
14,6115
48,6116
25,6117
41,6118
41,6119
12,6120
41,6121
44,6122
7,6123
43,6124
12,6125
36,6126
15,6127
38,6128
32,6129
8,6130
29,6131
18,6132
8,6133
19,6134
45,6135
6,6136
39,6137
37,6138
39,6139
7,6140
16,6141
10,6142
43,6143
6,6144
29,6145
5,6146
36,6147
13,6148
3,6149
40,6150
0,6151
17,6152
7,6153
1,6154
18,6155
15,6156
14,6157
15,6158
14,6159
33,6160
13,6161
48,6162
27,6163
5,6164
33,6165
43,6166
15,6167
40,6168
11,6169
28,6170
23,6171
23,6172
5,6173
33,6174
39,6175
33,6176
22,6177
25,6178
27,6179
41,6180
33,6181
6,6182
29,6183
24,6184
26,6185
22,6186
5,6187
17,6188
43,6189
40,6190
16,6191
25,6192
3,6193
15,6194
7,6195
20,6196
33,6197
39,6198
38,6199
37,6200
31,6201
9,6202
16,6203
23,6204
4,6205
30,6206
16,6207
22,6208
49,6209
32,6210
21,6211
31,6212
4,6213
49,6214
26,6215
47,6216
35,6217
3,6218
38,6219
3,6220
31,6221
41,6222
49,6223
28,6224
49,6225
3,6226
48,6227
3,6228
45,6229
44,6230
20,6231
17,6232
42,6233
6,6234
49,6235
21,6236
46,6237
14,6238
12,6239
34,6240
37,6241
14,6242
30,6243
17,6244
49,6245
31,6246
8,6247
20,6248
38,6249
33,6250
26,6251
45,6252
19,6253
15,6254
12,6255
25,6256
43,6257
35,6258
32,6259
46,6260
4,6261
13,6262
1,6263
49,6264
38,6265
7,6266
13,6267
49,6268
44,6269
8,6270
23,6271
14,6272
25,6273
6,6274
39,6275
10,6276
21,6277
4,6278
34,6279
25,6280
46,6281
3,6282
46,6283
3,6284
27,6285
23,6286
44,6287
3,6288
27,6289
12,6290
2,6291
25,6292
31,6293
13,6294
36,6295
17,6296
49,6297
26,6298
6,6299
49,6300
29,6301
7,6302
16,6303
43,6304
3,6305
30,6306
48,6307
5,6308
30,6309
34,6310
37,6311
46,6312
1,6313
13,6314
9,6315
6,6316
17,6317
11,6318
25,6319
45,6320
10,6321
11,6322
35,6323
8,6324
29,6325
44,6326
40,6327
27,6328
40,6329
44,6330
19,6331
23,6332
42,6333
25,6334
10,6335
40,6336
37,6337
45,6338
40,6339
22,6340
48,6341
17,6342
25,6343
35,6344
20,6345
3,6346
41,6347
45,6348
31,6349
17,6350
3,6351
22,6352
0,6353
27,6354
22,6355
19,6356
4,6357
4,6358
4,6359
13,6360
44,6361
37,6362
5,6363
32,6364
41,6365
39,6366
26,6367
4,6368
2,6369
17,6370
28,6371
46,6372
30,6373
11,6374
2,6375
34,6376
24,6377
18,6378
12,6379
30,6380
23,6381
46,6382
27,6383
0,6384
42,6385
2,6386
49,6387
29,6388
27,6389
39,6390
11,6391
10,6392
38,6393
1,6394
10,6395
40,6396
1,6397
11,6398
14,6399
25,6400
31,6401
10,6402
49,6403
47,6404
15,6405
48,6406
4,6407
6,6408
6,6409
7,6410
4,6411
49,6412
40,6413
7,6414
32,6415
5,6416
47,6417
12,6418
7,6419
36,6420
46,6421
27,6422
25,6423
16,6424
26,6425
0,6426
33,6427
24,6428
1,6429
44,6430
44,6431
20,6432
17,6433
33,6434
2,6435
29,6436
35,6437
44,6438
8,6439
46,6440
8,6441
5,6442
35,6443
29,6444
3,6445
21,6446
49,6447
24,6448
36,6449
42,6450
12,6451
8,6452
49,6453
26,6454
37,6455
18,6456
37,6457
15,6458
25,6459
19,6460
24,6461
38,6462
13,6463
14,6464
19,6465
21,6466
46,6467
11,6468
22,6469
46,6470
7,6471
0,6472
44,6473
47,6474
33,6475
19,6476
49,6477
1,6478
33,6479
3,6480
45,6481
49,6482
33,6483
39,6484
16,6485
7,6486
5,6487
33,6488
40,6489
22,6490
24,6491
47,6492
2,6493
22,6494
2,6495
11,6496
49,6497
7,6498
35,6499
27,6500
18,6501
4,6502
21,6503
8,6504
45,6505
46,6506
4,6507
49,6508
1,6509
32,6510
36,6511
14,6512
20,6513
17,6514
39,6515
20,6516
46,6517
33,6518
9,6519
22,6520
4,6521
16,6522
34,6523
47,6524
9,6525
39,6526
49,6527
48,6528
47,6529
27,6530
11,6531
45,6532
13,6533
36,6534
34,6535
43,6536
28,6537
47,6538
5,6539
14,6540
21,6541
39,6542
18,6543
16,6544
4,6545
24,6546
26,6547
10,6548
4,6549
2,6550
38,6551
1,6552
20,6553
38,6554
30,6555
13,6556
24,6557
7,6558
48,6559
32,6560
49,6561
13,6562
5,6563
37,6564
36,6565
29,6566
4,6567
26,6568
4,6569
36,6570
46,6571
36,6572
19,6573
19,6574
14,6575
37,6576
5,6577
5,6578
25,6579
20,6580
49,6581
9,6582
30,6583
40,6584
7,6585
39,6586
33,6587
49,6588
24,6589
23,6590
0,6591
30,6592
48,6593
8,6594
5,6595
25,6596
4,6597
25,6598
5,6599
1,6600
20,6601
20,6602
37,6603
30,6604
17,6605
47,6606
25,6607
6,6608
21,6609
31,6610
40,6611
8,6612
4,6613
40,6614
29,6615
26,6616
32,6617
22,6618
39,6619
10,6620
33,6621
22,6622
44,6623
19,6624
23,6625
45,6626
37,6627
10,6628
5,6629
12,6630
7,6631
20,6632
1,6633
24,6634
23,6635
47,6636
0,6637
7,6638
4,6639
41,6640
17,6641
36,6642
0,6643
48,6644
32,6645
22,6646
15,6647
14,6648
19,6649
17,6650
24,6651
9,6652
10,6653
47,6654
3,6655
30,6656
34,6657
24,6658
49,6659
15,6660
47,6661
4,6662
34,6663
24,6664
6,6665
49,6666
8,6667
23,6668
49,6669
5,6670
49,6671
4,6672
21,6673
44,6674
11,6675
43,6676
6,6677
49,6678
10,6679
16,6680
8,6681
28,6682
13,6683
22,6684
14,6685
42,6686
26,6687
45,6688
45,6689
32,6690
49,6691
45,6692
30,6693
35,6694
31,6695
28,6696
32,6697
47,6698
45,6699
37,6700
5,6701
46,6702
12,6703
43,6704
35,6705
23,6706
14,6707
25,6708
43,6709
30,6710
48,6711
27,6712
36,6713
23,6714
46,6715
23,6716
5,6717
38,6718
21,6719
0,6720
47,6721
22,6722
17,6723
24,6724
5,6725
18,6726
42,6727
19,6728
11,6729
8,6730
42,6731
13,6732
49,6733
10,6734
32,6735
27,6736
5,6737
41,6738
35,6739
30,6740
26,6741
37,6742
12,6743
38,6744
37,6745
11,6746
19,6747
15,6748
21,6749
1,6750
12,6751
22,6752
34,6753
13,6754
42,6755
9,6756
47,6757
4,6758
21,6759
30,6760
42,6761
2,6762
29,6763
33,6764
28,6765
27,6766
12,6767
44,6768
0,6769
39,6770
41,6771
27,6772
1,6773
40,6774
10,6775
44,6776
8,6777
45,6778
39,6779
5,6780
30,6781
42,6782
49,6783
34,6784
49,6785
45,6786
4,6787
38,6788
24,6789
13,6790
8,6791
7,6792
17,6793
10,6794
12,6795
23,6796
23,6797
24,6798
23,6799
37,6800
20,6801
47,6802
35,6803
29,6804
48,6805
43,6806
49,6807
21,6808
11,6809
4,6810
6,6811
23,6812
49,6813
36,6814
8,6815
24,6816
7,6817
17,6818
30,6819
42,6820
12,6821
4,6822
2,6823
45,6824
24,6825
4,6826
17,6827
42,6828
13,6829
34,6830
20,6831
17,6832
49,6833
28,6834
49,6835
43,6836
21,6837
47,6838
12,6839
8,6840
47,6841
16,6842
10,6843
25,6844
41,6845
17,6846
43,6847
36,6848
47,6849
18,6850
20,6851
49,6852
7,6853
20,6854
49,6855
14,6856
34,6857
12,6858
19,6859
20,6860
32,6861
5,6862
28,6863
6,6864
49,6865
33,6866
24,6867
15,6868
30,6869
0,6870
15,6871
37,6872
24,6873
40,6874
16,6875
9,6876
11,6877
23,6878
38,6879
27,6880
24,6881
13,6882
28,6883
21,6884
25,6885
46,6886
34,6887
27,6888
0,6889
31,6890
12,6891
46,6892
29,6893
38,6894
17,6895
49,6896
30,6897
0,6898
2,6899
38,6900
3,6901
40,6902
4,6903
25,6904
38,6905
23,6906
48,6907
15,6908
37,6909
11,6910
49,6911
5,6912
37,6913
41,6914
21,6915
26,6916
39,6917
14,6918
14,6919
32,6920
22,6921
35,6922
17,6923
19,6924
6,6925
29,6926
44,6927
39,6928
37,6929
11,6930
45,6931
20,6932
10,6933
10,6934
37,6935
15,6936
28,6937
48,6938
44,6939
47,6940
26,6941
40,6942
20,6943
37,6944
31,6945
5,6946
19,6947
39,6948
12,6949
14,6950
34,6951
5,6952
36,6953
27,6954
24,6955
36,6956
7,6957
0,6958
8,6959
26,6960
27,6961
3,6962
5,6963
2,6964
14,6965
42,6966
14,6967
46,6968
22,6969
35,6970
13,6971
30,6972
15,6973
24,6974
7,6975
23,6976
47,6977
49,6978
28,6979
10,6980
39,6981
17,6982
16,6983
26,6984
25,6985
44,6986
20,6987
24,6988
38,6989
42,6990
19,6991
41,6992
16,6993
0,6994
17,6995
3,6996
16,6997
46,6998
14,6999
2,7000
26,7001
16,7002
42,7003
43,7004
48,7005
8,7006
42,7007
28,7008
27,7009
24,7010
17,7011
14,7012
26,7013
29,7014
24,7015
33,7016
19,7017
46,7018
2,7019
16,7020
25,7021
42,7022
3,7023
26,7024
41,7025
48,7026
12,7027
0,7028
29,7029
4,7030
40,7031
49,7032
26,7033
0,7034
15,7035
31,7036
3,7037
44,7038
22,7039
47,7040
46,7041
12,7042
24,7043
12,7044
43,7045
2,7046
26,7047
36,7048
9,7049
48,7050
31,7051
23,7052
13,7053
44,7054
32,7055
6,7056
2,7057
20,7058
11,7059
3,7060
25,7061
6,7062
49,7063
22,7064
41,7065
15,7066
4,7067
41,7068
21,7069
6,7070
16,7071
40,7072
7,7073
0,7074
44,7075
11,7076
49,7077
9,7078
17,7079
45,7080
39,7081
9,7082
46,7083
26,7084
29,7085
44,7086
2,7087
40,7088
28,7089
36,7090
8,7091
48,7092
9,7093
27,7094
3,7095
40,7096
45,7097
22,7098
37,7099
39,7100
36,7101
4,7102
34,7103
9,7104
5,7105
40,7106
31,7107
11,7108
28,7109
49,7110
41,7111
10,7112
49,7113
49,7114
16,7115
18,7116
20,7117
19,7118
19,7119
34,7120
45,7121
17,7122
45,7123
39,7124
49,7125
41,7126
44,7127
18,7128
30,7129
0,7130
31,7131
9,7132
10,7133
39,7134
33,7135
47,7136
46,7137
10,7138
29,7139
3,7140
35,7141
4,7142
3,7143
5,7144
4,7145
33,7146
26,7147
36,7148
49,7149
44,7150
19,7151
41,7152
15,7153
2,7154
43,7155
37,7156
19,7157
6,7158
36,7159
40,7160
36,7161
43,7162
3,7163
11,7164
2,7165
38,7166
46,7167
3,7168
19,7169
13,7170
10,7171
1,7172
33,7173
4,7174
2,7175
6,7176
27,7177
49,7178
5,7179
2,7180
33,7181
3,7182
16,7183
4,7184
19,7185
13,7186
49,7187
22,7188
16,7189
1,7190
47,7191
1,7192
17,7193
48,7194
43,7195
17,7196
9,7197
3,7198
41,7199
30,7200
19,7201
9,7202
49,7203
24,7204
28,7205
18,7206
32,7207
17,7208
21,7209
5,7210
1,7211
29,7212
15,7213
41,7214
5,7215
36,7216
43,7217
37,7218
39,7219
9,7220
21,7221
36,7222
17,7223
32,7224
12,7225
0,7226
12,7227
45,7228
19,7229
11,7230
49,7231
4,7232
16,7233
40,7234
47,7235
49,7236
15,7237
35,7238
9,7239
21,7240
48,7241
24,7242
28,7243
33,7244
10,7245
6,7246
11,7247
28,7248
12,7249
40,7250
32,7251
15,7252
45,7253
35,7254
3,7255
41,7256
47,7257
20,7258
0,7259
19,7260
27,7261
8,7262
10,7263
6,7264
2,7265
4,7266
13,7267
40,7268
32,7269
13,7270
17,7271
24,7272
12,7273
28,7274
17,7275
30,7276
17,7277
44,7278
19,7279
21,7280
38,7281
40,7282
24,7283
26,7284
47,7285
18,7286
44,7287
19,7288
37,7289
15,7290
33,7291
4,7292
40,7293
47,7294
35,7295
44,7296
44,7297
11,7298
1,7299
3,7300
45,7301
12,7302
25,7303
39,7304
20,7305
20,7306
39,7307
21,7308
13,7309
11,7310
39,7311
1,7312
1,7313
49,7314
38,7315
43,7316
34,7317
49,7318
30,7319
37,7320
20,7321
45,7322
36,7323
7,7324
10,7325
43,7326
11,7327
13,7328
33,7329
49,7330
45,7331
4,7332
31,7333
11,7334
21,7335
13,7336
48,7337
18,7338
6,7339
32,7340
5,7341
35,7342
29,7343
23,7344
17,7345
39,7346
23,7347
34,7348
32,7349
12,7350
41,7351
44,7352
33,7353
22,7354
49,7355
40,7356
39,7357
10,7358
28,7359
49,7360
13,7361
25,7362
25,7363
41,7364
15,7365
46,7366
1,7367
10,7368
45,7369
14,7370
30,7371
21,7372
38,7373
21,7374
21,7375
37,7376
1,7377
40,7378
3,7379
26,7380
17,7381
13,7382
48,7383
29,7384
11,7385
48,7386
41,7387
41,7388
28,7389
5,7390
15,7391
12,7392
8,7393
30,7394
26,7395
26,7396
46,7397
18,7398
25,7399
42,7400
49,7401
20,7402
11,7403
7,7404
3,7405
10,7406
15,7407
45,7408
22,7409
23,7410
46,7411
32,7412
22,7413
25,7414
7,7415
33,7416
47,7417
49,7418
29,7419
21,7420
7,7421
16,7422
18,7423
12,7424
1,7425
17,7426
16,7427
10,7428
16,7429
14,7430
36,7431
17,7432
49,7433
38,7434
44,7435
8,7436
15,7437
2,7438
38,7439
3,7440
15,7441
17,7442
43,7443
49,7444
15,7445
0,7446
2,7447
18,7448
16,7449
23,7450
8,7451
22,7452
44,7453
42,7454
21,7455
2,7456
25,7457
36,7458
13,7459
14,7460
28,7461
33,7462
42,7463
3,7464
23,7465
25,7466
16,7467
44,7468
3,7469
17,7470
2,7471
10,7472
1,7473
2,7474
46,7475
41,7476
3,7477
46,7478
24,7479
43,7480
6,7481
38,7482
8,7483
11,7484
32,7485
5,7486
38,7487
7,7488
34,7489
15,7490
44,7491
18,7492
22,7493
41,7494
12,7495
39,7496
31,7497
1,7498
33,7499
13,7500
49,7501
10,7502
10,7503
7,7504
21,7505
39,7506
11,7507
19,7508
4,7509
20,7510
12,7511
23,7512
31,7513
45,7514
6,7515
37,7516
26,7517
43,7518
18,7519
42,7520
41,7521
27,7522
15,7523
48,7524
6,7525
40,7526
36,7527
31,7528
15,7529
37,7530
39,7531
14,7532
17,7533
17,7534
13,7535
23,7536
11,7537
22,7538
45,7539
33,7540
49,7541
33,7542
14,7543
20,7544
5,7545
3,7546
28,7547
5,7548
3,7549
37,7550
22,7551
36,7552
49,7553
9,7554
23,7555
49,7556
20,7557
7,7558
44,7559
39,7560
4,7561
18,7562
31,7563
48,7564
29,7565
7,7566
49,7567
47,7568
1,7569
43,7570
36,7571
15,7572
15,7573
27,7574
3,7575
37,7576
22,7577
20,7578
2,7579
10,7580
40,7581
4,7582
49,7583
29,7584
25,7585
0,7586
20,7587
20,7588
37,7589
10,7590
39,7591
22,7592
28,7593
4,7594
22,7595
42,7596
8,7597
47,7598
28,7599
48,7600
25,7601
37,7602
48,7603
16,7604
4,7605
44,7606
47,7607
46,7608
44,7609
17,7610
29,7611
6,7612
49,7613
39,7614
31,7615
3,7616
31,7617
48,7618
44,7619
42,7620
42,7621
37,7622
49,7623
47,7624
19,7625
14,7626
9,7627
7,7628
40,7629
35,7630
13,7631
47,7632
42,7633
38,7634
48,7635
13,7636
49,7637
49,7638
10,7639
6,7640
37,7641
33,7642
0,7643
18,7644
16,7645
11,7646
10,7647
17,7648
43,7649
27,7650
41,7651
25,7652
7,7653
44,7654
22,7655
40,7656
44,7657
32,7658
15,7659
48,7660
3,7661
27,7662
10,7663
45,7664
41,7665
18,7666
43,7667
31,7668
32,7669
1,7670
25,7671
31,7672
1,7673
15,7674
48,7675
7,7676
30,7677
19,7678
1,7679
24,7680
12,7681
40,7682
7,7683
4,7684
9,7685
18,7686
38,7687
27,7688
0,7689
17,7690
25,7691
48,7692
18,7693
47,7694
36,7695
48,7696
16,7697
8,7698
42,7699
28,7700
10,7701
45,7702
49,7703
48,7704
36,7705
11,7706
29,7707
46,7708
1,7709
49,7710
37,7711
46,7712
12,7713
44,7714
27,7715
7,7716
43,7717
45,7718
30,7719
34,7720
25,7721
48,7722
40,7723
14,7724
6,7725
43,7726
0,7727
47,7728
45,7729
25,7730
24,7731
46,7732
43,7733
35,7734
3,7735
0,7736
27,7737
17,7738
11,7739
47,7740
26,7741
45,7742
13,7743
14,7744
10,7745
40,7746
30,7747
23,7748
32,7749
16,7750
47,7751
47,7752
49,7753
14,7754
33,7755
15,7756
37,7757
1,7758
49,7759
34,7760
36,7761
2,7762
24,7763
23,7764
38,7765
43,7766
29,7767
25,7768
4,7769
43,7770
31,7771
31,7772
17,7773
9,7774
7,7775
26,7776
43,7777
10,7778
39,7779
10,7780
44,7781
27,7782
21,7783
29,7784
8,7785
44,7786
19,7787
13,7788
17,7789
36,7790
8,7791
9,7792
12,7793
2,7794
15,7795
49,7796
1,7797
49,7798
16,7799
12,7800
9,7801
43,7802
41,7803
36,7804
17,7805
18,7806
24,7807
10,7808
38,7809
10,7810
48,7811
22,7812
42,7813
7,7814
28,7815
26,7816
26,7817
20,7818
42,7819
30,7820
6,7821
49,7822
10,7823
49,7824
17,7825
35,7826
13,7827
21,7828
20,7829
31,7830
32,7831
34,7832
17,7833
41,7834
34,7835
47,7836
28,7837
49,7838
20,7839
40,7840
9,7841
39,7842
49,7843
8,7844
5,7845
36,7846
2,7847
47,7848
32,7849
28,7850
33,7851
24,7852
12,7853
35,7854
11,7855
28,7856
44,7857
26,7858
49,7859
24,7860
36,7861
5,7862
22,7863
43,7864
1,7865
43,7866
12,7867
23,7868
19,7869
2,7870
47,7871
42,7872
42,7873
0,7874
37,7875
48,7876
35,7877
10,7878
12,7879
20,7880
33,7881
38,7882
49,7883
43,7884
31,7885
36,7886
6,7887
36,7888
49,7889
10,7890
31,7891
43,7892
48,7893
38,7894
46,7895
23,7896
37,7897
32,7898
19,7899
10,7900
23,7901
12,7902
12,7903
46,7904
35,7905
9,7906
8,7907
19,7908
14,7909
16,7910
49,7911
26,7912
45,7913
44,7914
45,7915
41,7916
21,7917
10,7918
9,7919
42,7920
32,7921
18,7922
7,7923
33,7924
14,7925
44,7926
9,7927
47,7928
23,7929
47,7930
6,7931
48,7932
34,7933
34,7934
30,7935
23,7936
46,7937
48,7938
23,7939
26,7940
16,7941
23,7942
15,7943
10,7944
32,7945
3,7946
11,7947
6,7948
3,7949
14,7950
38,7951
8,7952
34,7953
13,7954
8,7955
28,7956
35,7957
25,7958
47,7959
7,7960
24,7961
34,7962
31,7963
22,7964
11,7965
12,7966
13,7967
42,7968
4,7969
49,7970
42,7971
36,7972
30,7973
48,7974
31,7975
6,7976
15,7977
45,7978
28,7979
38,7980
10,7981
6,7982
41,7983
4,7984
35,7985
13,7986
14,7987
35,7988
0,7989
5,7990
31,7991
15,7992
22,7993
15,7994
22,7995
45,7996
8,7997
47,7998
16,7999
25,8000
48,8001
28,8002
37,8003
39,8004
5,8005
12,8006
20,8007
48,8008
7,8009
1,8010
32,8011
18,8012
49,8013
1,8014
18,8015
40,8016
15,8017
33,8018
38,8019
37,8020
11,8021
19,8022
45,8023
21,8024
39,8025
3,8026
17,8027
10,8028
32,8029
26,8030
41,8031
24,8032
28,8033
27,8034
5,8035
11,8036
46,8037
24,8038
49,8039
16,8040
32,8041
35,8042
38,8043
21,8044
7,8045
36,8046
10,8047
38,8048
10,8049
6,8050
37,8051
16,8052
11,8053
1,8054
33,8055
6,8056
1,8057
47,8058
33,8059
7,8060
13,8061
30,8062
42,8063
14,8064
36,8065
44,8066
8,8067
42,8068
37,8069
14,8070
34,8071
32,8072
39,8073
34,8074
5,8075
42,8076
1,8077
49,8078
40,8079
26,8080
5,8081
48,8082
3,8083
17,8084
17,8085
39,8086
34,8087
3,8088
6,8089
21,8090
21,8091
34,8092
30,8093
38,8094
30,8095
10,8096
21,8097
32,8098
17,8099
6,8100
11,8101
3,8102
14,8103
36,8104
45,8105
40,8106
1,8107
22,8108
4,8109
25,8110
8,8111
23,8112
46,8113
14,8114
24,8115
13,8116
48,8117
40,8118
26,8119
27,8120
8,8121
39,8122
7,8123
37,8124
28,8125
39,8126
31,8127
5,8128
9,8129
18,8130
47,8131
35,8132
39,8133
0,8134
41,8135
31,8136
40,8137
12,8138
45,8139
30,8140
34,8141
28,8142
17,8143
4,8144
14,8145
19,8146
18,8147
31,8148
31,8149
37,8150
34,8151
44,8152
31,8153
40,8154
11,8155
20,8156
9,8157
0,8158
48,8159
40,8160
14,8161
10,8162
28,8163
25,8164
9,8165
33,8166
49,8167
1,8168
32,8169
21,8170
4,8171
43,8172
27,8173
11,8174
34,8175
43,8176
18,8177
44,8178
45,8179
29,8180
39,8181
38,8182
30,8183
45,8184
10,8185
21,8186
8,8187
2,8188
29,8189
35,8190
24,8191
9,8192
12,8193
39,8194
31,8195
25,8196
3,8197
38,8198
13,8199
21,8200
27,8201
7,8202
27,8203
18,8204
6,8205
41,8206
31,8207
20,8208
49,8209
40,8210
35,8211
39,8212
38,8213
23,8214
39,8215
38,8216
5,8217
30,8218
29,8219
10,8220
32,8221
30,8222
19,8223
0,8224
14,8225
45,8226
1,8227
5,8228
38,8229
8,8230
21,8231
23,8232
1,8233
12,8234
12,8235
20,8236
39,8237
5,8238
49,8239
46,8240
14,8241
42,8242
23,8243
31,8244
19,8245
23,8246
14,8247
43,8248
46,8249
48,8250
3,8251
31,8252
0,8253
27,8254
16,8255
24,8256
23,8257
34,8258
31,8259
4,8260
18,8261
46,8262
9,8263
4,8264
9,8265
18,8266
36,8267
7,8268
0,8269
42,8270
11,8271
39,8272
2,8273
24,8274
49,8275
46,8276
2,8277
19,8278
46,8279
34,8280
45,8281
35,8282
5,8283
3,8284
26,8285
29,8286
18,8287
32,8288
40,8289
5,8290
48,8291
46,8292
48,8293
24,8294
7,8295
18,8296
37,8297
14,8298
35,8299
7,8300
34,8301
45,8302
43,8303
38,8304
10,8305
6,8306
49,8307
33,8308
19,8309
14,8310
30,8311
5,8312
33,8313
37,8314
38,8315
10,8316
21,8317
33,8318
39,8319
3,8320
6,8321
37,8322
39,8323
33,8324
12,8325
40,8326
47,8327
31,8328
13,8329
17,8330
38,8331
23,8332
0,8333
36,8334
10,8335
43,8336
47,8337
40,8338
24,8339
12,8340
13,8341
9,8342
42,8343
26,8344
8,8345
5,8346
47,8347
13,8348
14,8349
36,8350
18,8351
0,8352
15,8353
42,8354
46,8355
24,8356
10,8357
31,8358
3,8359
38,8360
40,8361
22,8362
34,8363
28,8364
37,8365
33,8366
19,8367
15,8368
36,8369
4,8370
9,8371
47,8372
27,8373
39,8374
6,8375
22,8376
21,8377
39,8378
22,8379
43,8380
35,8381
29,8382
5,8383
49,8384
1,8385
47,8386
23,8387
8,8388
35,8389
1,8390
18,8391
42,8392
6,8393
5,8394
11,8395
38,8396
30,8397
21,8398
15,8399
37,8400
15,8401
35,8402
37,8403
21,8404
31,8405
7,8406
11,8407
15,8408
39,8409
7,8410
42,8411
42,8412
29,8413
6,8414
5,8415
30,8416
20,8417
48,8418
48,8419
17,8420
36,8421
21,8422
30,8423
20,8424
38,8425
14,8426
41,8427
5,8428
47,8429
32,8430
29,8431
10,8432
20,8433
23,8434
24,8435
19,8436
42,8437
49,8438
28,8439
45,8440
10,8441
39,8442
0,8443
42,8444
17,8445
36,8446
32,8447
18,8448
33,8449
21,8450
5,8451
46,8452
22,8453
35,8454
24,8455
7,8456
31,8457
23,8458
20,8459
37,8460
0,8461
30,8462
45,8463
37,8464
44,8465
27,8466
47,8467
28,8468
17,8469
42,8470
22,8471
17,8472
39,8473
32,8474
2,8475
33,8476
20,8477
10,8478
1,8479
31,8480
36,8481
40,8482
9,8483
8,8484
16,8485
21,8486
7,8487
36,8488
4,8489
7,8490
31,8491
36,8492
24,8493
34,8494
45,8495
46,8496
7,8497
12,8498
39,8499
4,8500
15,8501
11,8502
11,8503
46,8504
30,8505
16,8506
28,8507
49,8508
48,8509
4,8510
46,8511
33,8512
46,8513
49,8514
40,8515
30,8516
16,8517
5,8518
11,8519
40,8520
1,8521
44,8522
3,8523
35,8524
3,8525
19,8526
39,8527
38,8528
3,8529
14,8530
13,8531
10,8532
28,8533
46,8534
15,8535
30,8536
44,8537
19,8538
43,8539
17,8540
26,8541
0,8542
45,8543
12,8544
14,8545
12,8546
12,8547
25,8548
5,8549
21,8550
44,8551
8,8552
4,8553
22,8554
34,8555
31,8556
43,8557
20,8558
7,8559
40,8560
8,8561
44,8562
32,8563
36,8564
12,8565
45,8566
32,8567
24,8568
38,8569
4,8570
41,8571
43,8572
24,8573
26,8574
37,8575
29,8576
48,8577
27,8578
22,8579
39,8580
17,8581
49,8582
1,8583
44,8584
5,8585
49,8586
26,8587
5,8588
33,8589
41,8590
48,8591
1,8592
43,8593
22,8594
3,8595
31,8596
41,8597
44,8598
10,8599
49,8600
44,8601
40,8602
46,8603
43,8604
33,8605
43,8606
47,8607
29,8608
13,8609
38,8610
26,8611
38,8612
41,8613
45,8614
36,8615
19,8616
43,8617
49,8618
45,8619
29,8620
28,8621
4,8622
22,8623
30,8624
25,8625
19,8626
6,8627
20,8628
20,8629
45,8630
0,8631
0,8632
27,8633
38,8634
10,8635
6,8636
4,8637
32,8638
21,8639
2,8640
11,8641
49,8642
38,8643
33,8644
35,8645
40,8646
23,8647
9,8648
1,8649
41,8650
0,8651
1,8652
1,8653
1,8654
19,8655
41,8656
4,8657
32,8658
14,8659
44,8660
27,8661
11,8662
38,8663
16,8664
32,8665
49,8666
49,8667
31,8668
45,8669
20,8670
49,8671
17,8672
12,8673
15,8674
37,8675
33,8676
14,8677
20,8678
16,8679
1,8680
2,8681
26,8682
29,8683
29,8684
46,8685
44,8686
27,8687
26,8688
30,8689
37,8690
32,8691
27,8692
21,8693
3,8694
41,8695
13,8696
13,8697
18,8698
26,8699
18,8700
27,8701
2,8702
23,8703
8,8704
44,8705
29,8706
33,8707
34,8708
21,8709
4,8710
12,8711
25,8712
18,8713
48,8714
28,8715
43,8716
3,8717
24,8718
26,8719
23,8720
49,8721
40,8722
3,8723
13,8724
40,8725
0,8726
42,8727
29,8728
33,8729
46,8730
45,8731
25,8732
44,8733
10,8734
23,8735
29,8736
40,8737
16,8738
2,8739
42,8740
46,8741
49,8742
7,8743
27,8744
45,8745
15,8746
21,8747
30,8748
6,8749
7,8750
11,8751
33,8752
49,8753
27,8754
10,8755
29,8756
24,8757
8,8758
42,8759
46,8760
27,8761
14,8762
20,8763
16,8764
0,8765
26,8766
4,8767
16,8768
18,8769
42,8770
8,8771
17,8772
16,8773
10,8774
48,8775
13,8776
13,8777
40,8778
20,8779
41,8780
16,8781
14,8782
9,8783
10,8784
2,8785
45,8786
5,8787
3,8788
49,8789
1,8790
30,8791
10,8792
12,8793
43,8794
15,8795
2,8796
1,8797
19,8798
49,8799
13,8800
2,8801
22,8802
16,8803
35,8804
36,8805
46,8806
17,8807
1,8808
9,8809
2,8810
44,8811
8,8812
24,8813
5,8814
47,8815
37,8816
37,8817
38,8818
16,8819
13,8820
14,8821
5,8822
13,8823
11,8824
5,8825
23,8826
46,8827
45,8828
43,8829
12,8830
24,8831
19,8832
3,8833
41,8834
5,8835
42,8836
43,8837
19,8838
36,8839
2,8840
9,8841
36,8842
45,8843
45,8844
13,8845
13,8846
11,8847
2,8848
38,8849
46,8850
5,8851
11,8852
49,8853
41,8854
39,8855
0,8856
49,8857
9,8858
39,8859
22,8860
45,8861
35,8862
24,8863
12,8864
42,8865
32,8866
48,8867
20,8868
35,8869
20,8870
49,8871
7,8872
19,8873
45,8874
35,8875
21,8876
26,8877
26,8878
42,8879
26,8880
16,8881
25,8882
38,8883
31,8884
35,8885
30,8886
35,8887
48,8888
39,8889
5,8890
11,8891
1,8892
14,8893
43,8894
14,8895
4,8896
14,8897
5,8898
30,8899
0,8900
10,8901
32,8902
20,8903
5,8904
25,8905
21,8906
3,8907
41,8908
44,8909
14,8910
34,8911
12,8912
16,8913
28,8914
49,8915
33,8916
41,8917
41,8918
40,8919
18,8920
29,8921
42,8922
49,8923
19,8924
34,8925
8,8926
10,8927
34,8928
7,8929
19,8930
4,8931
49,8932
46,8933
26,8934
43,8935
42,8936
45,8937
38,8938
41,8939
4,8940
11,8941
49,8942
39,8943
5,8944
41,8945
5,8946
3,8947
36,8948
32,8949
31,8950
40,8951
15,8952
32,8953
16,8954
44,8955
8,8956
28,8957
39,8958
20,8959
13,8960
18,8961
16,8962
27,8963
38,8964
10,8965
21,8966
20,8967
44,8968
19,8969
49,8970
1,8971
41,8972
22,8973
9,8974
40,8975
37,8976
49,8977
36,8978
24,8979
18,8980
38,8981
41,8982
34,8983
5,8984
36,8985
19,8986
4,8987
40,8988
17,8989
18,8990
49,8991
10,8992
7,8993
32,8994
40,8995
3,8996
14,8997
0,8998
43,8999
44,9000
42,9001
13,9002
49,9003
16,9004
9,9005
23,9006
30,9007
13,9008
49,9009
32,9010
49,9011
10,9012
44,9013
10,9014
20,9015
12,9016
6,9017
37,9018
9,9019
22,9020
44,9021
35,9022
27,9023
31,9024
13,9025
13,9026
37,9027
12,9028
0,9029
47,9030
49,9031
12,9032
12,9033
23,9034
12,9035
12,9036
36,9037
20,9038
46,9039
31,9040
13,9041
20,9042
31,9043
47,9044
42,9045
13,9046
28,9047
4,9048
34,9049
38,9050
21,9051
9,9052
49,9053
47,9054
46,9055
9,9056
18,9057
46,9058
7,9059
4,9060
18,9061
20,9062
41,9063
4,9064
49,9065
10,9066
13,9067
49,9068
36,9069
10,9070
39,9071
7,9072
4,9073
30,9074
49,9075
34,9076
17,9077
13,9078
45,9079
19,9080
43,9081
7,9082
21,9083
39,9084
11,9085
44,9086
32,9087
49,9088
30,9089
46,9090
48,9091
14,9092
35,9093
20,9094
7,9095
25,9096
31,9097
43,9098
3,9099
44,9100
10,9101
0,9102
23,9103
30,9104
40,9105
20,9106
20,9107
7,9108
0,9109
42,9110
49,9111
41,9112
49,9113
3,9114
13,9115
37,9116
32,9117
41,9118
5,9119
34,9120
27,9121
20,9122
49,9123
48,9124
4,9125
2,9126
21,9127
4,9128
38,9129
42,9130
3,9131
39,9132
24,9133
38,9134
6,9135
49,9136
1,9137
49,9138
16,9139
33,9140
47,9141
8,9142
17,9143
16,9144
24,9145
4,9146
11,9147
26,9148
39,9149
48,9150
36,9151
9,9152
43,9153
33,9154
4,9155
9,9156
45,9157
26,9158
17,9159
19,9160
21,9161
20,9162
8,9163
31,9164
20,9165
36,9166
6,9167
22,9168
44,9169
27,9170
31,9171
28,9172
42,9173
1,9174
19,9175
12,9176
1,9177
2,9178
31,9179
21,9180
2,9181
42,9182
12,9183
14,9184
43,9185
41,9186
11,9187
37,9188
7,9189
32,9190
49,9191
31,9192
6,9193
3,9194
29,9195
36,9196
17,9197
37,9198
29,9199
12,9200
14,9201
36,9202
5,9203
34,9204
6,9205
47,9206
4,9207
34,9208
14,9209
41,9210
12,9211
34,9212
42,9213
12,9214
15,9215
11,9216
38,9217
36,9218
47,9219
42,9220
17,9221
4,9222
46,9223
10,9224
45,9225
5,9226
32,9227
49,9228
38,9229
38,9230
5,9231
37,9232
20,9233
44,9234
35,9235
3,9236
32,9237
42,9238
42,9239
18,9240
28,9241
49,9242
26,9243
31,9244
3,9245
45,9246
26,9247
3,9248
41,9249
18,9250
6,9251
39,9252
23,9253
4,9254
15,9255
40,9256
3,9257
13,9258
14,9259
1,9260
7,9261
25,9262
39,9263
12,9264
12,9265
11,9266
23,9267
42,9268
31,9269
11,9270
25,9271
28,9272
36,9273
47,9274
23,9275
7,9276
41,9277
39,9278
42,9279
23,9280
29,9281
1,9282
9,9283
29,9284
40,9285
38,9286
7,9287
41,9288
23,9289
20,9290
11,9291
12,9292
35,9293
9,9294
40,9295
8,9296
46,9297
30,9298
28,9299
18,9300
32,9301
20,9302
48,9303
26,9304
41,9305
22,9306
26,9307
10,9308
32,9309
16,9310
40,9311
35,9312
14,9313
36,9314
10,9315
8,9316
39,9317
10,9318
33,9319
12,9320
25,9321
1,9322
48,9323
43,9324
11,9325
45,9326
44,9327
21,9328
14,9329
11,9330
25,9331
43,9332
19,9333
21,9334
13,9335
23,9336
40,9337
1,9338
24,9339
2,9340
4,9341
21,9342
22,9343
27,9344
12,9345
25,9346
5,9347
11,9348
46,9349
36,9350
10,9351
0,9352
37,9353
49,9354
13,9355
49,9356
39,9357
16,9358
14,9359
38,9360
48,9361
40,9362
14,9363
39,9364
28,9365
5,9366
10,9367
41,9368
43,9369
40,9370
20,9371
38,9372
38,9373
4,9374
15,9375
12,9376
49,9377
0,9378
29,9379
35,9380
32,9381
35,9382
37,9383
32,9384
48,9385
36,9386
28,9387
0,9388
47,9389
30,9390
48,9391
14,9392
44,9393
44,9394
19,9395
2,9396
17,9397
48,9398
4,9399
5,9400
49,9401
38,9402
30,9403
39,9404
47,9405
8,9406
14,9407
24,9408
13,9409
19,9410
19,9411
3,9412
10,9413
0,9414
12,9415
17,9416
3,9417
11,9418
3,9419
44,9420
25,9421
24,9422
33,9423
5,9424
47,9425
46,9426
49,9427
16,9428
28,9429
49,9430
27,9431
34,9432
12,9433
36,9434
45,9435
26,9436
43,9437
35,9438
20,9439
17,9440
47,9441
14,9442
25,9443
23,9444
20,9445
18,9446
2,9447
8,9448
28,9449
18,9450
6,9451
32,9452
23,9453
4,9454
38,9455
31,9456
9,9457
3,9458
44,9459
34,9460
7,9461
16,9462
21,9463
1,9464
44,9465
3,9466
10,9467
48,9468
3,9469
6,9470
49,9471
47,9472
27,9473
25,9474
11,9475
4,9476
47,9477
3,9478
30,9479
28,9480
15,9481
21,9482
37,9483
37,9484
11,9485
9,9486
32,9487
8,9488
40,9489
29,9490
25,9491
7,9492
40,9493
49,9494
41,9495
49,9496
46,9497
25,9498
44,9499
7,9500
22,9501
35,9502
1,9503
47,9504
20,9505
6,9506
49,9507
49,9508
16,9509
22,9510
45,9511
42,9512
3,9513
27,9514
17,9515
10,9516
6,9517
13,9518
40,9519
33,9520
24,9521
14,9522
46,9523
12,9524
15,9525
16,9526
3,9527
41,9528
42,9529
14,9530
17,9531
37,9532
39,9533
38,9534
34,9535
32,9536
12,9537
49,9538
21,9539
35,9540
13,9541
42,9542
11,9543
0,9544
31,9545
14,9546
10,9547
20,9548
46,9549
23,9550
11,9551
1,9552
31,9553
27,9554
41,9555
49,9556
25,9557
21,9558
32,9559
28,9560
36,9561
18,9562
13,9563
39,9564
20,9565
22,9566
39,9567
13,9568
11,9569
47,9570
3,9571
38,9572
11,9573
21,9574
16,9575
22,9576
47,9577
40,9578
47,9579
35,9580
42,9581
0,9582
47,9583
13,9584
3,9585
31,9586
41,9587
5,9588
29,9589
41,9590
48,9591
5,9592
15,9593
4,9594
38,9595
3,9596
16,9597
23,9598
12,9599
21,9600
41,9601
8,9602
44,9603
41,9604
5,9605
23,9606
6,9607
23,9608
32,9609
2,9610
20,9611
37,9612
1,9613
40,9614
12,9615
19,9616
31,9617
15,9618
35,9619
41,9620
3,9621
48,9622
17,9623
49,9624
49,9625
24,9626
17,9627
49,9628
21,9629
6,9630
11,9631
19,9632
7,9633
13,9634
25,9635
34,9636
12,9637
48,9638
13,9639
46,9640
37,9641
45,9642
39,9643
11,9644
21,9645
47,9646
7,9647
39,9648
48,9649
42,9650
1,9651
13,9652
31,9653
43,9654
49,9655
5,9656
38,9657
10,9658
39,9659
18,9660
0,9661
46,9662
48,9663
5,9664
37,9665
46,9666
47,9667
9,9668
18,9669
41,9670
6,9671
49,9672
47,9673
2,9674
5,9675
28,9676
10,9677
44,9678
16,9679
13,9680
21,9681
49,9682
30,9683
37,9684
20,9685
26,9686
17,9687
8,9688
39,9689
34,9690
21,9691
49,9692
43,9693
33,9694
4,9695
30,9696
39,9697
22,9698
49,9699
44,9700
39,9701
44,9702
18,9703
3,9704
10,9705
45,9706
38,9707
7,9708
1,9709
6,9710
36,9711
49,9712
8,9713
15,9714
21,9715
39,9716
1,9717
2,9718
15,9719
1,9720
44,9721
10,9722
45,9723
5,9724
5,9725
19,9726
41,9727
25,9728
45,9729
46,9730
11,9731
21,9732
8,9733
26,9734
15,9735
2,9736
28,9737
22,9738
34,9739
20,9740
44,9741
20,9742
36,9743
29,9744
8,9745
15,9746
35,9747
49,9748
41,9749
49,9750
40,9751
44,9752
48,9753
21,9754
13,9755
49,9756
47,9757
29,9758
3,9759
3,9760
37,9761
21,9762
3,9763
45,9764
22,9765
12,9766
31,9767
15,9768
18,9769
38,9770
30,9771
36,9772
36,9773
16,9774
27,9775
32,9776
16,9777
44,9778
8,9779
34,9780
23,9781
27,9782
2,9783
20,9784
49,9785
46,9786
38,9787
13,9788
49,9789
48,9790
5,9791
38,9792
10,9793
31,9794
12,9795
15,9796
49,9797
27,9798
29,9799
10,9800
20,9801
4,9802
22,9803
15,9804
35,9805
41,9806
49,9807
22,9808
29,9809
10,9810
12,9811
9,9812
30,9813
43,9814
20,9815
48,9816
27,9817
5,9818
28,9819
7,9820
32,9821
32,9822
5,9823
36,9824
14,9825
23,9826
46,9827
30,9828
43,9829
49,9830
45,9831
46,9832
10,9833
27,9834
34,9835
37,9836
32,9837
9,9838
11,9839
29,9840
40,9841
0,9842
11,9843
12,9844
1,9845
33,9846
47,9847
32,9848
45,9849
20,9850
45,9851
43,9852
3,9853
43,9854
42,9855
12,9856
3,9857
45,9858
36,9859
15,9860
47,9861
14,9862
48,9863
26,9864
36,9865
0,9866
11,9867
26,9868
13,9869
25,9870
1,9871
2,9872
20,9873
44,9874
42,9875
12,9876
41,9877
33,9878
41,9879
14,9880
19,9881
38,9882
7,9883
7,9884
27,9885
46,9886
1,9887
36,9888
22,9889
49,9890
47,9891
1,9892
15,9893
6,9894
1,9895
9,9896
40,9897
18,9898
36,9899
2,9900
46,9901
40,9902
18,9903
36,9904
42,9905
2,9906
36,9907
20,9908
49,9909
23,9910
27,9911
47,9912
17,9913
46,9914
24,9915
33,9916
49,9917
47,9918
18,9919
33,9920
49,9921
9,9922
43,9923
3,9924
26,9925
28,9926
49,9927
27,9928
29,9929
49,9930
15,9931
10,9932
5,9933
22,9934
36,9935
33,9936
0,9937
44,9938
9,9939
23,9940
25,9941
48,9942
43,9943
29,9944
41,9945
28,9946
21,9947
17,9948
37,9949
14,9950
12,9951
22,9952
7,9953
20,9954
9,9955
49,9956
1,9957
49,9958
5,9959
37,9960
49,9961
19,9962
6,9963
18,9964
12,9965
46,9966
12,9967
39,9968
33,9969
48,9970
0,9971
47,9972
19,9973
39,9974
12,9975
34,9976
47,9977
0,9978
11,9979
34,9980
48,9981
44,9982
15,9983
46,9984
11,9985
39,9986
46,9987
33,9988
7,9989
10,9990
49,9991
18,9992
16,9993
2,9994
21,9995
3,9996
22,9997
38,9998
17,9999
