18,0
35,1
29,2
5,3
36,4
8,5
12,6
23,7
6,8
23,9
21,10
7,11
22,12
0,13
4,14
22,15
18,16
26,17
16,18
37,19
3,20
21,21
31,22
29,23
39,24
12,25
38,26
2,27
21,28
29,29
7,30
27,31
32,32
19,33
19,34
31,35
11,36
20,37
11,38
4,39
9,40
29,41
26,42
21,43
32,44
21,45
0,46
9,47
21,48
22,49
32,50
0,51
33,52
33,53
25,54
19,55
16,56
0,57
39,58
7,59
23,60
8,61
26,62
32,63
39,64
16,65
19,66
24,67
38,68
32,69
12,70
29,71
36,72
27,73
36,74
11,75
29,76
19,77
24,78
38,79
7,80
30,81
25,82
4,83
21,84
9,85
9,86
14,87
17,88
17,89
29,90
33,91
17,92
8,93
8,94
28,95
39,96
28,97
10,98
20,99
2,100
25,101
39,102
28,103
20,104
39,105
39,106
14,107
27,108
19,109
9,110
11,111
19,112
39,113
6,114
31,115
27,116
32,117
5,118
1,119
12,120
12,121
20,122
0,123
3,124
20,125
2,126
8,127
34,128
4,129
15,130
21,131
0,132
9,133
0,134
4,135
6,136
19,137
14,138
1,139
13,140
13,141
3,142
29,143
5,144
22,145
8,146
38,147
19,148
24,149
0,150
13,151
0,152
39,153
1,154
37,155
24,156
8,157
35,158
26,159
5,160
18,161
22,162
37,163
6,164
13,165
12,166
22,167
17,168
6,169
5,170
22,171
32,172
7,173
21,174
15,175
1,176
15,177
13,178
17,179
14,180
34,181
10,182
31,183
4,184
9,185
37,186
17,187
16,188
16,189
2,190
38,191
28,192
18,193
18,194
39,195
7,196
8,197
11,198
24,199
34,200
29,201
39,202
0,203
6,204
5,205
29,206
27,207
25,208
38,209
5,210
29,211
21,212
37,213
11,214
37,215
8,216
9,217
17,218
22,219
30,220
14,221
38,222
17,223
22,224
24,225
8,226
24,227
8,228
7,229
35,230
21,231
19,232
3,233
1,234
23,235
7,236
30,237
5,238
15,239
35,240
15,241
39,242
26,243
14,244
36,245
39,246
20,247
22,248
4,249
16,250
19,251
14,252
23,253
36,254
29,255
13,256
12,257
22,258
24,259
23,260
11,261
28,262
39,263
16,264
31,265
24,266
13,267
38,268
15,269
36,270
16,271
8,272
16,273
33,274
25,275
5,276
25,277
24,278
24,279
28,280
3,281
19,282
25,283
9,284
18,285
26,286
22,287
31,288
30,289
37,290
36,291
13,292
21,293
37,294
6,295
37,296
30,297
27,298
17,299
36,300
39,301
0,302
38,303
21,304
38,305
21,306
23,307
11,308
20,309
12,310
28,311
3,312
5,313
0,314
11,315
15,316
14,317
39,318
10,319
19,320
15,321
1,322
23,323
21,324
35,325
5,326
11,327
32,328
1,329
5,330
30,331
30,332
8,333
39,334
1,335
25,336
31,337
27,338
25,339
4,340
14,341
23,342
20,343
18,344
26,345
6,346
36,347
36,348
35,349
8,350
20,351
28,352
14,353
30,354
8,355
5,356
5,357
33,358
28,359
27,360
31,361
5,362
25,363
27,364
12,365
6,366
11,367
5,368
23,369
27,370
23,371
35,372
12,373
20,374
23,375
2,376
25,377
33,378
16,379
2,380
31,381
17,382
39,383
14,384
14,385
29,386
36,387
39,388
16,389
23,390
6,391
11,392
4,393
3,394
5,395
27,396
11,397
5,398
18,399
21,400
0,401
33,402
2,403
27,404
35,405
7,406
31,407
39,408
1,409
39,410
36,411
4,412
3,413
24,414
26,415
14,416
14,417
3,418
11,419
28,420
39,421
11,422
24,423
15,424
37,425
1,426
36,427
8,428
33,429
30,430
34,431
25,432
30,433
39,434
6,435
8,436
0,437
39,438
37,439
18,440
27,441
7,442
0,443
7,444
9,445
13,446
11,447
4,448
1,449
39,450
10,451
23,452
4,453
16,454
13,455
3,456
26,457
12,458
38,459
18,460
16,461
28,462
20,463
11,464
35,465
2,466
24,467
30,468
28,469
32,470
39,471
34,472
39,473
34,474
9,475
16,476
33,477
34,478
25,479
39,480
17,481
30,482
38,483
13,484
30,485
5,486
7,487
32,488
22,489
29,490
39,491
1,492
34,493
1,494
22,495
22,496
34,497
24,498
29,499
2,500
2,501
23,502
37,503
35,504
27,505
21,506
23,507
38,508
7,509
18,510
28,511
32,512
25,513
18,514
29,515
39,516
39,517
13,518
36,519
10,520
0,521
14,522
7,523
22,524
16,525
38,526
25,527
10,528
12,529
10,530
22,531
19,532
35,533
26,534
22,535
21,536
2,537
8,538
15,539
1,540
29,541
25,542
4,543
23,544
22,545
32,546
17,547
16,548
15,549
6,550
16,551
0,552
39,553
1,554
39,555
27,556
7,557
23,558
1,559
39,560
31,561
38,562
16,563
16,564
39,565
9,566
11,567
23,568
35,569
28,570
37,571
39,572
9,573
29,574
9,575
2,576
21,577
32,578
20,579
39,580
18,581
35,582
1,583
12,584
14,585
10,586
12,587
26,588
1,589
28,590
39,591
24,592
8,593
34,594
9,595
17,596
7,597
32,598
16,599
23,600
11,601
2,602
0,603
7,604
26,605
12,606
20,607
1,608
10,609
39,610
12,611
34,612
7,613
31,614
23,615
34,616
3,617
7,618
21,619
27,620
8,621
12,622
30,623
3,624
14,625
4,626
0,627
39,628
17,629
39,630
32,631
19,632
12,633
1,634
39,635
2,636
26,637
23,638
20,639
7,640
6,641
8,642
34,643
26,644
25,645
12,646
31,647
22,648
39,649
12,650
14,651
29,652
24,653
2,654
5,655
3,656
3,657
4,658
9,659
27,660
20,661
28,662
39,663
27,664
3,665
39,666
29,667
15,668
22,669
38,670
0,671
14,672
17,673
17,674
31,675
39,676
16,677
32,678
19,679
39,680
31,681
29,682
0,683
35,684
24,685
16,686
37,687
37,688
14,689
38,690
5,691
29,692
19,693
14,694
4,695
33,696
25,697
16,698
2,699
1,700
1,701
3,702
3,703
33,704
3,705
39,706
11,707
18,708
26,709
35,710
39,711
2,712
9,713
24,714
32,715
39,716
16,717
4,718
25,719
21,720
10,721
8,722
37,723
10,724
14,725
23,726
8,727
39,728
24,729
24,730
38,731
17,732
15,733
24,734
39,735
11,736
34,737
35,738
28,739
38,740
16,741
28,742
31,743
6,744
9,745
37,746
30,747
10,748
12,749
38,750
25,751
4,752
31,753
16,754
32,755
33,756
38,757
17,758
25,759
6,760
5,761
0,762
3,763
1,764
11,765
36,766
35,767
1,768
0,769
4,770
3,771
19,772
34,773
6,774
32,775
39,776
38,777
8,778
29,779
9,780
11,781
37,782
16,783
5,784
4,785
29,786
11,787
23,788
5,789
38,790
36,791
19,792
23,793
36,794
16,795
14,796
34,797
26,798
38,799
19,800
38,801
17,802
11,803
36,804
38,805
24,806
18,807
33,808
3,809
2,810
30,811
22,812
12,813
39,814
24,815
35,816
17,817
17,818
22,819
17,820
7,821
14,822
33,823
16,824
15,825
15,826
17,827
27,828
11,829
28,830
20,831
6,832
16,833
27,834
19,835
39,836
36,837
15,838
35,839
29,840
19,841
28,842
4,843
12,844
9,845
13,846
7,847
9,848
29,849
39,850
32,851
19,852
30,853
39,854
28,855
5,856
10,857
8,858
11,859
25,860
39,861
1,862
32,863
31,864
23,865
10,866
39,867
34,868
23,869
21,870
38,871
25,872
34,873
35,874
30,875
27,876
12,877
20,878
38,879
24,880
19,881
19,882
13,883
18,884
3,885
0,886
16,887
7,888
8,889
6,890
33,891
28,892
5,893
5,894
8,895
19,896
35,897
7,898
3,899
24,900
0,901
39,902
19,903
19,904
1,905
5,906
32,907
3,908
16,909
13,910
12,911
18,912
22,913
34,914
23,915
20,916
18,917
22,918
16,919
9,920
28,921
6,922
11,923
32,924
25,925
39,926
17,927
18,928
0,929
17,930
20,931
36,932
39,933
1,934
27,935
23,936
13,937
14,938
22,939
16,940
14,941
9,942
8,943
35,944
31,945
10,946
19,947
28,948
39,949
36,950
10,951
8,952
12,953
11,954
3,955
29,956
39,957
11,958
5,959
2,960
13,961
25,962
12,963
4,964
15,965
29,966
13,967
5,968
23,969
6,970
26,971
27,972
3,973
33,974
1,975
24,976
26,977
14,978
3,979
10,980
29,981
17,982
18,983
28,984
23,985
29,986
19,987
33,988
33,989
1,990
12,991
11,992
13,993
5,994
22,995
21,996
0,997
12,998
34,999
1,1000
21,1001
30,1002
27,1003
25,1004
2,1005
4,1006
32,1007
12,1008
7,1009
2,1010
33,1011
14,1012
27,1013
13,1014
36,1015
26,1016
11,1017
5,1018
28,1019
5,1020
16,1021
18,1022
17,1023
22,1024
6,1025
29,1026
12,1027
3,1028
24,1029
2,1030
28,1031
4,1032
20,1033
5,1034
18,1035
39,1036
18,1037
7,1038
30,1039
19,1040
8,1041
28,1042
25,1043
23,1044
15,1045
39,1046
23,1047
31,1048
0,1049
2,1050
26,1051
2,1052
24,1053
28,1054
6,1055
19,1056
19,1057
39,1058
39,1059
5,1060
25,1061
17,1062
36,1063
23,1064
5,1065
25,1066
5,1067
14,1068
36,1069
39,1070
0,1071
33,1072
25,1073
5,1074
34,1075
39,1076
32,1077
18,1078
27,1079
27,1080
30,1081
8,1082
12,1083
17,1084
16,1085
32,1086
37,1087
14,1088
29,1089
33,1090
7,1091
11,1092
26,1093
22,1094
14,1095
25,1096
4,1097
24,1098
35,1099
7,1100
8,1101
29,1102
22,1103
5,1104
6,1105
15,1106
9,1107
30,1108
18,1109
17,1110
21,1111
25,1112
13,1113
18,1114
7,1115
19,1116
39,1117
25,1118
17,1119
3,1120
5,1121
18,1122
26,1123
8,1124
22,1125
26,1126
12,1127
20,1128
4,1129
16,1130
35,1131
7,1132
11,1133
10,1134
14,1135
36,1136
5,1137
11,1138
24,1139
9,1140
36,1141
16,1142
31,1143
0,1144
4,1145
30,1146
32,1147
39,1148
30,1149
5,1150
16,1151
27,1152
26,1153
39,1154
1,1155
25,1156
3,1157
39,1158
20,1159
7,1160
32,1161
19,1162
5,1163
30,1164
16,1165
38,1166
17,1167
22,1168
16,1169
23,1170
37,1171
9,1172
8,1173
34,1174
4,1175
3,1176
25,1177
25,1178
39,1179
10,1180
13,1181
39,1182
12,1183
36,1184
11,1185
25,1186
18,1187
19,1188
3,1189
19,1190
29,1191
39,1192
24,1193
31,1194
17,1195
12,1196
11,1197
39,1198
37,1199
17,1200
0,1201
16,1202
13,1203
37,1204
18,1205
26,1206
19,1207
2,1208
22,1209
26,1210
13,1211
18,1212
24,1213
26,1214
36,1215
35,1216
8,1217
17,1218
14,1219
27,1220
13,1221
30,1222
15,1223
34,1224
30,1225
4,1226
12,1227
5,1228
37,1229
32,1230
18,1231
30,1232
18,1233
7,1234
5,1235
10,1236
18,1237
17,1238
14,1239
34,1240
15,1241
6,1242
37,1243
30,1244
8,1245
6,1246
12,1247
8,1248
34,1249
33,1250
27,1251
5,1252
3,1253
38,1254
28,1255
32,1256
39,1257
5,1258
28,1259
15,1260
33,1261
37,1262
20,1263
37,1264
0,1265
12,1266
0,1267
1,1268
13,1269
32,1270
39,1271
24,1272
36,1273
39,1274
17,1275
22,1276
14,1277
22,1278
8,1279
28,1280
20,1281
7,1282
10,1283
7,1284
35,1285
36,1286
21,1287
17,1288
14,1289
30,1290
25,1291
5,1292
30,1293
19,1294
6,1295
31,1296
29,1297
3,1298
35,1299
33,1300
0,1301
16,1302
31,1303
23,1304
37,1305
18,1306
25,1307
13,1308
6,1309
1,1310
29,1311
37,1312
25,1313
14,1314
27,1315
35,1316
2,1317
31,1318
37,1319
39,1320
28,1321
39,1322
29,1323
30,1324
26,1325
39,1326
12,1327
26,1328
13,1329
11,1330
38,1331
30,1332
1,1333
18,1334
38,1335
16,1336
18,1337
5,1338
24,1339
22,1340
13,1341
22,1342
29,1343
39,1344
15,1345
22,1346
33,1347
8,1348
4,1349
3,1350
4,1351
12,1352
24,1353
5,1354
32,1355
13,1356
29,1357
39,1358
0,1359
9,1360
37,1361
1,1362
26,1363
4,1364
5,1365
1,1366
30,1367
12,1368
11,1369
38,1370
21,1371
24,1372
31,1373
10,1374
34,1375
7,1376
15,1377
3,1378
9,1379
3,1380
6,1381
38,1382
12,1383
18,1384
5,1385
3,1386
25,1387
23,1388
31,1389
23,1390
23,1391
29,1392
15,1393
39,1394
30,1395
7,1396
27,1397
16,1398
15,1399
1,1400
39,1401
11,1402
15,1403
26,1404
12,1405
20,1406
8,1407
11,1408
24,1409
33,1410
0,1411
36,1412
24,1413
33,1414
13,1415
26,1416
32,1417
3,1418
2,1419
13,1420
2,1421
21,1422
16,1423
2,1424
9,1425
16,1426
28,1427
25,1428
23,1429
8,1430
29,1431
39,1432
39,1433
37,1434
4,1435
3,1436
36,1437
35,1438
7,1439
35,1440
15,1441
16,1442
12,1443
5,1444
30,1445
19,1446
28,1447
13,1448
29,1449
39,1450
19,1451
39,1452
23,1453
37,1454
2,1455
25,1456
25,1457
25,1458
16,1459
9,1460
26,1461
18,1462
26,1463
22,1464
8,1465
19,1466
26,1467
38,1468
20,1469
2,1470
36,1471
31,1472
10,1473
0,1474
33,1475
23,1476
16,1477
34,1478
30,1479
37,1480
15,1481
7,1482
36,1483
6,1484
6,1485
38,1486
18,1487
12,1488
30,1489
23,1490
20,1491
39,1492
31,1493
8,1494
33,1495
20,1496
37,1497
4,1498
23,1499
30,1500
5,1501
7,1502
31,1503
26,1504
7,1505
31,1506
16,1507
21,1508
25,1509
38,1510
17,1511
21,1512
24,1513
25,1514
7,1515
6,1516
10,1517
39,1518
19,1519
15,1520
11,1521
31,1522
29,1523
31,1524
23,1525
4,1526
16,1527
0,1528
35,1529
0,1530
39,1531
38,1532
18,1533
7,1534
11,1535
38,1536
11,1537
39,1538
36,1539
39,1540
23,1541
11,1542
26,1543
0,1544
30,1545
39,1546
5,1547
23,1548
18,1549
35,1550
39,1551
21,1552
39,1553
33,1554
29,1555
19,1556
4,1557
12,1558
25,1559
28,1560
9,1561
39,1562
31,1563
37,1564
22,1565
8,1566
19,1567
31,1568
17,1569
11,1570
9,1571
12,1572
0,1573
21,1574
7,1575
32,1576
13,1577
14,1578
32,1579
10,1580
39,1581
20,1582
3,1583
29,1584
19,1585
11,1586
26,1587
3,1588
16,1589
38,1590
25,1591
30,1592
37,1593
30,1594
14,1595
22,1596
20,1597
34,1598
6,1599
25,1600
22,1601
6,1602
37,1603
8,1604
29,1605
34,1606
22,1607
17,1608
39,1609
33,1610
15,1611
36,1612
20,1613
7,1614
32,1615
1,1616
27,1617
17,1618
32,1619
12,1620
21,1621
22,1622
24,1623
37,1624
35,1625
13,1626
7,1627
8,1628
30,1629
32,1630
11,1631
30,1632
20,1633
28,1634
26,1635
15,1636
23,1637
29,1638
3,1639
6,1640
28,1641
1,1642
5,1643
1,1644
27,1645
7,1646
26,1647
14,1648
22,1649
22,1650
36,1651
36,1652
39,1653
11,1654
11,1655
1,1656
2,1657
36,1658
35,1659
2,1660
35,1661
13,1662
9,1663
26,1664
4,1665
5,1666
22,1667
23,1668
4,1669
13,1670
10,1671
26,1672
9,1673
36,1674
6,1675
31,1676
36,1677
22,1678
38,1679
9,1680
33,1681
7,1682
12,1683
26,1684
39,1685
36,1686
27,1687
15,1688
14,1689
39,1690
28,1691
25,1692
15,1693
11,1694
9,1695
14,1696
23,1697
32,1698
39,1699
39,1700
10,1701
21,1702
33,1703
27,1704
7,1705
6,1706
23,1707
2,1708
7,1709
8,1710
31,1711
25,1712
39,1713
37,1714
30,1715
4,1716
3,1717
16,1718
38,1719
33,1720
30,1721
3,1722
13,1723
7,1724
32,1725
4,1726
10,1727
34,1728
28,1729
26,1730
34,1731
11,1732
30,1733
9,1734
21,1735
35,1736
23,1737
3,1738
38,1739
2,1740
22,1741
32,1742
39,1743
16,1744
16,1745
4,1746
1,1747
5,1748
19,1749
3,1750
11,1751
18,1752
17,1753
21,1754
17,1755
27,1756
38,1757
32,1758
18,1759
8,1760
4,1761
16,1762
18,1763
17,1764
39,1765
2,1766
4,1767
37,1768
24,1769
28,1770
39,1771
34,1772
37,1773
34,1774
3,1775
39,1776
32,1777
19,1778
39,1779
29,1780
31,1781
2,1782
18,1783
3,1784
35,1785
14,1786
23,1787
30,1788
15,1789
39,1790
8,1791
32,1792
39,1793
39,1794
32,1795
33,1796
27,1797
34,1798
3,1799
30,1800
25,1801
15,1802
32,1803
29,1804
13,1805
14,1806
2,1807
35,1808
15,1809
37,1810
1,1811
17,1812
9,1813
26,1814
11,1815
19,1816
3,1817
14,1818
27,1819
23,1820
1,1821
11,1822
12,1823
4,1824
20,1825
12,1826
5,1827
34,1828
5,1829
31,1830
8,1831
29,1832
26,1833
21,1834
0,1835
39,1836
34,1837
17,1838
10,1839
8,1840
33,1841
13,1842
26,1843
23,1844
15,1845
13,1846
18,1847
1,1848
16,1849
23,1850
13,1851
39,1852
1,1853
36,1854
39,1855
24,1856
15,1857
25,1858
19,1859
32,1860
22,1861
33,1862
7,1863
27,1864
9,1865
21,1866
12,1867
20,1868
16,1869
39,1870
21,1871
14,1872
4,1873
22,1874
36,1875
39,1876
35,1877
37,1878
12,1879
27,1880
33,1881
12,1882
39,1883
26,1884
23,1885
30,1886
35,1887
15,1888
37,1889
31,1890
27,1891
33,1892
13,1893
27,1894
21,1895
33,1896
22,1897
21,1898
28,1899
11,1900
38,1901
14,1902
7,1903
20,1904
35,1905
30,1906
38,1907
29,1908
15,1909
7,1910
21,1911
27,1912
30,1913
37,1914
8,1915
28,1916
29,1917
3,1918
14,1919
7,1920
29,1921
3,1922
39,1923
12,1924
4,1925
31,1926
35,1927
29,1928
39,1929
30,1930
11,1931
34,1932
8,1933
21,1934
24,1935
15,1936
5,1937
34,1938
32,1939
34,1940
5,1941
18,1942
29,1943
3,1944
15,1945
36,1946
15,1947
1,1948
29,1949
22,1950
10,1951
18,1952
36,1953
39,1954
5,1955
32,1956
10,1957
30,1958
5,1959
30,1960
8,1961
6,1962
13,1963
39,1964
1,1965
23,1966
37,1967
39,1968
24,1969
23,1970
7,1971
17,1972
20,1973
33,1974
36,1975
33,1976
28,1977
32,1978
34,1979
24,1980
22,1981
21,1982
14,1983
39,1984
30,1985
7,1986
31,1987
30,1988
27,1989
2,1990
36,1991
33,1992
31,1993
12,1994
28,1995
13,1996
37,1997
18,1998
8,1999
26,2000
33,2001
1,2002
39,2003
9,2004
14,2005
26,2006
27,2007
34,2008
38,2009
17,2010
9,2011
38,2012
20,2013
39,2014
31,2015
10,2016
4,2017
31,2018
19,2019
11,2020
38,2021
1,2022
19,2023
34,2024
15,2025
18,2026
27,2027
25,2028
6,2029
19,2030
5,2031
24,2032
27,2033
29,2034
21,2035
34,2036
13,2037
37,2038
0,2039
34,2040
2,2041
13,2042
37,2043
19,2044
0,2045
15,2046
26,2047
1,2048
5,2049
19,2050
1,2051
39,2052
34,2053
7,2054
26,2055
34,2056
34,2057
36,2058
1,2059
39,2060
11,2061
39,2062
28,2063
33,2064
31,2065
2,2066
18,2067
17,2068
20,2069
36,2070
16,2071
3,2072
12,2073
21,2074
32,2075
38,2076
28,2077
34,2078
11,2079
28,2080
38,2081
31,2082
13,2083
16,2084
16,2085
16,2086
30,2087
2,2088
21,2089
21,2090
6,2091
25,2092
30,2093
7,2094
19,2095
30,2096
27,2097
12,2098
13,2099
35,2100
21,2101
32,2102
19,2103
38,2104
37,2105
5,2106
28,2107
11,2108
4,2109
31,2110
31,2111
35,2112
22,2113
24,2114
18,2115
6,2116
4,2117
39,2118
22,2119
12,2120
0,2121
34,2122
3,2123
18,2124
5,2125
22,2126
38,2127
2,2128
18,2129
24,2130
3,2131
35,2132
21,2133
30,2134
11,2135
36,2136
8,2137
11,2138
34,2139
33,2140
20,2141
25,2142
17,2143
18,2144
0,2145
20,2146
4,2147
34,2148
30,2149
39,2150
29,2151
28,2152
39,2153
19,2154
35,2155
28,2156
9,2157
24,2158
28,2159
4,2160
20,2161
0,2162
31,2163
34,2164
17,2165
22,2166
29,2167
5,2168
21,2169
20,2170
39,2171
9,2172
29,2173
39,2174
19,2175
25,2176
11,2177
3,2178
24,2179
24,2180
30,2181
3,2182
22,2183
9,2184
32,2185
0,2186
24,2187
22,2188
29,2189
24,2190
6,2191
23,2192
25,2193
27,2194
20,2195
32,2196
39,2197
14,2198
27,2199
16,2200
10,2201
21,2202
1,2203
16,2204
11,2205
15,2206
26,2207
9,2208
28,2209
31,2210
18,2211
39,2212
32,2213
10,2214
5,2215
30,2216
13,2217
25,2218
39,2219
23,2220
30,2221
28,2222
17,2223
10,2224
35,2225
21,2226
32,2227
19,2228
39,2229
34,2230
9,2231
1,2232
1,2233
10,2234
26,2235
22,2236
9,2237
34,2238
35,2239
18,2240
33,2241
11,2242
0,2243
33,2244
2,2245
2,2246
35,2247
28,2248
3,2249
4,2250
22,2251
16,2252
26,2253
28,2254
20,2255
15,2256
16,2257
4,2258
27,2259
21,2260
3,2261
32,2262
18,2263
23,2264
6,2265
30,2266
25,2267
38,2268
28,2269
5,2270
5,2271
3,2272
22,2273
5,2274
32,2275
17,2276
39,2277
34,2278
32,2279
22,2280
38,2281
7,2282
31,2283
38,2284
2,2285
22,2286
21,2287
14,2288
9,2289
8,2290
11,2291
15,2292
0,2293
23,2294
14,2295
3,2296
10,2297
31,2298
35,2299
2,2300
37,2301
21,2302
17,2303
39,2304
39,2305
25,2306
5,2307
23,2308
4,2309
38,2310
37,2311
7,2312
30,2313
32,2314
39,2315
5,2316
29,2317
6,2318
38,2319
30,2320
23,2321
9,2322
34,2323
17,2324
1,2325
29,2326
39,2327
24,2328
5,2329
7,2330
31,2331
9,2332
25,2333
3,2334
34,2335
37,2336
11,2337
3,2338
27,2339
38,2340
23,2341
9,2342
21,2343
16,2344
14,2345
29,2346
18,2347
11,2348
29,2349
1,2350
14,2351
37,2352
39,2353
36,2354
34,2355
8,2356
35,2357
14,2358
25,2359
2,2360
25,2361
3,2362
35,2363
26,2364
18,2365
23,2366
35,2367
1,2368
23,2369
38,2370
8,2371
24,2372
2,2373
14,2374
31,2375
5,2376
1,2377
17,2378
24,2379
37,2380
32,2381
29,2382
33,2383
14,2384
29,2385
31,2386
33,2387
31,2388
25,2389
15,2390
15,2391
22,2392
17,2393
25,2394
30,2395
2,2396
2,2397
14,2398
19,2399
39,2400
39,2401
37,2402
17,2403
16,2404
10,2405
14,2406
31,2407
19,2408
14,2409
29,2410
24,2411
36,2412
19,2413
18,2414
16,2415
18,2416
15,2417
3,2418
7,2419
22,2420
16,2421
3,2422
19,2423
14,2424
22,2425
21,2426
36,2427
23,2428
10,2429
34,2430
35,2431
0,2432
37,2433
24,2434
22,2435
15,2436
39,2437
18,2438
10,2439
35,2440
3,2441
3,2442
34,2443
36,2444
32,2445
18,2446
0,2447
39,2448
10,2449
7,2450
1,2451
1,2452
36,2453
21,2454
25,2455
39,2456
3,2457
27,2458
16,2459
29,2460
34,2461
13,2462
7,2463
27,2464
13,2465
39,2466
3,2467
27,2468
20,2469
2,2470
24,2471
6,2472
5,2473
24,2474
31,2475
0,2476
34,2477
6,2478
24,2479
9,2480
27,2481
16,2482
38,2483
38,2484
17,2485
3,2486
30,2487
18,2488
22,2489
6,2490
6,2491
4,2492
11,2493
6,2494
13,2495
12,2496
14,2497
11,2498
6,2499
37,2500
23,2501
15,2502
37,2503
23,2504
1,2505
11,2506
32,2507
14,2508
1,2509
20,2510
37,2511
3,2512
6,2513
13,2514
3,2515
7,2516
34,2517
4,2518
35,2519
37,2520
17,2521
36,2522
27,2523
31,2524
4,2525
30,2526
5,2527
6,2528
5,2529
8,2530
27,2531
38,2532
8,2533
0,2534
29,2535
0,2536
6,2537
24,2538
30,2539
14,2540
17,2541
38,2542
37,2543
18,2544
28,2545
5,2546
28,2547
14,2548
3,2549
14,2550
32,2551
4,2552
24,2553
28,2554
15,2555
6,2556
27,2557
18,2558
39,2559
23,2560
28,2561
11,2562
19,2563
8,2564
32,2565
5,2566
35,2567
27,2568
29,2569
39,2570
13,2571
33,2572
33,2573
16,2574
34,2575
19,2576
0,2577
23,2578
8,2579
32,2580
31,2581
6,2582
25,2583
37,2584
25,2585
15,2586
17,2587
20,2588
11,2589
19,2590
24,2591
24,2592
7,2593
24,2594
2,2595
3,2596
35,2597
28,2598
15,2599
39,2600
12,2601
22,2602
27,2603
24,2604
0,2605
30,2606
14,2607
16,2608
2,2609
14,2610
23,2611
2,2612
12,2613
23,2614
14,2615
8,2616
38,2617
25,2618
25,2619
3,2620
16,2621
3,2622
32,2623
7,2624
35,2625
21,2626
12,2627
30,2628
30,2629
39,2630
24,2631
26,2632
26,2633
26,2634
14,2635
34,2636
8,2637
20,2638
24,2639
10,2640
24,2641
3,2642
39,2643
9,2644
7,2645
11,2646
31,2647
19,2648
3,2649
26,2650
13,2651
26,2652
26,2653
5,2654
23,2655
12,2656
22,2657
29,2658
10,2659
12,2660
14,2661
38,2662
36,2663
28,2664
28,2665
16,2666
9,2667
39,2668
33,2669
33,2670
35,2671
5,2672
6,2673
24,2674
29,2675
30,2676
2,2677
4,2678
20,2679
35,2680
23,2681
34,2682
11,2683
13,2684
33,2685
17,2686
22,2687
23,2688
11,2689
1,2690
12,2691
4,2692
17,2693
8,2694
14,2695
35,2696
19,2697
14,2698
4,2699
29,2700
19,2701
22,2702
38,2703
5,2704
20,2705
30,2706
29,2707
31,2708
4,2709
14,2710
3,2711
10,2712
9,2713
10,2714
36,2715
12,2716
20,2717
30,2718
18,2719
8,2720
33,2721
5,2722
0,2723
25,2724
30,2725
38,2726
32,2727
31,2728
5,2729
3,2730
30,2731
18,2732
28,2733
38,2734
9,2735
12,2736
2,2737
7,2738
10,2739
2,2740
0,2741
20,2742
1,2743
6,2744
17,2745
10,2746
8,2747
24,2748
10,2749
26,2750
13,2751
11,2752
33,2753
26,2754
13,2755
3,2756
20,2757
33,2758
30,2759
24,2760
10,2761
28,2762
33,2763
33,2764
9,2765
39,2766
16,2767
20,2768
8,2769
28,2770
8,2771
15,2772
7,2773
10,2774
30,2775
39,2776
30,2777
19,2778
34,2779
14,2780
4,2781
39,2782
6,2783
34,2784
5,2785
4,2786
12,2787
4,2788
10,2789
8,2790
20,2791
38,2792
32,2793
17,2794
15,2795
32,2796
10,2797
5,2798
22,2799
30,2800
38,2801
34,2802
6,2803
28,2804
39,2805
4,2806
14,2807
27,2808
8,2809
21,2810
28,2811
17,2812
23,2813
19,2814
38,2815
35,2816
22,2817
39,2818
19,2819
31,2820
34,2821
39,2822
29,2823
10,2824
34,2825
29,2826
39,2827
4,2828
25,2829
22,2830
17,2831
39,2832
16,2833
34,2834
17,2835
36,2836
39,2837
32,2838
6,2839
20,2840
12,2841
38,2842
0,2843
37,2844
15,2845
11,2846
18,2847
25,2848
26,2849
22,2850
28,2851
39,2852
17,2853
11,2854
26,2855
22,2856
13,2857
12,2858
39,2859
34,2860
21,2861
27,2862
2,2863
26,2864
12,2865
8,2866
1,2867
28,2868
39,2869
32,2870
39,2871
4,2872
32,2873
11,2874
39,2875
38,2876
8,2877
0,2878
5,2879
5,2880
0,2881
21,2882
18,2883
9,2884
1,2885
11,2886
34,2887
22,2888
32,2889
17,2890
22,2891
8,2892
3,2893
2,2894
3,2895
11,2896
29,2897
33,2898
25,2899
23,2900
1,2901
12,2902
10,2903
16,2904
5,2905
24,2906
29,2907
3,2908
7,2909
11,2910
23,2911
36,2912
26,2913
36,2914
8,2915
34,2916
25,2917
23,2918
23,2919
29,2920
37,2921
1,2922
10,2923
9,2924
21,2925
13,2926
36,2927
0,2928
2,2929
2,2930
23,2931
36,2932
10,2933
3,2934
19,2935
0,2936
38,2937
7,2938
30,2939
30,2940
28,2941
25,2942
39,2943
25,2944
7,2945
6,2946
20,2947
39,2948
16,2949
33,2950
8,2951
32,2952
9,2953
12,2954
28,2955
39,2956
24,2957
5,2958
5,2959
13,2960
37,2961
12,2962
39,2963
7,2964
31,2965
5,2966
28,2967
34,2968
15,2969
29,2970
39,2971
23,2972
32,2973
3,2974
24,2975
31,2976
23,2977
21,2978
12,2979
26,2980
4,2981
6,2982
19,2983
11,2984
35,2985
3,2986
1,2987
0,2988
39,2989
39,2990
22,2991
29,2992
10,2993
34,2994
25,2995
25,2996
28,2997
22,2998
21,2999
25,3000
27,3001
13,3002
29,3003
32,3004
12,3005
30,3006
22,3007
24,3008
5,3009
29,3010
13,3011
4,3012
1,3013
37,3014
39,3015
24,3016
22,3017
5,3018
37,3019
37,3020
25,3021
18,3022
35,3023
4,3024
32,3025
10,3026
17,3027
27,3028
38,3029
25,3030
13,3031
17,3032
39,3033
1,3034
36,3035
35,3036
10,3037
14,3038
39,3039
13,3040
1,3041
12,3042
1,3043
20,3044
18,3045
8,3046
11,3047
26,3048
24,3049
34,3050
9,3051
38,3052
3,3053
39,3054
28,3055
34,3056
6,3057
25,3058
12,3059
2,3060
10,3061
19,3062
19,3063
28,3064
33,3065
13,3066
19,3067
39,3068
2,3069
17,3070
21,3071
0,3072
11,3073
39,3074
29,3075
34,3076
5,3077
13,3078
12,3079
21,3080
19,3081
39,3082
10,3083
2,3084
30,3085
5,3086
3,3087
29,3088
7,3089
24,3090
26,3091
19,3092
19,3093
16,3094
18,3095
24,3096
23,3097
6,3098
21,3099
16,3100
28,3101
26,3102
36,3103
39,3104
32,3105
31,3106
5,3107
10,3108
3,3109
19,3110
23,3111
28,3112
29,3113
30,3114
16,3115
30,3116
32,3117
34,3118
15,3119
18,3120
25,3121
4,3122
22,3123
30,3124
11,3125
39,3126
37,3127
39,3128
12,3129
16,3130
39,3131
30,3132
34,3133
34,3134
34,3135
31,3136
2,3137
17,3138
39,3139
0,3140
10,3141
36,3142
23,3143
15,3144
20,3145
28,3146
20,3147
16,3148
18,3149
39,3150
14,3151
2,3152
36,3153
33,3154
39,3155
12,3156
30,3157
9,3158
14,3159
11,3160
25,3161
28,3162
15,3163
24,3164
3,3165
34,3166
27,3167
31,3168
37,3169
13,3170
36,3171
39,3172
12,3173
17,3174
14,3175
20,3176
39,3177
35,3178
18,3179
18,3180
36,3181
39,3182
0,3183
13,3184
14,3185
2,3186
37,3187
39,3188
30,3189
24,3190
23,3191
9,3192
21,3193
36,3194
39,3195
8,3196
1,3197
36,3198
10,3199
39,3200
18,3201
32,3202
20,3203
34,3204
31,3205
33,3206
37,3207
32,3208
38,3209
18,3210
19,3211
21,3212
36,3213
31,3214
23,3215
0,3216
3,3217
37,3218
16,3219
17,3220
39,3221
9,3222
36,3223
39,3224
24,3225
31,3226
13,3227
4,3228
18,3229
12,3230
7,3231
13,3232
39,3233
0,3234
25,3235
32,3236
37,3237
8,3238
1,3239
38,3240
28,3241
4,3242
31,3243
34,3244
14,3245
5,3246
13,3247
11,3248
13,3249
38,3250
15,3251
18,3252
4,3253
12,3254
28,3255
0,3256
19,3257
28,3258
27,3259
37,3260
39,3261
29,3262
2,3263
34,3264
29,3265
23,3266
5,3267
25,3268
19,3269
2,3270
5,3271
29,3272
7,3273
29,3274
4,3275
3,3276
6,3277
8,3278
24,3279
2,3280
13,3281
14,3282
23,3283
4,3284
21,3285
3,3286
31,3287
30,3288
2,3289
17,3290
32,3291
14,3292
4,3293
16,3294
18,3295
6,3296
8,3297
6,3298
20,3299
39,3300
29,3301
24,3302
3,3303
18,3304
33,3305
30,3306
25,3307
16,3308
16,3309
30,3310
16,3311
14,3312
32,3313
22,3314
38,3315
13,3316
32,3317
39,3318
24,3319
22,3320
15,3321
24,3322
32,3323
17,3324
6,3325
10,3326
39,3327
16,3328
22,3329
21,3330
5,3331
14,3332
2,3333
35,3334
36,3335
33,3336
21,3337
23,3338
26,3339
21,3340
20,3341
29,3342
29,3343
12,3344
17,3345
3,3346
15,3347
37,3348
16,3349
5,3350
5,3351
11,3352
32,3353
33,3354
23,3355
14,3356
29,3357
8,3358
7,3359
14,3360
10,3361
11,3362
26,3363
34,3364
38,3365
21,3366
20,3367
7,3368
22,3369
25,3370
18,3371
39,3372
20,3373
23,3374
2,3375
25,3376
38,3377
15,3378
23,3379
30,3380
29,3381
7,3382
24,3383
23,3384
26,3385
31,3386
3,3387
23,3388
23,3389
26,3390
39,3391
4,3392
38,3393
1,3394
10,3395
12,3396
14,3397
35,3398
24,3399
10,3400
39,3401
31,3402
26,3403
26,3404
13,3405
36,3406
39,3407
38,3408
19,3409
14,3410
29,3411
10,3412
21,3413
32,3414
29,3415
39,3416
36,3417
37,3418
17,3419
33,3420
17,3421
39,3422
5,3423
38,3424
2,3425
22,3426
32,3427
22,3428
25,3429
28,3430
7,3431
21,3432
10,3433
13,3434
39,3435
31,3436
3,3437
5,3438
20,3439
21,3440
17,3441
32,3442
39,3443
7,3444
20,3445
5,3446
20,3447
13,3448
4,3449
32,3450
10,3451
14,3452
23,3453
15,3454
38,3455
27,3456
34,3457
27,3458
3,3459
25,3460
8,3461
11,3462
36,3463
24,3464
26,3465
1,3466
6,3467
31,3468
39,3469
27,3470
27,3471
16,3472
22,3473
17,3474
8,3475
20,3476
39,3477
33,3478
0,3479
39,3480
35,3481
10,3482
4,3483
5,3484
37,3485
9,3486
33,3487
0,3488
7,3489
8,3490
35,3491
22,3492
39,3493
19,3494
14,3495
8,3496
33,3497
32,3498
33,3499
39,3500
16,3501
30,3502
18,3503
35,3504
34,3505
23,3506
14,3507
3,3508
33,3509
9,3510
21,3511
32,3512
17,3513
15,3514
4,3515
32,3516
6,3517
23,3518
17,3519
37,3520
39,3521
11,3522
22,3523
29,3524
33,3525
39,3526
22,3527
32,3528
31,3529
2,3530
4,3531
16,3532
4,3533
30,3534
25,3535
38,3536
26,3537
27,3538
38,3539
24,3540
5,3541
34,3542
32,3543
39,3544
35,3545
29,3546
19,3547
0,3548
1,3549
30,3550
39,3551
9,3552
14,3553
39,3554
32,3555
18,3556
12,3557
24,3558
8,3559
26,3560
14,3561
26,3562
2,3563
5,3564
1,3565
11,3566
26,3567
8,3568
39,3569
25,3570
13,3571
20,3572
20,3573
6,3574
28,3575
14,3576
32,3577
8,3578
33,3579
32,3580
33,3581
33,3582
33,3583
17,3584
4,3585
20,3586
23,3587
30,3588
2,3589
23,3590
29,3591
12,3592
21,3593
28,3594
5,3595
4,3596
11,3597
34,3598
32,3599
25,3600
39,3601
37,3602
8,3603
8,3604
31,3605
15,3606
22,3607
29,3608
28,3609
38,3610
15,3611
14,3612
38,3613
32,3614
23,3615
37,3616
30,3617
22,3618
39,3619
39,3620
26,3621
16,3622
21,3623
7,3624
19,3625
39,3626
10,3627
36,3628
33,3629
16,3630
28,3631
27,3632
17,3633
17,3634
34,3635
16,3636
1,3637
38,3638
4,3639
38,3640
1,3641
26,3642
27,3643
37,3644
13,3645
28,3646
0,3647
8,3648
3,3649
25,3650
30,3651
4,3652
28,3653
37,3654
39,3655
39,3656
39,3657
28,3658
6,3659
32,3660
36,3661
26,3662
11,3663
24,3664
8,3665
11,3666
22,3667
6,3668
2,3669
2,3670
15,3671
39,3672
38,3673
12,3674
5,3675
27,3676
14,3677
3,3678
24,3679
16,3680
31,3681
31,3682
9,3683
16,3684
5,3685
17,3686
27,3687
11,3688
13,3689
3,3690
3,3691
25,3692
34,3693
10,3694
19,3695
3,3696
35,3697
1,3698
39,3699
1,3700
32,3701
1,3702
3,3703
24,3704
8,3705
22,3706
6,3707
8,3708
3,3709
11,3710
26,3711
2,3712
7,3713
23,3714
32,3715
29,3716
31,3717
8,3718
4,3719
1,3720
27,3721
19,3722
27,3723
0,3724
20,3725
22,3726
36,3727
39,3728
27,3729
30,3730
6,3731
35,3732
25,3733
8,3734
5,3735
36,3736
26,3737
11,3738
3,3739
5,3740
25,3741
7,3742
36,3743
34,3744
6,3745
7,3746
25,3747
23,3748
37,3749
4,3750
19,3751
28,3752
21,3753
28,3754
31,3755
8,3756
9,3757
21,3758
22,3759
8,3760
6,3761
22,3762
32,3763
39,3764
26,3765
8,3766
33,3767
0,3768
23,3769
21,3770
32,3771
30,3772
12,3773
30,3774
23,3775
1,3776
34,3777
24,3778
3,3779
34,3780
3,3781
5,3782
34,3783
9,3784
16,3785
37,3786
0,3787
39,3788
1,3789
39,3790
32,3791
10,3792
0,3793
34,3794
30,3795
4,3796
33,3797
4,3798
36,3799
39,3800
23,3801
9,3802
32,3803
17,3804
39,3805
26,3806
14,3807
24,3808
37,3809
19,3810
7,3811
0,3812
9,3813
26,3814
33,3815
0,3816
39,3817
0,3818
1,3819
39,3820
28,3821
38,3822
0,3823
27,3824
37,3825
16,3826
37,3827
25,3828
39,3829
7,3830
22,3831
13,3832
2,3833
37,3834
29,3835
19,3836
23,3837
9,3838
13,3839
7,3840
20,3841
18,3842
22,3843
33,3844
11,3845
11,3846
34,3847
24,3848
31,3849
17,3850
18,3851
35,3852
39,3853
32,3854
8,3855
14,3856
16,3857
18,3858
17,3859
5,3860
34,3861
29,3862
7,3863
32,3864
0,3865
0,3866
24,3867
26,3868
36,3869
38,3870
27,3871
31,3872
1,3873
29,3874
7,3875
6,3876
38,3877
32,3878
39,3879
16,3880
1,3881
35,3882
15,3883
1,3884
39,3885
19,3886
27,3887
16,3888
32,3889
21,3890
9,3891
6,3892
34,3893
39,3894
34,3895
35,3896
10,3897
16,3898
4,3899
3,3900
25,3901
8,3902
5,3903
32,3904
34,3905
28,3906
5,3907
36,3908
30,3909
9,3910
25,3911
3,3912
9,3913
28,3914
14,3915
2,3916
23,3917
26,3918
6,3919
38,3920
25,3921
25,3922
12,3923
8,3924
30,3925
37,3926
11,3927
38,3928
1,3929
12,3930
14,3931
37,3932
23,3933
8,3934
19,3935
19,3936
39,3937
31,3938
3,3939
37,3940
39,3941
26,3942
23,3943
4,3944
9,3945
39,3946
30,3947
22,3948
23,3949
12,3950
33,3951
13,3952
6,3953
30,3954
0,3955
3,3956
25,3957
13,3958
6,3959
32,3960
39,3961
12,3962
12,3963
0,3964
12,3965
12,3966
32,3967
38,3968
22,3969
18,3970
39,3971
35,3972
13,3973
16,3974
16,3975
18,3976
12,3977
33,3978
37,3979
20,3980
28,3981
13,3982
3,3983
8,3984
12,3985
39,3986
19,3987
28,3988
23,3989
30,3990
11,3991
18,3992
22,3993
3,3994
30,3995
8,3996
23,3997
31,3998
12,3999
37,4000
30,4001
25,4002
39,4003
32,4004
23,4005
31,4006
15,4007
11,4008
14,4009
4,4010
1,4011
39,4012
24,4013
19,4014
29,4015
11,4016
39,4017
33,4018
0,4019
4,4020
3,4021
3,4022
27,4023
28,4024
26,4025
34,4026
24,4027
9,4028
37,4029
39,4030
31,4031
17,4032
33,4033
27,4034
13,4035
17,4036
39,4037
24,4038
38,4039
27,4040
13,4041
10,4042
9,4043
30,4044
10,4045
16,4046
27,4047
8,4048
32,4049
10,4050
27,4051
5,4052
4,4053
39,4054
29,4055
36,4056
13,4057
36,4058
39,4059
32,4060
7,4061
21,4062
7,4063
23,4064
1,4065
14,4066
16,4067
7,4068
33,4069
16,4070
28,4071
14,4072
28,4073
21,4074
5,4075
37,4076
2,4077
21,4078
11,4079
4,4080
38,4081
24,4082
33,4083
16,4084
2,4085
29,4086
19,4087
19,4088
25,4089
30,4090
29,4091
0,4092
23,4093
6,4094
37,4095
33,4096
21,4097
0,4098
1,4099
10,4100
10,4101
6,4102
35,4103
23,4104
38,4105
16,4106
18,4107
14,4108
13,4109
5,4110
4,4111
17,4112
34,4113
11,4114
36,4115
34,4116
2,4117
34,4118
35,4119
10,4120
19,4121
5,4122
18,4123
33,4124
30,4125
18,4126
13,4127
33,4128
16,4129
19,4130
39,4131
30,4132
34,4133
15,4134
33,4135
39,4136
2,4137
0,4138
5,4139
6,4140
15,4141
35,4142
31,4143
15,4144
9,4145
17,4146
3,4147
23,4148
21,4149
11,4150
1,4151
12,4152
9,4153
16,4154
16,4155
29,4156
32,4157
9,4158
36,4159
39,4160
7,4161
14,4162
7,4163
30,4164
39,4165
29,4166
14,4167
32,4168
25,4169
29,4170
10,4171
1,4172
16,4173
11,4174
28,4175
15,4176
22,4177
20,4178
23,4179
30,4180
39,4181
26,4182
37,4183
1,4184
11,4185
28,4186
14,4187
32,4188
10,4189
39,4190
24,4191
8,4192
4,4193
39,4194
21,4195
14,4196
20,4197
4,4198
11,4199
33,4200
2,4201
25,4202
39,4203
27,4204
23,4205
30,4206
28,4207
33,4208
38,4209
38,4210
3,4211
18,4212
26,4213
8,4214
1,4215
15,4216
39,4217
19,4218
12,4219
37,4220
20,4221
33,4222
36,4223
39,4224
19,4225
4,4226
29,4227
28,4228
13,4229
18,4230
16,4231
15,4232
22,4233
39,4234
39,4235
18,4236
27,4237
34,4238
10,4239
34,4240
29,4241
8,4242
6,4243
38,4244
34,4245
17,4246
16,4247
10,4248
25,4249
22,4250
39,4251
10,4252
28,4253
0,4254
32,4255
15,4256
3,4257
22,4258
31,4259
29,4260
21,4261
26,4262
18,4263
29,4264
27,4265
35,4266
1,4267
33,4268
39,4269
4,4270
23,4271
37,4272
39,4273
1,4274
34,4275
28,4276
28,4277
2,4278
14,4279
39,4280
3,4281
18,4282
31,4283
5,4284
22,4285
30,4286
24,4287
32,4288
1,4289
27,4290
13,4291
2,4292
10,4293
27,4294
39,4295
39,4296
36,4297
12,4298
28,4299
26,4300
37,4301
29,4302
39,4303
24,4304
10,4305
8,4306
17,4307
39,4308
16,4309
13,4310
33,4311
1,4312
10,4313
20,4314
6,4315
28,4316
15,4317
26,4318
25,4319
32,4320
12,4321
14,4322
32,4323
39,4324
19,4325
32,4326
1,4327
5,4328
23,4329
12,4330
18,4331
17,4332
20,4333
1,4334
8,4335
19,4336
15,4337
25,4338
23,4339
26,4340
28,4341
31,4342
15,4343
19,4344
8,4345
5,4346
27,4347
35,4348
17,4349
8,4350
33,4351
4,4352
3,4353
5,4354
8,4355
36,4356
39,4357
38,4358
38,4359
31,4360
9,4361
35,4362
1,4363
2,4364
6,4365
12,4366
22,4367
39,4368
37,4369
7,4370
22,4371
9,4372
9,4373
16,4374
32,4375
15,4376
39,4377
0,4378
39,4379
23,4380
14,4381
13,4382
37,4383
37,4384
24,4385
32,4386
17,4387
17,4388
28,4389
21,4390
34,4391
28,4392
15,4393
4,4394
35,4395
26,4396
9,4397
7,4398
21,4399
32,4400
17,4401
20,4402
7,4403
25,4404
15,4405
20,4406
38,4407
12,4408
22,4409
12,4410
17,4411
15,4412
9,4413
28,4414
3,4415
0,4416
3,4417
37,4418
15,4419
39,4420
20,4421
39,4422
14,4423
1,4424
28,4425
28,4426
16,4427
1,4428
31,4429
5,4430
10,4431
37,4432
9,4433
20,4434
33,4435
20,4436
24,4437
34,4438
6,4439
5,4440
30,4441
10,4442
9,4443
1,4444
7,4445
11,4446
24,4447
3,4448
30,4449
24,4450
13,4451
10,4452
39,4453
23,4454
35,4455
20,4456
22,4457
39,4458
29,4459
23,4460
36,4461
28,4462
5,4463
28,4464
15,4465
4,4466
35,4467
30,4468
11,4469
5,4470
20,4471
35,4472
10,4473
6,4474
35,4475
22,4476
11,4477
26,4478
8,4479
10,4480
17,4481
27,4482
9,4483
21,4484
32,4485
18,4486
29,4487
21,4488
32,4489
17,4490
23,4491
31,4492
3,4493
33,4494
39,4495
24,4496
28,4497
8,4498
36,4499
28,4500
21,4501
21,4502
26,4503
28,4504
28,4505
11,4506
38,4507
24,4508
6,4509
36,4510
39,4511
17,4512
5,4513
24,4514
20,4515
31,4516
4,4517
30,4518
12,4519
30,4520
14,4521
39,4522
9,4523
25,4524
24,4525
13,4526
26,4527
32,4528
21,4529
35,4530
20,4531
8,4532
27,4533
39,4534
6,4535
20,4536
26,4537
5,4538
2,4539
6,4540
10,4541
8,4542
11,4543
23,4544
33,4545
30,4546
11,4547
10,4548
26,4549
21,4550
26,4551
35,4552
26,4553
31,4554
35,4555
14,4556
18,4557
33,4558
23,4559
18,4560
35,4561
26,4562
36,4563
13,4564
16,4565
20,4566
8,4567
32,4568
9,4569
12,4570
26,4571
25,4572
2,4573
36,4574
0,4575
21,4576
14,4577
3,4578
11,4579
0,4580
33,4581
39,4582
17,4583
16,4584
22,4585
2,4586
6,4587
16,4588
5,4589
13,4590
35,4591
36,4592
12,4593
18,4594
34,4595
35,4596
30,4597
29,4598
11,4599
18,4600
29,4601
39,4602
29,4603
11,4604
36,4605
12,4606
1,4607
20,4608
34,4609
17,4610
18,4611
7,4612
32,4613
30,4614
18,4615
29,4616
19,4617
29,4618
16,4619
0,4620
23,4621
38,4622
20,4623
2,4624
22,4625
0,4626
32,4627
37,4628
19,4629
27,4630
12,4631
35,4632
17,4633
39,4634
8,4635
16,4636
28,4637
7,4638
0,4639
31,4640
22,4641
4,4642
24,4643
6,4644
38,4645
26,4646
35,4647
38,4648
9,4649
38,4650
8,4651
16,4652
6,4653
18,4654
23,4655
26,4656
13,4657
15,4658
3,4659
13,4660
29,4661
23,4662
6,4663
14,4664
28,4665
38,4666
4,4667
37,4668
39,4669
30,4670
27,4671
14,4672
11,4673
5,4674
8,4675
11,4676
37,4677
22,4678
37,4679
16,4680
32,4681
15,4682
32,4683
39,4684
18,4685
6,4686
14,4687
31,4688
12,4689
9,4690
13,4691
37,4692
39,4693
37,4694
34,4695
8,4696
1,4697
5,4698
26,4699
17,4700
34,4701
38,4702
17,4703
17,4704
19,4705
9,4706
9,4707
35,4708
17,4709
29,4710
22,4711
9,4712
34,4713
24,4714
38,4715
10,4716
12,4717
0,4718
31,4719
30,4720
27,4721
25,4722
21,4723
37,4724
11,4725
5,4726
10,4727
0,4728
33,4729
28,4730
23,4731
31,4732
37,4733
27,4734
16,4735
35,4736
37,4737
8,4738
5,4739
29,4740
2,4741
38,4742
37,4743
8,4744
39,4745
2,4746
36,4747
28,4748
26,4749
36,4750
39,4751
11,4752
36,4753
17,4754
31,4755
8,4756
12,4757
17,4758
5,4759
27,4760
6,4761
23,4762
30,4763
35,4764
7,4765
15,4766
39,4767
22,4768
9,4769
39,4770
39,4771
24,4772
10,4773
9,4774
34,4775
9,4776
13,4777
3,4778
37,4779
35,4780
15,4781
18,4782
26,4783
12,4784
30,4785
0,4786
24,4787
39,4788
4,4789
18,4790
32,4791
6,4792
2,4793
32,4794
0,4795
9,4796
21,4797
34,4798
4,4799
31,4800
22,4801
31,4802
17,4803
16,4804
18,4805
35,4806
28,4807
15,4808
22,4809
36,4810
24,4811
21,4812
19,4813
2,4814
26,4815
12,4816
34,4817
2,4818
20,4819
7,4820
8,4821
12,4822
21,4823
4,4824
1,4825
39,4826
33,4827
31,4828
17,4829
8,4830
10,4831
14,4832
18,4833
24,4834
27,4835
16,4836
27,4837
34,4838
5,4839
16,4840
8,4841
1,4842
20,4843
19,4844
31,4845
3,4846
2,4847
19,4848
20,4849
8,4850
2,4851
24,4852
26,4853
7,4854
24,4855
19,4856
30,4857
18,4858
39,4859
21,4860
33,4861
31,4862
25,4863
14,4864
27,4865
5,4866
19,4867
32,4868
39,4869
17,4870
7,4871
10,4872
37,4873
9,4874
24,4875
10,4876
0,4877
3,4878
8,4879
1,4880
28,4881
32,4882
19,4883
29,4884
30,4885
7,4886
9,4887
33,4888
33,4889
13,4890
27,4891
16,4892
5,4893
36,4894
6,4895
15,4896
11,4897
25,4898
10,4899
39,4900
39,4901
28,4902
5,4903
11,4904
25,4905
37,4906
21,4907
0,4908
39,4909
22,4910
29,4911
21,4912
10,4913
14,4914
4,4915
26,4916
1,4917
39,4918
39,4919
13,4920
16,4921
33,4922
2,4923
14,4924
30,4925
5,4926
6,4927
26,4928
36,4929
39,4930
34,4931
3,4932
5,4933
18,4934
23,4935
34,4936
39,4937
24,4938
2,4939
23,4940
20,4941
33,4942
16,4943
31,4944
2,4945
27,4946
35,4947
29,4948
39,4949
1,4950
7,4951
16,4952
16,4953
38,4954
9,4955
36,4956
11,4957
2,4958
23,4959
29,4960
19,4961
37,4962
14,4963
36,4964
16,4965
5,4966
22,4967
23,4968
16,4969
25,4970
37,4971
28,4972
3,4973
1,4974
36,4975
22,4976
13,4977
22,4978
38,4979
19,4980
5,4981
19,4982
6,4983
27,4984
12,4985
2,4986
9,4987
21,4988
2,4989
21,4990
38,4991
25,4992
25,4993
25,4994
7,4995
2,4996
27,4997
25,4998
2,4999
29,5000
39,5001
16,5002
20,5003
11,5004
22,5005
34,5006
11,5007
23,5008
6,5009
20,5010
11,5011
28,5012
15,5013
11,5014
39,5015
7,5016
30,5017
19,5018
37,5019
17,5020
23,5021
30,5022
22,5023
3,5024
31,5025
28,5026
0,5027
29,5028
23,5029
19,5030
18,5031
25,5032
23,5033
31,5034
22,5035
35,5036
12,5037
9,5038
21,5039
10,5040
6,5041
21,5042
19,5043
3,5044
27,5045
19,5046
14,5047
37,5048
34,5049
30,5050
8,5051
9,5052
13,5053
11,5054
4,5055
12,5056
13,5057
12,5058
26,5059
1,5060
29,5061
13,5062
16,5063
10,5064
39,5065
37,5066
39,5067
13,5068
21,5069
26,5070
19,5071
24,5072
3,5073
32,5074
7,5075
22,5076
23,5077
32,5078
17,5079
21,5080
5,5081
0,5082
6,5083
37,5084
39,5085
18,5086
27,5087
21,5088
28,5089
14,5090
36,5091
39,5092
21,5093
33,5094
20,5095
18,5096
31,5097
39,5098
14,5099
0,5100
8,5101
14,5102
38,5103
14,5104
14,5105
15,5106
5,5107
37,5108
11,5109
38,5110
25,5111
30,5112
3,5113
19,5114
21,5115
35,5116
28,5117
31,5118
39,5119
16,5120
20,5121
14,5122
23,5123
3,5124
27,5125
25,5126
16,5127
2,5128
38,5129
34,5130
18,5131
4,5132
15,5133
1,5134
30,5135
22,5136
26,5137
13,5138
16,5139
33,5140
35,5141
16,5142
6,5143
5,5144
36,5145
33,5146
14,5147
16,5148
18,5149
19,5150
10,5151
4,5152
3,5153
34,5154
6,5155
14,5156
22,5157
9,5158
14,5159
16,5160
25,5161
4,5162
23,5163
31,5164
2,5165
23,5166
17,5167
33,5168
29,5169
15,5170
29,5171
32,5172
39,5173
29,5174
12,5175
2,5176
3,5177
29,5178
32,5179
18,5180
36,5181
4,5182
13,5183
27,5184
35,5185
20,5186
39,5187
20,5188
14,5189
27,5190
10,5191
23,5192
38,5193
20,5194
33,5195
25,5196
23,5197
30,5198
26,5199
18,5200
39,5201
27,5202
31,5203
6,5204
35,5205
30,5206
29,5207
14,5208
34,5209
6,5210
18,5211
15,5212
6,5213
16,5214
11,5215
23,5216
24,5217
3,5218
2,5219
12,5220
13,5221
37,5222
16,5223
21,5224
5,5225
29,5226
19,5227
30,5228
32,5229
33,5230
33,5231
13,5232
33,5233
2,5234
36,5235
33,5236
38,5237
13,5238
28,5239
0,5240
36,5241
16,5242
13,5243
23,5244
10,5245
20,5246
28,5247
31,5248
12,5249
4,5250
14,5251
5,5252
29,5253
31,5254
21,5255
1,5256
14,5257
39,5258
26,5259
14,5260
24,5261
26,5262
5,5263
29,5264
39,5265
6,5266
24,5267
36,5268
12,5269
3,5270
7,5271
11,5272
18,5273
36,5274
17,5275
19,5276
29,5277
22,5278
18,5279
29,5280
39,5281
16,5282
29,5283
5,5284
21,5285
12,5286
31,5287
39,5288
30,5289
18,5290
22,5291
25,5292
23,5293
33,5294
3,5295
23,5296
4,5297
19,5298
29,5299
11,5300
36,5301
13,5302
28,5303
31,5304
39,5305
26,5306
24,5307
27,5308
3,5309
32,5310
5,5311
6,5312
20,5313
11,5314
24,5315
5,5316
19,5317
8,5318
11,5319
39,5320
0,5321
16,5322
20,5323
35,5324
26,5325
10,5326
5,5327
8,5328
24,5329
24,5330
9,5331
24,5332
2,5333
33,5334
2,5335
36,5336
28,5337
39,5338
32,5339
6,5340
34,5341
32,5342
39,5343
0,5344
30,5345
10,5346
29,5347
39,5348
14,5349
9,5350
5,5351
5,5352
18,5353
0,5354
21,5355
9,5356
9,5357
36,5358
39,5359
0,5360
39,5361
26,5362
25,5363
4,5364
25,5365
14,5366
34,5367
22,5368
5,5369
8,5370
39,5371
39,5372
2,5373
13,5374
2,5375
27,5376
4,5377
5,5378
6,5379
12,5380
20,5381
39,5382
31,5383
4,5384
33,5385
37,5386
9,5387
14,5388
11,5389
18,5390
24,5391
26,5392
36,5393
10,5394
0,5395
39,5396
12,5397
6,5398
8,5399
25,5400
25,5401
36,5402
13,5403
5,5404
24,5405
3,5406
22,5407
23,5408
8,5409
12,5410
2,5411
38,5412
0,5413
14,5414
18,5415
14,5416
3,5417
3,5418
7,5419
16,5420
23,5421
26,5422
14,5423
4,5424
24,5425
21,5426
34,5427
10,5428
28,5429
21,5430
22,5431
11,5432
2,5433
6,5434
30,5435
5,5436
5,5437
3,5438
33,5439
31,5440
25,5441
39,5442
16,5443
2,5444
22,5445
4,5446
8,5447
14,5448
33,5449
15,5450
24,5451
26,5452
14,5453
3,5454
39,5455
1,5456
34,5457
27,5458
32,5459
15,5460
26,5461
14,5462
5,5463
35,5464
39,5465
11,5466
24,5467
25,5468
2,5469
7,5470
34,5471
37,5472
37,5473
39,5474
22,5475
32,5476
10,5477
3,5478
4,5479
6,5480
13,5481
11,5482
36,5483
38,5484
38,5485
33,5486
28,5487
22,5488
10,5489
5,5490
0,5491
39,5492
24,5493
39,5494
24,5495
26,5496
21,5497
28,5498
5,5499
17,5500
7,5501
10,5502
4,5503
15,5504
13,5505
39,5506
31,5507
38,5508
32,5509
0,5510
18,5511
39,5512
25,5513
3,5514
25,5515
34,5516
21,5517
22,5518
11,5519
31,5520
3,5521
13,5522
36,5523
10,5524
4,5525
8,5526
33,5527
24,5528
24,5529
5,5530
26,5531
26,5532
8,5533
39,5534
23,5535
11,5536
36,5537
5,5538
8,5539
23,5540
36,5541
12,5542
4,5543
6,5544
12,5545
11,5546
37,5547
27,5548
20,5549
5,5550
30,5551
27,5552
12,5553
13,5554
36,5555
2,5556
4,5557
27,5558
18,5559
4,5560
16,5561
2,5562
7,5563
0,5564
36,5565
39,5566
27,5567
34,5568
31,5569
19,5570
0,5571
28,5572
22,5573
32,5574
18,5575
27,5576
8,5577
8,5578
37,5579
27,5580
25,5581
25,5582
23,5583
19,5584
27,5585
2,5586
21,5587
28,5588
11,5589
20,5590
19,5591
29,5592
39,5593
2,5594
30,5595
17,5596
20,5597
5,5598
22,5599
24,5600
4,5601
23,5602
4,5603
7,5604
3,5605
31,5606
8,5607
27,5608
23,5609
9,5610
14,5611
13,5612
14,5613
2,5614
10,5615
39,5616
5,5617
34,5618
12,5619
39,5620
36,5621
27,5622
33,5623
25,5624
23,5625
0,5626
2,5627
25,5628
27,5629
8,5630
27,5631
0,5632
39,5633
11,5634
37,5635
37,5636
39,5637
37,5638
28,5639
28,5640
7,5641
34,5642
27,5643
28,5644
31,5645
2,5646
23,5647
30,5648
10,5649
2,5650
26,5651
24,5652
37,5653
30,5654
34,5655
35,5656
24,5657
37,5658
11,5659
38,5660
20,5661
22,5662
12,5663
20,5664
11,5665
13,5666
9,5667
17,5668
21,5669
26,5670
23,5671
26,5672
7,5673
25,5674
31,5675
29,5676
30,5677
25,5678
4,5679
39,5680
16,5681
18,5682
31,5683
7,5684
17,5685
26,5686
22,5687
33,5688
11,5689
39,5690
34,5691
35,5692
14,5693
36,5694
18,5695
25,5696
2,5697
22,5698
13,5699
34,5700
24,5701
8,5702
5,5703
36,5704
11,5705
17,5706
35,5707
0,5708
8,5709
32,5710
28,5711
14,5712
1,5713
26,5714
16,5715
10,5716
12,5717
17,5718
15,5719
25,5720
38,5721
20,5722
39,5723
28,5724
23,5725
21,5726
37,5727
27,5728
31,5729
3,5730
18,5731
35,5732
9,5733
13,5734
22,5735
28,5736
14,5737
16,5738
22,5739
32,5740
7,5741
10,5742
7,5743
26,5744
16,5745
5,5746
6,5747
20,5748
31,5749
25,5750
10,5751
39,5752
2,5753
30,5754
32,5755
18,5756
25,5757
37,5758
31,5759
15,5760
26,5761
5,5762
7,5763
30,5764
24,5765
39,5766
39,5767
10,5768
30,5769
6,5770
21,5771
11,5772
11,5773
26,5774
9,5775
34,5776
18,5777
0,5778
7,5779
18,5780
19,5781
7,5782
11,5783
31,5784
39,5785
24,5786
14,5787
4,5788
18,5789
22,5790
10,5791
6,5792
37,5793
3,5794
28,5795
26,5796
30,5797
32,5798
32,5799
36,5800
11,5801
25,5802
0,5803
7,5804
36,5805
35,5806
32,5807
39,5808
12,5809
32,5810
21,5811
39,5812
16,5813
37,5814
14,5815
27,5816
13,5817
7,5818
11,5819
19,5820
10,5821
15,5822
9,5823
18,5824
2,5825
22,5826
19,5827
24,5828
26,5829
5,5830
38,5831
4,5832
1,5833
33,5834
35,5835
17,5836
29,5837
39,5838
33,5839
39,5840
12,5841
39,5842
26,5843
39,5844
27,5845
29,5846
16,5847
5,5848
8,5849
24,5850
4,5851
24,5852
7,5853
34,5854
18,5855
29,5856
27,5857
5,5858
8,5859
34,5860
22,5861
29,5862
27,5863
39,5864
0,5865
38,5866
7,5867
27,5868
37,5869
2,5870
13,5871
22,5872
13,5873
0,5874
30,5875
4,5876
26,5877
4,5878
11,5879
28,5880
28,5881
34,5882
36,5883
35,5884
26,5885
36,5886
39,5887
39,5888
2,5889
12,5890
33,5891
27,5892
28,5893
13,5894
29,5895
24,5896
37,5897
8,5898
28,5899
39,5900
7,5901
30,5902
32,5903
6,5904
15,5905
5,5906
5,5907
25,5908
18,5909
39,5910
39,5911
30,5912
14,5913
31,5914
6,5915
29,5916
39,5917
7,5918
22,5919
35,5920
17,5921
39,5922
3,5923
34,5924
19,5925
7,5926
6,5927
10,5928
8,5929
25,5930
38,5931
1,5932
30,5933
8,5934
27,5935
13,5936
25,5937
24,5938
24,5939
5,5940
23,5941
24,5942
2,5943
15,5944
38,5945
25,5946
0,5947
18,5948
11,5949
4,5950
14,5951
29,5952
39,5953
24,5954
7,5955
16,5956
4,5957
1,5958
10,5959
19,5960
1,5961
7,5962
27,5963
9,5964
35,5965
22,5966
32,5967
31,5968
21,5969
28,5970
38,5971
7,5972
36,5973
5,5974
5,5975
27,5976
28,5977
34,5978
19,5979
23,5980
21,5981
17,5982
5,5983
36,5984
39,5985
32,5986
12,5987
28,5988
20,5989
35,5990
10,5991
36,5992
20,5993
17,5994
14,5995
12,5996
0,5997
10,5998
23,5999
12,6000
12,6001
34,6002
36,6003
12,6004
11,6005
36,6006
39,6007
31,6008
2,6009
30,6010
18,6011
5,6012
24,6013
5,6014
2,6015
7,6016
36,6017
39,6018
34,6019
38,6020
16,6021
2,6022
10,6023
31,6024
2,6025
38,6026
9,6027
20,6028
39,6029
32,6030
34,6031
15,6032
39,6033
37,6034
25,6035
30,6036
4,6037
15,6038
11,6039
39,6040
39,6041
14,6042
39,6043
10,6044
2,6045
37,6046
32,6047
3,6048
7,6049
5,6050
7,6051
25,6052
17,6053
13,6054
39,6055
11,6056
0,6057
30,6058
37,6059
6,6060
10,6061
8,6062
34,6063
1,6064
3,6065
18,6066
2,6067
9,6068
21,6069
34,6070
3,6071
39,6072
35,6073
3,6074
23,6075
23,6076
31,6077
10,6078
32,6079
11,6080
3,6081
3,6082
9,6083
28,6084
5,6085
23,6086
14,6087
22,6088
18,6089
36,6090
36,6091
11,6092
24,6093
3,6094
16,6095
7,6096
32,6097
16,6098
37,6099
28,6100
5,6101
12,6102
13,6103
27,6104
27,6105
29,6106
30,6107
37,6108
9,6109
7,6110
30,6111
10,6112
31,6113
33,6114
36,6115
35,6116
14,6117
5,6118
39,6119
39,6120
20,6121
39,6122
2,6123
26,6124
18,6125
1,6126
17,6127
10,6128
25,6129
1,6130
28,6131
33,6132
17,6133
17,6134
16,6135
20,6136
39,6137
32,6138
6,6139
13,6140
29,6141
6,6142
31,6143
4,6144
1,6145
39,6146
39,6147
12,6148
34,6149
11,6150
28,6151
26,6152
9,6153
29,6154
39,6155
16,6156
1,6157
12,6158
30,6159
19,6160
37,6161
31,6162
18,6163
39,6164
38,6165
10,6166
2,6167
13,6168
36,6169
30,6170
39,6171
12,6172
0,6173
0,6174
12,6175
17,6176
21,6177
28,6178
14,6179
4,6180
12,6181
17,6182
17,6183
24,6184
6,6185
16,6186
28,6187
21,6188
39,6189
8,6190
0,6191
4,6192
0,6193
21,6194
17,6195
25,6196
36,6197
33,6198
5,6199
23,6200
10,6201
37,6202
30,6203
32,6204
6,6205
18,6206
31,6207
31,6208
18,6209
19,6210
34,6211
16,6212
39,6213
32,6214
39,6215
27,6216
32,6217
0,6218
33,6219
31,6220
24,6221
39,6222
33,6223
37,6224
3,6225
9,6226
16,6227
25,6228
15,6229
21,6230
17,6231
37,6232
9,6233
18,6234
28,6235
39,6236
1,6237
33,6238
0,6239
33,6240
6,6241
7,6242
28,6243
32,6244
7,6245
0,6246
10,6247
10,6248
1,6249
13,6250
10,6251
32,6252
31,6253
18,6254
7,6255
29,6256
21,6257
21,6258
33,6259
33,6260
20,6261
30,6262
12,6263
16,6264
12,6265
39,6266
0,6267
15,6268
17,6269
3,6270
8,6271
14,6272
35,6273
11,6274
10,6275
19,6276
19,6277
20,6278
30,6279
32,6280
9,6281
3,6282
28,6283
39,6284
35,6285
1,6286
5,6287
18,6288
4,6289
0,6290
8,6291
21,6292
8,6293
11,6294
17,6295
39,6296
31,6297
27,6298
38,6299
25,6300
3,6301
38,6302
24,6303
25,6304
25,6305
23,6306
38,6307
11,6308
9,6309
7,6310
20,6311
8,6312
26,6313
4,6314
8,6315
12,6316
34,6317
22,6318
14,6319
24,6320
37,6321
35,6322
28,6323
9,6324
11,6325
4,6326
39,6327
1,6328
15,6329
23,6330
30,6331
39,6332
9,6333
37,6334
3,6335
18,6336
35,6337
25,6338
10,6339
2,6340
4,6341
24,6342
31,6343
11,6344
24,6345
21,6346
1,6347
11,6348
38,6349
36,6350
2,6351
9,6352
3,6353
2,6354
12,6355
39,6356
29,6357
19,6358
26,6359
36,6360
10,6361
8,6362
14,6363
8,6364
25,6365
23,6366
21,6367
22,6368
37,6369
24,6370
37,6371
6,6372
35,6373
21,6374
0,6375
5,6376
27,6377
14,6378
25,6379
29,6380
38,6381
6,6382
27,6383
34,6384
18,6385
28,6386
11,6387
9,6388
39,6389
24,6390
37,6391
30,6392
16,6393
17,6394
34,6395
13,6396
21,6397
33,6398
7,6399
8,6400
24,6401
5,6402
32,6403
32,6404
39,6405
39,6406
30,6407
32,6408
18,6409
28,6410
22,6411
23,6412
11,6413
3,6414
39,6415
28,6416
25,6417
30,6418
18,6419
39,6420
27,6421
0,6422
36,6423
27,6424
28,6425
38,6426
38,6427
16,6428
21,6429
38,6430
5,6431
35,6432
14,6433
30,6434
24,6435
24,6436
7,6437
25,6438
4,6439
15,6440
17,6441
10,6442
5,6443
5,6444
6,6445
37,6446
39,6447
37,6448
39,6449
14,6450
29,6451
13,6452
27,6453
21,6454
32,6455
39,6456
14,6457
30,6458
38,6459
39,6460
9,6461
21,6462
22,6463
0,6464
17,6465
6,6466
5,6467
19,6468
13,6469
32,6470
6,6471
38,6472
17,6473
23,6474
9,6475
2,6476
12,6477
23,6478
13,6479
17,6480
7,6481
23,6482
26,6483
1,6484
28,6485
22,6486
39,6487
21,6488
16,6489
30,6490
39,6491
9,6492
21,6493
9,6494
17,6495
25,6496
2,6497
22,6498
24,6499
3,6500
31,6501
7,6502
18,6503
4,6504
15,6505
1,6506
24,6507
26,6508
2,6509
4,6510
18,6511
19,6512
39,6513
0,6514
21,6515
13,6516
29,6517
19,6518
39,6519
29,6520
34,6521
21,6522
13,6523
12,6524
28,6525
27,6526
14,6527
31,6528
5,6529
7,6530
28,6531
28,6532
10,6533
39,6534
26,6535
17,6536
17,6537
28,6538
18,6539
36,6540
33,6541
39,6542
39,6543
18,6544
1,6545
20,6546
38,6547
32,6548
0,6549
21,6550
9,6551
17,6552
39,6553
32,6554
22,6555
15,6556
29,6557
29,6558
39,6559
34,6560
16,6561
35,6562
21,6563
15,6564
29,6565
6,6566
18,6567
24,6568
2,6569
18,6570
0,6571
21,6572
17,6573
1,6574
2,6575
23,6576
23,6577
30,6578
30,6579
12,6580
39,6581
28,6582
30,6583
32,6584
1,6585
37,6586
24,6587
28,6588
38,6589
24,6590
6,6591
8,6592
35,6593
27,6594
16,6595
2,6596
17,6597
30,6598
27,6599
8,6600
27,6601
20,6602
29,6603
30,6604
12,6605
9,6606
1,6607
2,6608
13,6609
32,6610
9,6611
2,6612
17,6613
39,6614
34,6615
38,6616
9,6617
12,6618
5,6619
4,6620
4,6621
11,6622
19,6623
8,6624
19,6625
17,6626
5,6627
5,6628
19,6629
32,6630
8,6631
33,6632
32,6633
30,6634
27,6635
20,6636
7,6637
1,6638
13,6639
23,6640
29,6641
4,6642
36,6643
4,6644
25,6645
17,6646
20,6647
18,6648
25,6649
9,6650
2,6651
33,6652
7,6653
4,6654
20,6655
34,6656
32,6657
20,6658
12,6659
25,6660
10,6661
16,6662
10,6663
29,6664
13,6665
36,6666
39,6667
32,6668
31,6669
8,6670
5,6671
34,6672
23,6673
27,6674
23,6675
29,6676
22,6677
3,6678
25,6679
6,6680
19,6681
14,6682
17,6683
7,6684
26,6685
2,6686
35,6687
17,6688
22,6689
34,6690
22,6691
29,6692
11,6693
18,6694
30,6695
28,6696
8,6697
33,6698
14,6699
17,6700
31,6701
19,6702
3,6703
8,6704
12,6705
9,6706
28,6707
8,6708
5,6709
27,6710
26,6711
36,6712
28,6713
11,6714
12,6715
21,6716
4,6717
0,6718
24,6719
9,6720
13,6721
9,6722
30,6723
39,6724
10,6725
4,6726
36,6727
39,6728
27,6729
16,6730
16,6731
14,6732
31,6733
4,6734
35,6735
4,6736
33,6737
0,6738
34,6739
37,6740
27,6741
20,6742
39,6743
18,6744
7,6745
34,6746
22,6747
15,6748
39,6749
10,6750
26,6751
31,6752
21,6753
8,6754
17,6755
10,6756
25,6757
2,6758
4,6759
5,6760
20,6761
0,6762
10,6763
29,6764
16,6765
33,6766
25,6767
7,6768
24,6769
2,6770
24,6771
27,6772
29,6773
7,6774
24,6775
39,6776
0,6777
39,6778
20,6779
25,6780
17,6781
18,6782
35,6783
30,6784
24,6785
6,6786
37,6787
24,6788
16,6789
18,6790
1,6791
39,6792
24,6793
20,6794
26,6795
16,6796
29,6797
37,6798
10,6799
26,6800
39,6801
34,6802
10,6803
12,6804
24,6805
32,6806
5,6807
34,6808
6,6809
3,6810
26,6811
15,6812
20,6813
28,6814
2,6815
33,6816
23,6817
6,6818
17,6819
30,6820
32,6821
31,6822
15,6823
36,6824
21,6825
17,6826
18,6827
19,6828
31,6829
17,6830
21,6831
31,6832
21,6833
27,6834
26,6835
37,6836
31,6837
12,6838
14,6839
9,6840
7,6841
36,6842
33,6843
5,6844
11,6845
19,6846
28,6847
38,6848
34,6849
33,6850
14,6851
29,6852
22,6853
31,6854
9,6855
33,6856
12,6857
27,6858
28,6859
30,6860
35,6861
23,6862
37,6863
28,6864
11,6865
1,6866
39,6867
7,6868
16,6869
11,6870
24,6871
2,6872
36,6873
15,6874
22,6875
0,6876
6,6877
17,6878
16,6879
15,6880
34,6881
9,6882
7,6883
13,6884
19,6885
1,6886
27,6887
34,6888
24,6889
32,6890
23,6891
33,6892
7,6893
21,6894
37,6895
35,6896
28,6897
34,6898
23,6899
8,6900
34,6901
39,6902
0,6903
24,6904
20,6905
28,6906
8,6907
32,6908
11,6909
1,6910
0,6911
34,6912
31,6913
31,6914
29,6915
5,6916
35,6917
28,6918
21,6919
11,6920
37,6921
15,6922
22,6923
19,6924
31,6925
36,6926
0,6927
1,6928
27,6929
26,6930
17,6931
39,6932
32,6933
33,6934
26,6935
3,6936
30,6937
3,6938
9,6939
21,6940
14,6941
27,6942
5,6943
18,6944
27,6945
23,6946
2,6947
37,6948
14,6949
16,6950
14,6951
31,6952
12,6953
7,6954
24,6955
25,6956
22,6957
11,6958
39,6959
16,6960
13,6961
25,6962
9,6963
35,6964
37,6965
30,6966
25,6967
5,6968
18,6969
4,6970
0,6971
24,6972
8,6973
35,6974
10,6975
39,6976
37,6977
17,6978
39,6979
3,6980
27,6981
8,6982
19,6983
28,6984
20,6985
3,6986
0,6987
20,6988
14,6989
31,6990
28,6991
21,6992
20,6993
33,6994
35,6995
32,6996
39,6997
21,6998
39,6999
12,7000
13,7001
11,7002
13,7003
39,7004
30,7005
2,7006
31,7007
22,7008
23,7009
12,7010
31,7011
39,7012
11,7013
24,7014
2,7015
4,7016
33,7017
16,7018
2,7019
10,7020
26,7021
6,7022
18,7023
23,7024
11,7025
21,7026
24,7027
13,7028
27,7029
13,7030
33,7031
8,7032
34,7033
15,7034
17,7035
8,7036
32,7037
1,7038
39,7039
7,7040
1,7041
25,7042
21,7043
6,7044
33,7045
25,7046
29,7047
17,7048
33,7049
33,7050
11,7051
32,7052
15,7053
24,7054
38,7055
4,7056
6,7057
22,7058
31,7059
18,7060
27,7061
11,7062
1,7063
2,7064
8,7065
32,7066
0,7067
39,7068
24,7069
39,7070
20,7071
1,7072
24,7073
36,7074
39,7075
29,7076
2,7077
38,7078
34,7079
31,7080
8,7081
11,7082
28,7083
39,7084
26,7085
22,7086
1,7087
39,7088
18,7089
19,7090
7,7091
32,7092
9,7093
10,7094
32,7095
18,7096
2,7097
17,7098
22,7099
11,7100
22,7101
36,7102
15,7103
32,7104
1,7105
5,7106
3,7107
16,7108
10,7109
5,7110
29,7111
39,7112
20,7113
8,7114
4,7115
16,7116
37,7117
14,7118
32,7119
20,7120
5,7121
19,7122
24,7123
6,7124
37,7125
18,7126
21,7127
15,7128
19,7129
16,7130
2,7131
12,7132
30,7133
27,7134
30,7135
39,7136
22,7137
8,7138
28,7139
29,7140
12,7141
35,7142
18,7143
25,7144
4,7145
37,7146
3,7147
37,7148
39,7149
31,7150
33,7151
1,7152
11,7153
6,7154
23,7155
6,7156
11,7157
24,7158
23,7159
30,7160
5,7161
27,7162
30,7163
25,7164
33,7165
31,7166
6,7167
33,7168
28,7169
15,7170
22,7171
4,7172
20,7173
2,7174
7,7175
24,7176
4,7177
7,7178
10,7179
0,7180
34,7181
32,7182
13,7183
5,7184
12,7185
3,7186
11,7187
37,7188
4,7189
33,7190
38,7191
33,7192
14,7193
25,7194
4,7195
39,7196
28,7197
0,7198
0,7199
39,7200
12,7201
39,7202
9,7203
34,7204
10,7205
2,7206
13,7207
35,7208
7,7209
36,7210
6,7211
17,7212
21,7213
10,7214
13,7215
37,7216
21,7217
33,7218
36,7219
35,7220
14,7221
22,7222
24,7223
24,7224
22,7225
18,7226
1,7227
11,7228
12,7229
26,7230
27,7231
20,7232
30,7233
27,7234
19,7235
19,7236
34,7237
32,7238
14,7239
7,7240
33,7241
11,7242
38,7243
7,7244
32,7245
19,7246
28,7247
39,7248
1,7249
5,7250
20,7251
26,7252
10,7253
14,7254
4,7255
16,7256
34,7257
22,7258
23,7259
36,7260
39,7261
19,7262
20,7263
5,7264
15,7265
33,7266
16,7267
18,7268
1,7269
20,7270
0,7271
9,7272
25,7273
39,7274
16,7275
8,7276
35,7277
5,7278
13,7279
30,7280
0,7281
28,7282
34,7283
11,7284
18,7285
6,7286
30,7287
3,7288
22,7289
14,7290
3,7291
34,7292
2,7293
14,7294
25,7295
18,7296
28,7297
20,7298
12,7299
6,7300
31,7301
17,7302
2,7303
2,7304
3,7305
11,7306
38,7307
38,7308
15,7309
9,7310
8,7311
5,7312
20,7313
8,7314
7,7315
23,7316
30,7317
23,7318
23,7319
18,7320
2,7321
21,7322
21,7323
9,7324
36,7325
25,7326
16,7327
29,7328
39,7329
28,7330
9,7331
27,7332
20,7333
21,7334
16,7335
32,7336
39,7337
7,7338
18,7339
30,7340
9,7341
32,7342
39,7343
0,7344
36,7345
23,7346
11,7347
39,7348
29,7349
7,7350
29,7351
26,7352
13,7353
8,7354
20,7355
32,7356
39,7357
24,7358
22,7359
0,7360
15,7361
39,7362
5,7363
22,7364
27,7365
37,7366
27,7367
23,7368
6,7369
22,7370
9,7371
37,7372
7,7373
11,7374
38,7375
26,7376
19,7377
31,7378
2,7379
5,7380
35,7381
36,7382
21,7383
30,7384
12,7385
31,7386
5,7387
2,7388
13,7389
10,7390
34,7391
30,7392
12,7393
32,7394
30,7395
7,7396
5,7397
19,7398
23,7399
24,7400
28,7401
39,7402
28,7403
14,7404
34,7405
27,7406
23,7407
26,7408
20,7409
11,7410
28,7411
21,7412
18,7413
26,7414
31,7415
27,7416
33,7417
27,7418
29,7419
38,7420
13,7421
23,7422
34,7423
8,7424
27,7425
28,7426
19,7427
22,7428
29,7429
34,7430
37,7431
3,7432
34,7433
7,7434
16,7435
1,7436
33,7437
16,7438
10,7439
14,7440
28,7441
15,7442
39,7443
32,7444
39,7445
27,7446
31,7447
3,7448
30,7449
12,7450
26,7451
5,7452
34,7453
11,7454
11,7455
10,7456
35,7457
19,7458
14,7459
9,7460
25,7461
37,7462
38,7463
31,7464
29,7465
39,7466
23,7467
35,7468
27,7469
16,7470
13,7471
12,7472
4,7473
38,7474
5,7475
38,7476
36,7477
21,7478
35,7479
28,7480
22,7481
19,7482
30,7483
27,7484
28,7485
3,7486
25,7487
32,7488
6,7489
27,7490
39,7491
11,7492
18,7493
31,7494
6,7495
8,7496
27,7497
34,7498
0,7499
7,7500
24,7501
35,7502
11,7503
13,7504
30,7505
12,7506
15,7507
15,7508
11,7509
34,7510
39,7511
24,7512
5,7513
20,7514
5,7515
22,7516
28,7517
27,7518
9,7519
14,7520
32,7521
19,7522
39,7523
33,7524
28,7525
21,7526
17,7527
10,7528
16,7529
23,7530
6,7531
20,7532
39,7533
28,7534
32,7535
39,7536
24,7537
29,7538
39,7539
39,7540
10,7541
14,7542
25,7543
7,7544
5,7545
27,7546
15,7547
4,7548
7,7549
36,7550
16,7551
11,7552
19,7553
21,7554
19,7555
23,7556
7,7557
30,7558
24,7559
5,7560
35,7561
37,7562
21,7563
4,7564
3,7565
7,7566
32,7567
13,7568
30,7569
30,7570
19,7571
15,7572
14,7573
11,7574
25,7575
33,7576
33,7577
33,7578
25,7579
33,7580
0,7581
14,7582
16,7583
27,7584
20,7585
28,7586
39,7587
9,7588
16,7589
16,7590
18,7591
27,7592
29,7593
9,7594
9,7595
21,7596
24,7597
20,7598
5,7599
11,7600
0,7601
25,7602
4,7603
2,7604
10,7605
36,7606
39,7607
1,7608
27,7609
32,7610
28,7611
39,7612
29,7613
25,7614
14,7615
3,7616
30,7617
39,7618
17,7619
20,7620
26,7621
28,7622
21,7623
25,7624
23,7625
20,7626
25,7627
7,7628
32,7629
9,7630
18,7631
35,7632
10,7633
27,7634
24,7635
25,7636
25,7637
34,7638
18,7639
32,7640
33,7641
14,7642
27,7643
31,7644
34,7645
23,7646
9,7647
34,7648
9,7649
21,7650
12,7651
13,7652
39,7653
24,7654
24,7655
35,7656
23,7657
1,7658
5,7659
35,7660
23,7661
30,7662
16,7663
2,7664
7,7665
8,7666
0,7667
31,7668
7,7669
26,7670
7,7671
30,7672
36,7673
37,7674
37,7675
32,7676
39,7677
25,7678
8,7679
9,7680
29,7681
2,7682
34,7683
3,7684
22,7685
28,7686
13,7687
38,7688
8,7689
5,7690
14,7691
22,7692
1,7693
38,7694
26,7695
31,7696
8,7697
36,7698
26,7699
17,7700
20,7701
27,7702
29,7703
39,7704
23,7705
33,7706
27,7707
8,7708
28,7709
9,7710
30,7711
39,7712
22,7713
24,7714
29,7715
34,7716
6,7717
33,7718
7,7719
1,7720
36,7721
39,7722
29,7723
2,7724
1,7725
1,7726
12,7727
28,7728
17,7729
39,7730
16,7731
35,7732
1,7733
19,7734
31,7735
3,7736
20,7737
39,7738
9,7739
10,7740
5,7741
11,7742
28,7743
8,7744
3,7745
35,7746
37,7747
19,7748
37,7749
11,7750
38,7751
23,7752
4,7753
32,7754
36,7755
39,7756
5,7757
21,7758
10,7759
14,7760
36,7761
26,7762
28,7763
5,7764
25,7765
39,7766
30,7767
19,7768
5,7769
36,7770
35,7771
29,7772
39,7773
38,7774
9,7775
33,7776
1,7777
39,7778
4,7779
31,7780
24,7781
17,7782
21,7783
8,7784
35,7785
2,7786
32,7787
6,7788
13,7789
22,7790
5,7791
18,7792
1,7793
39,7794
22,7795
19,7796
39,7797
18,7798
19,7799
34,7800
8,7801
11,7802
19,7803
38,7804
32,7805
27,7806
39,7807
33,7808
28,7809
32,7810
39,7811
31,7812
29,7813
23,7814
12,7815
1,7816
11,7817
1,7818
39,7819
11,7820
14,7821
32,7822
10,7823
12,7824
20,7825
18,7826
34,7827
27,7828
11,7829
5,7830
27,7831
23,7832
20,7833
38,7834
33,7835
21,7836
19,7837
39,7838
24,7839
2,7840
7,7841
35,7842
20,7843
35,7844
17,7845
19,7846
25,7847
21,7848
4,7849
39,7850
1,7851
5,7852
29,7853
39,7854
38,7855
13,7856
7,7857
10,7858
33,7859
38,7860
16,7861
0,7862
4,7863
39,7864
36,7865
6,7866
9,7867
23,7868
13,7869
8,7870
8,7871
20,7872
7,7873
16,7874
32,7875
7,7876
15,7877
27,7878
32,7879
30,7880
12,7881
18,7882
7,7883
23,7884
8,7885
39,7886
31,7887
39,7888
39,7889
25,7890
36,7891
34,7892
37,7893
39,7894
2,7895
10,7896
28,7897
22,7898
25,7899
39,7900
17,7901
6,7902
13,7903
39,7904
39,7905
39,7906
25,7907
6,7908
27,7909
34,7910
37,7911
18,7912
24,7913
10,7914
7,7915
31,7916
29,7917
34,7918
19,7919
5,7920
24,7921
1,7922
39,7923
14,7924
34,7925
14,7926
28,7927
38,7928
37,7929
15,7930
15,7931
32,7932
39,7933
9,7934
27,7935
21,7936
16,7937
14,7938
22,7939
20,7940
22,7941
32,7942
7,7943
19,7944
11,7945
12,7946
21,7947
11,7948
24,7949
11,7950
39,7951
39,7952
2,7953
33,7954
30,7955
5,7956
35,7957
28,7958
38,7959
18,7960
19,7961
24,7962
39,7963
17,7964
31,7965
24,7966
24,7967
13,7968
39,7969
24,7970
22,7971
30,7972
9,7973
25,7974
17,7975
36,7976
32,7977
0,7978
28,7979
34,7980
29,7981
17,7982
25,7983
26,7984
6,7985
15,7986
11,7987
12,7988
9,7989
3,7990
29,7991
16,7992
2,7993
4,7994
37,7995
9,7996
29,7997
10,7998
1,7999
5,8000
7,8001
32,8002
39,8003
10,8004
32,8005
21,8006
35,8007
1,8008
6,8009
38,8010
32,8011
20,8012
38,8013
4,8014
20,8015
31,8016
27,8017
32,8018
6,8019
34,8020
32,8021
17,8022
10,8023
20,8024
6,8025
28,8026
38,8027
4,8028
20,8029
3,8030
12,8031
0,8032
21,8033
0,8034
21,8035
3,8036
2,8037
0,8038
32,8039
39,8040
36,8041
36,8042
22,8043
0,8044
3,8045
26,8046
28,8047
28,8048
22,8049
38,8050
29,8051
25,8052
16,8053
35,8054
20,8055
24,8056
2,8057
6,8058
13,8059
9,8060
37,8061
28,8062
31,8063
2,8064
17,8065
35,8066
34,8067
15,8068
36,8069
12,8070
12,8071
17,8072
2,8073
31,8074
16,8075
2,8076
2,8077
5,8078
37,8079
3,8080
24,8081
37,8082
39,8083
1,8084
27,8085
38,8086
14,8087
1,8088
39,8089
5,8090
29,8091
27,8092
0,8093
5,8094
23,8095
19,8096
5,8097
6,8098
18,8099
21,8100
38,8101
34,8102
10,8103
4,8104
10,8105
30,8106
12,8107
1,8108
0,8109
7,8110
26,8111
32,8112
31,8113
16,8114
2,8115
4,8116
24,8117
5,8118
29,8119
39,8120
9,8121
17,8122
33,8123
9,8124
22,8125
6,8126
32,8127
18,8128
31,8129
35,8130
21,8131
7,8132
16,8133
10,8134
39,8135
38,8136
5,8137
32,8138
17,8139
23,8140
23,8141
27,8142
29,8143
39,8144
13,8145
10,8146
10,8147
32,8148
31,8149
8,8150
30,8151
37,8152
20,8153
33,8154
3,8155
2,8156
0,8157
37,8158
7,8159
18,8160
11,8161
2,8162
16,8163
18,8164
32,8165
39,8166
22,8167
28,8168
31,8169
30,8170
18,8171
21,8172
27,8173
35,8174
31,8175
13,8176
2,8177
38,8178
4,8179
16,8180
21,8181
24,8182
8,8183
29,8184
30,8185
6,8186
10,8187
9,8188
19,8189
13,8190
34,8191
15,8192
15,8193
5,8194
24,8195
39,8196
7,8197
3,8198
23,8199
2,8200
6,8201
23,8202
18,8203
28,8204
39,8205
38,8206
36,8207
39,8208
34,8209
29,8210
21,8211
0,8212
39,8213
23,8214
8,8215
23,8216
3,8217
30,8218
22,8219
24,8220
37,8221
21,8222
14,8223
26,8224
39,8225
28,8226
3,8227
11,8228
19,8229
39,8230
21,8231
19,8232
2,8233
30,8234
13,8235
25,8236
24,8237
23,8238
20,8239
22,8240
32,8241
10,8242
39,8243
7,8244
11,8245
2,8246
6,8247
9,8248
27,8249
37,8250
7,8251
22,8252
18,8253
26,8254
27,8255
1,8256
13,8257
14,8258
22,8259
16,8260
17,8261
22,8262
3,8263
34,8264
15,8265
7,8266
4,8267
27,8268
36,8269
32,8270
28,8271
14,8272
5,8273
27,8274
3,8275
0,8276
23,8277
38,8278
18,8279
18,8280
24,8281
8,8282
23,8283
22,8284
20,8285
22,8286
30,8287
10,8288
34,8289
22,8290
24,8291
2,8292
25,8293
18,8294
34,8295
5,8296
27,8297
33,8298
23,8299
30,8300
29,8301
27,8302
15,8303
23,8304
33,8305
39,8306
39,8307
22,8308
28,8309
22,8310
20,8311
35,8312
37,8313
13,8314
20,8315
39,8316
32,8317
6,8318
23,8319
34,8320
28,8321
7,8322
6,8323
7,8324
17,8325
19,8326
31,8327
3,8328
18,8329
18,8330
21,8331
11,8332
36,8333
24,8334
4,8335
39,8336
30,8337
24,8338
15,8339
26,8340
13,8341
16,8342
37,8343
6,8344
38,8345
7,8346
0,8347
19,8348
28,8349
17,8350
30,8351
2,8352
13,8353
30,8354
21,8355
26,8356
8,8357
21,8358
4,8359
16,8360
13,8361
23,8362
14,8363
11,8364
36,8365
39,8366
16,8367
0,8368
21,8369
17,8370
10,8371
31,8372
16,8373
39,8374
31,8375
15,8376
7,8377
22,8378
1,8379
8,8380
5,8381
19,8382
38,8383
21,8384
2,8385
4,8386
39,8387
32,8388
20,8389
39,8390
16,8391
28,8392
33,8393
21,8394
34,8395
26,8396
27,8397
32,8398
21,8399
7,8400
34,8401
21,8402
5,8403
6,8404
17,8405
28,8406
11,8407
1,8408
3,8409
8,8410
0,8411
34,8412
36,8413
2,8414
5,8415
7,8416
16,8417
14,8418
8,8419
32,8420
7,8421
21,8422
36,8423
37,8424
39,8425
12,8426
5,8427
11,8428
1,8429
9,8430
37,8431
27,8432
0,8433
18,8434
28,8435
30,8436
13,8437
1,8438
34,8439
9,8440
37,8441
25,8442
26,8443
25,8444
10,8445
31,8446
8,8447
14,8448
16,8449
17,8450
0,8451
24,8452
38,8453
1,8454
39,8455
38,8456
7,8457
39,8458
34,8459
11,8460
3,8461
6,8462
13,8463
38,8464
5,8465
10,8466
37,8467
1,8468
39,8469
12,8470
22,8471
12,8472
14,8473
4,8474
18,8475
38,8476
32,8477
2,8478
25,8479
7,8480
24,8481
5,8482
20,8483
4,8484
34,8485
37,8486
18,8487
19,8488
33,8489
28,8490
28,8491
38,8492
5,8493
18,8494
19,8495
3,8496
10,8497
13,8498
17,8499
8,8500
24,8501
0,8502
18,8503
27,8504
26,8505
21,8506
4,8507
10,8508
26,8509
7,8510
38,8511
1,8512
5,8513
21,8514
31,8515
18,8516
20,8517
34,8518
5,8519
3,8520
6,8521
31,8522
2,8523
38,8524
17,8525
25,8526
9,8527
6,8528
7,8529
22,8530
34,8531
10,8532
14,8533
11,8534
26,8535
17,8536
12,8537
13,8538
15,8539
29,8540
7,8541
35,8542
0,8543
39,8544
34,8545
32,8546
39,8547
17,8548
22,8549
2,8550
19,8551
21,8552
9,8553
23,8554
29,8555
33,8556
28,8557
33,8558
9,8559
37,8560
15,8561
5,8562
7,8563
4,8564
0,8565
4,8566
3,8567
10,8568
39,8569
1,8570
20,8571
27,8572
33,8573
23,8574
9,8575
8,8576
1,8577
28,8578
38,8579
11,8580
39,8581
8,8582
9,8583
29,8584
16,8585
17,8586
39,8587
39,8588
21,8589
25,8590
33,8591
16,8592
20,8593
39,8594
14,8595
17,8596
27,8597
15,8598
38,8599
34,8600
0,8601
25,8602
20,8603
35,8604
10,8605
5,8606
37,8607
17,8608
39,8609
39,8610
9,8611
8,8612
8,8613
0,8614
39,8615
38,8616
34,8617
7,8618
0,8619
7,8620
36,8621
17,8622
26,8623
12,8624
9,8625
32,8626
18,8627
29,8628
39,8629
24,8630
39,8631
32,8632
2,8633
9,8634
38,8635
16,8636
37,8637
23,8638
11,8639
30,8640
3,8641
11,8642
39,8643
1,8644
34,8645
15,8646
25,8647
16,8648
4,8649
16,8650
21,8651
17,8652
22,8653
23,8654
20,8655
32,8656
32,8657
8,8658
29,8659
39,8660
19,8661
19,8662
1,8663
37,8664
36,8665
18,8666
23,8667
34,8668
30,8669
37,8670
0,8671
33,8672
22,8673
37,8674
3,8675
26,8676
5,8677
29,8678
17,8679
18,8680
31,8681
0,8682
39,8683
34,8684
7,8685
29,8686
33,8687
27,8688
0,8689
34,8690
34,8691
37,8692
36,8693
37,8694
39,8695
9,8696
23,8697
31,8698
24,8699
35,8700
20,8701
39,8702
38,8703
28,8704
32,8705
35,8706
26,8707
34,8708
16,8709
1,8710
30,8711
19,8712
30,8713
3,8714
12,8715
35,8716
1,8717
14,8718
16,8719
31,8720
17,8721
16,8722
31,8723
24,8724
4,8725
34,8726
17,8727
27,8728
38,8729
4,8730
11,8731
13,8732
19,8733
12,8734
34,8735
21,8736
36,8737
19,8738
32,8739
7,8740
8,8741
39,8742
28,8743
11,8744
16,8745
16,8746
33,8747
28,8748
34,8749
26,8750
1,8751
32,8752
8,8753
33,8754
27,8755
15,8756
4,8757
37,8758
39,8759
24,8760
31,8761
36,8762
24,8763
21,8764
36,8765
38,8766
31,8767
19,8768
27,8769
2,8770
32,8771
13,8772
10,8773
19,8774
39,8775
0,8776
19,8777
0,8778
29,8779
21,8780
35,8781
37,8782
20,8783
39,8784
24,8785
25,8786
27,8787
29,8788
23,8789
11,8790
1,8791
12,8792
30,8793
6,8794
24,8795
32,8796
6,8797
33,8798
14,8799
9,8800
17,8801
32,8802
36,8803
13,8804
12,8805
17,8806
10,8807
0,8808
2,8809
30,8810
20,8811
27,8812
8,8813
0,8814
20,8815
39,8816
28,8817
1,8818
11,8819
33,8820
15,8821
39,8822
39,8823
31,8824
2,8825
31,8826
33,8827
2,8828
33,8829
23,8830
12,8831
33,8832
3,8833
13,8834
29,8835
4,8836
6,8837
10,8838
39,8839
20,8840
17,8841
18,8842
35,8843
29,8844
22,8845
17,8846
22,8847
12,8848
30,8849
38,8850
27,8851
24,8852
39,8853
17,8854
36,8855
39,8856
7,8857
6,8858
30,8859
27,8860
36,8861
15,8862
30,8863
8,8864
38,8865
5,8866
27,8867
33,8868
39,8869
18,8870
35,8871
32,8872
0,8873
32,8874
10,8875
17,8876
7,8877
11,8878
38,8879
16,8880
19,8881
1,8882
5,8883
9,8884
17,8885
37,8886
17,8887
27,8888
31,8889
22,8890
33,8891
28,8892
19,8893
32,8894
23,8895
18,8896
7,8897
30,8898
16,8899
23,8900
0,8901
39,8902
5,8903
38,8904
4,8905
39,8906
34,8907
30,8908
28,8909
34,8910
5,8911
38,8912
14,8913
11,8914
25,8915
39,8916
36,8917
30,8918
12,8919
30,8920
31,8921
8,8922
27,8923
16,8924
31,8925
20,8926
3,8927
33,8928
29,8929
28,8930
3,8931
31,8932
8,8933
12,8934
31,8935
15,8936
22,8937
28,8938
33,8939
37,8940
18,8941
19,8942
23,8943
31,8944
18,8945
27,8946
39,8947
10,8948
22,8949
36,8950
11,8951
0,8952
39,8953
30,8954
35,8955
39,8956
9,8957
22,8958
32,8959
39,8960
27,8961
32,8962
9,8963
32,8964
25,8965
39,8966
26,8967
17,8968
34,8969
22,8970
17,8971
1,8972
29,8973
23,8974
18,8975
7,8976
11,8977
9,8978
8,8979
12,8980
39,8981
5,8982
36,8983
4,8984
4,8985
31,8986
5,8987
39,8988
9,8989
17,8990
10,8991
2,8992
3,8993
0,8994
10,8995
0,8996
37,8997
19,8998
31,8999
21,9000
6,9001
13,9002
24,9003
36,9004
39,9005
38,9006
38,9007
23,9008
37,9009
28,9010
31,9011
12,9012
7,9013
0,9014
7,9015
31,9016
34,9017
6,9018
13,9019
34,9020
18,9021
5,9022
9,9023
21,9024
27,9025
8,9026
26,9027
3,9028
25,9029
11,9030
38,9031
25,9032
38,9033
20,9034
22,9035
25,9036
17,9037
27,9038
16,9039
16,9040
22,9041
39,9042
20,9043
14,9044
26,9045
19,9046
14,9047
37,9048
32,9049
15,9050
26,9051
23,9052
8,9053
6,9054
33,9055
32,9056
9,9057
12,9058
30,9059
3,9060
39,9061
33,9062
27,9063
27,9064
12,9065
7,9066
25,9067
39,9068
39,9069
13,9070
22,9071
19,9072
21,9073
6,9074
37,9075
27,9076
33,9077
37,9078
17,9079
28,9080
0,9081
5,9082
7,9083
30,9084
8,9085
2,9086
12,9087
22,9088
17,9089
35,9090
3,9091
16,9092
34,9093
22,9094
13,9095
9,9096
24,9097
6,9098
22,9099
2,9100
24,9101
5,9102
36,9103
39,9104
24,9105
19,9106
38,9107
31,9108
13,9109
34,9110
25,9111
31,9112
6,9113
7,9114
5,9115
4,9116
5,9117
30,9118
39,9119
22,9120
34,9121
30,9122
1,9123
28,9124
30,9125
25,9126
10,9127
21,9128
17,9129
16,9130
8,9131
13,9132
26,9133
32,9134
39,9135
26,9136
39,9137
30,9138
9,9139
8,9140
14,9141
23,9142
16,9143
34,9144
37,9145
39,9146
36,9147
19,9148
4,9149
3,9150
10,9151
33,9152
21,9153
0,9154
23,9155
31,9156
29,9157
7,9158
27,9159
14,9160
5,9161
14,9162
7,9163
25,9164
38,9165
32,9166
33,9167
28,9168
11,9169
38,9170
1,9171
39,9172
31,9173
5,9174
36,9175
26,9176
21,9177
17,9178
23,9179
9,9180
18,9181
1,9182
3,9183
1,9184
6,9185
37,9186
19,9187
39,9188
33,9189
37,9190
25,9191
36,9192
38,9193
36,9194
25,9195
1,9196
12,9197
16,9198
5,9199
10,9200
36,9201
22,9202
2,9203
12,9204
16,9205
3,9206
26,9207
9,9208
8,9209
25,9210
16,9211
8,9212
27,9213
31,9214
23,9215
38,9216
13,9217
14,9218
39,9219
9,9220
8,9221
19,9222
19,9223
5,9224
28,9225
14,9226
3,9227
24,9228
0,9229
31,9230
15,9231
15,9232
15,9233
4,9234
24,9235
8,9236
4,9237
29,9238
18,9239
35,9240
27,9241
20,9242
25,9243
5,9244
21,9245
33,9246
16,9247
22,9248
21,9249
8,9250
39,9251
3,9252
4,9253
11,9254
1,9255
6,9256
20,9257
3,9258
12,9259
1,9260
39,9261
39,9262
19,9263
14,9264
34,9265
5,9266
23,9267
11,9268
39,9269
23,9270
13,9271
8,9272
21,9273
39,9274
33,9275
21,9276
15,9277
13,9278
8,9279
6,9280
13,9281
35,9282
5,9283
36,9284
4,9285
25,9286
11,9287
11,9288
38,9289
16,9290
20,9291
9,9292
29,9293
30,9294
6,9295
32,9296
39,9297
2,9298
12,9299
18,9300
25,9301
9,9302
2,9303
0,9304
7,9305
32,9306
22,9307
15,9308
39,9309
8,9310
0,9311
15,9312
2,9313
9,9314
21,9315
7,9316
14,9317
21,9318
27,9319
28,9320
37,9321
3,9322
5,9323
14,9324
34,9325
22,9326
15,9327
7,9328
32,9329
14,9330
9,9331
8,9332
33,9333
12,9334
27,9335
38,9336
25,9337
32,9338
18,9339
39,9340
29,9341
3,9342
3,9343
32,9344
23,9345
33,9346
33,9347
28,9348
11,9349
13,9350
22,9351
15,9352
4,9353
28,9354
23,9355
6,9356
31,9357
28,9358
39,9359
1,9360
20,9361
3,9362
26,9363
31,9364
36,9365
39,9366
25,9367
18,9368
21,9369
7,9370
8,9371
6,9372
6,9373
32,9374
39,9375
21,9376
39,9377
33,9378
21,9379
1,9380
39,9381
37,9382
30,9383
3,9384
3,9385
26,9386
7,9387
31,9388
12,9389
1,9390
39,9391
29,9392
24,9393
37,9394
28,9395
13,9396
34,9397
39,9398
31,9399
13,9400
8,9401
30,9402
3,9403
36,9404
16,9405
31,9406
17,9407
7,9408
34,9409
6,9410
11,9411
6,9412
8,9413
35,9414
13,9415
22,9416
35,9417
18,9418
1,9419
39,9420
29,9421
3,9422
30,9423
2,9424
1,9425
39,9426
22,9427
14,9428
17,9429
3,9430
8,9431
11,9432
18,9433
12,9434
16,9435
38,9436
32,9437
18,9438
36,9439
11,9440
5,9441
5,9442
16,9443
10,9444
6,9445
30,9446
30,9447
8,9448
6,9449
17,9450
39,9451
33,9452
12,9453
17,9454
34,9455
7,9456
24,9457
39,9458
31,9459
4,9460
30,9461
3,9462
31,9463
39,9464
21,9465
14,9466
32,9467
20,9468
33,9469
36,9470
12,9471
12,9472
30,9473
39,9474
34,9475
23,9476
6,9477
8,9478
16,9479
33,9480
23,9481
19,9482
13,9483
22,9484
16,9485
3,9486
35,9487
32,9488
17,9489
35,9490
18,9491
14,9492
22,9493
35,9494
8,9495
27,9496
18,9497
18,9498
33,9499
30,9500
2,9501
36,9502
17,9503
9,9504
29,9505
23,9506
16,9507
28,9508
38,9509
31,9510
12,9511
31,9512
36,9513
18,9514
26,9515
15,9516
0,9517
1,9518
1,9519
38,9520
20,9521
18,9522
16,9523
10,9524
39,9525
39,9526
13,9527
38,9528
1,9529
14,9530
4,9531
14,9532
29,9533
30,9534
1,9535
21,9536
17,9537
37,9538
12,9539
32,9540
16,9541
27,9542
25,9543
9,9544
29,9545
24,9546
7,9547
10,9548
4,9549
33,9550
17,9551
39,9552
8,9553
12,9554
14,9555
30,9556
23,9557
0,9558
11,9559
19,9560
28,9561
28,9562
5,9563
16,9564
7,9565
4,9566
38,9567
23,9568
5,9569
18,9570
3,9571
4,9572
35,9573
19,9574
35,9575
22,9576
3,9577
16,9578
14,9579
34,9580
2,9581
9,9582
14,9583
36,9584
30,9585
27,9586
1,9587
6,9588
19,9589
24,9590
28,9591
18,9592
7,9593
5,9594
37,9595
25,9596
7,9597
4,9598
4,9599
5,9600
4,9601
18,9602
4,9603
5,9604
20,9605
5,9606
20,9607
18,9608
0,9609
3,9610
6,9611
9,9612
24,9613
23,9614
12,9615
15,9616
4,9617
0,9618
5,9619
4,9620
27,9621
17,9622
13,9623
37,9624
3,9625
27,9626
27,9627
24,9628
23,9629
1,9630
29,9631
39,9632
17,9633
32,9634
7,9635
20,9636
37,9637
39,9638
27,9639
14,9640
31,9641
8,9642
17,9643
33,9644
21,9645
36,9646
19,9647
33,9648
28,9649
32,9650
28,9651
39,9652
3,9653
35,9654
1,9655
5,9656
0,9657
33,9658
29,9659
7,9660
27,9661
29,9662
34,9663
37,9664
39,9665
5,9666
33,9667
38,9668
20,9669
39,9670
28,9671
23,9672
24,9673
21,9674
21,9675
6,9676
31,9677
7,9678
32,9679
10,9680
36,9681
39,9682
11,9683
9,9684
8,9685
24,9686
32,9687
23,9688
20,9689
25,9690
39,9691
27,9692
36,9693
39,9694
17,9695
2,9696
21,9697
22,9698
27,9699
16,9700
4,9701
15,9702
26,9703
26,9704
28,9705
22,9706
25,9707
11,9708
26,9709
6,9710
18,9711
27,9712
20,9713
27,9714
14,9715
6,9716
2,9717
30,9718
5,9719
11,9720
33,9721
38,9722
32,9723
6,9724
13,9725
32,9726
6,9727
8,9728
7,9729
3,9730
7,9731
9,9732
26,9733
11,9734
4,9735
27,9736
17,9737
22,9738
2,9739
5,9740
28,9741
31,9742
5,9743
18,9744
24,9745
10,9746
25,9747
22,9748
8,9749
22,9750
25,9751
19,9752
2,9753
34,9754
35,9755
30,9756
39,9757
32,9758
6,9759
31,9760
31,9761
31,9762
29,9763
24,9764
29,9765
6,9766
2,9767
17,9768
39,9769
23,9770
9,9771
29,9772
39,9773
14,9774
3,9775
0,9776
21,9777
17,9778
25,9779
23,9780
32,9781
39,9782
3,9783
5,9784
16,9785
5,9786
20,9787
39,9788
9,9789
37,9790
21,9791
24,9792
39,9793
16,9794
16,9795
20,9796
23,9797
6,9798
33,9799
15,9800
24,9801
34,9802
36,9803
39,9804
11,9805
39,9806
4,9807
7,9808
5,9809
15,9810
1,9811
17,9812
22,9813
16,9814
1,9815
26,9816
27,9817
12,9818
20,9819
39,9820
2,9821
31,9822
3,9823
39,9824
2,9825
18,9826
25,9827
27,9828
31,9829
10,9830
21,9831
17,9832
28,9833
39,9834
4,9835
38,9836
13,9837
25,9838
14,9839
35,9840
36,9841
11,9842
18,9843
17,9844
17,9845
36,9846
26,9847
13,9848
39,9849
10,9850
26,9851
22,9852
3,9853
11,9854
38,9855
9,9856
28,9857
37,9858
6,9859
37,9860
39,9861
30,9862
29,9863
3,9864
11,9865
24,9866
39,9867
25,9868
15,9869
6,9870
13,9871
15,9872
11,9873
24,9874
24,9875
37,9876
27,9877
24,9878
39,9879
11,9880
38,9881
3,9882
31,9883
25,9884
35,9885
34,9886
27,9887
19,9888
8,9889
28,9890
25,9891
3,9892
19,9893
22,9894
30,9895
6,9896
26,9897
9,9898
38,9899
14,9900
28,9901
27,9902
30,9903
39,9904
11,9905
28,9906
1,9907
36,9908
31,9909
13,9910
9,9911
32,9912
32,9913
39,9914
39,9915
26,9916
22,9917
27,9918
24,9919
37,9920
35,9921
10,9922
8,9923
12,9924
17,9925
33,9926
31,9927
31,9928
29,9929
34,9930
3,9931
10,9932
26,9933
8,9934
26,9935
25,9936
12,9937
15,9938
16,9939
39,9940
19,9941
39,9942
0,9943
39,9944
9,9945
7,9946
5,9947
5,9948
1,9949
24,9950
38,9951
27,9952
8,9953
11,9954
29,9955
2,9956
37,9957
37,9958
7,9959
19,9960
21,9961
23,9962
36,9963
34,9964
30,9965
36,9966
21,9967
11,9968
38,9969
2,9970
18,9971
35,9972
37,9973
3,9974
1,9975
11,9976
19,9977
6,9978
9,9979
26,9980
1,9981
5,9982
4,9983
36,9984
34,9985
34,9986
24,9987
35,9988
22,9989
12,9990
31,9991
23,9992
18,9993
0,9994
20,9995
38,9996
35,9997
3,9998
37,9999
