6,0
20,1
4,2
17,3
20,4
3,5
4,6
7,7
16,8
11,9
7,10
7,11
19,12
20,13
22,14
13,15
29,16
12,17
13,18
29,19
1,20
10,21
19,22
19,23
29,24
12,25
0,26
20,27
7,28
17,29
29,30
21,31
6,32
10,33
19,34
3,35
29,36
1,37
4,38
8,39
4,40
26,41
21,42
24,43
2,44
5,45
4,46
6,47
6,48
24,49
7,50
25,51
16,52
21,53
19,54
12,55
18,56
8,57
1,58
12,59
23,60
25,61
19,62
13,63
15,64
25,65
7,66
4,67
1,68
7,69
2,70
7,71
1,72
6,73
5,74
5,75
0,76
1,77
2,78
17,79
12,80
26,81
10,82
5,83
18,84
22,85
18,86
15,87
13,88
29,89
23,90
8,91
5,92
25,93
15,94
6,95
16,96
11,97
21,98
1,99
21,100
28,101
3,102
22,103
11,104
19,105
23,106
8,107
17,108
4,109
21,110
17,111
5,112
7,113
29,114
6,115
17,116
7,117
3,118
8,119
12,120
14,121
23,122
7,123
6,124
27,125
23,126
3,127
17,128
29,129
4,130
26,131
15,132
12,133
2,134
6,135
20,136
12,137
13,138
11,139
14,140
27,141
22,142
9,143
7,144
6,145
24,146
20,147
24,148
24,149
23,150
18,151
20,152
0,153
13,154
2,155
4,156
1,157
6,158
2,159
10,160
1,161
5,162
3,163
29,164
28,165
4,166
0,167
21,168
19,169
18,170
15,171
24,172
20,173
15,174
1,175
26,176
23,177
20,178
9,179
21,180
15,181
27,182
21,183
21,184
23,185
14,186
20,187
7,188
18,189
6,190
24,191
0,192
1,193
9,194
24,195
8,196
12,197
1,198
9,199
11,200
17,201
10,202
18,203
11,204
18,205
12,206
23,207
29,208
2,209
10,210
5,211
25,212
4,213
1,214
11,215
13,216
7,217
5,218
18,219
1,220
6,221
20,222
17,223
14,224
23,225
18,226
24,227
29,228
16,229
22,230
3,231
19,232
26,233
20,234
24,235
4,236
20,237
2,238
8,239
2,240
4,241
10,242
25,243
18,244
24,245
9,246
22,247
25,248
21,249
5,250
9,251
22,252
7,253
28,254
20,255
9,256
13,257
17,258
10,259
17,260
6,261
22,262
5,263
8,264
27,265
11,266
17,267
13,268
15,269
21,270
20,271
19,272
26,273
9,274
18,275
11,276
0,277
2,278
22,279
18,280
22,281
11,282
29,283
12,284
17,285
19,286
6,287
21,288
12,289
5,290
17,291
1,292
0,293
19,294
7,295
7,296
16,297
16,298
25,299
25,300
0,301
29,302
26,303
18,304
21,305
0,306
15,307
8,308
19,309
11,310
16,311
18,312
28,313
14,314
9,315
0,316
22,317
15,318
1,319
0,320
10,321
28,322
16,323
2,324
16,325
3,326
4,327
9,328
2,329
29,330
23,331
14,332
12,333
21,334
26,335
2,336
28,337
9,338
7,339
26,340
29,341
23,342
15,343
7,344
23,345
21,346
25,347
14,348
10,349
20,350
4,351
27,352
19,353
4,354
18,355
14,356
28,357
1,358
12,359
17,360
22,361
27,362
27,363
19,364
7,365
7,366
29,367
9,368
15,369
7,370
3,371
6,372
10,373
25,374
5,375
4,376
24,377
22,378
29,379
19,380
22,381
13,382
0,383
12,384
18,385
0,386
6,387
1,388
22,389
3,390
29,391
28,392
2,393
19,394
3,395
2,396
3,397
14,398
20,399
15,400
10,401
29,402
20,403
23,404
8,405
18,406
14,407
24,408
19,409
1,410
2,411
4,412
28,413
21,414
21,415
22,416
14,417
15,418
20,419
22,420
24,421
3,422
11,423
3,424
0,425
17,426
23,427
0,428
1,429
19,430
4,431
4,432
21,433
5,434
14,435
6,436
29,437
7,438
17,439
5,440
12,441
6,442
25,443
15,444
23,445
1,446
10,447
18,448
0,449
22,450
1,451
20,452
2,453
18,454
3,455
8,456
10,457
24,458
24,459
15,460
17,461
24,462
0,463
8,464
11,465
9,466
15,467
17,468
20,469
22,470
11,471
23,472
11,473
1,474
28,475
4,476
8,477
11,478
15,479
19,480
8,481
0,482
4,483
2,484
5,485
12,486
11,487
19,488
15,489
24,490
13,491
20,492
28,493
25,494
4,495
0,496
21,497
5,498
4,499
0,500
20,501
20,502
12,503
22,504
16,505
19,506
0,507
3,508
7,509
10,510
25,511
12,512
23,513
9,514
24,515
3,516
25,517
17,518
7,519
0,520
20,521
17,522
3,523
26,524
13,525
8,526
17,527
7,528
26,529
20,530
19,531
9,532
1,533
2,534
20,535
0,536
26,537
24,538
8,539
18,540
0,541
22,542
28,543
10,544
19,545
27,546
18,547
20,548
2,549
5,550
18,551
7,552
26,553
25,554
23,555
2,556
10,557
12,558
22,559
16,560
15,561
15,562
5,563
27,564
11,565
0,566
0,567
26,568
18,569
8,570
7,571
19,572
26,573
26,574
9,575
20,576
5,577
17,578
1,579
9,580
13,581
1,582
4,583
8,584
11,585
2,586
5,587
20,588
16,589
12,590
4,591
12,592
5,593
12,594
6,595
9,596
7,597
10,598
5,599
4,600
5,601
5,602
12,603
20,604
6,605
18,606
7,607
5,608
12,609
8,610
2,611
10,612
0,613
27,614
1,615
23,616
13,617
17,618
2,619
24,620
3,621
16,622
0,623
6,624
1,625
9,626
2,627
4,628
3,629
17,630
22,631
13,632
26,633
0,634
5,635
8,636
12,637
2,638
5,639
25,640
20,641
20,642
24,643
15,644
0,645
23,646
11,647
4,648
8,649
3,650
2,651
5,652
12,653
10,654
10,655
26,656
22,657
17,658
8,659
0,660
8,661
7,662
1,663
21,664
17,665
24,666
21,667
25,668
28,669
26,670
13,671
3,672
3,673
17,674
22,675
19,676
4,677
12,678
12,679
23,680
27,681
4,682
18,683
27,684
22,685
5,686
19,687
28,688
26,689
1,690
11,691
4,692
17,693
23,694
4,695
28,696
3,697
16,698
12,699
23,700
5,701
23,702
6,703
26,704
10,705
7,706
29,707
25,708
21,709
28,710
7,711
18,712
10,713
17,714
5,715
6,716
28,717
16,718
20,719
15,720
5,721
25,722
6,723
2,724
23,725
28,726
21,727
13,728
7,729
27,730
8,731
8,732
2,733
28,734
4,735
8,736
24,737
26,738
5,739
9,740
24,741
0,742
7,743
6,744
28,745
9,746
17,747
8,748
7,749
5,750
4,751
11,752
9,753
16,754
28,755
26,756
1,757
6,758
27,759
13,760
15,761
24,762
27,763
25,764
17,765
20,766
3,767
6,768
7,769
12,770
25,771
24,772
15,773
20,774
10,775
18,776
25,777
7,778
17,779
25,780
15,781
27,782
4,783
8,784
28,785
29,786
17,787
25,788
15,789
18,790
9,791
28,792
22,793
29,794
28,795
1,796
16,797
17,798
10,799
4,800
19,801
1,802
3,803
11,804
24,805
6,806
17,807
6,808
21,809
29,810
26,811
2,812
23,813
28,814
26,815
2,816
18,817
1,818
5,819
22,820
4,821
26,822
15,823
9,824
18,825
20,826
0,827
15,828
5,829
24,830
0,831
7,832
22,833
2,834
22,835
11,836
24,837
8,838
2,839
2,840
29,841
19,842
17,843
8,844
7,845
6,846
5,847
0,848
22,849
10,850
28,851
26,852
27,853
7,854
5,855
29,856
5,857
28,858
16,859
2,860
23,861
10,862
24,863
1,864
0,865
13,866
10,867
26,868
14,869
20,870
5,871
4,872
26,873
29,874
13,875
2,876
21,877
25,878
4,879
10,880
11,881
2,882
10,883
17,884
4,885
18,886
25,887
18,888
17,889
12,890
28,891
20,892
28,893
5,894
4,895
23,896
3,897
4,898
17,899
14,900
5,901
21,902
6,903
28,904
22,905
13,906
12,907
14,908
7,909
10,910
4,911
9,912
18,913
5,914
15,915
18,916
8,917
6,918
0,919
7,920
0,921
3,922
10,923
25,924
13,925
11,926
26,927
17,928
20,929
2,930
2,931
5,932
17,933
17,934
20,935
4,936
19,937
8,938
2,939
24,940
19,941
12,942
2,943
27,944
3,945
26,946
23,947
4,948
6,949
21,950
27,951
1,952
3,953
6,954
0,955
8,956
4,957
3,958
5,959
7,960
6,961
20,962
17,963
13,964
18,965
7,966
8,967
13,968
23,969
4,970
17,971
4,972
28,973
22,974
5,975
23,976
6,977
19,978
18,979
7,980
8,981
4,982
27,983
13,984
29,985
25,986
5,987
4,988
7,989
12,990
17,991
24,992
20,993
3,994
4,995
1,996
14,997
5,998
18,999
11,1000
26,1001
6,1002
9,1003
7,1004
12,1005
20,1006
21,1007
28,1008
25,1009
28,1010
4,1011
19,1012
27,1013
1,1014
16,1015
15,1016
27,1017
24,1018
8,1019
19,1020
2,1021
8,1022
14,1023
20,1024
22,1025
27,1026
18,1027
3,1028
23,1029
20,1030
4,1031
8,1032
2,1033
1,1034
4,1035
6,1036
5,1037
17,1038
1,1039
26,1040
6,1041
28,1042
7,1043
25,1044
19,1045
25,1046
3,1047
3,1048
28,1049
3,1050
4,1051
21,1052
27,1053
23,1054
3,1055
15,1056
20,1057
29,1058
28,1059
28,1060
28,1061
6,1062
28,1063
24,1064
7,1065
20,1066
15,1067
19,1068
23,1069
14,1070
23,1071
11,1072
21,1073
5,1074
4,1075
0,1076
27,1077
12,1078
24,1079
13,1080
0,1081
1,1082
1,1083
2,1084
7,1085
3,1086
15,1087
26,1088
19,1089
3,1090
13,1091
17,1092
9,1093
0,1094
13,1095
0,1096
15,1097
1,1098
9,1099
13,1100
2,1101
10,1102
3,1103
11,1104
7,1105
8,1106
8,1107
17,1108
15,1109
9,1110
25,1111
17,1112
16,1113
11,1114
27,1115
11,1116
17,1117
6,1118
9,1119
20,1120
23,1121
9,1122
12,1123
23,1124
10,1125
23,1126
19,1127
8,1128
23,1129
7,1130
16,1131
17,1132
23,1133
20,1134
15,1135
23,1136
19,1137
9,1138
16,1139
12,1140
16,1141
26,1142
8,1143
19,1144
27,1145
27,1146
16,1147
4,1148
6,1149
5,1150
15,1151
21,1152
6,1153
15,1154
16,1155
7,1156
16,1157
5,1158
9,1159
15,1160
24,1161
18,1162
2,1163
27,1164
3,1165
1,1166
11,1167
1,1168
0,1169
22,1170
12,1171
4,1172
28,1173
17,1174
20,1175
20,1176
1,1177
6,1178
17,1179
29,1180
0,1181
0,1182
29,1183
24,1184
6,1185
2,1186
17,1187
29,1188
7,1189
12,1190
2,1191
4,1192
24,1193
1,1194
16,1195
2,1196
22,1197
8,1198
19,1199
15,1200
25,1201
4,1202
4,1203
6,1204
21,1205
5,1206
4,1207
22,1208
5,1209
2,1210
5,1211
6,1212
16,1213
7,1214
8,1215
26,1216
15,1217
29,1218
3,1219
15,1220
13,1221
29,1222
27,1223
6,1224
22,1225
5,1226
9,1227
1,1228
22,1229
3,1230
4,1231
4,1232
8,1233
9,1234
23,1235
20,1236
4,1237
21,1238
17,1239
1,1240
6,1241
28,1242
3,1243
17,1244
22,1245
22,1246
13,1247
1,1248
20,1249
9,1250
10,1251
13,1252
16,1253
29,1254
24,1255
27,1256
0,1257
6,1258
0,1259
7,1260
0,1261
8,1262
1,1263
25,1264
14,1265
16,1266
2,1267
2,1268
5,1269
3,1270
14,1271
3,1272
2,1273
28,1274
3,1275
25,1276
2,1277
28,1278
10,1279
7,1280
3,1281
17,1282
20,1283
10,1284
4,1285
2,1286
5,1287
4,1288
6,1289
21,1290
27,1291
7,1292
0,1293
16,1294
28,1295
14,1296
0,1297
0,1298
23,1299
1,1300
3,1301
2,1302
19,1303
3,1304
24,1305
22,1306
14,1307
9,1308
0,1309
8,1310
12,1311
12,1312
14,1313
23,1314
9,1315
23,1316
17,1317
1,1318
28,1319
15,1320
1,1321
28,1322
26,1323
12,1324
8,1325
2,1326
20,1327
24,1328
19,1329
29,1330
18,1331
9,1332
0,1333
7,1334
15,1335
25,1336
18,1337
19,1338
7,1339
13,1340
2,1341
7,1342
19,1343
21,1344
5,1345
23,1346
6,1347
14,1348
9,1349
27,1350
5,1351
26,1352
12,1353
13,1354
0,1355
21,1356
23,1357
1,1358
21,1359
12,1360
26,1361
27,1362
13,1363
20,1364
15,1365
15,1366
8,1367
18,1368
11,1369
17,1370
9,1371
13,1372
28,1373
2,1374
24,1375
27,1376
19,1377
20,1378
3,1379
20,1380
3,1381
14,1382
5,1383
11,1384
27,1385
22,1386
22,1387
1,1388
4,1389
8,1390
28,1391
5,1392
27,1393
6,1394
1,1395
7,1396
28,1397
16,1398
6,1399
7,1400
0,1401
8,1402
19,1403
8,1404
16,1405
0,1406
15,1407
16,1408
0,1409
12,1410
29,1411
3,1412
4,1413
15,1414
12,1415
8,1416
12,1417
28,1418
20,1419
1,1420
20,1421
14,1422
6,1423
23,1424
0,1425
19,1426
3,1427
19,1428
19,1429
15,1430
25,1431
0,1432
15,1433
23,1434
6,1435
24,1436
27,1437
23,1438
26,1439
24,1440
15,1441
19,1442
17,1443
24,1444
24,1445
21,1446
9,1447
14,1448
11,1449
13,1450
8,1451
7,1452
8,1453
17,1454
9,1455
0,1456
16,1457
29,1458
4,1459
4,1460
22,1461
29,1462
0,1463
1,1464
1,1465
7,1466
28,1467
25,1468
25,1469
2,1470
5,1471
8,1472
3,1473
17,1474
12,1475
10,1476
24,1477
29,1478
25,1479
17,1480
20,1481
8,1482
20,1483
14,1484
17,1485
13,1486
0,1487
1,1488
26,1489
17,1490
24,1491
9,1492
13,1493
5,1494
27,1495
12,1496
11,1497
28,1498
8,1499
4,1500
18,1501
8,1502
6,1503
16,1504
20,1505
9,1506
29,1507
17,1508
6,1509
24,1510
7,1511
16,1512
26,1513
13,1514
4,1515
27,1516
25,1517
14,1518
26,1519
5,1520
12,1521
6,1522
7,1523
7,1524
7,1525
29,1526
15,1527
14,1528
28,1529
3,1530
26,1531
2,1532
22,1533
23,1534
9,1535
19,1536
29,1537
25,1538
3,1539
21,1540
27,1541
0,1542
10,1543
4,1544
28,1545
5,1546
15,1547
23,1548
23,1549
25,1550
5,1551
14,1552
19,1553
17,1554
20,1555
28,1556
27,1557
1,1558
2,1559
19,1560
8,1561
4,1562
9,1563
17,1564
19,1565
25,1566
7,1567
19,1568
1,1569
6,1570
24,1571
27,1572
0,1573
24,1574
14,1575
0,1576
6,1577
1,1578
23,1579
7,1580
10,1581
2,1582
2,1583
1,1584
3,1585
8,1586
3,1587
9,1588
17,1589
6,1590
26,1591
17,1592
20,1593
1,1594
16,1595
22,1596
1,1597
5,1598
15,1599
12,1600
28,1601
16,1602
20,1603
3,1604
22,1605
28,1606
16,1607
12,1608
8,1609
22,1610
25,1611
0,1612
2,1613
2,1614
1,1615
10,1616
14,1617
15,1618
9,1619
2,1620
15,1621
23,1622
9,1623
2,1624
3,1625
4,1626
24,1627
8,1628
5,1629
27,1630
6,1631
16,1632
7,1633
10,1634
19,1635
27,1636
2,1637
28,1638
4,1639
25,1640
16,1641
5,1642
12,1643
25,1644
4,1645
21,1646
6,1647
4,1648
20,1649
22,1650
25,1651
27,1652
7,1653
18,1654
28,1655
13,1656
16,1657
11,1658
15,1659
15,1660
15,1661
17,1662
24,1663
1,1664
1,1665
3,1666
23,1667
26,1668
3,1669
22,1670
22,1671
3,1672
1,1673
0,1674
4,1675
25,1676
27,1677
5,1678
25,1679
2,1680
29,1681
6,1682
18,1683
22,1684
24,1685
20,1686
9,1687
7,1688
8,1689
22,1690
25,1691
15,1692
1,1693
29,1694
9,1695
2,1696
11,1697
1,1698
16,1699
22,1700
6,1701
9,1702
4,1703
7,1704
11,1705
11,1706
5,1707
4,1708
22,1709
6,1710
22,1711
7,1712
15,1713
14,1714
19,1715
27,1716
14,1717
11,1718
27,1719
12,1720
9,1721
14,1722
4,1723
2,1724
8,1725
16,1726
5,1727
2,1728
6,1729
15,1730
12,1731
7,1732
11,1733
15,1734
22,1735
18,1736
9,1737
27,1738
18,1739
28,1740
16,1741
23,1742
28,1743
8,1744
14,1745
26,1746
9,1747
24,1748
9,1749
19,1750
3,1751
24,1752
19,1753
0,1754
0,1755
27,1756
12,1757
10,1758
12,1759
14,1760
4,1761
2,1762
5,1763
14,1764
0,1765
23,1766
8,1767
11,1768
17,1769
17,1770
28,1771
12,1772
18,1773
26,1774
9,1775
5,1776
13,1777
3,1778
9,1779
15,1780
19,1781
18,1782
20,1783
5,1784
29,1785
0,1786
20,1787
1,1788
16,1789
8,1790
2,1791
15,1792
27,1793
3,1794
10,1795
20,1796
13,1797
10,1798
27,1799
8,1800
2,1801
27,1802
4,1803
27,1804
21,1805
25,1806
19,1807
24,1808
3,1809
20,1810
22,1811
25,1812
27,1813
27,1814
13,1815
17,1816
7,1817
17,1818
4,1819
17,1820
10,1821
29,1822
15,1823
24,1824
19,1825
17,1826
11,1827
22,1828
11,1829
28,1830
10,1831
12,1832
1,1833
17,1834
25,1835
7,1836
5,1837
15,1838
10,1839
4,1840
21,1841
22,1842
2,1843
7,1844
12,1845
8,1846
13,1847
21,1848
0,1849
10,1850
4,1851
2,1852
11,1853
20,1854
24,1855
19,1856
0,1857
13,1858
26,1859
14,1860
12,1861
13,1862
20,1863
15,1864
29,1865
28,1866
16,1867
22,1868
0,1869
1,1870
1,1871
29,1872
2,1873
27,1874
6,1875
3,1876
17,1877
0,1878
18,1879
1,1880
3,1881
2,1882
29,1883
3,1884
13,1885
17,1886
18,1887
15,1888
6,1889
17,1890
17,1891
16,1892
1,1893
14,1894
18,1895
27,1896
5,1897
0,1898
29,1899
17,1900
22,1901
11,1902
16,1903
10,1904
3,1905
15,1906
12,1907
17,1908
20,1909
10,1910
25,1911
18,1912
23,1913
25,1914
7,1915
25,1916
14,1917
21,1918
10,1919
21,1920
20,1921
21,1922
5,1923
3,1924
9,1925
27,1926
11,1927
1,1928
5,1929
0,1930
6,1931
0,1932
2,1933
18,1934
8,1935
26,1936
12,1937
12,1938
29,1939
27,1940
19,1941
19,1942
24,1943
28,1944
29,1945
17,1946
6,1947
10,1948
27,1949
1,1950
15,1951
20,1952
18,1953
10,1954
27,1955
26,1956
1,1957
7,1958
6,1959
19,1960
4,1961
24,1962
20,1963
5,1964
0,1965
19,1966
23,1967
22,1968
24,1969
15,1970
9,1971
18,1972
28,1973
14,1974
11,1975
12,1976
25,1977
27,1978
12,1979
18,1980
29,1981
27,1982
20,1983
2,1984
17,1985
20,1986
17,1987
10,1988
12,1989
26,1990
9,1991
27,1992
5,1993
9,1994
23,1995
0,1996
24,1997
25,1998
27,1999
17,2000
9,2001
12,2002
9,2003
18,2004
24,2005
13,2006
28,2007
16,2008
18,2009
23,2010
17,2011
8,2012
17,2013
2,2014
24,2015
5,2016
6,2017
5,2018
23,2019
6,2020
18,2021
11,2022
14,2023
12,2024
25,2025
7,2026
12,2027
23,2028
7,2029
0,2030
22,2031
20,2032
19,2033
8,2034
12,2035
9,2036
14,2037
10,2038
25,2039
27,2040
16,2041
1,2042
29,2043
11,2044
23,2045
8,2046
10,2047
18,2048
19,2049
1,2050
9,2051
0,2052
29,2053
1,2054
26,2055
2,2056
10,2057
3,2058
6,2059
14,2060
4,2061
24,2062
11,2063
5,2064
14,2065
21,2066
17,2067
6,2068
25,2069
7,2070
25,2071
16,2072
23,2073
9,2074
21,2075
4,2076
9,2077
21,2078
17,2079
10,2080
24,2081
21,2082
29,2083
8,2084
10,2085
22,2086
25,2087
18,2088
19,2089
25,2090
28,2091
25,2092
22,2093
27,2094
25,2095
23,2096
29,2097
19,2098
26,2099
25,2100
7,2101
14,2102
10,2103
21,2104
10,2105
20,2106
11,2107
5,2108
9,2109
0,2110
7,2111
2,2112
5,2113
21,2114
18,2115
16,2116
3,2117
9,2118
15,2119
27,2120
12,2121
23,2122
15,2123
18,2124
29,2125
28,2126
6,2127
21,2128
7,2129
26,2130
7,2131
16,2132
23,2133
20,2134
20,2135
24,2136
17,2137
12,2138
17,2139
18,2140
22,2141
3,2142
10,2143
14,2144
3,2145
28,2146
2,2147
19,2148
25,2149
7,2150
11,2151
0,2152
20,2153
13,2154
9,2155
24,2156
10,2157
1,2158
4,2159
6,2160
10,2161
4,2162
26,2163
13,2164
25,2165
18,2166
2,2167
18,2168
3,2169
11,2170
16,2171
10,2172
27,2173
19,2174
27,2175
8,2176
20,2177
11,2178
26,2179
24,2180
19,2181
26,2182
15,2183
18,2184
5,2185
25,2186
7,2187
22,2188
18,2189
11,2190
9,2191
20,2192
25,2193
17,2194
14,2195
20,2196
5,2197
0,2198
20,2199
26,2200
26,2201
20,2202
11,2203
26,2204
15,2205
1,2206
23,2207
0,2208
7,2209
1,2210
8,2211
1,2212
0,2213
6,2214
14,2215
2,2216
29,2217
28,2218
14,2219
21,2220
3,2221
12,2222
18,2223
25,2224
27,2225
5,2226
12,2227
0,2228
16,2229
10,2230
7,2231
16,2232
1,2233
5,2234
24,2235
12,2236
23,2237
1,2238
4,2239
13,2240
22,2241
26,2242
19,2243
17,2244
8,2245
14,2246
12,2247
9,2248
3,2249
12,2250
9,2251
14,2252
28,2253
16,2254
4,2255
15,2256
12,2257
4,2258
1,2259
7,2260
23,2261
29,2262
13,2263
3,2264
4,2265
24,2266
18,2267
26,2268
6,2269
15,2270
7,2271
4,2272
6,2273
5,2274
18,2275
6,2276
23,2277
7,2278
14,2279
7,2280
4,2281
0,2282
11,2283
1,2284
7,2285
2,2286
29,2287
3,2288
16,2289
28,2290
26,2291
0,2292
1,2293
6,2294
2,2295
0,2296
1,2297
28,2298
17,2299
23,2300
1,2301
5,2302
11,2303
13,2304
11,2305
17,2306
8,2307
11,2308
12,2309
26,2310
10,2311
20,2312
9,2313
0,2314
22,2315
10,2316
29,2317
14,2318
12,2319
19,2320
10,2321
13,2322
25,2323
28,2324
6,2325
16,2326
17,2327
16,2328
28,2329
27,2330
25,2331
11,2332
9,2333
15,2334
18,2335
6,2336
5,2337
7,2338
10,2339
10,2340
3,2341
16,2342
4,2343
22,2344
2,2345
10,2346
12,2347
6,2348
28,2349
26,2350
12,2351
14,2352
21,2353
2,2354
15,2355
16,2356
6,2357
6,2358
23,2359
25,2360
0,2361
3,2362
14,2363
4,2364
9,2365
21,2366
25,2367
2,2368
25,2369
0,2370
29,2371
4,2372
29,2373
18,2374
5,2375
24,2376
29,2377
5,2378
9,2379
8,2380
6,2381
5,2382
7,2383
23,2384
14,2385
0,2386
20,2387
3,2388
0,2389
19,2390
8,2391
26,2392
1,2393
16,2394
29,2395
28,2396
29,2397
7,2398
11,2399
1,2400
22,2401
20,2402
6,2403
21,2404
25,2405
18,2406
27,2407
16,2408
22,2409
27,2410
6,2411
5,2412
0,2413
27,2414
0,2415
3,2416
16,2417
1,2418
3,2419
21,2420
26,2421
0,2422
21,2423
14,2424
26,2425
25,2426
28,2427
25,2428
24,2429
26,2430
29,2431
13,2432
0,2433
12,2434
22,2435
23,2436
0,2437
8,2438
15,2439
2,2440
18,2441
15,2442
25,2443
0,2444
20,2445
4,2446
8,2447
5,2448
12,2449
6,2450
3,2451
21,2452
7,2453
29,2454
12,2455
22,2456
4,2457
21,2458
0,2459
23,2460
0,2461
7,2462
25,2463
18,2464
4,2465
28,2466
1,2467
24,2468
13,2469
17,2470
29,2471
10,2472
11,2473
12,2474
29,2475
20,2476
19,2477
0,2478
21,2479
1,2480
11,2481
2,2482
23,2483
6,2484
3,2485
21,2486
29,2487
13,2488
25,2489
27,2490
17,2491
13,2492
21,2493
4,2494
9,2495
2,2496
5,2497
6,2498
0,2499
24,2500
6,2501
4,2502
1,2503
7,2504
0,2505
2,2506
0,2507
28,2508
15,2509
22,2510
8,2511
4,2512
7,2513
28,2514
20,2515
0,2516
2,2517
1,2518
9,2519
2,2520
10,2521
3,2522
8,2523
26,2524
0,2525
27,2526
4,2527
13,2528
8,2529
11,2530
27,2531
14,2532
26,2533
12,2534
14,2535
19,2536
25,2537
11,2538
17,2539
17,2540
17,2541
10,2542
11,2543
22,2544
5,2545
3,2546
21,2547
6,2548
22,2549
7,2550
8,2551
5,2552
12,2553
25,2554
28,2555
17,2556
27,2557
8,2558
25,2559
9,2560
2,2561
22,2562
0,2563
2,2564
9,2565
1,2566
5,2567
10,2568
2,2569
29,2570
3,2571
1,2572
24,2573
14,2574
4,2575
12,2576
21,2577
5,2578
8,2579
6,2580
22,2581
25,2582
7,2583
0,2584
7,2585
19,2586
18,2587
8,2588
12,2589
21,2590
10,2591
7,2592
5,2593
14,2594
17,2595
11,2596
3,2597
6,2598
6,2599
1,2600
1,2601
18,2602
1,2603
4,2604
17,2605
5,2606
25,2607
11,2608
6,2609
17,2610
5,2611
5,2612
7,2613
10,2614
20,2615
6,2616
13,2617
18,2618
4,2619
22,2620
4,2621
27,2622
4,2623
18,2624
26,2625
27,2626
8,2627
1,2628
0,2629
0,2630
0,2631
12,2632
8,2633
18,2634
13,2635
4,2636
2,2637
22,2638
16,2639
17,2640
16,2641
5,2642
2,2643
15,2644
17,2645
29,2646
26,2647
1,2648
23,2649
6,2650
21,2651
0,2652
27,2653
19,2654
17,2655
6,2656
5,2657
1,2658
24,2659
23,2660
10,2661
12,2662
11,2663
26,2664
28,2665
17,2666
13,2667
16,2668
20,2669
2,2670
14,2671
5,2672
0,2673
2,2674
0,2675
4,2676
0,2677
12,2678
25,2679
18,2680
12,2681
26,2682
3,2683
17,2684
22,2685
11,2686
5,2687
28,2688
1,2689
6,2690
27,2691
29,2692
22,2693
20,2694
0,2695
11,2696
10,2697
25,2698
8,2699
17,2700
20,2701
8,2702
4,2703
13,2704
15,2705
18,2706
24,2707
10,2708
15,2709
2,2710
15,2711
7,2712
12,2713
9,2714
5,2715
1,2716
10,2717
4,2718
18,2719
10,2720
27,2721
23,2722
11,2723
14,2724
4,2725
12,2726
5,2727
23,2728
22,2729
5,2730
20,2731
6,2732
6,2733
22,2734
7,2735
17,2736
22,2737
11,2738
5,2739
12,2740
3,2741
2,2742
18,2743
2,2744
25,2745
23,2746
21,2747
7,2748
7,2749
24,2750
17,2751
8,2752
24,2753
10,2754
19,2755
26,2756
10,2757
13,2758
14,2759
4,2760
22,2761
6,2762
1,2763
0,2764
15,2765
6,2766
10,2767
28,2768
14,2769
15,2770
23,2771
29,2772
15,2773
7,2774
16,2775
9,2776
16,2777
9,2778
0,2779
2,2780
28,2781
28,2782
8,2783
14,2784
4,2785
22,2786
2,2787
2,2788
2,2789
12,2790
26,2791
12,2792
29,2793
2,2794
24,2795
21,2796
20,2797
21,2798
7,2799
25,2800
28,2801
10,2802
18,2803
27,2804
12,2805
26,2806
17,2807
8,2808
25,2809
0,2810
14,2811
0,2812
10,2813
7,2814
10,2815
23,2816
2,2817
25,2818
12,2819
17,2820
19,2821
15,2822
21,2823
28,2824
10,2825
13,2826
26,2827
29,2828
6,2829
24,2830
18,2831
6,2832
28,2833
28,2834
27,2835
13,2836
28,2837
23,2838
16,2839
24,2840
29,2841
1,2842
28,2843
2,2844
23,2845
27,2846
15,2847
2,2848
2,2849
18,2850
2,2851
16,2852
20,2853
21,2854
1,2855
21,2856
6,2857
27,2858
26,2859
12,2860
26,2861
0,2862
11,2863
19,2864
5,2865
11,2866
22,2867
7,2868
0,2869
18,2870
27,2871
0,2872
6,2873
21,2874
6,2875
6,2876
10,2877
1,2878
21,2879
23,2880
20,2881
10,2882
10,2883
7,2884
7,2885
3,2886
9,2887
20,2888
15,2889
8,2890
11,2891
6,2892
7,2893
11,2894
23,2895
11,2896
4,2897
7,2898
6,2899
13,2900
1,2901
15,2902
22,2903
10,2904
2,2905
6,2906
25,2907
28,2908
26,2909
19,2910
16,2911
23,2912
15,2913
8,2914
2,2915
28,2916
16,2917
14,2918
23,2919
28,2920
0,2921
7,2922
19,2923
14,2924
18,2925
1,2926
9,2927
2,2928
4,2929
3,2930
9,2931
16,2932
5,2933
20,2934
0,2935
10,2936
20,2937
22,2938
7,2939
10,2940
25,2941
19,2942
28,2943
21,2944
19,2945
16,2946
10,2947
21,2948
29,2949
13,2950
27,2951
18,2952
2,2953
0,2954
15,2955
12,2956
8,2957
14,2958
28,2959
3,2960
11,2961
24,2962
21,2963
20,2964
12,2965
29,2966
19,2967
15,2968
0,2969
15,2970
24,2971
8,2972
4,2973
26,2974
28,2975
22,2976
27,2977
25,2978
18,2979
22,2980
3,2981
24,2982
20,2983
19,2984
0,2985
15,2986
0,2987
1,2988
22,2989
26,2990
3,2991
2,2992
1,2993
17,2994
3,2995
15,2996
8,2997
18,2998
19,2999
25,3000
0,3001
22,3002
29,3003
18,3004
8,3005
0,3006
8,3007
15,3008
13,3009
13,3010
9,3011
22,3012
18,3013
23,3014
1,3015
6,3016
10,3017
19,3018
15,3019
24,3020
7,3021
13,3022
21,3023
26,3024
12,3025
2,3026
6,3027
13,3028
23,3029
4,3030
6,3031
21,3032
24,3033
15,3034
19,3035
13,3036
9,3037
20,3038
10,3039
8,3040
0,3041
18,3042
28,3043
14,3044
1,3045
12,3046
2,3047
28,3048
9,3049
18,3050
6,3051
10,3052
3,3053
25,3054
9,3055
9,3056
18,3057
10,3058
13,3059
14,3060
20,3061
12,3062
14,3063
6,3064
14,3065
18,3066
10,3067
4,3068
29,3069
25,3070
6,3071
7,3072
10,3073
23,3074
24,3075
8,3076
20,3077
0,3078
20,3079
7,3080
25,3081
1,3082
17,3083
18,3084
28,3085
14,3086
4,3087
11,3088
29,3089
5,3090
27,3091
12,3092
6,3093
14,3094
24,3095
7,3096
23,3097
16,3098
20,3099
29,3100
19,3101
4,3102
9,3103
15,3104
5,3105
27,3106
10,3107
24,3108
27,3109
11,3110
3,3111
4,3112
20,3113
5,3114
4,3115
8,3116
3,3117
13,3118
4,3119
8,3120
1,3121
6,3122
20,3123
7,3124
4,3125
3,3126
8,3127
20,3128
29,3129
26,3130
0,3131
15,3132
18,3133
0,3134
23,3135
11,3136
22,3137
10,3138
26,3139
11,3140
18,3141
6,3142
0,3143
4,3144
26,3145
23,3146
28,3147
28,3148
5,3149
7,3150
26,3151
29,3152
7,3153
17,3154
22,3155
19,3156
24,3157
16,3158
12,3159
25,3160
20,3161
21,3162
9,3163
13,3164
29,3165
21,3166
7,3167
14,3168
22,3169
4,3170
10,3171
24,3172
1,3173
6,3174
27,3175
0,3176
12,3177
11,3178
16,3179
8,3180
10,3181
14,3182
5,3183
6,3184
9,3185
0,3186
1,3187
1,3188
17,3189
1,3190
8,3191
17,3192
6,3193
5,3194
21,3195
0,3196
19,3197
3,3198
8,3199
2,3200
29,3201
21,3202
2,3203
16,3204
12,3205
26,3206
4,3207
24,3208
16,3209
20,3210
2,3211
6,3212
10,3213
29,3214
2,3215
13,3216
0,3217
22,3218
11,3219
4,3220
16,3221
1,3222
11,3223
7,3224
28,3225
17,3226
16,3227
22,3228
23,3229
7,3230
7,3231
0,3232
19,3233
5,3234
20,3235
2,3236
3,3237
2,3238
6,3239
8,3240
26,3241
25,3242
19,3243
8,3244
12,3245
13,3246
13,3247
14,3248
29,3249
13,3250
1,3251
1,3252
15,3253
9,3254
5,3255
4,3256
19,3257
8,3258
10,3259
23,3260
20,3261
10,3262
29,3263
28,3264
26,3265
22,3266
1,3267
21,3268
26,3269
18,3270
24,3271
0,3272
2,3273
1,3274
12,3275
6,3276
6,3277
16,3278
25,3279
2,3280
10,3281
3,3282
14,3283
22,3284
5,3285
6,3286
8,3287
28,3288
26,3289
12,3290
15,3291
7,3292
11,3293
19,3294
10,3295
18,3296
16,3297
28,3298
28,3299
1,3300
17,3301
25,3302
16,3303
12,3304
7,3305
23,3306
25,3307
28,3308
26,3309
15,3310
8,3311
3,3312
13,3313
21,3314
8,3315
27,3316
1,3317
0,3318
27,3319
20,3320
18,3321
11,3322
1,3323
10,3324
4,3325
10,3326
16,3327
11,3328
5,3329
6,3330
11,3331
10,3332
24,3333
15,3334
18,3335
29,3336
19,3337
7,3338
4,3339
4,3340
20,3341
10,3342
24,3343
19,3344
23,3345
2,3346
4,3347
11,3348
26,3349
2,3350
1,3351
6,3352
3,3353
13,3354
18,3355
8,3356
4,3357
8,3358
5,3359
27,3360
6,3361
0,3362
21,3363
1,3364
2,3365
3,3366
7,3367
10,3368
13,3369
19,3370
28,3371
27,3372
26,3373
29,3374
26,3375
26,3376
17,3377
22,3378
9,3379
18,3380
0,3381
2,3382
2,3383
6,3384
5,3385
16,3386
21,3387
27,3388
18,3389
23,3390
24,3391
9,3392
23,3393
15,3394
15,3395
2,3396
27,3397
19,3398
17,3399
25,3400
19,3401
18,3402
8,3403
5,3404
1,3405
1,3406
5,3407
25,3408
11,3409
9,3410
19,3411
11,3412
3,3413
26,3414
7,3415
21,3416
6,3417
16,3418
9,3419
24,3420
23,3421
0,3422
8,3423
8,3424
17,3425
2,3426
28,3427
6,3428
16,3429
26,3430
14,3431
6,3432
17,3433
5,3434
10,3435
14,3436
29,3437
28,3438
25,3439
17,3440
9,3441
17,3442
13,3443
13,3444
27,3445
27,3446
26,3447
29,3448
27,3449
5,3450
26,3451
26,3452
15,3453
13,3454
18,3455
1,3456
5,3457
9,3458
17,3459
16,3460
21,3461
2,3462
11,3463
7,3464
28,3465
26,3466
17,3467
15,3468
11,3469
17,3470
8,3471
27,3472
27,3473
3,3474
9,3475
27,3476
12,3477
12,3478
17,3479
28,3480
5,3481
14,3482
0,3483
15,3484
14,3485
0,3486
24,3487
4,3488
10,3489
21,3490
12,3491
9,3492
24,3493
10,3494
5,3495
19,3496
29,3497
22,3498
26,3499
19,3500
15,3501
19,3502
27,3503
6,3504
9,3505
24,3506
8,3507
12,3508
7,3509
3,3510
16,3511
6,3512
7,3513
11,3514
13,3515
5,3516
13,3517
15,3518
6,3519
21,3520
1,3521
11,3522
21,3523
5,3524
9,3525
2,3526
5,3527
25,3528
21,3529
21,3530
27,3531
11,3532
11,3533
20,3534
7,3535
7,3536
4,3537
4,3538
14,3539
14,3540
15,3541
15,3542
9,3543
16,3544
28,3545
9,3546
10,3547
8,3548
12,3549
11,3550
21,3551
17,3552
12,3553
7,3554
6,3555
6,3556
28,3557
4,3558
24,3559
5,3560
7,3561
6,3562
26,3563
7,3564
7,3565
1,3566
4,3567
7,3568
23,3569
5,3570
25,3571
15,3572
6,3573
0,3574
7,3575
0,3576
0,3577
16,3578
29,3579
6,3580
2,3581
24,3582
8,3583
2,3584
29,3585
3,3586
1,3587
19,3588
7,3589
6,3590
21,3591
26,3592
15,3593
3,3594
15,3595
7,3596
24,3597
20,3598
24,3599
18,3600
12,3601
11,3602
4,3603
9,3604
5,3605
5,3606
14,3607
6,3608
28,3609
7,3610
21,3611
17,3612
23,3613
21,3614
5,3615
12,3616
7,3617
24,3618
15,3619
18,3620
6,3621
24,3622
5,3623
23,3624
1,3625
17,3626
20,3627
15,3628
19,3629
3,3630
17,3631
24,3632
20,3633
4,3634
4,3635
3,3636
1,3637
9,3638
10,3639
4,3640
28,3641
6,3642
4,3643
9,3644
26,3645
6,3646
26,3647
8,3648
28,3649
25,3650
20,3651
19,3652
20,3653
21,3654
1,3655
5,3656
4,3657
1,3658
12,3659
25,3660
24,3661
3,3662
5,3663
17,3664
6,3665
21,3666
13,3667
25,3668
27,3669
4,3670
6,3671
16,3672
17,3673
10,3674
1,3675
9,3676
8,3677
8,3678
14,3679
13,3680
21,3681
20,3682
25,3683
12,3684
24,3685
8,3686
8,3687
16,3688
10,3689
25,3690
4,3691
27,3692
14,3693
21,3694
27,3695
13,3696
15,3697
21,3698
11,3699
23,3700
17,3701
5,3702
27,3703
4,3704
14,3705
21,3706
5,3707
5,3708
6,3709
5,3710
7,3711
23,3712
9,3713
22,3714
29,3715
2,3716
8,3717
29,3718
20,3719
24,3720
20,3721
12,3722
21,3723
10,3724
25,3725
26,3726
18,3727
0,3728
19,3729
0,3730
14,3731
28,3732
1,3733
22,3734
18,3735
27,3736
14,3737
23,3738
29,3739
22,3740
2,3741
29,3742
17,3743
3,3744
0,3745
2,3746
12,3747
11,3748
3,3749
4,3750
21,3751
20,3752
22,3753
16,3754
0,3755
6,3756
1,3757
0,3758
20,3759
12,3760
19,3761
26,3762
24,3763
28,3764
23,3765
7,3766
1,3767
26,3768
24,3769
16,3770
29,3771
26,3772
0,3773
14,3774
1,3775
21,3776
2,3777
3,3778
3,3779
21,3780
8,3781
1,3782
6,3783
29,3784
13,3785
0,3786
0,3787
10,3788
28,3789
22,3790
23,3791
2,3792
7,3793
0,3794
24,3795
29,3796
12,3797
3,3798
16,3799
10,3800
4,3801
5,3802
12,3803
14,3804
18,3805
19,3806
15,3807
26,3808
4,3809
6,3810
8,3811
13,3812
3,3813
13,3814
14,3815
11,3816
27,3817
14,3818
19,3819
10,3820
4,3821
17,3822
23,3823
5,3824
7,3825
6,3826
2,3827
7,3828
3,3829
4,3830
12,3831
25,3832
22,3833
8,3834
10,3835
9,3836
17,3837
2,3838
29,3839
3,3840
17,3841
9,3842
16,3843
19,3844
17,3845
22,3846
3,3847
25,3848
15,3849
9,3850
1,3851
19,3852
1,3853
21,3854
12,3855
9,3856
14,3857
22,3858
8,3859
11,3860
26,3861
0,3862
7,3863
7,3864
11,3865
19,3866
10,3867
5,3868
11,3869
26,3870
1,3871
20,3872
2,3873
17,3874
23,3875
29,3876
22,3877
17,3878
21,3879
12,3880
15,3881
1,3882
4,3883
10,3884
26,3885
16,3886
19,3887
23,3888
29,3889
16,3890
19,3891
24,3892
6,3893
28,3894
20,3895
29,3896
8,3897
5,3898
26,3899
16,3900
25,3901
4,3902
10,3903
18,3904
5,3905
21,3906
21,3907
2,3908
22,3909
3,3910
4,3911
8,3912
5,3913
12,3914
11,3915
6,3916
23,3917
7,3918
14,3919
1,3920
25,3921
14,3922
22,3923
23,3924
7,3925
14,3926
28,3927
10,3928
15,3929
18,3930
5,3931
1,3932
20,3933
6,3934
7,3935
5,3936
6,3937
21,3938
17,3939
6,3940
6,3941
27,3942
7,3943
1,3944
8,3945
2,3946
16,3947
9,3948
17,3949
28,3950
15,3951
11,3952
19,3953
12,3954
4,3955
2,3956
24,3957
0,3958
12,3959
22,3960
28,3961
5,3962
7,3963
28,3964
15,3965
8,3966
26,3967
15,3968
13,3969
12,3970
16,3971
29,3972
12,3973
22,3974
25,3975
12,3976
16,3977
0,3978
11,3979
25,3980
19,3981
29,3982
22,3983
14,3984
4,3985
23,3986
5,3987
27,3988
6,3989
26,3990
7,3991
24,3992
28,3993
2,3994
0,3995
19,3996
27,3997
25,3998
12,3999
21,4000
18,4001
27,4002
10,4003
22,4004
27,4005
24,4006
22,4007
13,4008
25,4009
15,4010
16,4011
20,4012
14,4013
4,4014
12,4015
28,4016
9,4017
0,4018
0,4019
28,4020
10,4021
28,4022
3,4023
1,4024
17,4025
24,4026
16,4027
5,4028
6,4029
16,4030
20,4031
9,4032
4,4033
11,4034
17,4035
17,4036
12,4037
14,4038
6,4039
17,4040
5,4041
24,4042
22,4043
29,4044
22,4045
6,4046
27,4047
3,4048
17,4049
16,4050
27,4051
4,4052
9,4053
19,4054
13,4055
22,4056
27,4057
3,4058
29,4059
29,4060
11,4061
12,4062
29,4063
28,4064
13,4065
12,4066
19,4067
8,4068
21,4069
5,4070
21,4071
22,4072
7,4073
8,4074
26,4075
12,4076
14,4077
4,4078
9,4079
5,4080
8,4081
11,4082
6,4083
6,4084
7,4085
11,4086
13,4087
21,4088
20,4089
3,4090
1,4091
25,4092
0,4093
28,4094
16,4095
4,4096
28,4097
6,4098
17,4099
22,4100
20,4101
26,4102
2,4103
0,4104
3,4105
1,4106
8,4107
2,4108
25,4109
21,4110
14,4111
8,4112
13,4113
15,4114
9,4115
5,4116
15,4117
13,4118
0,4119
16,4120
11,4121
19,4122
11,4123
17,4124
23,4125
23,4126
20,4127
2,4128
24,4129
25,4130
11,4131
17,4132
16,4133
22,4134
24,4135
0,4136
0,4137
12,4138
25,4139
21,4140
5,4141
12,4142
1,4143
11,4144
16,4145
28,4146
22,4147
10,4148
11,4149
23,4150
14,4151
21,4152
21,4153
22,4154
11,4155
19,4156
13,4157
25,4158
21,4159
5,4160
18,4161
28,4162
4,4163
28,4164
1,4165
10,4166
10,4167
20,4168
13,4169
4,4170
4,4171
4,4172
28,4173
5,4174
15,4175
4,4176
6,4177
27,4178
21,4179
20,4180
7,4181
29,4182
26,4183
11,4184
4,4185
8,4186
13,4187
11,4188
22,4189
19,4190
1,4191
24,4192
0,4193
2,4194
8,4195
3,4196
16,4197
29,4198
26,4199
24,4200
4,4201
15,4202
29,4203
6,4204
17,4205
0,4206
8,4207
16,4208
4,4209
1,4210
9,4211
2,4212
11,4213
3,4214
4,4215
5,4216
27,4217
19,4218
29,4219
0,4220
8,4221
21,4222
26,4223
6,4224
6,4225
17,4226
7,4227
7,4228
20,4229
1,4230
20,4231
17,4232
12,4233
8,4234
26,4235
4,4236
12,4237
14,4238
23,4239
11,4240
2,4241
19,4242
3,4243
26,4244
25,4245
16,4246
26,4247
5,4248
20,4249
12,4250
0,4251
0,4252
5,4253
26,4254
8,4255
10,4256
0,4257
3,4258
1,4259
0,4260
2,4261
5,4262
14,4263
3,4264
11,4265
3,4266
13,4267
3,4268
11,4269
27,4270
13,4271
8,4272
27,4273
12,4274
29,4275
22,4276
25,4277
24,4278
1,4279
13,4280
12,4281
14,4282
14,4283
14,4284
11,4285
19,4286
25,4287
20,4288
28,4289
17,4290
5,4291
12,4292
14,4293
24,4294
20,4295
16,4296
4,4297
10,4298
5,4299
1,4300
6,4301
18,4302
7,4303
16,4304
25,4305
24,4306
8,4307
2,4308
10,4309
24,4310
18,4311
5,4312
20,4313
24,4314
10,4315
12,4316
29,4317
16,4318
20,4319
24,4320
8,4321
4,4322
8,4323
13,4324
14,4325
28,4326
5,4327
26,4328
5,4329
27,4330
12,4331
9,4332
1,4333
5,4334
28,4335
17,4336
17,4337
13,4338
17,4339
23,4340
10,4341
13,4342
0,4343
0,4344
16,4345
5,4346
28,4347
7,4348
12,4349
20,4350
7,4351
27,4352
20,4353
24,4354
18,4355
10,4356
15,4357
12,4358
28,4359
3,4360
28,4361
22,4362
4,4363
2,4364
16,4365
27,4366
3,4367
25,4368
7,4369
23,4370
29,4371
21,4372
20,4373
4,4374
9,4375
19,4376
11,4377
24,4378
8,4379
24,4380
26,4381
20,4382
3,4383
22,4384
2,4385
3,4386
4,4387
20,4388
22,4389
5,4390
7,4391
7,4392
3,4393
6,4394
18,4395
17,4396
15,4397
14,4398
28,4399
21,4400
27,4401
29,4402
25,4403
23,4404
20,4405
21,4406
8,4407
21,4408
19,4409
27,4410
11,4411
11,4412
27,4413
4,4414
9,4415
10,4416
1,4417
5,4418
27,4419
9,4420
28,4421
17,4422
6,4423
24,4424
10,4425
4,4426
6,4427
15,4428
14,4429
26,4430
7,4431
11,4432
25,4433
0,4434
16,4435
1,4436
7,4437
11,4438
2,4439
19,4440
3,4441
26,4442
1,4443
4,4444
28,4445
5,4446
0,4447
7,4448
8,4449
5,4450
20,4451
6,4452
4,4453
7,4454
25,4455
13,4456
29,4457
25,4458
22,4459
26,4460
24,4461
0,4462
0,4463
1,4464
1,4465
7,4466
25,4467
2,4468
4,4469
1,4470
3,4471
1,4472
6,4473
6,4474
9,4475
18,4476
10,4477
22,4478
23,4479
0,4480
13,4481
13,4482
26,4483
6,4484
27,4485
21,4486
4,4487
28,4488
19,4489
8,4490
13,4491
5,4492
2,4493
6,4494
23,4495
7,4496
19,4497
25,4498
7,4499
11,4500
1,4501
24,4502
21,4503
15,4504
3,4505
21,4506
29,4507
3,4508
6,4509
14,4510
4,4511
24,4512
18,4513
27,4514
0,4515
29,4516
4,4517
0,4518
19,4519
2,4520
10,4521
20,4522
19,4523
5,4524
7,4525
20,4526
2,4527
1,4528
10,4529
25,4530
24,4531
21,4532
27,4533
1,4534
25,4535
17,4536
21,4537
1,4538
10,4539
28,4540
26,4541
15,4542
17,4543
3,4544
28,4545
9,4546
17,4547
23,4548
1,4549
8,4550
27,4551
17,4552
8,4553
1,4554
27,4555
17,4556
14,4557
21,4558
17,4559
27,4560
25,4561
15,4562
7,4563
24,4564
28,4565
15,4566
21,4567
29,4568
13,4569
15,4570
15,4571
17,4572
23,4573
12,4574
14,4575
7,4576
2,4577
24,4578
19,4579
8,4580
8,4581
13,4582
0,4583
0,4584
19,4585
5,4586
24,4587
15,4588
23,4589
15,4590
21,4591
17,4592
23,4593
8,4594
17,4595
16,4596
18,4597
9,4598
20,4599
25,4600
5,4601
6,4602
29,4603
0,4604
22,4605
15,4606
18,4607
22,4608
25,4609
0,4610
15,4611
22,4612
4,4613
18,4614
11,4615
3,4616
0,4617
24,4618
6,4619
1,4620
0,4621
16,4622
5,4623
11,4624
6,4625
20,4626
9,4627
28,4628
4,4629
5,4630
9,4631
2,4632
20,4633
6,4634
19,4635
10,4636
12,4637
9,4638
16,4639
19,4640
26,4641
14,4642
21,4643
0,4644
11,4645
24,4646
1,4647
27,4648
14,4649
2,4650
11,4651
1,4652
3,4653
7,4654
10,4655
19,4656
20,4657
13,4658
15,4659
7,4660
6,4661
24,4662
18,4663
0,4664
20,4665
24,4666
24,4667
10,4668
1,4669
5,4670
17,4671
28,4672
4,4673
3,4674
13,4675
2,4676
19,4677
2,4678
29,4679
11,4680
28,4681
26,4682
4,4683
0,4684
5,4685
9,4686
6,4687
0,4688
7,4689
23,4690
20,4691
5,4692
12,4693
19,4694
3,4695
20,4696
22,4697
4,4698
0,4699
23,4700
11,4701
1,4702
2,4703
2,4704
11,4705
13,4706
3,4707
11,4708
17,4709
1,4710
29,4711
27,4712
20,4713
18,4714
28,4715
6,4716
10,4717
25,4718
24,4719
3,4720
1,4721
3,4722
9,4723
19,4724
4,4725
4,4726
17,4727
5,4728
27,4729
6,4730
10,4731
7,4732
19,4733
15,4734
7,4735
23,4736
21,4737
28,4738
4,4739
10,4740
20,4741
7,4742
28,4743
28,4744
20,4745
22,4746
4,4747
26,4748
5,4749
27,4750
6,4751
7,4752
1,4753
21,4754
19,4755
7,4756
25,4757
21,4758
9,4759
6,4760
1,4761
17,4762
13,4763
26,4764
13,4765
12,4766
16,4767
16,4768
24,4769
18,4770
0,4771
11,4772
21,4773
8,4774
6,4775
23,4776
1,4777
5,4778
21,4779
2,4780
23,4781
15,4782
3,4783
4,4784
18,4785
21,4786
22,4787
4,4788
20,4789
17,4790
5,4791
4,4792
6,4793
17,4794
7,4795
8,4796
25,4797
27,4798
7,4799
4,4800
29,4801
20,4802
18,4803
0,4804
6,4805
0,4806
0,4807
7,4808
3,4809
9,4810
23,4811
28,4812
10,4813
2,4814
19,4815
4,4816
2,4817
21,4818
25,4819
17,4820
17,4821
13,4822
11,4823
7,4824
18,4825
7,4826
4,4827
23,4828
6,4829
10,4830
29,4831
19,4832
21,4833
7,4834
25,4835
3,4836
24,4837
21,4838
26,4839
17,4840
13,4841
24,4842
6,4843
23,4844
6,4845
18,4846
2,4847
11,4848
0,4849
10,4850
9,4851
23,4852
11,4853
17,4854
4,4855
0,4856
2,4857
0,4858
16,4859
3,4860
18,4861
9,4862
0,4863
11,4864
13,4865
25,4866
11,4867
14,4868
5,4869
2,4870
2,4871
14,4872
4,4873
22,4874
22,4875
21,4876
17,4877
15,4878
13,4879
14,4880
5,4881
14,4882
15,4883
13,4884
0,4885
14,4886
21,4887
20,4888
10,4889
14,4890
9,4891
15,4892
24,4893
3,4894
1,4895
21,4896
22,4897
4,4898
11,4899
8,4900
21,4901
5,4902
17,4903
23,4904
9,4905
18,4906
6,4907
5,4908
4,4909
28,4910
20,4911
0,4912
3,4913
4,4914
17,4915
4,4916
8,4917
15,4918
7,4919
2,4920
10,4921
3,4922
21,4923
25,4924
4,4925
18,4926
14,4927
9,4928
14,4929
19,4930
16,4931
29,4932
19,4933
26,4934
28,4935
4,4936
22,4937
5,4938
15,4939
6,4940
2,4941
0,4942
7,4943
3,4944
1,4945
26,4946
29,4947
28,4948
28,4949
15,4950
22,4951
1,4952
25,4953
5,4954
9,4955
5,4956
6,4957
10,4958
1,4959
19,4960
20,4961
20,4962
10,4963
22,4964
26,4965
5,4966
21,4967
29,4968
17,4969
6,4970
15,4971
11,4972
28,4973
22,4974
28,4975
25,4976
5,4977
0,4978
18,4979
19,4980
1,4981
2,4982
2,4983
29,4984
18,4985
17,4986
3,4987
14,4988
1,4989
23,4990
2,4991
1,4992
2,4993
22,4994
20,4995
3,4996
9,4997
9,4998
27,4999
10,5000
6,5001
25,5002
16,5003
20,5004
14,5005
3,5006
15,5007
0,5008
4,5009
1,5010
2,5011
2,5012
8,5013
2,5014
17,5015
19,5016
3,5017
26,5018
11,5019
6,5020
24,5021
28,5022
28,5023
20,5024
9,5025
18,5026
0,5027
24,5028
17,5029
24,5030
6,5031
1,5032
22,5033
2,5034
19,5035
24,5036
3,5037
10,5038
12,5039
13,5040
0,5041
12,5042
23,5043
2,5044
5,5045
8,5046
12,5047
16,5048
3,5049
4,5050
20,5051
9,5052
4,5053
15,5054
19,5055
22,5056
18,5057
26,5058
18,5059
5,5060
19,5061
22,5062
1,5063
14,5064
28,5065
25,5066
25,5067
12,5068
1,5069
28,5070
9,5071
2,5072
18,5073
20,5074
12,5075
8,5076
8,5077
27,5078
5,5079
21,5080
23,5081
2,5082
16,5083
25,5084
18,5085
22,5086
25,5087
2,5088
20,5089
19,5090
21,5091
12,5092
2,5093
23,5094
3,5095
24,5096
13,5097
26,5098
15,5099
0,5100
3,5101
27,5102
13,5103
10,5104
7,5105
20,5106
19,5107
11,5108
5,5109
17,5110
0,5111
20,5112
28,5113
20,5114
14,5115
11,5116
17,5117
20,5118
23,5119
10,5120
20,5121
27,5122
0,5123
22,5124
3,5125
9,5126
17,5127
26,5128
11,5129
28,5130
22,5131
13,5132
3,5133
17,5134
0,5135
11,5136
4,5137
8,5138
5,5139
1,5140
10,5141
25,5142
6,5143
17,5144
7,5145
22,5146
12,5147
2,5148
23,5149
4,5150
2,5151
18,5152
23,5153
12,5154
26,5155
22,5156
2,5157
0,5158
2,5159
4,5160
8,5161
1,5162
2,5163
12,5164
13,5165
2,5166
5,5167
28,5168
5,5169
18,5170
3,5171
24,5172
27,5173
22,5174
8,5175
16,5176
23,5177
9,5178
10,5179
4,5180
17,5181
9,5182
4,5183
22,5184
20,5185
10,5186
5,5187
16,5188
6,5189
28,5190
7,5191
7,5192
23,5193
0,5194
25,5195
1,5196
23,5197
5,5198
2,5199
16,5200
14,5201
4,5202
28,5203
11,5204
3,5205
9,5206
17,5207
9,5208
18,5209
28,5210
29,5211
19,5212
29,5213
0,5214
13,5215
1,5216
5,5217
2,5218
0,5219
3,5220
21,5221
8,5222
18,5223
7,5224
7,5225
0,5226
12,5227
18,5228
3,5229
27,5230
24,5231
19,5232
11,5233
4,5234
23,5235
24,5236
0,5237
5,5238
7,5239
20,5240
1,5241
25,5242
23,5243
0,5244
2,5245
10,5246
3,5247
28,5248
10,5249
2,5250
17,5251
26,5252
9,5253
3,5254
26,5255
15,5256
19,5257
22,5258
27,5259
8,5260
13,5261
26,5262
4,5263
0,5264
5,5265
6,5266
13,5267
16,5268
25,5269
25,5270
3,5271
21,5272
0,5273
1,5274
24,5275
22,5276
11,5277
26,5278
23,5279
1,5280
24,5281
13,5282
26,5283
17,5284
13,5285
15,5286
15,5287
6,5288
1,5289
14,5290
9,5291
17,5292
13,5293
22,5294
4,5295
6,5296
23,5297
22,5298
5,5299
15,5300
24,5301
8,5302
29,5303
6,5304
24,5305
9,5306
7,5307
29,5308
28,5309
4,5310
14,5311
21,5312
25,5313
26,5314
18,5315
29,5316
19,5317
4,5318
7,5319
13,5320
5,5321
6,5322
17,5323
9,5324
17,5325
7,5326
8,5327
3,5328
27,5329
29,5330
27,5331
17,5332
18,5333
0,5334
12,5335
25,5336
28,5337
19,5338
1,5339
15,5340
15,5341
15,5342
9,5343
3,5344
3,5345
25,5346
0,5347
12,5348
18,5349
4,5350
3,5351
24,5352
20,5353
0,5354
0,5355
12,5356
9,5357
10,5358
26,5359
12,5360
13,5361
14,5362
15,5363
29,5364
16,5365
18,5366
23,5367
29,5368
22,5369
25,5370
28,5371
3,5372
4,5373
8,5374
0,5375
20,5376
22,5377
7,5378
0,5379
7,5380
7,5381
18,5382
22,5383
11,5384
2,5385
5,5386
26,5387
17,5388
15,5389
22,5390
5,5391
15,5392
6,5393
22,5394
12,5395
12,5396
13,5397
26,5398
29,5399
26,5400
26,5401
7,5402
12,5403
25,5404
4,5405
2,5406
15,5407
24,5408
21,5409
17,5410
22,5411
14,5412
0,5413
3,5414
5,5415
7,5416
0,5417
28,5418
4,5419
19,5420
27,5421
11,5422
5,5423
28,5424
8,5425
19,5426
17,5427
29,5428
15,5429
20,5430
11,5431
16,5432
12,5433
9,5434
23,5435
14,5436
15,5437
7,5438
8,5439
1,5440
4,5441
12,5442
15,5443
12,5444
5,5445
25,5446
7,5447
6,5448
21,5449
29,5450
7,5451
23,5452
28,5453
17,5454
17,5455
13,5456
6,5457
28,5458
1,5459
7,5460
5,5461
11,5462
5,5463
12,5464
11,5465
5,5466
1,5467
5,5468
21,5469
7,5470
21,5471
28,5472
25,5473
11,5474
27,5475
1,5476
20,5477
25,5478
11,5479
16,5480
5,5481
7,5482
16,5483
10,5484
4,5485
23,5486
15,5487
5,5488
16,5489
6,5490
5,5491
7,5492
24,5493
9,5494
10,5495
25,5496
17,5497
12,5498
29,5499
1,5500
4,5501
9,5502
28,5503
15,5504
24,5505
9,5506
9,5507
13,5508
18,5509
21,5510
16,5511
17,5512
1,5513
2,5514
19,5515
29,5516
6,5517
26,5518
17,5519
8,5520
19,5521
15,5522
0,5523
16,5524
10,5525
13,5526
16,5527
12,5528
4,5529
28,5530
25,5531
19,5532
11,5533
3,5534
25,5535
26,5536
13,5537
28,5538
15,5539
15,5540
9,5541
8,5542
21,5543
29,5544
26,5545
29,5546
11,5547
13,5548
29,5549
2,5550
15,5551
13,5552
15,5553
25,5554
28,5555
8,5556
4,5557
4,5558
23,5559
8,5560
13,5561
15,5562
5,5563
26,5564
26,5565
20,5566
9,5567
25,5568
14,5569
9,5570
22,5571
3,5572
9,5573
23,5574
12,5575
13,5576
22,5577
1,5578
17,5579
26,5580
24,5581
15,5582
8,5583
5,5584
14,5585
0,5586
19,5587
8,5588
2,5589
11,5590
1,5591
6,5592
29,5593
27,5594
13,5595
22,5596
5,5597
23,5598
27,5599
16,5600
20,5601
4,5602
7,5603
24,5604
4,5605
6,5606
1,5607
18,5608
14,5609
5,5610
25,5611
10,5612
23,5613
21,5614
23,5615
19,5616
5,5617
1,5618
7,5619
6,5620
0,5621
7,5622
21,5623
20,5624
11,5625
18,5626
15,5627
15,5628
23,5629
17,5630
15,5631
15,5632
23,5633
20,5634
9,5635
18,5636
25,5637
8,5638
25,5639
20,5640
6,5641
26,5642
2,5643
4,5644
19,5645
3,5646
28,5647
15,5648
22,5649
2,5650
3,5651
17,5652
17,5653
5,5654
13,5655
23,5656
4,5657
22,5658
29,5659
27,5660
4,5661
5,5662
0,5663
6,5664
18,5665
7,5666
4,5667
12,5668
9,5669
10,5670
14,5671
15,5672
22,5673
8,5674
26,5675
1,5676
11,5677
25,5678
2,5679
6,5680
16,5681
20,5682
12,5683
14,5684
28,5685
23,5686
20,5687
23,5688
20,5689
6,5690
5,5691
7,5692
17,5693
16,5694
12,5695
29,5696
8,5697
7,5698
29,5699
14,5700
7,5701
11,5702
24,5703
27,5704
22,5705
25,5706
7,5707
7,5708
4,5709
12,5710
12,5711
10,5712
20,5713
5,5714
12,5715
11,5716
6,5717
6,5718
21,5719
25,5720
7,5721
29,5722
21,5723
0,5724
22,5725
13,5726
10,5727
12,5728
17,5729
4,5730
21,5731
29,5732
11,5733
8,5734
0,5735
15,5736
1,5737
16,5738
11,5739
2,5740
29,5741
26,5742
3,5743
23,5744
20,5745
3,5746
22,5747
7,5748
10,5749
28,5750
8,5751
15,5752
6,5753
8,5754
8,5755
7,5756
24,5757
18,5758
28,5759
4,5760
8,5761
8,5762
21,5763
15,5764
3,5765
14,5766
6,5767
23,5768
6,5769
22,5770
13,5771
21,5772
4,5773
22,5774
7,5775
23,5776
12,5777
5,5778
25,5779
27,5780
0,5781
2,5782
0,5783
20,5784
13,5785
15,5786
25,5787
2,5788
13,5789
16,5790
23,5791
28,5792
22,5793
2,5794
17,5795
22,5796
25,5797
21,5798
5,5799
2,5800
29,5801
20,5802
12,5803
13,5804
26,5805
24,5806
11,5807
11,5808
5,5809
2,5810
6,5811
18,5812
7,5813
17,5814
16,5815
28,5816
27,5817
0,5818
23,5819
1,5820
6,5821
15,5822
15,5823
2,5824
1,5825
3,5826
17,5827
6,5828
28,5829
15,5830
13,5831
29,5832
1,5833
6,5834
11,5835
22,5836
19,5837
20,5838
13,5839
8,5840
23,5841
23,5842
0,5843
20,5844
25,5845
3,5846
8,5847
8,5848
2,5849
19,5850
15,5851
19,5852
19,5853
7,5854
25,5855
20,5856
25,5857
17,5858
4,5859
7,5860
1,5861
0,5862
8,5863
10,5864
1,5865
19,5866
13,5867
25,5868
25,5869
2,5870
15,5871
3,5872
3,5873
11,5874
13,5875
11,5876
16,5877
21,5878
28,5879
11,5880
11,5881
6,5882
24,5883
13,5884
19,5885
25,5886
15,5887
17,5888
25,5889
16,5890
5,5891
8,5892
11,5893
16,5894
11,5895
20,5896
15,5897
8,5898
18,5899
22,5900
20,5901
5,5902
25,5903
21,5904
27,5905
1,5906
28,5907
20,5908
0,5909
24,5910
19,5911
23,5912
7,5913
23,5914
27,5915
6,5916
7,5917
4,5918
13,5919
4,5920
24,5921
5,5922
16,5923
1,5924
28,5925
6,5926
24,5927
26,5928
19,5929
9,5930
5,5931
7,5932
28,5933
10,5934
11,5935
19,5936
12,5937
17,5938
23,5939
9,5940
12,5941
11,5942
3,5943
24,5944
10,5945
20,5946
12,5947
4,5948
23,5949
5,5950
20,5951
6,5952
9,5953
11,5954
7,5955
3,5956
27,5957
4,5958
6,5959
22,5960
8,5961
11,5962
25,5963
28,5964
10,5965
22,5966
23,5967
14,5968
2,5969
24,5970
7,5971
0,5972
14,5973
23,5974
26,5975
4,5976
24,5977
27,5978
2,5979
28,5980
25,5981
21,5982
2,5983
5,5984
25,5985
23,5986
0,5987
8,5988
1,5989
21,5990
2,5991
6,5992
3,5993
28,5994
14,5995
4,5996
6,5997
21,5998
28,5999
4,6000
24,6001
5,6002
0,6003
6,6004
5,6005
7,6006
6,6007
14,6008
0,6009
23,6010
13,6011
7,6012
22,6013
0,6014
11,6015
4,6016
6,6017
5,6018
16,6019
5,6020
28,6021
15,6022
0,6023
0,6024
25,6025
23,6026
19,6027
11,6028
17,6029
5,6030
16,6031
12,6032
16,6033
28,6034
9,6035
27,6036
12,6037
15,6038
24,6039
9,6040
17,6041
19,6042
3,6043
0,6044
12,6045
18,6046
15,6047
21,6048
5,6049
13,6050
29,6051
25,6052
6,6053
6,6054
2,6055
15,6056
27,6057
3,6058
11,6059
7,6060
25,6061
11,6062
0,6063
15,6064
1,6065
17,6066
2,6067
16,6068
3,6069
27,6070
6,6071
22,6072
24,6073
5,6074
12,6075
8,6076
26,6077
15,6078
20,6079
7,6080
24,6081
28,6082
10,6083
7,6084
18,6085
11,6086
26,6087
13,6088
26,6089
21,6090
6,6091
26,6092
0,6093
23,6094
15,6095
11,6096
27,6097
11,6098
12,6099
26,6100
4,6101
25,6102
5,6103
15,6104
6,6105
20,6106
3,6107
17,6108
16,6109
2,6110
4,6111
24,6112
15,6113
16,6114
19,6115
0,6116
1,6117
5,6118
1,6119
6,6120
5,6121
3,6122
2,6123
6,6124
3,6125
13,6126
17,6127
23,6128
21,6129
26,6130
17,6131
11,6132
28,6133
25,6134
27,6135
16,6136
0,6137
24,6138
19,6139
15,6140
7,6141
28,6142
29,6143
26,6144
19,6145
29,6146
8,6147
18,6148
10,6149
2,6150
0,6151
15,6152
12,6153
1,6154
19,6155
3,6156
26,6157
12,6158
29,6159
0,6160
1,6161
28,6162
2,6163
4,6164
10,6165
11,6166
3,6167
1,6168
27,6169
19,6170
3,6171
29,6172
23,6173
9,6174
24,6175
24,6176
0,6177
16,6178
2,6179
15,6180
1,6181
29,6182
28,6183
2,6184
29,6185
3,6186
13,6187
26,6188
2,6189
6,6190
6,6191
1,6192
8,6193
1,6194
14,6195
23,6196
2,6197
11,6198
14,6199
29,6200
19,6201
15,6202
24,6203
20,6204
22,6205
27,6206
0,6207
13,6208
17,6209
23,6210
1,6211
3,6212
1,6213
1,6214
2,6215
11,6216
21,6217
3,6218
20,6219
11,6220
7,6221
9,6222
29,6223
18,6224
4,6225
20,6226
5,6227
28,6228
6,6229
24,6230
20,6231
7,6232
21,6233
4,6234
7,6235
26,6236
1,6237
21,6238
28,6239
29,6240
26,6241
10,6242
3,6243
25,6244
21,6245
25,6246
6,6247
8,6248
9,6249
10,6250
11,6251
17,6252
16,6253
28,6254
7,6255
2,6256
0,6257
15,6258
6,6259
26,6260
15,6261
16,6262
5,6263
12,6264
9,6265
1,6266
9,6267
0,6268
2,6269
12,6270
29,6271
13,6272
8,6273
1,6274
0,6275
28,6276
20,6277
13,6278
14,6279
17,6280
8,6281
16,6282
18,6283
8,6284
22,6285
16,6286
28,6287
26,6288
8,6289
28,6290
21,6291
6,6292
12,6293
17,6294
28,6295
8,6296
5,6297
25,6298
2,6299
8,6300
4,6301
9,6302
29,6303
15,6304
29,6305
1,6306
15,6307
24,6308
13,6309
0,6310
6,6311
22,6312
25,6313
17,6314
12,6315
10,6316
10,6317
29,6318
5,6319
25,6320
27,6321
12,6322
18,6323
0,6324
10,6325
7,6326
7,6327
12,6328
18,6329
28,6330
18,6331
19,6332
17,6333
8,6334
2,6335
18,6336
9,6337
24,6338
3,6339
12,6340
26,6341
4,6342
13,6343
2,6344
5,6345
14,6346
14,6347
6,6348
21,6349
7,6350
1,6351
7,6352
0,6353
13,6354
1,6355
28,6356
15,6357
7,6358
2,6359
18,6360
3,6361
4,6362
23,6363
6,6364
4,6365
15,6366
8,6367
5,6368
1,6369
9,6370
23,6371
19,6372
25,6373
2,6374
29,6375
8,6376
21,6377
17,6378
3,6379
25,6380
14,6381
19,6382
22,6383
20,6384
9,6385
18,6386
9,6387
3,6388
18,6389
9,6390
28,6391
4,6392
21,6393
7,6394
0,6395
12,6396
1,6397
16,6398
2,6399
27,6400
3,6401
3,6402
6,6403
26,6404
12,6405
26,6406
9,6407
19,6408
18,6409
5,6410
4,6411
24,6412
20,6413
2,6414
11,6415
17,6416
1,6417
3,6418
15,6419
15,6420
23,6421
15,6422
6,6423
15,6424
10,6425
14,6426
26,6427
17,6428
26,6429
24,6430
20,6431
13,6432
16,6433
4,6434
20,6435
11,6436
9,6437
21,6438
26,6439
6,6440
19,6441
25,6442
19,6443
19,6444
5,6445
4,6446
26,6447
5,6448
15,6449
27,6450
6,6451
17,6452
16,6453
12,6454
13,6455
7,6456
22,6457
22,6458
12,6459
2,6460
28,6461
17,6462
19,6463
1,6464
23,6465
1,6466
28,6467
26,6468
1,6469
17,6470
23,6471
20,6472
11,6473
20,6474
3,6475
3,6476
3,6477
9,6478
10,6479
7,6480
24,6481
16,6482
5,6483
18,6484
22,6485
13,6486
12,6487
3,6488
19,6489
8,6490
7,6491
16,6492
6,6493
17,6494
15,6495
16,6496
19,6497
21,6498
2,6499
8,6500
27,6501
13,6502
26,6503
14,6504
0,6505
15,6506
15,6507
12,6508
11,6509
17,6510
17,6511
15,6512
8,6513
22,6514
4,6515
23,6516
5,6517
15,6518
5,6519
15,6520
14,6521
26,6522
13,6523
4,6524
6,6525
16,6526
27,6527
7,6528
17,6529
4,6530
0,6531
21,6532
1,6533
8,6534
2,6535
25,6536
3,6537
16,6538
15,6539
12,6540
2,6541
0,6542
7,6543
3,6544
19,6545
16,6546
18,6547
26,6548
28,6549
4,6550
2,6551
19,6552
25,6553
28,6554
16,6555
1,6556
17,6557
28,6558
9,6559
15,6560
6,6561
5,6562
12,6563
23,6564
2,6565
22,6566
29,6567
18,6568
7,6569
26,6570
9,6571
7,6572
4,6573
20,6574
20,6575
15,6576
23,6577
12,6578
4,6579
4,6580
27,6581
3,6582
17,6583
1,6584
9,6585
18,6586
15,6587
0,6588
15,6589
8,6590
4,6591
27,6592
19,6593
4,6594
7,6595
7,6596
27,6597
27,6598
18,6599
23,6600
19,6601
22,6602
28,6603
10,6604
7,6605
3,6606
27,6607
28,6608
22,6609
20,6610
26,6611
28,6612
15,6613
25,6614
21,6615
25,6616
12,6617
1,6618
20,6619
8,6620
17,6621
19,6622
25,6623
7,6624
25,6625
20,6626
10,6627
26,6628
7,6629
4,6630
21,6631
4,6632
23,6633
9,6634
4,6635
25,6636
5,6637
1,6638
3,6639
6,6640
22,6641
7,6642
19,6643
15,6644
2,6645
14,6646
18,6647
27,6648
22,6649
3,6650
14,6651
5,6652
24,6653
19,6654
3,6655
3,6656
9,6657
11,6658
0,6659
3,6660
21,6661
7,6662
8,6663
17,6664
6,6665
22,6666
16,6667
2,6668
14,6669
17,6670
17,6671
20,6672
5,6673
7,6674
0,6675
0,6676
19,6677
7,6678
25,6679
13,6680
26,6681
2,6682
1,6683
20,6684
26,6685
1,6686
12,6687
29,6688
19,6689
27,6690
23,6691
14,6692
29,6693
17,6694
11,6695
9,6696
4,6697
11,6698
17,6699
13,6700
27,6701
8,6702
2,6703
9,6704
16,6705
28,6706
7,6707
11,6708
19,6709
22,6710
8,6711
12,6712
18,6713
23,6714
4,6715
20,6716
23,6717
23,6718
9,6719
13,6720
3,6721
5,6722
6,6723
20,6724
6,6725
10,6726
7,6727
25,6728
23,6729
11,6730
19,6731
26,6732
10,6733
18,6734
1,6735
15,6736
16,6737
5,6738
23,6739
5,6740
24,6741
0,6742
10,6743
21,6744
3,6745
11,6746
4,6747
19,6748
25,6749
5,6750
26,6751
6,6752
29,6753
7,6754
3,6755
16,6756
13,6757
12,6758
11,6759
13,6760
3,6761
28,6762
0,6763
2,6764
7,6765
12,6766
26,6767
6,6768
13,6769
23,6770
20,6771
29,6772
2,6773
28,6774
7,6775
25,6776
17,6777
11,6778
4,6779
20,6780
12,6781
2,6782
29,6783
2,6784
13,6785
10,6786
2,6787
22,6788
10,6789
7,6790
22,6791
18,6792
15,6793
20,6794
14,6795
6,6796
12,6797
4,6798
16,6799
11,6800
19,6801
12,6802
10,6803
20,6804
20,6805
0,6806
5,6807
12,6808
23,6809
14,6810
4,6811
21,6812
0,6813
19,6814
5,6815
1,6816
21,6817
6,6818
21,6819
7,6820
7,6821
0,6822
14,6823
23,6824
25,6825
26,6826
23,6827
14,6828
20,6829
6,6830
9,6831
10,6832
18,6833
2,6834
21,6835
1,6836
17,6837
12,6838
28,6839
17,6840
11,6841
1,6842
12,6843
24,6844
28,6845
22,6846
23,6847
19,6848
1,6849
5,6850
12,6851
22,6852
17,6853
27,6854
4,6855
4,6856
18,6857
17,6858
7,6859
2,6860
19,6861
25,6862
22,6863
8,6864
11,6865
23,6866
16,6867
0,6868
9,6869
1,6870
29,6871
18,6872
8,6873
21,6874
2,6875
5,6876
3,6877
22,6878
21,6879
11,6880
13,6881
21,6882
4,6883
11,6884
24,6885
8,6886
28,6887
29,6888
15,6889
5,6890
23,6891
0,6892
5,6893
22,6894
13,6895
18,6896
15,6897
24,6898
21,6899
0,6900
21,6901
22,6902
4,6903
20,6904
5,6905
16,6906
17,6907
21,6908
5,6909
26,6910
1,6911
5,6912
15,6913
7,6914
10,6915
3,6916
5,6917
10,6918
24,6919
19,6920
23,6921
12,6922
20,6923
0,6924
29,6925
11,6926
17,6927
6,6928
13,6929
18,6930
11,6931
21,6932
25,6933
21,6934
11,6935
17,6936
23,6937
0,6938
0,6939
15,6940
15,6941
6,6942
16,6943
13,6944
14,6945
5,6946
25,6947
27,6948
3,6949
25,6950
11,6951
8,6952
29,6953
27,6954
22,6955
24,6956
24,6957
15,6958
18,6959
5,6960
6,6961
19,6962
26,6963
10,6964
4,6965
12,6966
10,6967
28,6968
4,6969
18,6970
4,6971
8,6972
21,6973
27,6974
5,6975
1,6976
29,6977
7,6978
12,6979
2,6980
22,6981
7,6982
16,6983
22,6984
5,6985
6,6986
16,6987
28,6988
17,6989
10,6990
25,6991
20,6992
3,6993
19,6994
1,6995
26,6996
13,6997
7,6998
25,6999
7,7000
0,7001
20,7002
0,7003
14,7004
5,7005
6,7006
8,7007
10,7008
20,7009
20,7010
3,7011
17,7012
23,7013
3,7014
1,7015
29,7016
0,7017
7,7018
19,7019
9,7020
1,7021
12,7022
11,7023
2,7024
12,7025
14,7026
4,7027
3,7028
9,7029
4,7030
0,7031
0,7032
6,7033
2,7034
17,7035
22,7036
5,7037
12,7038
8,7039
13,7040
24,7041
7,7042
19,7043
26,7044
9,7045
23,7046
8,7047
5,7048
5,7049
14,7050
17,7051
17,7052
19,7053
29,7054
7,7055
15,7056
1,7057
2,7058
0,7059
3,7060
19,7061
15,7062
6,7063
5,7064
15,7065
28,7066
14,7067
26,7068
26,7069
20,7070
9,7071
27,7072
18,7073
6,7074
18,7075
4,7076
0,7077
15,7078
23,7079
17,7080
11,7081
0,7082
1,7083
28,7084
3,7085
22,7086
10,7087
2,7088
29,7089
28,7090
20,7091
17,7092
20,7093
0,7094
25,7095
20,7096
1,7097
12,7098
2,7099
17,7100
15,7101
16,7102
8,7103
22,7104
2,7105
3,7106
17,7107
15,7108
7,7109
9,7110
18,7111
8,7112
15,7113
16,7114
12,7115
2,7116
19,7117
18,7118
11,7119
4,7120
14,7121
23,7122
16,7123
19,7124
1,7125
19,7126
11,7127
1,7128
1,7129
5,7130
14,7131
14,7132
12,7133
16,7134
13,7135
0,7136
8,7137
1,7138
20,7139
3,7140
21,7141
8,7142
17,7143
16,7144
0,7145
15,7146
23,7147
8,7148
26,7149
24,7150
8,7151
10,7152
15,7153
27,7154
12,7155
17,7156
6,7157
24,7158
6,7159
5,7160
16,7161
20,7162
27,7163
18,7164
0,7165
6,7166
14,7167
29,7168
27,7169
5,7170
24,7171
6,7172
10,7173
1,7174
17,7175
3,7176
4,7177
8,7178
4,7179
15,7180
5,7181
26,7182
0,7183
6,7184
7,7185
0,7186
6,7187
17,7188
19,7189
15,7190
1,7191
12,7192
7,7193
15,7194
4,7195
24,7196
27,7197
18,7198
5,7199
15,7200
23,7201
6,7202
22,7203
7,7204
21,7205
28,7206
14,7207
9,7208
23,7209
15,7210
8,7211
21,7212
25,7213
0,7214
3,7215
17,7216
29,7217
11,7218
13,7219
11,7220
4,7221
14,7222
5,7223
10,7224
14,7225
6,7226
9,7227
7,7228
3,7229
4,7230
17,7231
4,7232
1,7233
16,7234
1,7235
2,7236
12,7237
13,7238
21,7239
23,7240
29,7241
15,7242
7,7243
24,7244
20,7245
21,7246
4,7247
25,7248
27,7249
16,7250
19,7251
24,7252
22,7253
4,7254
1,7255
28,7256
26,7257
28,7258
0,7259
19,7260
14,7261
0,7262
11,7263
1,7264
21,7265
8,7266
25,7267
12,7268
14,7269
18,7270
8,7271
0,7272
11,7273
29,7274
22,7275
7,7276
11,7277
2,7278
17,7279
16,7280
20,7281
9,7282
17,7283
7,7284
2,7285
4,7286
28,7287
5,7288
17,7289
6,7290
16,7291
15,7292
7,7293
7,7294
3,7295
1,7296
5,7297
19,7298
17,7299
4,7300
1,7301
21,7302
5,7303
12,7304
18,7305
26,7306
8,7307
8,7308
23,7309
9,7310
9,7311
0,7312
3,7313
6,7314
1,7315
29,7316
11,7317
2,7318
19,7319
2,7320
16,7321
3,7322
10,7323
7,7324
5,7325
27,7326
26,7327
18,7328
28,7329
25,7330
19,7331
17,7332
5,7333
26,7334
19,7335
18,7336
27,7337
12,7338
3,7339
17,7340
29,7341
13,7342
16,7343
19,7344
1,7345
20,7346
3,7347
10,7348
12,7349
14,7350
2,7351
13,7352
20,7353
9,7354
28,7355
5,7356
14,7357
10,7358
28,7359
28,7360
2,7361
22,7362
24,7363
19,7364
6,7365
11,7366
4,7367
7,7368
5,7369
10,7370
13,7371
17,7372
6,7373
28,7374
7,7375
17,7376
6,7377
20,7378
0,7379
29,7380
12,7381
4,7382
9,7383
14,7384
5,7385
19,7386
18,7387
26,7388
18,7389
22,7390
20,7391
7,7392
4,7393
21,7394
7,7395
4,7396
3,7397
3,7398
3,7399
16,7400
25,7401
22,7402
18,7403
20,7404
8,7405
2,7406
4,7407
16,7408
0,7409
25,7410
0,7411
15,7412
7,7413
29,7414
21,7415
6,7416
0,7417
22,7418
8,7419
2,7420
3,7421
0,7422
10,7423
20,7424
1,7425
5,7426
2,7427
23,7428
14,7429
29,7430
3,7431
14,7432
18,7433
21,7434
6,7435
7,7436
23,7437
0,7438
2,7439
1,7440
11,7441
3,7442
9,7443
2,7444
8,7445
3,7446
6,7447
2,7448
18,7449
1,7450
16,7451
0,7452
28,7453
16,7454
2,7455
19,7456
2,7457
28,7458
4,7459
17,7460
24,7461
24,7462
16,7463
17,7464
29,7465
24,7466
20,7467
29,7468
3,7469
25,7470
11,7471
13,7472
16,7473
22,7474
26,7475
2,7476
25,7477
0,7478
13,7479
5,7480
4,7481
7,7482
11,7483
9,7484
8,7485
2,7486
28,7487
29,7488
4,7489
6,7490
2,7491
25,7492
16,7493
17,7494
23,7495
3,7496
1,7497
12,7498
2,7499
18,7500
18,7501
4,7502
24,7503
12,7504
18,7505
5,7506
21,7507
21,7508
6,7509
21,7510
7,7511
10,7512
20,7513
13,7514
4,7515
24,7516
13,7517
13,7518
12,7519
23,7520
2,7521
1,7522
3,7523
16,7524
10,7525
9,7526
17,7527
11,7528
23,7529
3,7530
21,7531
8,7532
0,7533
24,7534
1,7535
29,7536
18,7537
27,7538
28,7539
2,7540
6,7541
3,7542
23,7543
3,7544
14,7545
0,7546
6,7547
1,7548
28,7549
3,7550
16,7551
17,7552
29,7553
24,7554
13,7555
17,7556
8,7557
4,7558
4,7559
24,7560
0,7561
16,7562
11,7563
16,7564
26,7565
13,7566
2,7567
22,7568
17,7569
22,7570
28,7571
22,7572
4,7573
17,7574
22,7575
27,7576
26,7577
25,7578
17,7579
2,7580
19,7581
17,7582
29,7583
13,7584
2,7585
4,7586
22,7587
15,7588
13,7589
3,7590
4,7591
23,7592
8,7593
29,7594
28,7595
7,7596
5,7597
19,7598
29,7599
0,7600
13,7601
11,7602
14,7603
21,7604
29,7605
13,7606
11,7607
7,7608
15,7609
21,7610
17,7611
6,7612
20,7613
20,7614
9,7615
29,7616
8,7617
0,7618
11,7619
1,7620
5,7621
2,7622
29,7623
12,7624
28,7625
3,7626
29,7627
22,7628
3,7629
12,7630
0,7631
12,7632
26,7633
9,7634
18,7635
2,7636
18,7637
4,7638
27,7639
11,7640
24,7641
12,7642
17,7643
8,7644
17,7645
26,7646
22,7647
7,7648
5,7649
9,7650
8,7651
24,7652
15,7653
15,7654
8,7655
10,7656
25,7657
14,7658
28,7659
18,7660
27,7661
27,7662
13,7663
20,7664
14,7665
25,7666
10,7667
7,7668
7,7669
21,7670
18,7671
25,7672
7,7673
4,7674
3,7675
6,7676
5,7677
23,7678
12,7679
24,7680
6,7681
7,7682
11,7683
7,7684
26,7685
17,7686
1,7687
19,7688
8,7689
2,7690
13,7691
1,7692
5,7693
6,7694
24,7695
21,7696
10,7697
14,7698
0,7699
15,7700
2,7701
25,7702
4,7703
10,7704
10,7705
25,7706
25,7707
14,7708
18,7709
0,7710
12,7711
3,7712
8,7713
0,7714
6,7715
24,7716
1,7717
10,7718
2,7719
28,7720
10,7721
3,7722
25,7723
28,7724
0,7725
13,7726
22,7727
7,7728
17,7729
10,7730
25,7731
18,7732
29,7733
17,7734
0,7735
4,7736
9,7737
27,7738
5,7739
4,7740
6,7741
15,7742
6,7743
24,7744
7,7745
26,7746
10,7747
26,7748
0,7749
23,7750
15,7751
21,7752
24,7753
0,7754
1,7755
3,7756
10,7757
5,7758
1,7759
6,7760
2,7761
1,7762
10,7763
3,7764
21,7765
7,7766
8,7767
11,7768
6,7769
5,7770
1,7771
22,7772
2,7773
0,7774
3,7775
1,7776
29,7777
2,7778
5,7779
26,7780
15,7781
3,7782
0,7783
26,7784
29,7785
11,7786
16,7787
22,7788
16,7789
10,7790
22,7791
4,7792
4,7793
28,7794
26,7795
29,7796
4,7797
10,7798
18,7799
28,7800
29,7801
2,7802
25,7803
15,7804
2,7805
4,7806
7,7807
12,7808
18,7809
8,7810
2,7811
4,7812
21,7813
20,7814
5,7815
13,7816
26,7817
12,7818
6,7819
27,7820
8,7821
11,7822
21,7823
7,7824
22,7825
13,7826
15,7827
12,7828
19,7829
5,7830
26,7831
12,7832
18,7833
2,7834
4,7835
20,7836
7,7837
22,7838
18,7839
23,7840
0,7841
8,7842
25,7843
18,7844
27,7845
10,7846
18,7847
10,7848
26,7849
21,7850
8,7851
20,7852
5,7853
4,7854
10,7855
21,7856
11,7857
0,7858
20,7859
21,7860
15,7861
12,7862
29,7863
6,7864
6,7865
22,7866
0,7867
5,7868
0,7869
1,7870
17,7871
2,7872
6,7873
3,7874
28,7875
8,7876
4,7877
20,7878
10,7879
5,7880
6,7881
6,7882
18,7883
21,7884
2,7885
24,7886
3,7887
28,7888
11,7889
16,7890
22,7891
7,7892
14,7893
3,7894
8,7895
28,7896
25,7897
0,7898
23,7899
9,7900
20,7901
5,7902
7,7903
5,7904
7,7905
3,7906
29,7907
21,7908
0,7909
23,7910
1,7911
0,7912
12,7913
2,7914
5,7915
3,7916
6,7917
21,7918
25,7919
20,7920
28,7921
4,7922
12,7923
17,7924
29,7925
0,7926
20,7927
10,7928
9,7929
8,7930
21,7931
12,7932
1,7933
10,7934
11,7935
6,7936
6,7937
24,7938
4,7939
1,7940
28,7941
25,7942
28,7943
24,7944
20,7945
27,7946
6,7947
16,7948
2,7949
7,7950
1,7951
0,7952
4,7953
18,7954
5,7955
15,7956
6,7957
7,7958
6,7959
7,7960
20,7961
21,7962
21,7963
29,7964
9,7965
14,7966
3,7967
7,7968
24,7969
14,7970
29,7971
7,7972
21,7973
29,7974
15,7975
22,7976
13,7977
1,7978
13,7979
11,7980
6,7981
15,7982
13,7983
2,7984
24,7985
19,7986
18,7987
11,7988
5,7989
8,7990
17,7991
0,7992
15,7993
25,7994
2,7995
18,7996
18,7997
21,7998
25,7999
27,8000
29,8001
29,8002
9,8003
18,8004
22,8005
8,8006
11,8007
16,8008
17,8009
6,8010
9,8011
12,8012
24,8013
0,8014
27,8015
11,8016
10,8017
18,8018
4,8019
16,8020
7,8021
25,8022
2,8023
4,8024
1,8025
11,8026
4,8027
25,8028
8,8029
26,8030
5,8031
21,8032
16,8033
2,8034
15,8035
12,8036
9,8037
10,8038
1,8039
18,8040
21,8041
21,8042
24,8043
16,8044
19,8045
12,8046
21,8047
13,8048
18,8049
14,8050
19,8051
5,8052
17,8053
5,8054
9,8055
19,8056
27,8057
10,8058
26,8059
6,8060
20,8061
9,8062
18,8063
20,8064
11,8065
10,8066
7,8067
21,8068
6,8069
11,8070
13,8071
12,8072
11,8073
27,8074
18,8075
29,8076
2,8077
16,8078
5,8079
7,8080
8,8081
2,8082
6,8083
16,8084
11,8085
6,8086
8,8087
4,8088
23,8089
4,8090
2,8091
12,8092
17,8093
10,8094
10,8095
7,8096
5,8097
9,8098
16,8099
6,8100
1,8101
22,8102
7,8103
29,8104
26,8105
19,8106
1,8107
3,8108
1,8109
17,8110
20,8111
13,8112
1,8113
20,8114
22,8115
18,8116
24,8117
1,8118
6,8119
16,8120
7,8121
4,8122
3,8123
8,8124
10,8125
5,8126
26,8127
12,8128
17,8129
2,8130
8,8131
2,8132
17,8133
6,8134
17,8135
22,8136
19,8137
15,8138
7,8139
8,8140
10,8141
4,8142
27,8143
12,8144
14,8145
5,8146
18,8147
17,8148
8,8149
7,8150
6,8151
1,8152
7,8153
3,8154
22,8155
13,8156
18,8157
0,8158
5,8159
4,8160
28,8161
16,8162
20,8163
22,8164
24,8165
29,8166
0,8167
7,8168
26,8169
21,8170
9,8171
13,8172
25,8173
2,8174
28,8175
5,8176
8,8177
27,8178
16,8179
0,8180
11,8181
6,8182
28,8183
1,8184
14,8185
20,8186
2,8187
28,8188
17,8189
0,8190
9,8191
16,8192
12,8193
19,8194
16,8195
19,8196
27,8197
12,8198
13,8199
14,8200
14,8201
27,8202
28,8203
9,8204
4,8205
12,8206
2,8207
20,8208
24,8209
5,8210
9,8211
6,8212
28,8213
7,8214
7,8215
7,8216
9,8217
16,8218
0,8219
20,8220
3,8221
13,8222
15,8223
21,8224
0,8225
0,8226
25,8227
15,8228
24,8229
20,8230
6,8231
1,8232
27,8233
0,8234
23,8235
25,8236
5,8237
2,8238
17,8239
1,8240
13,8241
20,8242
29,8243
16,8244
18,8245
26,8246
0,8247
4,8248
0,8249
5,8250
27,8251
6,8252
0,8253
23,8254
25,8255
20,8256
21,8257
24,8258
5,8259
7,8260
24,8261
29,8262
24,8263
17,8264
19,8265
26,8266
18,8267
9,8268
23,8269
8,8270
17,8271
5,8272
4,8273
29,8274
7,8275
17,8276
13,8277
22,8278
20,8279
0,8280
24,8281
1,8282
3,8283
4,8284
4,8285
26,8286
5,8287
4,8288
26,8289
2,8290
6,8291
17,8292
7,8293
17,8294
29,8295
9,8296
24,8297
29,8298
4,8299
20,8300
5,8301
4,8302
6,8303
0,8304
0,8305
7,8306
8,8307
26,8308
8,8309
12,8310
2,8311
6,8312
9,8313
24,8314
6,8315
28,8316
7,8317
6,8318
9,8319
5,8320
0,8321
0,8322
3,8323
1,8324
13,8325
2,8326
21,8327
27,8328
3,8329
26,8330
13,8331
17,8332
13,8333
20,8334
28,8335
14,8336
2,8337
0,8338
6,8339
21,8340
1,8341
11,8342
21,8343
0,8344
12,8345
6,8346
10,8347
18,8348
6,8349
16,8350
15,8351
21,8352
25,8353
16,8354
25,8355
27,8356
3,8357
3,8358
22,8359
17,8360
23,8361
19,8362
20,8363
28,8364
28,8365
28,8366
9,8367
21,8368
5,8369
19,8370
21,8371
10,8372
25,8373
17,8374
16,8375
12,8376
17,8377
8,8378
5,8379
12,8380
4,8381
0,8382
2,8383
1,8384
4,8385
2,8386
13,8387
3,8388
10,8389
7,8390
6,8391
7,8392
15,8393
11,8394
4,8395
26,8396
15,8397
13,8398
20,8399
14,8400
9,8401
15,8402
17,8403
9,8404
15,8405
4,8406
8,8407
4,8408
22,8409
5,8410
17,8411
6,8412
16,8413
7,8414
21,8415
2,8416
4,8417
4,8418
23,8419
2,8420
0,8421
18,8422
2,8423
22,8424
27,8425
13,8426
2,8427
10,8428
20,8429
24,8430
5,8431
6,8432
9,8433
11,8434
4,8435
2,8436
8,8437
19,8438
21,8439
29,8440
0,8441
3,8442
9,8443
9,8444
23,8445
1,8446
12,8447
2,8448
15,8449
6,8450
14,8451
23,8452
4,8453
4,8454
10,8455
9,8456
12,8457
1,8458
1,8459
7,8460
2,8461
9,8462
0,8463
12,8464
19,8465
9,8466
19,8467
29,8468
1,8469
9,8470
18,8471
2,8472
19,8473
3,8474
6,8475
18,8476
29,8477
7,8478
12,8479
18,8480
25,8481
17,8482
16,8483
24,8484
0,8485
2,8486
2,8487
2,8488
6,8489
13,8490
17,8491
19,8492
1,8493
12,8494
28,8495
4,8496
25,8497
23,8498
16,8499
12,8500
22,8501
1,8502
12,8503
25,8504
12,8505
2,8506
7,8507
13,8508
4,8509
8,8510
10,8511
15,8512
18,8513
23,8514
15,8515
16,8516
0,8517
0,8518
1,8519
11,8520
12,8521
18,8522
2,8523
15,8524
3,8525
13,8526
18,8527
6,8528
19,8529
8,8530
13,8531
8,8532
5,8533
12,8534
5,8535
4,8536
15,8537
0,8538
22,8539
14,8540
2,8541
10,8542
28,8543
16,8544
15,8545
23,8546
12,8547
13,8548
18,8549
2,8550
14,8551
0,8552
22,8553
16,8554
4,8555
1,8556
6,8557
9,8558
10,8559
16,8560
9,8561
16,8562
24,8563
10,8564
4,8565
10,8566
1,8567
18,8568
12,8569
14,8570
20,8571
22,8572
15,8573
6,8574
28,8575
17,8576
11,8577
5,8578
1,8579
7,8580
4,8581
20,8582
14,8583
12,8584
12,8585
5,8586
6,8587
6,8588
26,8589
7,8590
7,8591
8,8592
16,8593
18,8594
21,8595
11,8596
6,8597
28,8598
4,8599
22,8600
20,8601
21,8602
0,8603
17,8604
8,8605
11,8606
4,8607
6,8608
23,8609
2,8610
10,8611
21,8612
25,8613
29,8614
9,8615
7,8616
25,8617
11,8618
3,8619
1,8620
10,8621
23,8622
0,8623
6,8624
29,8625
28,8626
4,8627
11,8628
7,8629
0,8630
20,8631
28,8632
13,8633
4,8634
10,8635
23,8636
1,8637
21,8638
26,8639
2,8640
5,8641
16,8642
3,8643
0,8644
15,8645
6,8646
26,8647
3,8648
24,8649
22,8650
25,8651
17,8652
23,8653
1,8654
5,8655
15,8656
0,8657
14,8658
1,8659
16,8660
16,8661
2,8662
10,8663
3,8664
16,8665
25,8666
21,8667
11,8668
25,8669
13,8670
0,8671
0,8672
6,8673
0,8674
8,8675
1,8676
0,8677
2,8678
27,8679
3,8680
3,8681
21,8682
20,8683
0,8684
24,8685
20,8686
4,8687
21,8688
8,8689
2,8690
11,8691
24,8692
28,8693
10,8694
18,8695
22,8696
14,8697
5,8698
20,8699
29,8700
15,8701
18,8702
5,8703
9,8704
16,8705
4,8706
6,8707
24,8708
20,8709
22,8710
7,8711
22,8712
28,8713
28,8714
16,8715
28,8716
3,8717
7,8718
3,8719
29,8720
20,8721
22,8722
25,8723
2,8724
19,8725
27,8726
10,8727
1,8728
19,8729
7,8730
28,8731
29,8732
22,8733
23,8734
28,8735
17,8736
13,8737
11,8738
27,8739
3,8740
22,8741
29,8742
2,8743
11,8744
4,8745
13,8746
23,8747
4,8748
1,8749
10,8750
4,8751
13,8752
11,8753
11,8754
26,8755
10,8756
2,8757
17,8758
11,8759
20,8760
9,8761
16,8762
11,8763
14,8764
29,8765
13,8766
4,8767
7,8768
5,8769
19,8770
25,8771
6,8772
4,8773
7,8774
19,8775
23,8776
27,8777
7,8778
2,8779
24,8780
28,8781
22,8782
13,8783
4,8784
22,8785
2,8786
3,8787
16,8788
8,8789
4,8790
14,8791
12,8792
21,8793
25,8794
2,8795
0,8796
11,8797
25,8798
0,8799
20,8800
17,8801
5,8802
4,8803
22,8804
5,8805
4,8806
5,8807
5,8808
6,8809
5,8810
12,8811
7,8812
25,8813
0,8814
1,8815
28,8816
28,8817
1,8818
23,8819
1,8820
25,8821
2,8822
2,8823
3,8824
6,8825
17,8826
1,8827
5,8828
12,8829
18,8830
12,8831
21,8832
27,8833
13,8834
13,8835
23,8836
8,8837
7,8838
3,8839
4,8840
0,8841
18,8842
27,8843
14,8844
23,8845
5,8846
26,8847
6,8848
15,8849
7,8850
10,8851
11,8852
7,8853
12,8854
19,8855
19,8856
28,8857
9,8858
6,8859
14,8860
28,8861
15,8862
7,8863
28,8864
25,8865
18,8866
8,8867
29,8868
18,8869
28,8870
2,8871
23,8872
20,8873
24,8874
12,8875
1,8876
4,8877
10,8878
5,8879
17,8880
6,8881
20,8882
24,8883
7,8884
3,8885
29,8886
4,8887
8,8888
5,8889
24,8890
18,8891
11,8892
2,8893
0,8894
6,8895
26,8896
20,8897
21,8898
5,8899
7,8900
18,8901
24,8902
4,8903
15,8904
15,8905
13,8906
10,8907
4,8908
25,8909
7,8910
14,8911
24,8912
16,8913
26,8914
5,8915
21,8916
29,8917
4,8918
15,8919
4,8920
2,8921
5,8922
24,8923
6,8924
27,8925
7,8926
2,8927
8,8928
26,8929
15,8930
21,8931
4,8932
12,8933
10,8934
25,8935
10,8936
13,8937
14,8938
12,8939
7,8940
19,8941
8,8942
7,8943
11,8944
6,8945
13,8946
10,8947
1,8948
0,8949
12,8950
23,8951
20,8952
21,8953
16,8954
27,8955
27,8956
22,8957
19,8958
18,8959
5,8960
6,8961
22,8962
16,8963
9,8964
21,8965
15,8966
0,8967
2,8968
5,8969
9,8970
21,8971
1,8972
0,8973
5,8974
19,8975
2,8976
7,8977
14,8978
28,8979
7,8980
3,8981
29,8982
27,8983
1,8984
16,8985
11,8986
23,8987
14,8988
10,8989
19,8990
24,8991
4,8992
21,8993
22,8994
6,8995
5,8996
10,8997
13,8998
6,8999
15,9000
22,9001
18,9002
23,9003
7,9004
23,9005
6,9006
6,9007
14,9008
26,9009
11,9010
23,9011
19,9012
3,9013
2,9014
22,9015
1,9016
14,9017
15,9018
7,9019
6,9020
7,9021
17,9022
20,9023
5,9024
12,9025
0,9026
20,9027
29,9028
25,9029
19,9030
11,9031
4,9032
3,9033
14,9034
22,9035
22,9036
3,9037
19,9038
2,9039
18,9040
0,9041
12,9042
25,9043
9,9044
5,9045
2,9046
8,9047
2,9048
2,9049
29,9050
7,9051
4,9052
20,9053
21,9054
25,9055
11,9056
9,9057
10,9058
25,9059
8,9060
10,9061
16,9062
23,9063
13,9064
10,9065
4,9066
26,9067
14,9068
13,9069
21,9070
27,9071
0,9072
29,9073
0,9074
11,9075
13,9076
9,9077
15,9078
2,9079
6,9080
18,9081
14,9082
20,9083
3,9084
7,9085
6,9086
4,9087
1,9088
8,9089
5,9090
21,9091
6,9092
17,9093
7,9094
16,9095
18,9096
27,9097
0,9098
28,9099
25,9100
17,9101
1,9102
28,9103
3,9104
18,9105
20,9106
24,9107
15,9108
8,9109
28,9110
1,9111
17,9112
29,9113
19,9114
7,9115
7,9116
0,9117
6,9118
5,9119
12,9120
29,9121
11,9122
26,9123
8,9124
2,9125
27,9126
3,9127
13,9128
19,9129
11,9130
1,9131
5,9132
26,9133
18,9134
5,9135
15,9136
14,9137
23,9138
9,9139
1,9140
1,9141
15,9142
13,9143
15,9144
0,9145
27,9146
21,9147
1,9148
25,9149
2,9150
12,9151
3,9152
17,9153
18,9154
23,9155
9,9156
0,9157
27,9158
3,9159
9,9160
21,9161
11,9162
0,9163
4,9164
13,9165
5,9166
26,9167
5,9168
6,9169
26,9170
10,9171
7,9172
14,9173
24,9174
3,9175
12,9176
13,9177
19,9178
9,9179
19,9180
8,9181
14,9182
12,9183
4,9184
9,9185
5,9186
18,9187
6,9188
18,9189
7,9190
22,9191
29,9192
23,9193
2,9194
23,9195
4,9196
12,9197
4,9198
26,9199
18,9200
2,9201
13,9202
21,9203
5,9204
20,9205
25,9206
26,9207
29,9208
15,9209
28,9210
5,9211
20,9212
12,9213
16,9214
8,9215
12,9216
21,9217
16,9218
0,9219
18,9220
4,9221
22,9222
5,9223
20,9224
6,9225
18,9226
7,9227
26,9228
27,9229
18,9230
21,9231
25,9232
19,9233
15,9234
15,9235
8,9236
0,9237
26,9238
22,9239
14,9240
1,9241
17,9242
16,9243
2,9244
3,9245
3,9246
21,9247
3,9248
20,9249
17,9250
10,9251
5,9252
18,9253
29,9254
24,9255
20,9256
13,9257
12,9258
23,9259
6,9260
5,9261
7,9262
21,9263
9,9264
22,9265
13,9266
22,9267
20,9268
4,9269
26,9270
5,9271
1,9272
3,9273
29,9274
16,9275
12,9276
14,9277
23,9278
23,9279
26,9280
2,9281
4,9282
24,9283
21,9284
2,9285
5,9286
6,9287
5,9288
8,9289
3,9290
8,9291
2,9292
11,9293
25,9294
13,9295
2,9296
5,9297
15,9298
9,9299
10,9300
11,9301
12,9302
4,9303
9,9304
2,9305
16,9306
9,9307
2,9308
15,9309
4,9310
24,9311
8,9312
3,9313
5,9314
22,9315
6,9316
15,9317
7,9318
3,9319
1,9320
20,9321
2,9322
16,9323
20,9324
2,9325
22,9326
16,9327
29,9328
15,9329
5,9330
5,9331
13,9332
19,9333
4,9334
21,9335
5,9336
12,9337
0,9338
3,9339
4,9340
26,9341
8,9342
7,9343
2,9344
11,9345
14,9346
24,9347
2,9348
18,9349
28,9350
0,9351
8,9352
10,9353
26,9354
2,9355
7,9356
0,9357
9,9358
11,9359
24,9360
13,9361
11,9362
16,9363
25,9364
17,9365
22,9366
4,9367
6,9368
23,9369
21,9370
4,9371
2,9372
29,9373
20,9374
20,9375
19,9376
10,9377
9,9378
17,9379
15,9380
0,9381
11,9382
0,9383
0,9384
1,9385
11,9386
19,9387
2,9388
6,9389
18,9390
29,9391
3,9392
2,9393
3,9394
22,9395
5,9396
8,9397
13,9398
18,9399
14,9400
5,9401
9,9402
27,9403
0,9404
10,9405
20,9406
0,9407
29,9408
18,9409
27,9410
5,9411
12,9412
13,9413
9,9414
4,9415
28,9416
7,9417
12,9418
4,9419
24,9420
7,9421
18,9422
25,9423
11,9424
24,9425
12,9426
22,9427
15,9428
19,9429
11,9430
2,9431
6,9432
7,9433
7,9434
16,9435
12,9436
20,9437
7,9438
0,9439
21,9440
8,9441
0,9442
15,9443
11,9444
8,9445
8,9446
4,9447
6,9448
26,9449
24,9450
24,9451
19,9452
25,9453
4,9454
1,9455
6,9456
23,9457
1,9458
25,9459
27,9460
28,9461
3,9462
0,9463
16,9464
1,9465
20,9466
2,9467
6,9468
26,9469
2,9470
19,9471
12,9472
8,9473
1,9474
3,9475
6,9476
22,9477
23,9478
24,9479
9,9480
4,9481
25,9482
13,9483
21,9484
23,9485
13,9486
29,9487
8,9488
1,9489
21,9490
16,9491
6,9492
28,9493
22,9494
13,9495
11,9496
9,9497
21,9498
20,9499
26,9500
19,9501
15,9502
17,9503
28,9504
22,9505
12,9506
29,9507
13,9508
15,9509
29,9510
3,9511
14,9512
6,9513
23,9514
29,9515
15,9516
23,9517
5,9518
19,9519
19,9520
5,9521
8,9522
25,9523
19,9524
15,9525
1,9526
12,9527
13,9528
15,9529
23,9530
27,9531
4,9532
1,9533
11,9534
13,9535
21,9536
8,9537
21,9538
26,9539
25,9540
27,9541
10,9542
12,9543
22,9544
8,9545
13,9546
17,9547
8,9548
4,9549
15,9550
25,9551
19,9552
25,9553
21,9554
6,9555
1,9556
19,9557
25,9558
18,9559
29,9560
8,9561
16,9562
25,9563
18,9564
4,9565
10,9566
18,9567
0,9568
27,9569
18,9570
8,9571
19,9572
8,9573
5,9574
23,9575
9,9576
10,9577
19,9578
25,9579
27,9580
4,9581
18,9582
5,9583
28,9584
25,9585
26,9586
1,9587
7,9588
3,9589
10,9590
21,9591
23,9592
16,9593
11,9594
17,9595
26,9596
24,9597
28,9598
15,9599
12,9600
19,9601
29,9602
28,9603
29,9604
14,9605
29,9606
15,9607
20,9608
12,9609
13,9610
29,9611
11,9612
4,9613
15,9614
7,9615
0,9616
9,9617
1,9618
2,9619
27,9620
2,9621
8,9622
11,9623
3,9624
8,9625
3,9626
15,9627
15,9628
13,9629
3,9630
10,9631
0,9632
20,9633
0,9634
10,9635
15,9636
13,9637
11,9638
17,9639
24,9640
28,9641
22,9642
1,9643
11,9644
26,9645
15,9646
3,9647
23,9648
8,9649
13,9650
2,9651
17,9652
9,9653
19,9654
10,9655
23,9656
15,9657
1,9658
28,9659
5,9660
7,9661
24,9662
9,9663
27,9664
4,9665
24,9666
20,9667
5,9668
5,9669
1,9670
23,9671
6,9672
19,9673
17,9674
1,9675
7,9676
23,9677
19,9678
24,9679
6,9680
16,9681
1,9682
14,9683
4,9684
11,9685
25,9686
0,9687
24,9688
12,9689
9,9690
18,9691
27,9692
3,9693
29,9694
13,9695
20,9696
5,9697
15,9698
29,9699
13,9700
11,9701
1,9702
5,9703
1,9704
28,9705
24,9706
20,9707
11,9708
17,9709
0,9710
23,9711
19,9712
9,9713
5,9714
4,9715
24,9716
18,9717
17,9718
19,9719
15,9720
21,9721
27,9722
24,9723
8,9724
28,9725
4,9726
24,9727
21,9728
17,9729
22,9730
24,9731
5,9732
15,9733
20,9734
12,9735
11,9736
27,9737
18,9738
22,9739
24,9740
6,9741
24,9742
20,9743
7,9744
0,9745
0,9746
9,9747
1,9748
5,9749
26,9750
1,9751
1,9752
29,9753
2,9754
4,9755
3,9756
23,9757
29,9758
22,9759
25,9760
5,9761
6,9762
1,9763
29,9764
21,9765
25,9766
5,9767
22,9768
21,9769
29,9770
26,9771
18,9772
20,9773
16,9774
11,9775
19,9776
8,9777
12,9778
6,9779
17,9780
22,9781
14,9782
12,9783
16,9784
25,9785
18,9786
4,9787
3,9788
28,9789
7,9790
8,9791
12,9792
7,9793
8,9794
2,9795
17,9796
14,9797
1,9798
10,9799
17,9800
10,9801
7,9802
27,9803
26,9804
27,9805
26,9806
3,9807
5,9808
20,9809
29,9810
21,9811
22,9812
29,9813
22,9814
23,9815
2,9816
26,9817
10,9818
2,9819
23,9820
27,9821
17,9822
22,9823
16,9824
10,9825
12,9826
1,9827
3,9828
0,9829
3,9830
1,9831
25,9832
22,9833
8,9834
5,9835
9,9836
0,9837
19,9838
16,9839
5,9840
16,9841
4,9842
9,9843
13,9844
14,9845
0,9846
2,9847
22,9848
1,9849
1,9850
2,9851
27,9852
1,9853
3,9854
11,9855
27,9856
13,9857
25,9858
29,9859
19,9860
10,9861
0,9862
28,9863
16,9864
9,9865
24,9866
1,9867
8,9868
12,9869
2,9870
17,9871
3,9872
15,9873
0,9874
8,9875
13,9876
19,9877
24,9878
24,9879
22,9880
16,9881
12,9882
16,9883
13,9884
29,9885
4,9886
17,9887
8,9888
29,9889
8,9890
9,9891
29,9892
25,9893
12,9894
16,9895
12,9896
23,9897
4,9898
0,9899
6,9900
14,9901
23,9902
24,9903
0,9904
15,9905
13,9906
10,9907
14,9908
3,9909
4,9910
27,9911
27,9912
27,9913
11,9914
27,9915
29,9916
14,9917
13,9918
5,9919
25,9920
11,9921
3,9922
19,9923
13,9924
25,9925
14,9926
11,9927
16,9928
5,9929
12,9930
18,9931
21,9932
18,9933
9,9934
5,9935
4,9936
26,9937
6,9938
9,9939
17,9940
13,9941
23,9942
1,9943
7,9944
6,9945
27,9946
2,9947
13,9948
5,9949
29,9950
27,9951
21,9952
12,9953
10,9954
21,9955
1,9956
29,9957
3,9958
14,9959
26,9960
0,9961
13,9962
11,9963
24,9964
21,9965
8,9966
0,9967
14,9968
6,9969
17,9970
9,9971
2,9972
12,9973
26,9974
9,9975
4,9976
1,9977
0,9978
3,9979
28,9980
10,9981
4,9982
25,9983
11,9984
1,9985
12,9986
8,9987
13,9988
15,9989
27,9990
3,9991
2,9992
16,9993
25,9994
27,9995
19,9996
26,9997
18,9998
6,9999
