14,0
15,1
10,2
2,3
15,4
15,5
2,6
10,7
6,8
0,9
6,10
6,11
5,12
6,13
5,14
6,15
6,16
0,17
0,18
0,19
1,20
14,21
2,22
4,23
15,24
3,25
19,26
17,27
19,28
19,29
17,30
19,31
17,32
12,33
12,34
8,35
12,36
12,37
13,38
13,39
13,40
12,41
12,42
8,43
12,44
12,45
13,46
8,47
8,48
8,49
10,50
4,51
14,52
14,53
15,54
2,55
4,56
14,57
10,58
0,59
0,60
5,61
1,62
1,63
2,64
14,65
3,66
17,67
17,68
12,69
8,70
12,71
12,72
12,73
13,74
12,75
13,76
4,77
10,78
5,79
5,80
6,81
6,82
0,83
9,84
11,85
7,86
11,87
7,88
16,89
7,90
0,91
0,92
1,93
10,94
4,95
4,96
2,97
15,98
2,99
10,100
1,101
3,102
17,103
3,104
19,105
17,106
12,107
12,108
8,109
13,110
12,111
8,112
12,113
12,114
12,115
12,116
8,117
10,118
4,119
15,120
2,121
14,122
10,123
10,124
1,125
4,126
4,127
2,128
15,129
1,130
10,131
15,132
2,133
10,134
14,135
15,136
15,137
15,138
15,139
10,140
15,141
15,142
14,143
14,144
1,145
1,146
0,147
9,148
18,149
1,150
4,151
2,152
15,153
3,154
19,155
17,156
17,157
19,158
3,159
19,160
17,161
3,162
17,163
12,164
13,165
12,166
8,167
0,168
5,169
0,170
1,171
1,172
2,173
4,174
3,175
17,176
12,177
4,178
15,179
5,180
6,181
0,182
6,183
5,184
5,185
7,186
18,187
7,188
11,189
7,190
16,191
7,192
11,193
18,194
11,195
18,196
9,197
18,198
18,199
11,200
7,201
7,202
11,203
9,204
16,205
9,206
11,207
18,208
18,209
7,210
7,211
9,212
4,213
4,214
1,215
5,216
6,217
6,218
6,219
0,220
0,221
7,222
18,223
9,224
7,225
7,226
7,227
18,228
18,229
16,230
4,231
1,232
5,233
0,234
5,235
6,236
6,237
6,238
7,239
11,240
16,241
16,242
7,243
11,244
16,245
7,246
11,247
9,248
16,249
18,250
7,251
9,252
16,253
16,254
16,255
11,256
7,257
11,258
7,259
11,260
9,261
9,262
7,263
9,264
9,265
9,266
7,267
4,268
1,269
5,270
5,271
6,272
0,273
6,274
6,275
5,276
6,277
7,278
18,279
9,280
7,281
7,282
16,283
7,284
7,285
9,286
9,287
11,288
9,289
9,290
7,291
4,292
14,293
15,294
5,295
5,296
6,297
0,298
0,299
6,300
5,301
0,302
5,303
7,304
16,305
7,306
9,307
9,308
18,309
17,310
17,311
3,312
19,313
3,314
19,315
19,316
17,317
19,318
3,319
17,320
17,321
19,322
3,323
17,324
3,325
3,326
17,327
3,328
17,329
17,330
19,331
19,332
17,333
3,334
17,335
17,336
17,337
19,338
17,339
12,340
12,341
8,342
10,343
10,344
10,345
10,346
2,347
14,348
10,349
4,350
1,351
2,352
10,353
6,354
0,355
9,356
7,357
11,358
7,359
7,360
9,361
16,362
16,363
16,364
7,365
11,366
7,367
9,368
18,369
11,370
7,371
11,372
9,373
16,374
16,375
7,376
11,377
11,378
16,379
7,380
18,381
7,382
11,383
18,384
16,385
11,386
7,387
16,388
16,389
18,390
7,391
11,392
7,393
7,394
18,395
9,396
7,397
7,398
9,399
16,400
9,401
9,402
16,403
9,404
11,405
16,406
11,407
11,408
11,409
16,410
11,411
11,412
0,413
9,414
18,415
11,416
1,417
14,418
4,419
2,420
14,421
15,422
3,423
19,424
17,425
19,426
4,427
14,428
5,429
6,430
6,431
5,432
7,433
9,434
7,435
11,436
9,437
11,438
7,439
16,440
9,441
7,442
18,443
7,444
11,445
18,446
9,447
18,448
11,449
7,450
16,451
11,452
11,453
9,454
9,455
11,456
9,457
7,458
16,459
16,460
11,461
16,462
9,463
18,464
9,465
9,466
11,467
16,468
16,469
16,470
18,471
11,472
7,473
7,474
7,475
7,476
9,477
0,478
6,479
1,480
4,481
2,482
15,483
3,484
3,485
17,486
19,487
3,488
19,489
17,490
3,491
17,492
19,493
3,494
19,495
19,496
17,497
17,498
19,499
19,500
3,501
17,502
3,503
3,504
19,505
19,506
3,507
3,508
3,509
19,510
17,511
19,512
19,513
17,514
12,515
8,516
8,517
10,518
6,519
0,520
6,521
5,522
6,523
5,524
0,525
9,526
9,527
4,528
4,529
10,530
15,531
5,532
6,533
6,534
6,535
0,536
0,537
9,538
7,539
7,540
9,541
16,542
7,543
18,544
11,545
7,546
7,547
9,548
16,549
4,550
2,551
14,552
4,553
5,554
0,555
9,556
16,557
6,558
5,559
5,560
7,561
18,562
18,563
18,564
17,565
19,566
17,567
12,568
13,569
8,570
10,571
10,572
15,573
4,574
15,575
1,576
14,577
1,578
4,579
10,580
1,581
10,582
1,583
15,584
2,585
10,586
1,587
4,588
2,589
2,590
4,591
10,592
6,593
6,594
0,595
5,596
5,597
6,598
0,599
4,600
10,601
5,602
6,603
5,604
6,605
0,606
7,607
7,608
7,609
18,610
17,611
17,612
19,613
3,614
19,615
19,616
19,617
17,618
3,619
19,620
19,621
3,622
17,623
3,624
17,625
3,626
17,627
12,628
12,629
12,630
8,631
10,632
15,633
10,634
2,635
10,636
14,637
4,638
4,639
10,640
14,641
15,642
1,643
2,644
10,645
14,646
4,647
4,648
15,649
15,650
2,651
1,652
10,653
4,654
15,655
4,656
1,657
10,658
15,659
1,660
15,661
15,662
4,663
4,664
15,665
10,666
2,667
2,668
4,669
4,670
15,671
2,672
4,673
1,674
2,675
4,676
14,677
15,678
10,679
10,680
2,681
4,682
1,683
14,684
1,685
15,686
2,687
2,688
10,689
15,690
4,691
15,692
2,693
10,694
2,695
10,696
15,697
1,698
1,699
10,700
4,701
4,702
14,703
2,704
14,705
4,706
14,707
10,708
14,709
15,710
1,711
1,712
15,713
10,714
10,715
14,716
4,717
10,718
1,719
14,720
2,721
10,722
1,723
4,724
14,725
10,726
2,727
4,728
5,729
6,730
6,731
6,732
6,733
7,734
9,735
16,736
18,737
18,738
16,739
11,740
16,741
16,742
11,743
9,744
9,745
18,746
9,747
7,748
7,749
16,750
11,751
11,752
18,753
7,754
18,755
9,756
7,757
11,758
4,759
2,760
2,761
2,762
14,763
5,764
5,765
6,766
6,767
6,768
7,769
11,770
9,771
18,772
18,773
7,774
16,775
9,776
11,777
18,778
11,779
11,780
7,781
16,782
16,783
16,784
18,785
16,786
9,787
16,788
18,789
11,790
9,791
18,792
7,793
4,794
10,795
5,796
5,797
6,798
6,799
6,800
7,801
11,802
11,803
7,804
9,805
7,806
16,807
7,808
16,809
7,810
7,811
16,812
18,813
11,814
16,815
16,816
7,817
9,818
9,819
7,820
18,821
9,822
18,823
16,824
16,825
7,826
11,827
7,828
16,829
9,830
9,831
9,832
18,833
18,834
18,835
17,836
3,837
3,838
0,839
6,840
5,841
6,842
1,843
4,844
2,845
4,846
10,847
3,848
3,849
19,850
19,851
19,852
3,853
19,854
17,855
19,856
19,857
17,858
12,859
8,860
12,861
12,862
13,863
8,864
8,865
12,866
12,867
12,868
13,869
12,870
12,871
8,872
12,873
8,874
8,875
12,876
12,877
12,878
8,879
12,880
8,881
8,882
13,883
12,884
8,885
8,886
8,887
13,888
13,889
0,890
5,891
0,892
1,893
15,894
10,895
10,896
2,897
1,898
14,899
1,900
2,901
3,902
17,903
3,904
3,905
19,906
3,907
17,908
17,909
17,910
19,911
3,912
17,913
17,914
19,915
17,916
17,917
3,918
3,919
3,920
19,921
3,922
19,923
3,924
3,925
3,926
17,927
17,928
3,929
3,930
17,931
3,932
19,933
3,934
17,935
3,936
19,937
17,938
19,939
3,940
19,941
19,942
3,943
3,944
19,945
19,946
17,947
17,948
12,949
12,950
12,951
8,952
13,953
13,954
8,955
12,956
8,957
12,958
13,959
8,960
12,961
12,962
13,963
8,964
8,965
13,966
12,967
13,968
12,969
8,970
8,971
10,972
4,973
1,974
1,975
2,976
2,977
4,978
4,979
15,980
1,981
2,982
4,983
10,984
15,985
4,986
2,987
1,988
10,989
10,990
10,991
2,992
10,993
15,994
14,995
14,996
15,997
4,998
15,999
4,1000
4,1001
15,1002
4,1003
10,1004
15,1005
2,1006
1,1007
15,1008
14,1009
10,1010
6,1011
5,1012
6,1013
6,1014
0,1015
0,1016
0,1017
5,1018
6,1019
5,1020
6,1021
5,1022
6,1023
6,1024
5,1025
6,1026
6,1027
5,1028
0,1029
5,1030
5,1031
5,1032
6,1033
0,1034
0,1035
5,1036
5,1037
6,1038
6,1039
5,1040
5,1041
6,1042
0,1043
5,1044
0,1045
6,1046
5,1047
6,1048
6,1049
6,1050
5,1051
0,1052
0,1053
9,1054
9,1055
7,1056
18,1057
18,1058
11,1059
9,1060
18,1061
16,1062
16,1063
11,1064
7,1065
9,1066
7,1067
18,1068
16,1069
7,1070
11,1071
18,1072
17,1073
12,1074
8,1075
12,1076
13,1077
8,1078
13,1079
8,1080
13,1081
12,1082
8,1083
8,1084
12,1085
12,1086
13,1087
8,1088
12,1089
8,1090
8,1091
13,1092
12,1093
12,1094
8,1095
13,1096
8,1097
8,1098
12,1099
13,1100
12,1101
8,1102
10,1103
10,1104
4,1105
1,1106
10,1107
14,1108
14,1109
15,1110
15,1111
14,1112
10,1113
15,1114
14,1115
4,1116
10,1117
2,1118
4,1119
1,1120
4,1121
2,1122
10,1123
14,1124
15,1125
10,1126
15,1127
1,1128
15,1129
15,1130
2,1131
15,1132
2,1133
1,1134
1,1135
15,1136
14,1137
14,1138
10,1139
10,1140
10,1141
1,1142
14,1143
4,1144
14,1145
4,1146
5,1147
6,1148
0,1149
6,1150
0,1151
6,1152
0,1153
7,1154
9,1155
9,1156
7,1157
7,1158
18,1159
17,1160
19,1161
17,1162
3,1163
3,1164
19,1165
19,1166
17,1167
19,1168
19,1169
3,1170
17,1171
19,1172
19,1173
19,1174
19,1175
19,1176
19,1177
17,1178
12,1179
8,1180
12,1181
13,1182
13,1183
13,1184
12,1185
8,1186
10,1187
10,1188
10,1189
2,1190
2,1191
4,1192
2,1193
14,1194
15,1195
2,1196
4,1197
10,1198
1,1199
15,1200
2,1201
4,1202
2,1203
10,1204
15,1205
15,1206
1,1207
15,1208
1,1209
4,1210
10,1211
15,1212
15,1213
1,1214
10,1215
6,1216
0,1217
6,1218
0,1219
0,1220
6,1221
0,1222
9,1223
7,1224
9,1225
9,1226
16,1227
11,1228
11,1229
16,1230
7,1231
9,1232
7,1233
9,1234
18,1235
17,1236
3,1237
17,1238
19,1239
17,1240
12,1241
13,1242
12,1243
12,1244
0,1245
5,1246
6,1247
0,1248
1,1249
4,1250
2,1251
14,1252
2,1253
3,1254
19,1255
19,1256
17,1257
12,1258
8,1259
10,1260
14,1261
1,1262
10,1263
2,1264
1,1265
2,1266
14,1267
4,1268
4,1269
4,1270
15,1271
2,1272
15,1273
5,1274
5,1275
0,1276
0,1277
6,1278
0,1279
7,1280
18,1281
16,1282
16,1283
16,1284
7,1285
18,1286
18,1287
7,1288
9,1289
0,1290
6,1291
1,1292
15,1293
2,1294
1,1295
3,1296
19,1297
17,1298
3,1299
3,1300
17,1301
3,1302
19,1303
3,1304
3,1305
17,1306
3,1307
3,1308
3,1309
17,1310
17,1311
17,1312
0,1313
0,1314
1,1315
15,1316
2,1317
4,1318
3,1319
17,1320
17,1321
19,1322
19,1323
3,1324
3,1325
17,1326
19,1327
3,1328
3,1329
17,1330
3,1331
3,1332
17,1333
19,1334
4,1335
1,1336
5,1337
5,1338
5,1339
6,1340
0,1341
9,1342
7,1343
18,1344
18,1345
9,1346
9,1347
9,1348
18,1349
11,1350
7,1351
9,1352
11,1353
9,1354
16,1355
11,1356
9,1357
18,1358
16,1359
16,1360
16,1361
9,1362
18,1363
7,1364
16,1365
16,1366
16,1367
9,1368
11,1369
16,1370
11,1371
9,1372
16,1373
9,1374
18,1375
9,1376
16,1377
7,1378
11,1379
9,1380
7,1381
16,1382
9,1383
9,1384
18,1385
11,1386
9,1387
16,1388
11,1389
9,1390
11,1391
11,1392
9,1393
7,1394
18,1395
18,1396
17,1397
12,1398
13,1399
8,1400
13,1401
13,1402
13,1403
13,1404
12,1405
12,1406
12,1407
13,1408
13,1409
8,1410
12,1411
8,1412
8,1413
10,1414
2,1415
10,1416
4,1417
1,1418
0,1419
9,1420
7,1421
7,1422
1,1423
2,1424
1,1425
2,1426
1,1427
3,1428
17,1429
3,1430
17,1431
12,1432
12,1433
13,1434
12,1435
13,1436
12,1437
12,1438
8,1439
12,1440
8,1441
8,1442
10,1443
14,1444
15,1445
2,1446
14,1447
4,1448
10,1449
2,1450
1,1451
4,1452
14,1453
10,1454
2,1455
14,1456
10,1457
2,1458
10,1459
4,1460
4,1461
1,1462
14,1463
10,1464
4,1465
15,1466
10,1467
1,1468
14,1469
15,1470
1,1471
10,1472
14,1473
10,1474
15,1475
1,1476
4,1477
1,1478
1,1479
10,1480
14,1481
2,1482
15,1483
14,1484
2,1485
10,1486
10,1487
2,1488
10,1489
4,1490
14,1491
1,1492
1,1493
4,1494
15,1495
2,1496
2,1497
1,1498
10,1499
10,1500
10,1501
10,1502
6,1503
6,1504
6,1505
5,1506
6,1507
0,1508
5,1509
5,1510
0,1511
5,1512
6,1513
6,1514
0,1515
0,1516
6,1517
6,1518
5,1519
5,1520
0,1521
6,1522
6,1523
0,1524
9,1525
16,1526
18,1527
17,1528
3,1529
19,1530
3,1531
3,1532
4,1533
10,1534
15,1535
5,1536
5,1537
6,1538
5,1539
7,1540
16,1541
18,1542
18,1543
0,1544
6,1545
5,1546
6,1547
6,1548
1,1549
14,1550
1,1551
15,1552
14,1553
2,1554
15,1555
3,1556
19,1557
3,1558
17,1559
3,1560
19,1561
3,1562
3,1563
17,1564
12,1565
13,1566
13,1567
12,1568
8,1569
12,1570
13,1571
13,1572
8,1573
8,1574
13,1575
12,1576
13,1577
8,1578
8,1579
10,1580
10,1581
1,1582
4,1583
10,1584
15,1585
14,1586
15,1587
10,1588
14,1589
15,1590
1,1591
15,1592
4,1593
15,1594
14,1595
4,1596
4,1597
4,1598
4,1599
15,1600
2,1601
15,1602
15,1603
4,1604
2,1605
14,1606
1,1607
2,1608
10,1609
14,1610
15,1611
4,1612
2,1613
2,1614
14,1615
2,1616
14,1617
14,1618
4,1619
10,1620
4,1621
1,1622
15,1623
1,1624
4,1625
1,1626
10,1627
2,1628
4,1629
1,1630
10,1631
4,1632
4,1633
2,1634
5,1635
6,1636
6,1637
6,1638
7,1639
18,1640
7,1641
7,1642
9,1643
16,1644
7,1645
7,1646
11,1647
11,1648
18,1649
11,1650
0,1651
5,1652
0,1653
1,1654
10,1655
2,1656
15,1657
14,1658
3,1659
19,1660
3,1661
17,1662
12,1663
13,1664
8,1665
8,1666
8,1667
8,1668
12,1669
8,1670
12,1671
13,1672
13,1673
8,1674
10,1675
1,1676
4,1677
10,1678
14,1679
15,1680
2,1681
1,1682
4,1683
1,1684
10,1685
6,1686
6,1687
0,1688
5,1689
0,1690
9,1691
9,1692
18,1693
16,1694
16,1695
16,1696
16,1697
11,1698
18,1699
9,1700
11,1701
16,1702
9,1703
7,1704
16,1705
7,1706
4,1707
4,1708
5,1709
5,1710
5,1711
6,1712
0,1713
7,1714
18,1715
9,1716
11,1717
9,1718
18,1719
16,1720
9,1721
9,1722
16,1723
11,1724
18,1725
17,1726
17,1727
12,1728
13,1729
12,1730
12,1731
12,1732
12,1733
4,1734
14,1735
5,1736
0,1737
5,1738
6,1739
6,1740
5,1741
6,1742
5,1743
7,1744
7,1745
16,1746
7,1747
11,1748
18,1749
9,1750
11,1751
18,1752
7,1753
11,1754
11,1755
11,1756
9,1757
11,1758
11,1759
11,1760
9,1761
18,1762
7,1763
16,1764
16,1765
9,1766
18,1767
7,1768
7,1769
9,1770
11,1771
18,1772
7,1773
7,1774
16,1775
9,1776
9,1777
11,1778
9,1779
11,1780
7,1781
11,1782
7,1783
18,1784
11,1785
16,1786
11,1787
18,1788
11,1789
9,1790
18,1791
16,1792
16,1793
18,1794
16,1795
9,1796
18,1797
16,1798
9,1799
16,1800
9,1801
11,1802
16,1803
16,1804
16,1805
18,1806
9,1807
11,1808
18,1809
4,1810
14,1811
5,1812
6,1813
0,1814
0,1815
0,1816
9,1817
6,1818
0,1819
6,1820
7,1821
16,1822
7,1823
11,1824
9,1825
11,1826
11,1827
7,1828
9,1829
18,1830
9,1831
11,1832
16,1833
7,1834
7,1835
18,1836
7,1837
11,1838
11,1839
7,1840
7,1841
18,1842
16,1843
11,1844
16,1845
16,1846
9,1847
11,1848
16,1849
9,1850
9,1851
11,1852
16,1853
11,1854
18,1855
11,1856
16,1857
9,1858
9,1859
7,1860
7,1861
0,1862
6,1863
1,1864
14,1865
2,1866
1,1867
4,1868
14,1869
1,1870
3,1871
17,1872
12,1873
8,1874
10,1875
10,1876
15,1877
15,1878
14,1879
1,1880
10,1881
15,1882
15,1883
14,1884
15,1885
14,1886
14,1887
14,1888
2,1889
1,1890
10,1891
15,1892
10,1893
1,1894
10,1895
1,1896
4,1897
15,1898
0,1899
5,1900
1,1901
14,1902
2,1903
1,1904
3,1905
3,1906
19,1907
19,1908
19,1909
17,1910
17,1911
12,1912
12,1913
12,1914
13,1915
13,1916
13,1917
8,1918
13,1919
13,1920
12,1921
13,1922
12,1923
13,1924
13,1925
8,1926
4,1927
4,1928
10,1929
14,1930
5,1931
0,1932
6,1933
0,1934
6,1935
0,1936
0,1937
5,1938
7,1939
16,1940
7,1941
18,1942
11,1943
16,1944
9,1945
18,1946
7,1947
18,1948
18,1949
17,1950
3,1951
19,1952
19,1953
17,1954
3,1955
19,1956
3,1957
19,1958
17,1959
17,1960
4,1961
4,1962
5,1963
6,1964
6,1965
6,1966
0,1967
5,1968
0,1969
7,1970
16,1971
16,1972
11,1973
7,1974
7,1975
9,1976
11,1977
16,1978
11,1979
7,1980
7,1981
9,1982
7,1983
9,1984
7,1985
18,1986
17,1987
17,1988
17,1989
12,1990
13,1991
8,1992
13,1993
12,1994
12,1995
13,1996
8,1997
12,1998
8,1999
10,2000
15,2001
15,2002
14,2003
15,2004
10,2005
4,2006
15,2007
10,2008
1,2009
2,2010
14,2011
15,2012
14,2013
14,2014
10,2015
1,2016
4,2017
1,2018
4,2019
1,2020
10,2021
14,2022
15,2023
15,2024
10,2025
14,2026
4,2027
2,2028
2,2029
15,2030
10,2031
14,2032
2,2033
14,2034
1,2035
10,2036
2,2037
1,2038
1,2039
15,2040
4,2041
14,2042
10,2043
2,2044
15,2045
1,2046
1,2047
10,2048
14,2049
4,2050
15,2051
0,2052
5,2053
1,2054
10,2055
1,2056
2,2057
10,2058
3,2059
3,2060
19,2061
3,2062
19,2063
4,2064
4,2065
5,2066
6,2067
0,2068
5,2069
6,2070
5,2071
0,2072
9,2073
7,2074
18,2075
0,2076
0,2077
6,2078
1,2079
1,2080
10,2081
15,2082
2,2083
1,2084
3,2085
19,2086
17,2087
12,2088
12,2089
12,2090
13,2091
13,2092
8,2093
12,2094
13,2095
12,2096
12,2097
12,2098
13,2099
8,2100
10,2101
4,2102
15,2103
4,2104
4,2105
1,2106
10,2107
10,2108
1,2109
4,2110
14,2111
4,2112
1,2113
4,2114
2,2115
10,2116
10,2117
4,2118
1,2119
2,2120
0,2121
0,2122
1,2123
15,2124
1,2125
2,2126
15,2127
15,2128
3,2129
3,2130
0,2131
9,2132
18,2133
9,2134
1,2135
4,2136
2,2137
1,2138
1,2139
10,2140
6,2141
0,2142
5,2143
5,2144
3,2145
3,2146
17,2147
17,2148
17,2149
19,2150
19,2151
17,2152
3,2153
19,2154
3,2155
17,2156
19,2157
19,2158
3,2159
19,2160
19,2161
3,2162
17,2163
19,2164
17,2165
3,2166
17,2167
19,2168
3,2169
17,2170
19,2171
17,2172
12,2173
12,2174
12,2175
8,2176
8,2177
12,2178
13,2179
8,2180
8,2181
12,2182
13,2183
8,2184
13,2185
13,2186
13,2187
13,2188
13,2189
12,2190
8,2191
13,2192
8,2193
12,2194
13,2195
13,2196
12,2197
12,2198
8,2199
13,2200
13,2201
8,2202
13,2203
13,2204
13,2205
12,2206
8,2207
10,2208
4,2209
15,2210
2,2211
4,2212
4,2213
10,2214
15,2215
10,2216
4,2217
2,2218
1,2219
1,2220
15,2221
14,2222
10,2223
15,2224
1,2225
10,2226
4,2227
2,2228
14,2229
4,2230
4,2231
15,2232
1,2233
15,2234
10,2235
15,2236
4,2237
4,2238
10,2239
4,2240
14,2241
0,2242
6,2243
1,2244
1,2245
2,2246
4,2247
3,2248
19,2249
3,2250
17,2251
12,2252
13,2253
8,2254
13,2255
8,2256
8,2257
0,2258
0,2259
1,2260
4,2261
2,2262
14,2263
15,2264
3,2265
19,2266
3,2267
19,2268
17,2269
3,2270
3,2271
17,2272
12,2273
8,2274
8,2275
10,2276
6,2277
0,2278
6,2279
0,2280
5,2281
0,2282
0,2283
6,2284
6,2285
0,2286
5,2287
0,2288
5,2289
5,2290
5,2291
6,2292
5,2293
0,2294
9,2295
9,2296
4,2297
4,2298
5,2299
0,2300
6,2301
0,2302
6,2303
0,2304
7,2305
11,2306
11,2307
16,2308
9,2309
16,2310
18,2311
18,2312
17,2313
17,2314
19,2315
19,2316
3,2317
17,2318
4,2319
1,2320
5,2321
6,2322
6,2323
6,2324
6,2325
6,2326
7,2327
11,2328
18,2329
11,2330
11,2331
7,2332
11,2333
18,2334
16,2335
9,2336
11,2337
7,2338
16,2339
7,2340
7,2341
9,2342
11,2343
11,2344
16,2345
16,2346
18,2347
9,2348
18,2349
17,2350
17,2351
12,2352
13,2353
8,2354
13,2355
12,2356
8,2357
13,2358
12,2359
13,2360
12,2361
13,2362
13,2363
8,2364
13,2365
12,2366
8,2367
12,2368
13,2369
13,2370
8,2371
8,2372
8,2373
8,2374
8,2375
10,2376
1,2377
2,2378
15,2379
2,2380
14,2381
4,2382
2,2383
2,2384
10,2385
6,2386
6,2387
0,2388
5,2389
0,2390
5,2391
5,2392
6,2393
0,2394
6,2395
5,2396
5,2397
5,2398
5,2399
6,2400
5,2401
6,2402
0,2403
6,2404
1,2405
2,2406
2,2407
2,2408
1,2409
4,2410
15,2411
2,2412
1,2413
4,2414
2,2415
3,2416
3,2417
3,2418
3,2419
19,2420
19,2421
19,2422
3,2423
19,2424
17,2425
12,2426
13,2427
8,2428
10,2429
14,2430
15,2431
2,2432
1,2433
10,2434
4,2435
2,2436
14,2437
15,2438
4,2439
4,2440
14,2441
15,2442
4,2443
15,2444
2,2445
15,2446
4,2447
1,2448
14,2449
2,2450
4,2451
2,2452
15,2453
0,2454
6,2455
1,2456
2,2457
2,2458
2,2459
3,2460
17,2461
17,2462
17,2463
19,2464
17,2465
19,2466
19,2467
3,2468
3,2469
3,2470
19,2471
19,2472
3,2473
19,2474
17,2475
3,2476
17,2477
12,2478
12,2479
13,2480
8,2481
8,2482
8,2483
12,2484
12,2485
8,2486
4,2487
2,2488
5,2489
5,2490
6,2491
5,2492
6,2493
6,2494
5,2495
5,2496
7,2497
7,2498
16,2499
11,2500
7,2501
9,2502
16,2503
16,2504
11,2505
16,2506
7,2507
18,2508
11,2509
18,2510
7,2511
18,2512
9,2513
9,2514
11,2515
9,2516
16,2517
7,2518
9,2519
9,2520
11,2521
9,2522
7,2523
18,2524
11,2525
16,2526
11,2527
9,2528
9,2529
0,2530
9,2531
16,2532
9,2533
1,2534
15,2535
4,2536
2,2537
1,2538
15,2539
2,2540
14,2541
1,2542
2,2543
3,2544
17,2545
17,2546
12,2547
12,2548
13,2549
12,2550
13,2551
13,2552
12,2553
13,2554
12,2555
8,2556
8,2557
8,2558
12,2559
12,2560
12,2561
13,2562
8,2563
10,2564
2,2565
10,2566
10,2567
4,2568
10,2569
1,2570
4,2571
10,2572
15,2573
1,2574
1,2575
1,2576
4,2577
15,2578
2,2579
14,2580
2,2581
15,2582
10,2583
6,2584
6,2585
0,2586
6,2587
6,2588
0,2589
0,2590
0,2591
0,2592
6,2593
5,2594
6,2595
6,2596
5,2597
0,2598
5,2599
5,2600
6,2601
0,2602
6,2603
5,2604
6,2605
5,2606
5,2607
6,2608
5,2609
0,2610
9,2611
7,2612
16,2613
9,2614
9,2615
9,2616
9,2617
16,2618
11,2619
11,2620
9,2621
11,2622
7,2623
18,2624
17,2625
17,2626
3,2627
19,2628
3,2629
17,2630
17,2631
17,2632
12,2633
12,2634
13,2635
8,2636
12,2637
13,2638
12,2639
12,2640
13,2641
13,2642
8,2643
8,2644
12,2645
12,2646
12,2647
13,2648
13,2649
12,2650
8,2651
12,2652
13,2653
13,2654
13,2655
13,2656
12,2657
8,2658
13,2659
13,2660
13,2661
13,2662
8,2663
12,2664
8,2665
12,2666
8,2667
8,2668
12,2669
8,2670
13,2671
12,2672
12,2673
12,2674
12,2675
8,2676
8,2677
8,2678
8,2679
10,2680
10,2681
4,2682
4,2683
1,2684
4,2685
1,2686
14,2687
10,2688
6,2689
0,2690
5,2691
6,2692
0,2693
0,2694
6,2695
6,2696
0,2697
6,2698
5,2699
0,2700
5,2701
6,2702
0,2703
5,2704
6,2705
6,2706
6,2707
5,2708
6,2709
0,2710
9,2711
9,2712
7,2713
9,2714
18,2715
17,2716
17,2717
12,2718
8,2719
13,2720
8,2721
12,2722
13,2723
12,2724
8,2725
10,2726
6,2727
0,2728
6,2729
0,2730
6,2731
5,2732
4,2733
10,2734
5,2735
5,2736
0,2737
6,2738
5,2739
0,2740
5,2741
7,2742
16,2743
16,2744
16,2745
9,2746
9,2747
18,2748
17,2749
3,2750
17,2751
19,2752
17,2753
3,2754
19,2755
17,2756
19,2757
17,2758
19,2759
19,2760
17,2761
19,2762
19,2763
19,2764
17,2765
3,2766
3,2767
3,2768
19,2769
3,2770
17,2771
3,2772
3,2773
17,2774
3,2775
3,2776
17,2777
17,2778
19,2779
19,2780
19,2781
17,2782
12,2783
13,2784
13,2785
12,2786
12,2787
8,2788
10,2789
4,2790
10,2791
6,2792
5,2793
0,2794
6,2795
0,2796
0,2797
0,2798
5,2799
0,2800
9,2801
11,2802
11,2803
9,2804
11,2805
16,2806
4,2807
1,2808
5,2809
5,2810
6,2811
0,2812
7,2813
9,2814
16,2815
7,2816
7,2817
7,2818
18,2819
7,2820
9,2821
18,2822
17,2823
17,2824
17,2825
12,2826
12,2827
12,2828
12,2829
8,2830
8,2831
10,2832
10,2833
14,2834
14,2835
2,2836
14,2837
1,2838
14,2839
1,2840
10,2841
4,2842
0,2843
6,2844
1,2845
10,2846
14,2847
14,2848
2,2849
1,2850
3,2851
19,2852
17,2853
19,2854
3,2855
17,2856
3,2857
3,2858
3,2859
17,2860
12,2861
13,2862
12,2863
13,2864
13,2865
12,2866
13,2867
12,2868
12,2869
8,2870
13,2871
8,2872
13,2873
8,2874
10,2875
4,2876
15,2877
1,2878
10,2879
2,2880
2,2881
2,2882
4,2883
1,2884
10,2885
4,2886
15,2887
15,2888
2,2889
1,2890
4,2891
15,2892
14,2893
15,2894
1,2895
4,2896
2,2897
15,2898
2,2899
2,2900
4,2901
10,2902
2,2903
14,2904
15,2905
4,2906
14,2907
1,2908
4,2909
1,2910
2,2911
10,2912
6,2913
0,2914
0,2915
6,2916
5,2917
6,2918
0,2919
6,2920
0,2921
9,2922
16,2923
9,2924
18,2925
16,2926
9,2927
18,2928
17,2929
12,2930
8,2931
13,2932
8,2933
13,2934
12,2935
8,2936
12,2937
12,2938
12,2939
8,2940
13,2941
8,2942
13,2943
13,2944
12,2945
13,2946
12,2947
12,2948
12,2949
8,2950
8,2951
10,2952
10,2953
14,2954
14,2955
1,2956
10,2957
14,2958
4,2959
1,2960
0,2961
6,2962
1,2963
2,2964
1,2965
4,2966
2,2967
15,2968
3,2969
3,2970
17,2971
19,2972
17,2973
17,2974
3,2975
3,2976
3,2977
3,2978
19,2979
19,2980
3,2981
17,2982
3,2983
4,2984
2,2985
4,2986
5,2987
0,2988
0,2989
6,2990
5,2991
5,2992
7,2993
7,2994
18,2995
17,2996
3,2997
17,2998
19,2999
17,3000
19,3001
3,3002
17,3003
12,3004
8,3005
10,3006
10,3007
15,3008
4,3009
15,3010
1,3011
4,3012
1,3013
15,3014
4,3015
1,3016
15,3017
4,3018
15,3019
10,3020
14,3021
10,3022
6,3023
5,3024
0,3025
9,3026
18,3027
16,3028
7,3029
18,3030
11,3031
11,3032
9,3033
9,3034
11,3035
7,3036
16,3037
11,3038
9,3039
9,3040
11,3041
18,3042
16,3043
16,3044
11,3045
11,3046
7,3047
11,3048
9,3049
9,3050
18,3051
17,3052
19,3053
19,3054
3,3055
17,3056
12,3057
12,3058
12,3059
8,3060
12,3061
12,3062
12,3063
13,3064
13,3065
12,3066
13,3067
12,3068
12,3069
12,3070
13,3071
13,3072
8,3073
12,3074
12,3075
13,3076
13,3077
8,3078
8,3079
13,3080
8,3081
10,3082
2,3083
14,3084
1,3085
1,3086
14,3087
1,3088
4,3089
2,3090
10,3091
1,3092
2,3093
15,3094
14,3095
15,3096
14,3097
10,3098
10,3099
6,3100
5,3101
6,3102
5,3103
6,3104
5,3105
6,3106
0,3107
9,3108
11,3109
9,3110
9,3111
11,3112
18,3113
18,3114
16,3115
11,3116
7,3117
18,3118
16,3119
11,3120
11,3121
9,3122
9,3123
18,3124
11,3125
7,3126
11,3127
9,3128
7,3129
9,3130
11,3131
7,3132
7,3133
16,3134
9,3135
16,3136
16,3137
11,3138
16,3139
16,3140
16,3141
11,3142
11,3143
7,3144
16,3145
7,3146
9,3147
18,3148
16,3149
7,3150
11,3151
7,3152
9,3153
16,3154
16,3155
18,3156
11,3157
9,3158
11,3159
7,3160
9,3161
11,3162
16,3163
16,3164
16,3165
11,3166
18,3167
7,3168
11,3169
16,3170
16,3171
7,3172
11,3173
16,3174
16,3175
18,3176
16,3177
18,3178
18,3179
11,3180
7,3181
9,3182
11,3183
4,3184
15,3185
5,3186
0,3187
6,3188
0,3189
9,3190
7,3191
7,3192
4,3193
1,3194
15,3195
5,3196
6,3197
6,3198
0,3199
6,3200
7,3201
18,3202
17,3203
19,3204
19,3205
19,3206
17,3207
12,3208
8,3209
10,3210
15,3211
14,3212
14,3213
4,3214
10,3215
6,3216
5,3217
5,3218
0,3219
0,3220
0,3221
9,3222
18,3223
1,3224
1,3225
2,3226
1,3227
14,3228
3,3229
19,3230
3,3231
3,3232
3,3233
17,3234
17,3235
3,3236
3,3237
17,3238
19,3239
19,3240
4,3241
2,3242
5,3243
0,3244
6,3245
0,3246
6,3247
7,3248
9,3249
18,3250
16,3251
16,3252
16,3253
9,3254
7,3255
16,3256
16,3257
16,3258
4,3259
15,3260
5,3261
6,3262
6,3263
5,3264
7,3265
16,3266
16,3267
11,3268
7,3269
7,3270
11,3271
9,3272
9,3273
4,3274
1,3275
1,3276
10,3277
4,3278
2,3279
10,3280
5,3281
5,3282
6,3283
6,3284
5,3285
6,3286
6,3287
5,3288
7,3289
7,3290
4,3291
4,3292
5,3293
5,3294
6,3295
6,3296
0,3297
9,3298
6,3299
5,3300
7,3301
9,3302
18,3303
9,3304
11,3305
18,3306
7,3307
11,3308
7,3309
16,3310
11,3311
16,3312
16,3313
16,3314
7,3315
18,3316
7,3317
11,3318
11,3319
16,3320
16,3321
16,3322
16,3323
16,3324
16,3325
16,3326
7,3327
11,3328
11,3329
11,3330
16,3331
11,3332
9,3333
16,3334
7,3335
11,3336
7,3337
9,3338
4,3339
2,3340
5,3341
0,3342
6,3343
0,3344
5,3345
0,3346
5,3347
7,3348
11,3349
11,3350
9,3351
11,3352
18,3353
16,3354
16,3355
11,3356
16,3357
7,3358
11,3359
16,3360
16,3361
11,3362
9,3363
9,3364
11,3365
11,3366
9,3367
16,3368
7,3369
16,3370
9,3371
9,3372
9,3373
9,3374
16,3375
9,3376
9,3377
18,3378
17,3379
19,3380
3,3381
3,3382
19,3383
3,3384
19,3385
19,3386
19,3387
19,3388
19,3389
17,3390
19,3391
19,3392
17,3393
19,3394
3,3395
3,3396
3,3397
3,3398
3,3399
17,3400
3,3401
17,3402
3,3403
19,3404
19,3405
19,3406
3,3407
19,3408
17,3409
3,3410
19,3411
17,3412
12,3413
13,3414
13,3415
8,3416
12,3417
12,3418
13,3419
12,3420
12,3421
8,3422
8,3423
0,3424
6,3425
1,3426
15,3427
2,3428
14,3429
2,3430
10,3431
3,3432
17,3433
19,3434
17,3435
12,3436
12,3437
12,3438
13,3439
13,3440
13,3441
8,3442
0,3443
0,3444
1,3445
15,3446
10,3447
2,3448
10,3449
15,3450
3,3451
17,3452
3,3453
19,3454
19,3455
17,3456
19,3457
3,3458
17,3459
3,3460
19,3461
19,3462
19,3463
17,3464
19,3465
19,3466
3,3467
3,3468
19,3469
17,3470
19,3471
19,3472
3,3473
19,3474
3,3475
19,3476
3,3477
3,3478
3,3479
17,3480
19,3481
17,3482
17,3483
17,3484
19,3485
3,3486
3,3487
19,3488
3,3489
3,3490
19,3491
19,3492
17,3493
3,3494
17,3495
3,3496
17,3497
3,3498
3,3499
19,3500
19,3501
3,3502
3,3503
17,3504
17,3505
12,3506
8,3507
10,3508
4,3509
2,3510
2,3511
1,3512
1,3513
14,3514
2,3515
1,3516
4,3517
14,3518
5,3519
0,3520
5,3521
0,3522
5,3523
6,3524
0,3525
9,3526
7,3527
7,3528
18,3529
11,3530
9,3531
18,3532
0,3533
0,3534
0,3535
6,3536
5,3537
6,3538
5,3539
1,3540
10,3541
14,3542
2,3543
2,3544
3,3545
19,3546
19,3547
3,3548
17,3549
3,3550
17,3551
17,3552
17,3553
3,3554
19,3555
3,3556
19,3557
17,3558
17,3559
19,3560
3,3561
17,3562
19,3563
19,3564
17,3565
17,3566
17,3567
19,3568
3,3569
3,3570
17,3571
19,3572
17,3573
12,3574
12,3575
8,3576
10,3577
6,3578
5,3579
6,3580
0,3581
0,3582
6,3583
0,3584
6,3585
6,3586
0,3587
5,3588
6,3589
0,3590
0,3591
0,3592
6,3593
0,3594
6,3595
5,3596
0,3597
0,3598
4,3599
4,3600
5,3601
0,3602
6,3603
6,3604
7,3605
16,3606
9,3607
18,3608
18,3609
18,3610
11,3611
18,3612
17,3613
17,3614
3,3615
19,3616
3,3617
3,3618
19,3619
3,3620
17,3621
12,3622
8,3623
13,3624
13,3625
8,3626
4,3627
2,3628
5,3629
0,3630
6,3631
6,3632
0,3633
5,3634
7,3635
11,3636
9,3637
7,3638
18,3639
18,3640
16,3641
18,3642
9,3643
7,3644
18,3645
7,3646
16,3647
16,3648
11,3649
11,3650
7,3651
16,3652
16,3653
0,3654
9,3655
1,3656
1,3657
1,3658
2,3659
4,3660
3,3661
3,3662
17,3663
17,3664
17,3665
12,3666
8,3667
12,3668
13,3669
12,3670
8,3671
8,3672
12,3673
8,3674
13,3675
8,3676
12,3677
8,3678
0,3679
9,3680
1,3681
14,3682
14,3683
1,3684
2,3685
4,3686
3,3687
17,3688
3,3689
17,3690
17,3691
19,3692
19,3693
17,3694
3,3695
17,3696
12,3697
12,3698
4,3699
1,3700
5,3701
6,3702
6,3703
5,3704
5,3705
5,3706
5,3707
7,3708
18,3709
11,3710
18,3711
7,3712
16,3713
11,3714
18,3715
17,3716
17,3717
17,3718
3,3719
19,3720
19,3721
17,3722
17,3723
19,3724
19,3725
17,3726
19,3727
3,3728
17,3729
19,3730
3,3731
17,3732
19,3733
3,3734
3,3735
19,3736
3,3737
19,3738
17,3739
19,3740
19,3741
17,3742
3,3743
19,3744
3,3745
17,3746
19,3747
3,3748
3,3749
3,3750
17,3751
17,3752
12,3753
13,3754
12,3755
12,3756
13,3757
13,3758
12,3759
8,3760
12,3761
12,3762
13,3763
13,3764
8,3765
8,3766
12,3767
12,3768
12,3769
12,3770
13,3771
13,3772
12,3773
13,3774
12,3775
8,3776
10,3777
2,3778
4,3779
4,3780
14,3781
1,3782
2,3783
15,3784
14,3785
4,3786
14,3787
2,3788
4,3789
1,3790
15,3791
4,3792
2,3793
1,3794
15,3795
15,3796
2,3797
1,3798
4,3799
2,3800
15,3801
1,3802
15,3803
10,3804
4,3805
1,3806
2,3807
2,3808
1,3809
14,3810
10,3811
2,3812
2,3813
15,3814
2,3815
2,3816
2,3817
14,3818
4,3819
1,3820
14,3821
4,3822
2,3823
15,3824
1,3825
5,3826
0,3827
5,3828
6,3829
5,3830
6,3831
7,3832
16,3833
7,3834
11,3835
9,3836
9,3837
11,3838
9,3839
9,3840
18,3841
9,3842
0,3843
9,3844
1,3845
1,3846
2,3847
15,3848
4,3849
3,3850
19,3851
17,3852
12,3853
13,3854
13,3855
8,3856
8,3857
8,3858
8,3859
13,3860
12,3861
13,3862
12,3863
12,3864
8,3865
8,3866
10,3867
1,3868
10,3869
15,3870
2,3871
10,3872
1,3873
4,3874
14,3875
15,3876
2,3877
10,3878
14,3879
4,3880
10,3881
15,3882
0,3883
6,3884
0,3885
1,3886
4,3887
15,3888
2,3889
2,3890
1,3891
4,3892
15,3893
4,3894
3,3895
3,3896
3,3897
17,3898
12,3899
13,3900
12,3901
13,3902
8,3903
12,3904
12,3905
8,3906
12,3907
13,3908
12,3909
13,3910
12,3911
8,3912
13,3913
13,3914
13,3915
13,3916
8,3917
12,3918
12,3919
8,3920
8,3921
12,3922
8,3923
13,3924
12,3925
13,3926
13,3927
13,3928
12,3929
8,3930
12,3931
13,3932
13,3933
8,3934
13,3935
13,3936
13,3937
4,3938
1,3939
10,3940
5,3941
0,3942
6,3943
5,3944
0,3945
9,3946
9,3947
11,3948
11,3949
11,3950
11,3951
18,3952
7,3953
18,3954
9,3955
18,3956
16,3957
11,3958
16,3959
11,3960
7,3961
18,3962
17,3963
17,3964
3,3965
3,3966
19,3967
19,3968
3,3969
17,3970
17,3971
3,3972
17,3973
17,3974
19,3975
17,3976
3,3977
3,3978
3,3979
19,3980
19,3981
19,3982
19,3983
3,3984
17,3985
12,3986
13,3987
8,3988
12,3989
13,3990
12,3991
8,3992
8,3993
8,3994
10,3995
6,3996
0,3997
6,3998
5,3999
6,4000
0,4001
0,4002
0,4003
9,4004
16,4005
18,4006
18,4007
17,4008
3,4009
4,4010
1,4011
5,4012
6,4013
6,4014
6,4015
0,4016
6,4017
7,4018
9,4019
0,4020
5,4021
5,4022
1,4023
10,4024
2,4025
10,4026
3,4027
19,4028
17,4029
12,4030
13,4031
8,4032
8,4033
13,4034
8,4035
8,4036
12,4037
13,4038
12,4039
8,4040
8,4041
8,4042
13,4043
12,4044
8,4045
8,4046
13,4047
8,4048
13,4049
13,4050
13,4051
13,4052
13,4053
13,4054
13,4055
8,4056
8,4057
8,4058
13,4059
8,4060
13,4061
12,4062
13,4063
12,4064
12,4065
12,4066
12,4067
13,4068
13,4069
8,4070
8,4071
10,4072
10,4073
2,4074
2,4075
10,4076
1,4077
2,4078
15,4079
15,4080
10,4081
1,4082
1,4083
2,4084
2,4085
10,4086
14,4087
10,4088
6,4089
6,4090
0,4091
6,4092
5,4093
0,4094
9,4095
7,4096
16,4097
18,4098
11,4099
18,4100
18,4101
18,4102
16,4103
7,4104
16,4105
7,4106
18,4107
7,4108
16,4109
9,4110
7,4111
7,4112
7,4113
9,4114
16,4115
11,4116
18,4117
7,4118
9,4119
11,4120
9,4121
7,4122
11,4123
7,4124
7,4125
16,4126
16,4127
9,4128
9,4129
7,4130
16,4131
9,4132
7,4133
18,4134
7,4135
16,4136
11,4137
11,4138
11,4139
7,4140
18,4141
9,4142
18,4143
17,4144
17,4145
17,4146
19,4147
17,4148
19,4149
3,4150
19,4151
3,4152
3,4153
19,4154
17,4155
17,4156
12,4157
12,4158
13,4159
13,4160
13,4161
13,4162
8,4163
10,4164
6,4165
6,4166
6,4167
0,4168
5,4169
6,4170
0,4171
9,4172
18,4173
9,4174
18,4175
9,4176
7,4177
9,4178
7,4179
11,4180
7,4181
16,4182
9,4183
16,4184
7,4185
9,4186
11,4187
16,4188
11,4189
7,4190
16,4191
16,4192
11,4193
7,4194
11,4195
7,4196
18,4197
7,4198
16,4199
18,4200
18,4201
7,4202
16,4203
16,4204
9,4205
7,4206
7,4207
4,4208
4,4209
4,4210
1,4211
1,4212
1,4213
2,4214
4,4215
5,4216
5,4217
6,4218
6,4219
6,4220
7,4221
18,4222
9,4223
16,4224
16,4225
9,4226
9,4227
7,4228
7,4229
16,4230
9,4231
9,4232
11,4233
16,4234
7,4235
7,4236
7,4237
11,4238
11,4239
0,4240
0,4241
0,4242
0,4243
9,4244
1,4245
1,4246
4,4247
2,4248
1,4249
3,4250
17,4251
3,4252
17,4253
3,4254
17,4255
12,4256
13,4257
12,4258
8,4259
13,4260
13,4261
12,4262
12,4263
8,4264
12,4265
8,4266
13,4267
12,4268
12,4269
12,4270
12,4271
13,4272
13,4273
12,4274
12,4275
8,4276
8,4277
12,4278
8,4279
10,4280
15,4281
10,4282
15,4283
14,4284
4,4285
14,4286
14,4287
1,4288
15,4289
10,4290
14,4291
1,4292
0,4293
9,4294
1,4295
1,4296
4,4297
15,4298
15,4299
2,4300
4,4301
3,4302
19,4303
3,4304
17,4305
17,4306
17,4307
17,4308
17,4309
3,4310
19,4311
19,4312
19,4313
19,4314
3,4315
17,4316
19,4317
17,4318
3,4319
3,4320
17,4321
3,4322
3,4323
3,4324
19,4325
17,4326
3,4327
3,4328
19,4329
19,4330
17,4331
12,4332
12,4333
12,4334
8,4335
8,4336
10,4337
4,4338
15,4339
2,4340
10,4341
4,4342
4,4343
10,4344
10,4345
15,4346
1,4347
4,4348
15,4349
14,4350
4,4351
15,4352
2,4353
2,4354
14,4355
0,4356
9,4357
7,4358
1,4359
10,4360
2,4361
1,4362
14,4363
3,4364
19,4365
17,4366
3,4367
3,4368
3,4369
19,4370
3,4371
17,4372
19,4373
19,4374
19,4375
19,4376
3,4377
17,4378
12,4379
13,4380
8,4381
8,4382
10,4383
6,4384
0,4385
0,4386
0,4387
9,4388
9,4389
18,4390
11,4391
9,4392
9,4393
9,4394
7,4395
11,4396
9,4397
16,4398
9,4399
11,4400
7,4401
16,4402
7,4403
7,4404
11,4405
7,4406
16,4407
11,4408
11,4409
11,4410
9,4411
11,4412
16,4413
18,4414
11,4415
11,4416
16,4417
11,4418
4,4419
2,4420
10,4421
10,4422
5,4423
6,4424
6,4425
6,4426
7,4427
7,4428
16,4429
7,4430
11,4431
16,4432
7,4433
18,4434
9,4435
16,4436
9,4437
7,4438
18,4439
9,4440
18,4441
9,4442
9,4443
11,4444
9,4445
18,4446
9,4447
9,4448
9,4449
0,4450
9,4451
1,4452
2,4453
2,4454
14,4455
3,4456
19,4457
17,4458
17,4459
12,4460
13,4461
12,4462
12,4463
13,4464
13,4465
13,4466
13,4467
12,4468
8,4469
8,4470
12,4471
12,4472
12,4473
8,4474
12,4475
12,4476
12,4477
8,4478
8,4479
8,4480
10,4481
14,4482
15,4483
2,4484
1,4485
4,4486
10,4487
10,4488
10,4489
2,4490
4,4491
15,4492
5,4493
6,4494
6,4495
0,4496
7,4497
16,4498
18,4499
16,4500
7,4501
16,4502
11,4503
11,4504
18,4505
0,4506
9,4507
18,4508
16,4509
11,4510
1,4511
14,4512
15,4513
4,4514
1,4515
1,4516
2,4517
15,4518
2,4519
2,4520
2,4521
14,4522
2,4523
15,4524
2,4525
2,4526
3,4527
17,4528
19,4529
19,4530
19,4531
17,4532
12,4533
13,4534
8,4535
12,4536
12,4537
13,4538
13,4539
12,4540
13,4541
13,4542
12,4543
12,4544
13,4545
12,4546
8,4547
8,4548
10,4549
10,4550
4,4551
1,4552
14,4553
14,4554
4,4555
14,4556
4,4557
14,4558
15,4559
1,4560
15,4561
4,4562
10,4563
6,4564
4,4565
14,4566
14,4567
5,4568
0,4569
0,4570
9,4571
6,4572
6,4573
7,4574
11,4575
9,4576
9,4577
9,4578
18,4579
11,4580
7,4581
11,4582
9,4583
16,4584
7,4585
7,4586
18,4587
7,4588
9,4589
16,4590
16,4591
18,4592
11,4593
16,4594
9,4595
9,4596
11,4597
18,4598
16,4599
11,4600
18,4601
11,4602
18,4603
16,4604
16,4605
11,4606
7,4607
18,4608
18,4609
7,4610
9,4611
16,4612
11,4613
18,4614
11,4615
11,4616
18,4617
11,4618
11,4619
9,4620
18,4621
17,4622
0,4623
5,4624
1,4625
14,4626
1,4627
2,4628
10,4629
3,4630
17,4631
12,4632
8,4633
8,4634
8,4635
12,4636
13,4637
13,4638
12,4639
4,4640
1,4641
5,4642
0,4643
6,4644
0,4645
6,4646
7,4647
16,4648
18,4649
7,4650
11,4651
9,4652
16,4653
7,4654
9,4655
7,4656
11,4657
9,4658
9,4659
7,4660
11,4661
11,4662
9,4663
16,4664
11,4665
18,4666
17,4667
17,4668
12,4669
8,4670
8,4671
8,4672
8,4673
8,4674
10,4675
15,4676
4,4677
15,4678
1,4679
1,4680
14,4681
14,4682
14,4683
15,4684
1,4685
2,4686
4,4687
4,4688
15,4689
4,4690
10,4691
4,4692
0,4693
9,4694
1,4695
10,4696
2,4697
10,4698
14,4699
3,4700
3,4701
3,4702
19,4703
17,4704
12,4705
12,4706
8,4707
8,4708
8,4709
13,4710
8,4711
13,4712
13,4713
13,4714
13,4715
8,4716
8,4717
12,4718
12,4719
13,4720
8,4721
12,4722
13,4723
8,4724
10,4725
4,4726
2,4727
1,4728
2,4729
5,4730
6,4731
6,4732
6,4733
6,4734
5,4735
6,4736
7,4737
16,4738
7,4739
18,4740
17,4741
17,4742
17,4743
3,4744
19,4745
3,4746
19,4747
17,4748
12,4749
12,4750
8,4751
12,4752
8,4753
13,4754
13,4755
12,4756
8,4757
8,4758
12,4759
13,4760
12,4761
12,4762
8,4763
8,4764
12,4765
12,4766
12,4767
12,4768
12,4769
13,4770
8,4771
12,4772
8,4773
8,4774
12,4775
13,4776
8,4777
13,4778
13,4779
12,4780
8,4781
13,4782
12,4783
12,4784
13,4785
0,4786
5,4787
0,4788
0,4789
0,4790
1,4791
4,4792
2,4793
2,4794
1,4795
14,4796
3,4797
17,4798
12,4799
13,4800
8,4801
12,4802
8,4803
12,4804
13,4805
12,4806
12,4807
13,4808
8,4809
12,4810
8,4811
10,4812
15,4813
15,4814
4,4815
14,4816
14,4817
1,4818
15,4819
4,4820
1,4821
1,4822
2,4823
10,4824
2,4825
1,4826
4,4827
15,4828
14,4829
14,4830
15,4831
15,4832
15,4833
1,4834
4,4835
15,4836
10,4837
15,4838
15,4839
1,4840
2,4841
15,4842
10,4843
1,4844
4,4845
15,4846
14,4847
1,4848
15,4849
1,4850
1,4851
1,4852
4,4853
14,4854
4,4855
4,4856
2,4857
10,4858
6,4859
5,4860
6,4861
0,4862
0,4863
5,4864
6,4865
6,4866
5,4867
6,4868
5,4869
5,4870
6,4871
0,4872
5,4873
0,4874
9,4875
7,4876
7,4877
7,4878
9,4879
11,4880
7,4881
16,4882
7,4883
18,4884
16,4885
9,4886
9,4887
16,4888
9,4889
18,4890
7,4891
18,4892
9,4893
16,4894
11,4895
7,4896
11,4897
7,4898
18,4899
7,4900
18,4901
16,4902
16,4903
9,4904
9,4905
11,4906
18,4907
9,4908
18,4909
7,4910
9,4911
16,4912
16,4913
4,4914
1,4915
10,4916
2,4917
5,4918
5,4919
6,4920
6,4921
6,4922
6,4923
5,4924
7,4925
11,4926
18,4927
7,4928
0,4929
9,4930
11,4931
1,4932
2,4933
2,4934
4,4935
3,4936
17,4937
12,4938
8,4939
12,4940
13,4941
8,4942
8,4943
12,4944
12,4945
8,4946
8,4947
13,4948
8,4949
12,4950
12,4951
13,4952
12,4953
13,4954
8,4955
10,4956
10,4957
15,4958
1,4959
15,4960
1,4961
14,4962
1,4963
2,4964
15,4965
14,4966
1,4967
15,4968
4,4969
1,4970
10,4971
1,4972
2,4973
2,4974
4,4975
10,4976
14,4977
10,4978
6,4979
0,4980
9,4981
7,4982
16,4983
11,4984
7,4985
18,4986
17,4987
19,4988
17,4989
19,4990
17,4991
19,4992
19,4993
17,4994
4,4995
1,4996
5,4997
6,4998
6,4999
5,5000
0,5001
6,5002
5,5003
7,5004
11,5005
11,5006
7,5007
11,5008
16,5009
16,5010
9,5011
7,5012
7,5013
7,5014
18,5015
18,5016
11,5017
7,5018
18,5019
11,5020
7,5021
9,5022
11,5023
16,5024
16,5025
18,5026
16,5027
11,5028
16,5029
9,5030
7,5031
16,5032
16,5033
7,5034
11,5035
16,5036
18,5037
18,5038
7,5039
11,5040
16,5041
7,5042
16,5043
16,5044
11,5045
9,5046
18,5047
16,5048
16,5049
18,5050
16,5051
7,5052
11,5053
11,5054
9,5055
9,5056
18,5057
17,5058
17,5059
0,5060
5,5061
0,5062
1,5063
15,5064
2,5065
4,5066
3,5067
3,5068
17,5069
19,5070
17,5071
12,5072
12,5073
12,5074
8,5075
8,5076
8,5077
13,5078
13,5079
12,5080
8,5081
13,5082
13,5083
8,5084
13,5085
13,5086
8,5087
8,5088
12,5089
8,5090
8,5091
8,5092
13,5093
13,5094
13,5095
8,5096
12,5097
12,5098
12,5099
12,5100
13,5101
8,5102
10,5103
6,5104
6,5105
6,5106
5,5107
6,5108
6,5109
0,5110
5,5111
5,5112
6,5113
5,5114
5,5115
0,5116
6,5117
0,5118
9,5119
9,5120
4,5121
10,5122
14,5123
10,5124
4,5125
5,5126
0,5127
0,5128
6,5129
0,5130
9,5131
7,5132
7,5133
11,5134
7,5135
9,5136
11,5137
11,5138
7,5139
18,5140
7,5141
9,5142
18,5143
18,5144
18,5145
17,5146
19,5147
19,5148
19,5149
17,5150
3,5151
3,5152
19,5153
19,5154
19,5155
17,5156
19,5157
0,5158
5,5159
6,5160
1,5161
15,5162
10,5163
2,5164
10,5165
2,5166
14,5167
2,5168
4,5169
3,5170
19,5171
3,5172
3,5173
3,5174
19,5175
17,5176
17,5177
3,5178
3,5179
19,5180
19,5181
17,5182
3,5183
17,5184
3,5185
3,5186
3,5187
3,5188
19,5189
19,5190
19,5191
19,5192
19,5193
0,5194
0,5195
6,5196
1,5197
4,5198
15,5199
2,5200
1,5201
4,5202
15,5203
1,5204
15,5205
1,5206
2,5207
2,5208
3,5209
19,5210
3,5211
17,5212
3,5213
17,5214
3,5215
19,5216
17,5217
19,5218
3,5219
3,5220
3,5221
17,5222
3,5223
19,5224
17,5225
3,5226
17,5227
19,5228
19,5229
19,5230
19,5231
3,5232
17,5233
3,5234
19,5235
3,5236
17,5237
3,5238
3,5239
19,5240
17,5241
12,5242
12,5243
13,5244
12,5245
12,5246
12,5247
13,5248
12,5249
12,5250
8,5251
8,5252
12,5253
13,5254
13,5255
13,5256
8,5257
8,5258
12,5259
8,5260
13,5261
12,5262
8,5263
12,5264
12,5265
12,5266
12,5267
8,5268
8,5269
10,5270
10,5271
1,5272
1,5273
4,5274
14,5275
15,5276
1,5277
1,5278
2,5279
10,5280
14,5281
1,5282
1,5283
2,5284
2,5285
10,5286
4,5287
4,5288
4,5289
14,5290
10,5291
6,5292
0,5293
0,5294
0,5295
5,5296
6,5297
5,5298
5,5299
5,5300
0,5301
0,5302
0,5303
6,5304
0,5305
6,5306
6,5307
0,5308
0,5309
0,5310
0,5311
5,5312
0,5313
9,5314
11,5315
7,5316
16,5317
16,5318
7,5319
18,5320
18,5321
7,5322
18,5323
11,5324
18,5325
17,5326
3,5327
19,5328
0,5329
6,5330
1,5331
10,5332
2,5333
2,5334
3,5335
17,5336
19,5337
17,5338
12,5339
12,5340
12,5341
8,5342
12,5343
12,5344
8,5345
10,5346
4,5347
2,5348
1,5349
10,5350
4,5351
15,5352
10,5353
1,5354
14,5355
15,5356
10,5357
4,5358
4,5359
15,5360
2,5361
1,5362
14,5363
15,5364
1,5365
15,5366
15,5367
15,5368
4,5369
4,5370
10,5371
10,5372
10,5373
10,5374
1,5375
2,5376
4,5377
4,5378
4,5379
14,5380
1,5381
14,5382
15,5383
14,5384
4,5385
1,5386
2,5387
2,5388
14,5389
2,5390
2,5391
10,5392
15,5393
1,5394
15,5395
10,5396
2,5397
10,5398
10,5399
10,5400
2,5401
15,5402
14,5403
14,5404
14,5405
10,5406
4,5407
1,5408
4,5409
14,5410
5,5411
0,5412
5,5413
6,5414
6,5415
6,5416
5,5417
5,5418
7,5419
16,5420
16,5421
9,5422
18,5423
7,5424
16,5425
18,5426
11,5427
16,5428
16,5429
16,5430
16,5431
7,5432
11,5433
18,5434
11,5435
16,5436
9,5437
7,5438
7,5439
18,5440
9,5441
9,5442
11,5443
7,5444
11,5445
4,5446
4,5447
4,5448
5,5449
0,5450
6,5451
6,5452
6,5453
6,5454
0,5455
7,5456
16,5457
18,5458
17,5459
19,5460
3,5461
17,5462
17,5463
19,5464
17,5465
3,5466
17,5467
19,5468
17,5469
17,5470
19,5471
19,5472
3,5473
3,5474
19,5475
3,5476
3,5477
17,5478
17,5479
17,5480
12,5481
8,5482
12,5483
12,5484
13,5485
8,5486
13,5487
8,5488
8,5489
8,5490
13,5491
8,5492
13,5493
8,5494
8,5495
13,5496
12,5497
12,5498
8,5499
13,5500
13,5501
12,5502
13,5503
12,5504
8,5505
0,5506
0,5507
1,5508
15,5509
14,5510
2,5511
4,5512
3,5513
19,5514
19,5515
3,5516
17,5517
19,5518
17,5519
19,5520
17,5521
19,5522
3,5523
3,5524
19,5525
17,5526
17,5527
12,5528
8,5529
10,5530
1,5531
1,5532
4,5533
2,5534
2,5535
15,5536
2,5537
10,5538
2,5539
10,5540
2,5541
10,5542
14,5543
1,5544
15,5545
10,5546
14,5547
15,5548
10,5549
14,5550
15,5551
1,5552
10,5553
4,5554
4,5555
15,5556
10,5557
2,5558
10,5559
10,5560
1,5561
10,5562
6,5563
6,5564
6,5565
4,5566
15,5567
14,5568
5,5569
5,5570
6,5571
0,5572
7,5573
11,5574
16,5575
18,5576
7,5577
7,5578
16,5579
9,5580
16,5581
18,5582
16,5583
16,5584
9,5585
7,5586
7,5587
18,5588
11,5589
9,5590
18,5591
16,5592
7,5593
11,5594
7,5595
18,5596
17,5597
17,5598
17,5599
17,5600
19,5601
19,5602
3,5603
17,5604
17,5605
17,5606
3,5607
19,5608
3,5609
19,5610
19,5611
19,5612
19,5613
3,5614
19,5615
4,5616
15,5617
2,5618
4,5619
5,5620
5,5621
0,5622
6,5623
6,5624
0,5625
5,5626
5,5627
5,5628
7,5629
16,5630
16,5631
11,5632
18,5633
11,5634
18,5635
16,5636
18,5637
16,5638
18,5639
9,5640
7,5641
11,5642
18,5643
9,5644
9,5645
9,5646
18,5647
11,5648
7,5649
9,5650
9,5651
11,5652
16,5653
16,5654
7,5655
7,5656
11,5657
16,5658
9,5659
18,5660
17,5661
12,5662
12,5663
13,5664
13,5665
13,5666
13,5667
12,5668
13,5669
12,5670
13,5671
13,5672
12,5673
8,5674
8,5675
12,5676
13,5677
12,5678
8,5679
10,5680
4,5681
4,5682
5,5683
5,5684
6,5685
6,5686
7,5687
9,5688
11,5689
16,5690
7,5691
11,5692
18,5693
9,5694
9,5695
9,5696
9,5697
11,5698
11,5699
9,5700
9,5701
9,5702
18,5703
7,5704
11,5705
7,5706
9,5707
7,5708
4,5709
4,5710
5,5711
5,5712
6,5713
5,5714
7,5715
7,5716
16,5717
9,5718
0,5719
5,5720
1,5721
1,5722
4,5723
1,5724
2,5725
2,5726
3,5727
19,5728
17,5729
17,5730
3,5731
3,5732
19,5733
17,5734
3,5735
19,5736
17,5737
17,5738
17,5739
19,5740
17,5741
17,5742
17,5743
12,5744
13,5745
13,5746
13,5747
13,5748
13,5749
13,5750
8,5751
13,5752
12,5753
13,5754
8,5755
10,5756
4,5757
4,5758
2,5759
2,5760
15,5761
10,5762
2,5763
15,5764
4,5765
14,5766
2,5767
14,5768
10,5769
1,5770
4,5771
14,5772
15,5773
10,5774
14,5775
2,5776
10,5777
14,5778
15,5779
15,5780
1,5781
14,5782
2,5783
1,5784
4,5785
15,5786
10,5787
10,5788
1,5789
2,5790
4,5791
1,5792
1,5793
10,5794
1,5795
2,5796
2,5797
15,5798
4,5799
1,5800
15,5801
4,5802
10,5803
2,5804
14,5805
15,5806
2,5807
10,5808
4,5809
10,5810
15,5811
10,5812
6,5813
0,5814
9,5815
18,5816
7,5817
11,5818
11,5819
11,5820
16,5821
7,5822
16,5823
9,5824
18,5825
9,5826
9,5827
18,5828
16,5829
16,5830
9,5831
16,5832
18,5833
11,5834
18,5835
16,5836
0,5837
9,5838
11,5839
7,5840
16,5841
9,5842
1,5843
2,5844
2,5845
2,5846
3,5847
19,5848
17,5849
0,5850
6,5851
1,5852
15,5853
2,5854
14,5855
3,5856
19,5857
17,5858
19,5859
3,5860
19,5861
3,5862
19,5863
19,5864
3,5865
3,5866
19,5867
19,5868
17,5869
3,5870
3,5871
19,5872
19,5873
17,5874
12,5875
12,5876
13,5877
13,5878
8,5879
12,5880
8,5881
10,5882
15,5883
10,5884
0,5885
5,5886
5,5887
6,5888
5,5889
1,5890
1,5891
2,5892
1,5893
3,5894
17,5895
3,5896
19,5897
3,5898
19,5899
17,5900
17,5901
12,5902
12,5903
12,5904
13,5905
13,5906
8,5907
8,5908
13,5909
8,5910
8,5911
12,5912
12,5913
8,5914
12,5915
13,5916
8,5917
8,5918
10,5919
10,5920
6,5921
0,5922
6,5923
5,5924
6,5925
6,5926
5,5927
0,5928
0,5929
0,5930
9,5931
16,5932
0,5933
9,5934
1,5935
4,5936
15,5937
1,5938
2,5939
2,5940
10,5941
4,5942
3,5943
19,5944
17,5945
12,5946
12,5947
8,5948
8,5949
10,5950
10,5951
4,5952
4,5953
14,5954
15,5955
14,5956
14,5957
4,5958
14,5959
15,5960
10,5961
10,5962
2,5963
14,5964
10,5965
6,5966
5,5967
5,5968
5,5969
0,5970
5,5971
0,5972
5,5973
5,5974
0,5975
5,5976
5,5977
6,5978
6,5979
6,5980
0,5981
9,5982
16,5983
9,5984
18,5985
18,5986
7,5987
7,5988
18,5989
17,5990
3,5991
3,5992
17,5993
17,5994
3,5995
3,5996
17,5997
19,5998
19,5999
17,6000
19,6001
19,6002
3,6003
19,6004
3,6005
3,6006
19,6007
17,6008
17,6009
19,6010
17,6011
17,6012
12,6013
12,6014
12,6015
8,6016
10,6017
1,6018
14,6019
10,6020
4,6021
14,6022
10,6023
6,6024
5,6025
6,6026
0,6027
6,6028
0,6029
7,6030
16,6031
11,6032
18,6033
18,6034
18,6035
16,6036
16,6037
7,6038
18,6039
18,6040
9,6041
16,6042
9,6043
18,6044
18,6045
18,6046
11,6047
18,6048
7,6049
11,6050
16,6051
11,6052
9,6053
16,6054
11,6055
9,6056
0,6057
6,6058
0,6059
5,6060
0,6061
0,6062
6,6063
5,6064
1,6065
2,6066
4,6067
2,6068
2,6069
4,6070
15,6071
15,6072
3,6073
3,6074
3,6075
19,6076
19,6077
17,6078
12,6079
8,6080
8,6081
10,6082
2,6083
15,6084
4,6085
1,6086
14,6087
14,6088
14,6089
2,6090
10,6091
0,6092
9,6093
1,6094
10,6095
2,6096
15,6097
3,6098
19,6099
3,6100
19,6101
19,6102
3,6103
19,6104
3,6105
17,6106
17,6107
19,6108
3,6109
3,6110
3,6111
19,6112
3,6113
17,6114
12,6115
8,6116
8,6117
12,6118
8,6119
10,6120
4,6121
2,6122
2,6123
2,6124
2,6125
2,6126
15,6127
10,6128
10,6129
14,6130
4,6131
1,6132
2,6133
2,6134
1,6135
4,6136
4,6137
15,6138
4,6139
0,6140
5,6141
6,6142
1,6143
4,6144
2,6145
14,6146
14,6147
3,6148
19,6149
17,6150
12,6151
13,6152
13,6153
12,6154
13,6155
8,6156
12,6157
12,6158
12,6159
13,6160
13,6161
8,6162
13,6163
12,6164
8,6165
8,6166
8,6167
10,6168
2,6169
2,6170
1,6171
10,6172
10,6173
1,6174
4,6175
10,6176
1,6177
15,6178
14,6179
15,6180
2,6181
14,6182
10,6183
2,6184
2,6185
14,6186
15,6187
1,6188
4,6189
10,6190
14,6191
14,6192
4,6193
2,6194
10,6195
10,6196
15,6197
4,6198
2,6199
14,6200
10,6201
2,6202
14,6203
15,6204
1,6205
2,6206
15,6207
1,6208
1,6209
1,6210
4,6211
10,6212
10,6213
15,6214
14,6215
14,6216
2,6217
4,6218
10,6219
15,6220
10,6221
15,6222
1,6223
15,6224
15,6225
4,6226
2,6227
10,6228
2,6229
14,6230
1,6231
10,6232
4,6233
2,6234
10,6235
1,6236
4,6237
14,6238
5,6239
0,6240
5,6241
5,6242
6,6243
6,6244
6,6245
7,6246
7,6247
16,6248
11,6249
16,6250
16,6251
9,6252
18,6253
18,6254
11,6255
11,6256
16,6257
9,6258
18,6259
9,6260
9,6261
9,6262
18,6263
9,6264
9,6265
16,6266
18,6267
18,6268
16,6269
7,6270
16,6271
18,6272
0,6273
9,6274
11,6275
1,6276
15,6277
14,6278
4,6279
2,6280
4,6281
15,6282
2,6283
14,6284
2,6285
14,6286
2,6287
3,6288
3,6289
19,6290
19,6291
17,6292
17,6293
19,6294
3,6295
17,6296
17,6297
17,6298
17,6299
12,6300
8,6301
8,6302
12,6303
12,6304
8,6305
12,6306
13,6307
13,6308
12,6309
13,6310
8,6311
13,6312
13,6313
13,6314
4,6315
1,6316
5,6317
0,6318
6,6319
6,6320
0,6321
7,6322
7,6323
9,6324
18,6325
7,6326
4,6327
14,6328
4,6329
5,6330
5,6331
5,6332
6,6333
6,6334
7,6335
16,6336
16,6337
11,6338
7,6339
18,6340
18,6341
18,6342
18,6343
16,6344
9,6345
7,6346
16,6347
7,6348
11,6349
11,6350
7,6351
18,6352
17,6353
19,6354
17,6355
3,6356
3,6357
3,6358
17,6359
12,6360
8,6361
12,6362
12,6363
8,6364
13,6365
13,6366
12,6367
8,6368
10,6369
2,6370
14,6371
14,6372
1,6373
4,6374
10,6375
10,6376
4,6377
1,6378
1,6379
2,6380
10,6381
14,6382
1,6383
1,6384
1,6385
14,6386
10,6387
6,6388
0,6389
0,6390
6,6391
6,6392
6,6393
6,6394
0,6395
0,6396
6,6397
6,6398
0,6399
5,6400
1,6401
2,6402
2,6403
10,6404
3,6405
17,6406
17,6407
19,6408
19,6409
19,6410
17,6411
0,6412
9,6413
16,6414
1,6415
2,6416
10,6417
2,6418
4,6419
3,6420
19,6421
17,6422
19,6423
3,6424
3,6425
17,6426
3,6427
17,6428
19,6429
3,6430
17,6431
19,6432
17,6433
19,6434
3,6435
3,6436
17,6437
17,6438
19,6439
3,6440
19,6441
3,6442
3,6443
17,6444
19,6445
17,6446
17,6447
3,6448
19,6449
17,6450
17,6451
19,6452
19,6453
3,6454
0,6455
5,6456
0,6457
1,6458
4,6459
15,6460
2,6461
4,6462
1,6463
3,6464
19,6465
19,6466
19,6467
17,6468
3,6469
17,6470
19,6471
19,6472
17,6473
3,6474
17,6475
17,6476
17,6477
17,6478
3,6479
19,6480
17,6481
19,6482
19,6483
19,6484
17,6485
17,6486
17,6487
19,6488
3,6489
3,6490
19,6491
4,6492
1,6493
5,6494
5,6495
5,6496
5,6497
6,6498
5,6499
7,6500
9,6501
11,6502
11,6503
16,6504
11,6505
16,6506
11,6507
11,6508
9,6509
9,6510
9,6511
18,6512
9,6513
11,6514
11,6515
18,6516
16,6517
9,6518
18,6519
18,6520
0,6521
9,6522
1,6523
15,6524
10,6525
2,6526
2,6527
10,6528
3,6529
3,6530
17,6531
12,6532
8,6533
10,6534
14,6535
14,6536
15,6537
2,6538
10,6539
6,6540
0,6541
9,6542
7,6543
7,6544
18,6545
16,6546
18,6547
16,6548
16,6549
11,6550
18,6551
11,6552
7,6553
9,6554
9,6555
18,6556
9,6557
18,6558
16,6559
9,6560
18,6561
7,6562
9,6563
9,6564
9,6565
7,6566
7,6567
18,6568
17,6569
17,6570
12,6571
4,6572
15,6573
5,6574
0,6575
6,6576
6,6577
5,6578
5,6579
6,6580
6,6581
7,6582
9,6583
9,6584
11,6585
11,6586
16,6587
7,6588
9,6589
18,6590
11,6591
4,6592
10,6593
14,6594
5,6595
5,6596
6,6597
0,6598
7,6599
7,6600
18,6601
18,6602
11,6603
16,6604
16,6605
11,6606
18,6607
9,6608
7,6609
9,6610
18,6611
17,6612
12,6613
13,6614
13,6615
13,6616
12,6617
8,6618
13,6619
8,6620
10,6621
15,6622
4,6623
10,6624
5,6625
0,6626
6,6627
6,6628
7,6629
11,6630
18,6631
17,6632
3,6633
19,6634
3,6635
3,6636
17,6637
17,6638
17,6639
19,6640
3,6641
19,6642
17,6643
4,6644
4,6645
5,6646
5,6647
6,6648
0,6649
6,6650
0,6651
9,6652
7,6653
11,6654
9,6655
16,6656
11,6657
11,6658
11,6659
11,6660
18,6661
17,6662
3,6663
17,6664
12,6665
8,6666
13,6667
12,6668
8,6669
12,6670
13,6671
12,6672
8,6673
10,6674
4,6675
2,6676
1,6677
14,6678
1,6679
10,6680
10,6681
14,6682
1,6683
14,6684
15,6685
1,6686
4,6687
10,6688
15,6689
15,6690
10,6691
6,6692
6,6693
5,6694
5,6695
5,6696
6,6697
6,6698
5,6699
0,6700
0,6701
5,6702
0,6703
0,6704
5,6705
5,6706
6,6707
5,6708
0,6709
6,6710
0,6711
6,6712
5,6713
6,6714
5,6715
0,6716
5,6717
6,6718
5,6719
6,6720
0,6721
9,6722
11,6723
18,6724
11,6725
9,6726
11,6727
18,6728
7,6729
9,6730
7,6731
16,6732
11,6733
16,6734
16,6735
11,6736
18,6737
18,6738
11,6739
9,6740
0,6741
9,6742
9,6743
1,6744
10,6745
2,6746
2,6747
4,6748
10,6749
3,6750
19,6751
3,6752
17,6753
12,6754
8,6755
12,6756
13,6757
8,6758
8,6759
12,6760
12,6761
12,6762
12,6763
13,6764
8,6765
13,6766
13,6767
12,6768
12,6769
13,6770
0,6771
6,6772
6,6773
0,6774
1,6775
14,6776
2,6777
14,6778
1,6779
2,6780
14,6781
2,6782
15,6783
14,6784
3,6785
3,6786
3,6787
19,6788
17,6789
12,6790
12,6791
8,6792
13,6793
8,6794
13,6795
13,6796
8,6797
12,6798
12,6799
12,6800
13,6801
13,6802
13,6803
12,6804
12,6805
8,6806
12,6807
12,6808
12,6809
12,6810
8,6811
10,6812
14,6813
14,6814
2,6815
1,6816
2,6817
14,6818
15,6819
15,6820
1,6821
2,6822
14,6823
15,6824
15,6825
10,6826
10,6827
15,6828
14,6829
15,6830
15,6831
4,6832
15,6833
4,6834
10,6835
5,6836
0,6837
5,6838
6,6839
6,6840
0,6841
7,6842
9,6843
7,6844
11,6845
9,6846
16,6847
7,6848
9,6849
9,6850
11,6851
11,6852
18,6853
11,6854
9,6855
7,6856
9,6857
7,6858
4,6859
15,6860
1,6861
10,6862
10,6863
4,6864
5,6865
5,6866
6,6867
6,6868
0,6869
9,6870
11,6871
7,6872
7,6873
9,6874
9,6875
9,6876
11,6877
7,6878
7,6879
11,6880
11,6881
18,6882
9,6883
7,6884
9,6885
7,6886
16,6887
7,6888
11,6889
7,6890
18,6891
11,6892
16,6893
9,6894
11,6895
18,6896
9,6897
18,6898
11,6899
16,6900
7,6901
16,6902
18,6903
11,6904
18,6905
16,6906
11,6907
7,6908
18,6909
16,6910
9,6911
7,6912
9,6913
9,6914
9,6915
18,6916
0,6917
6,6918
1,6919
14,6920
2,6921
15,6922
3,6923
17,6924
12,6925
12,6926
8,6927
12,6928
13,6929
12,6930
12,6931
13,6932
8,6933
8,6934
13,6935
0,6936
0,6937
1,6938
2,6939
4,6940
4,6941
2,6942
2,6943
14,6944
14,6945
3,6946
3,6947
19,6948
17,6949
12,6950
13,6951
13,6952
13,6953
8,6954
13,6955
8,6956
13,6957
12,6958
13,6959
13,6960
13,6961
13,6962
8,6963
12,6964
13,6965
8,6966
10,6967
1,6968
1,6969
4,6970
15,6971
4,6972
15,6973
15,6974
10,6975
10,6976
10,6977
2,6978
1,6979
15,6980
15,6981
2,6982
2,6983
2,6984
1,6985
1,6986
14,6987
4,6988
1,6989
1,6990
10,6991
10,6992
15,6993
2,6994
14,6995
2,6996
15,6997
14,6998
4,6999
1,7000
1,7001
10,7002
4,7003
15,7004
14,7005
14,7006
15,7007
15,7008
14,7009
15,7010
4,7011
1,7012
10,7013
2,7014
2,7015
2,7016
2,7017
2,7018
1,7019
4,7020
15,7021
4,7022
1,7023
10,7024
4,7025
15,7026
4,7027
10,7028
14,7029
15,7030
4,7031
4,7032
10,7033
15,7034
4,7035
1,7036
10,7037
4,7038
2,7039
2,7040
15,7041
1,7042
2,7043
14,7044
15,7045
14,7046
14,7047
4,7048
2,7049
0,7050
9,7051
1,7052
2,7053
14,7054
10,7055
15,7056
2,7057
1,7058
4,7059
3,7060
17,7061
3,7062
17,7063
12,7064
12,7065
8,7066
8,7067
10,7068
4,7069
4,7070
2,7071
2,7072
14,7073
4,7074
4,7075
1,7076
1,7077
14,7078
4,7079
15,7080
10,7081
5,7082
6,7083
6,7084
6,7085
0,7086
0,7087
6,7088
0,7089
5,7090
6,7091
7,7092
16,7093
11,7094
11,7095
11,7096
11,7097
18,7098
11,7099
18,7100
7,7101
11,7102
11,7103
9,7104
7,7105
11,7106
9,7107
7,7108
11,7109
9,7110
11,7111
16,7112
9,7113
9,7114
16,7115
16,7116
11,7117
9,7118
16,7119
16,7120
18,7121
18,7122
0,7123
5,7124
0,7125
1,7126
15,7127
2,7128
15,7129
14,7130
3,7131
19,7132
19,7133
17,7134
19,7135
19,7136
19,7137
17,7138
17,7139
19,7140
17,7141
19,7142
17,7143
19,7144
17,7145
12,7146
13,7147
13,7148
12,7149
8,7150
8,7151
8,7152
8,7153
12,7154
8,7155
10,7156
15,7157
14,7158
2,7159
1,7160
10,7161
2,7162
4,7163
14,7164
10,7165
4,7166
14,7167
14,7168
15,7169
4,7170
15,7171
10,7172
10,7173
14,7174
10,7175
15,7176
1,7177
14,7178
1,7179
14,7180
1,7181
10,7182
1,7183
2,7184
4,7185
2,7186
10,7187
2,7188
2,7189
4,7190
1,7191
4,7192
14,7193
10,7194
15,7195
14,7196
10,7197
4,7198
1,7199
15,7200
15,7201
1,7202
14,7203
14,7204
15,7205
2,7206
2,7207
4,7208
10,7209
6,7210
5,7211
6,7212
5,7213
0,7214
0,7215
6,7216
5,7217
5,7218
5,7219
5,7220
5,7221
6,7222
5,7223
5,7224
6,7225
6,7226
6,7227
5,7228
6,7229
0,7230
6,7231
6,7232
6,7233
6,7234
0,7235
0,7236
0,7237
6,7238
6,7239
5,7240
5,7241
6,7242
0,7243
5,7244
6,7245
6,7246
5,7247
0,7248
9,7249
18,7250
16,7251
18,7252
17,7253
3,7254
3,7255
0,7256
6,7257
1,7258
15,7259
14,7260
4,7261
15,7262
14,7263
10,7264
2,7265
2,7266
3,7267
17,7268
19,7269
3,7270
4,7271
2,7272
10,7273
2,7274
14,7275
2,7276
15,7277
5,7278
0,7279
6,7280
0,7281
9,7282
16,7283
11,7284
7,7285
16,7286
9,7287
11,7288
11,7289
7,7290
11,7291
11,7292
11,7293
18,7294
11,7295
16,7296
11,7297
9,7298
11,7299
7,7300
16,7301
16,7302
11,7303
0,7304
5,7305
5,7306
5,7307
1,7308
15,7309
4,7310
2,7311
14,7312
15,7313
14,7314
3,7315
19,7316
17,7317
19,7318
17,7319
12,7320
13,7321
13,7322
13,7323
8,7324
8,7325
13,7326
12,7327
13,7328
13,7329
8,7330
12,7331
12,7332
12,7333
8,7334
10,7335
15,7336
10,7337
10,7338
6,7339
5,7340
5,7341
0,7342
0,7343
6,7344
0,7345
6,7346
5,7347
4,7348
4,7349
5,7350
6,7351
6,7352
5,7353
6,7354
0,7355
9,7356
11,7357
18,7358
7,7359
16,7360
18,7361
18,7362
9,7363
18,7364
18,7365
11,7366
11,7367
11,7368
7,7369
9,7370
11,7371
9,7372
7,7373
7,7374
16,7375
16,7376
16,7377
9,7378
11,7379
16,7380
7,7381
18,7382
18,7383
7,7384
7,7385
9,7386
18,7387
7,7388
16,7389
7,7390
16,7391
16,7392
11,7393
18,7394
18,7395
18,7396
17,7397
19,7398
17,7399
12,7400
13,7401
13,7402
8,7403
13,7404
8,7405
8,7406
13,7407
8,7408
12,7409
8,7410
12,7411
13,7412
8,7413
12,7414
8,7415
8,7416
10,7417
1,7418
10,7419
1,7420
15,7421
15,7422
10,7423
10,7424
2,7425
4,7426
14,7427
1,7428
15,7429
14,7430
15,7431
10,7432
14,7433
4,7434
4,7435
15,7436
10,7437
14,7438
4,7439
4,7440
14,7441
1,7442
14,7443
15,7444
15,7445
14,7446
2,7447
1,7448
4,7449
2,7450
1,7451
15,7452
10,7453
15,7454
4,7455
2,7456
1,7457
4,7458
10,7459
2,7460
4,7461
10,7462
4,7463
15,7464
14,7465
4,7466
1,7467
14,7468
14,7469
1,7470
15,7471
10,7472
1,7473
4,7474
15,7475
1,7476
14,7477
1,7478
15,7479
14,7480
10,7481
4,7482
14,7483
4,7484
4,7485
15,7486
4,7487
2,7488
4,7489
2,7490
4,7491
1,7492
4,7493
14,7494
4,7495
14,7496
15,7497
14,7498
4,7499
10,7500
1,7501
4,7502
1,7503
14,7504
2,7505
4,7506
1,7507
15,7508
1,7509
1,7510
15,7511
15,7512
10,7513
10,7514
2,7515
14,7516
14,7517
2,7518
1,7519
15,7520
2,7521
4,7522
1,7523
2,7524
4,7525
1,7526
10,7527
6,7528
0,7529
9,7530
4,7531
1,7532
10,7533
15,7534
10,7535
5,7536
5,7537
6,7538
6,7539
0,7540
7,7541
18,7542
18,7543
11,7544
18,7545
16,7546
9,7547
7,7548
9,7549
11,7550
18,7551
7,7552
18,7553
17,7554
3,7555
3,7556
3,7557
19,7558
3,7559
17,7560
3,7561
19,7562
19,7563
3,7564
19,7565
3,7566
3,7567
3,7568
17,7569
12,7570
12,7571
13,7572
8,7573
12,7574
8,7575
13,7576
13,7577
12,7578
12,7579
12,7580
12,7581
12,7582
13,7583
12,7584
12,7585
8,7586
10,7587
2,7588
14,7589
2,7590
15,7591
14,7592
14,7593
2,7594
10,7595
6,7596
0,7597
0,7598
6,7599
6,7600
0,7601
9,7602
11,7603
7,7604
16,7605
7,7606
11,7607
11,7608
16,7609
9,7610
18,7611
9,7612
16,7613
9,7614
18,7615
11,7616
18,7617
16,7618
11,7619
7,7620
18,7621
7,7622
11,7623
16,7624
11,7625
11,7626
9,7627
9,7628
9,7629
9,7630
11,7631
7,7632
18,7633
17,7634
19,7635
19,7636
19,7637
3,7638
19,7639
19,7640
3,7641
19,7642
3,7643
19,7644
17,7645
17,7646
17,7647
19,7648
19,7649
19,7650
17,7651
3,7652
17,7653
3,7654
17,7655
19,7656
3,7657
17,7658
19,7659
17,7660
19,7661
19,7662
3,7663
19,7664
19,7665
19,7666
3,7667
3,7668
19,7669
17,7670
12,7671
12,7672
12,7673
12,7674
4,7675
2,7676
15,7677
5,7678
6,7679
6,7680
0,7681
0,7682
7,7683
11,7684
18,7685
9,7686
16,7687
7,7688
11,7689
9,7690
16,7691
9,7692
9,7693
7,7694
16,7695
7,7696
7,7697
18,7698
17,7699
12,7700
8,7701
12,7702
12,7703
12,7704
13,7705
13,7706
13,7707
12,7708
12,7709
8,7710
10,7711
15,7712
1,7713
2,7714
10,7715
6,7716
5,7717
5,7718
6,7719
0,7720
9,7721
9,7722
11,7723
18,7724
7,7725
11,7726
11,7727
9,7728
7,7729
18,7730
18,7731
17,7732
12,7733
8,7734
13,7735
8,7736
4,7737
15,7738
15,7739
10,7740
5,7741
0,7742
5,7743
6,7744
0,7745
7,7746
11,7747
18,7748
9,7749
7,7750
9,7751
18,7752
11,7753
16,7754
11,7755
7,7756
18,7757
16,7758
7,7759
7,7760
9,7761
7,7762
16,7763
16,7764
11,7765
11,7766
18,7767
17,7768
19,7769
0,7770
0,7771
1,7772
15,7773
2,7774
10,7775
14,7776
4,7777
3,7778
17,7779
19,7780
19,7781
17,7782
19,7783
17,7784
17,7785
17,7786
3,7787
3,7788
3,7789
3,7790
19,7791
19,7792
3,7793
3,7794
17,7795
19,7796
3,7797
3,7798
19,7799
17,7800
12,7801
8,7802
13,7803
12,7804
12,7805
12,7806
12,7807
12,7808
8,7809
8,7810
8,7811
12,7812
8,7813
12,7814
12,7815
13,7816
8,7817
8,7818
8,7819
10,7820
2,7821
14,7822
4,7823
14,7824
15,7825
1,7826
5,7827
6,7828
6,7829
5,7830
7,7831
11,7832
16,7833
16,7834
7,7835
11,7836
16,7837
9,7838
7,7839
18,7840
16,7841
7,7842
7,7843
18,7844
9,7845
11,7846
7,7847
18,7848
17,7849
19,7850
19,7851
3,7852
19,7853
19,7854
0,7855
6,7856
0,7857
1,7858
14,7859
2,7860
2,7861
3,7862
17,7863
17,7864
12,7865
13,7866
8,7867
13,7868
12,7869
8,7870
12,7871
13,7872
13,7873
13,7874
12,7875
8,7876
13,7877
12,7878
8,7879
13,7880
12,7881
12,7882
12,7883
13,7884
13,7885
8,7886
8,7887
8,7888
13,7889
12,7890
12,7891
13,7892
13,7893
12,7894
13,7895
12,7896
12,7897
12,7898
13,7899
12,7900
8,7901
10,7902
4,7903
14,7904
14,7905
1,7906
1,7907
1,7908
10,7909
14,7910
10,7911
2,7912
15,7913
10,7914
10,7915
4,7916
4,7917
4,7918
1,7919
15,7920
2,7921
2,7922
1,7923
1,7924
15,7925
4,7926
10,7927
10,7928
14,7929
1,7930
4,7931
14,7932
10,7933
10,7934
1,7935
4,7936
15,7937
4,7938
15,7939
4,7940
4,7941
4,7942
1,7943
10,7944
15,7945
4,7946
1,7947
1,7948
14,7949
4,7950
0,7951
9,7952
1,7953
1,7954
2,7955
2,7956
3,7957
17,7958
12,7959
13,7960
13,7961
13,7962
8,7963
12,7964
8,7965
13,7966
8,7967
13,7968
13,7969
13,7970
8,7971
12,7972
13,7973
13,7974
8,7975
8,7976
13,7977
12,7978
8,7979
13,7980
12,7981
13,7982
12,7983
8,7984
8,7985
13,7986
13,7987
8,7988
8,7989
12,7990
13,7991
8,7992
8,7993
12,7994
13,7995
13,7996
13,7997
8,7998
10,7999
14,8000
15,8001
2,8002
2,8003
10,8004
15,8005
10,8006
6,8007
6,8008
0,8009
5,8010
0,8011
5,8012
6,8013
6,8014
0,8015
5,8016
5,8017
0,8018
6,8019
6,8020
5,8021
6,8022
0,8023
9,8024
9,8025
11,8026
16,8027
18,8028
9,8029
11,8030
16,8031
4,8032
1,8033
15,8034
10,8035
5,8036
6,8037
6,8038
6,8039
6,8040
7,8041
9,8042
11,8043
11,8044
18,8045
9,8046
18,8047
18,8048
18,8049
17,8050
12,8051
13,8052
8,8053
10,8054
6,8055
6,8056
5,8057
5,8058
5,8059
0,8060
0,8061
9,8062
9,8063
11,8064
9,8065
16,8066
7,8067
7,8068
11,8069
18,8070
9,8071
16,8072
11,8073
9,8074
7,8075
7,8076
9,8077
18,8078
4,8079
1,8080
10,8081
5,8082
5,8083
6,8084
0,8085
6,8086
0,8087
7,8088
16,8089
7,8090
11,8091
7,8092
16,8093
18,8094
17,8095
17,8096
19,8097
19,8098
19,8099
3,8100
3,8101
3,8102
17,8103
12,8104
13,8105
13,8106
13,8107
12,8108
12,8109
12,8110
13,8111
8,8112
12,8113
12,8114
8,8115
12,8116
8,8117
12,8118
13,8119
8,8120
0,8121
9,8122
1,8123
15,8124
1,8125
15,8126
2,8127
1,8128
2,8129
1,8130
14,8131
3,8132
3,8133
17,8134
3,8135
3,8136
19,8137
17,8138
19,8139
17,8140
12,8141
8,8142
12,8143
13,8144
8,8145
10,8146
15,8147
1,8148
15,8149
1,8150
15,8151
2,8152
14,8153
1,8154
4,8155
14,8156
1,8157
2,8158
1,8159
14,8160
4,8161
14,8162
10,8163
15,8164
10,8165
2,8166
10,8167
1,8168
4,8169
1,8170
14,8171
4,8172
1,8173
10,8174
15,8175
4,8176
14,8177
10,8178
2,8179
14,8180
4,8181
0,8182
6,8183
1,8184
1,8185
2,8186
10,8187
3,8188
17,8189
12,8190
8,8191
10,8192
1,8193
10,8194
10,8195
15,8196
1,8197
2,8198
10,8199
1,8200
15,8201
2,8202
4,8203
2,8204
14,8205
2,8206
15,8207
1,8208
1,8209
14,8210
2,8211
4,8212
14,8213
15,8214
15,8215
10,8216
4,8217
2,8218
14,8219
10,8220
2,8221
10,8222
10,8223
6,8224
6,8225
5,8226
5,8227
0,8228
0,8229
6,8230
0,8231
6,8232
5,8233
5,8234
0,8235
5,8236
6,8237
5,8238
6,8239
6,8240
5,8241
0,8242
9,8243
9,8244
7,8245
7,8246
7,8247
9,8248
9,8249
18,8250
18,8251
17,8252
12,8253
13,8254
13,8255
13,8256
12,8257
8,8258
10,8259
6,8260
6,8261
0,8262
9,8263
9,8264
16,8265
9,8266
18,8267
17,8268
19,8269
3,8270
17,8271
17,8272
19,8273
19,8274
17,8275
3,8276
17,8277
19,8278
19,8279
17,8280
19,8281
17,8282
3,8283
3,8284
19,8285
17,8286
19,8287
0,8288
9,8289
1,8290
10,8291
2,8292
14,8293
3,8294
3,8295
19,8296
19,8297
3,8298
19,8299
17,8300
17,8301
3,8302
19,8303
17,8304
3,8305
19,8306
17,8307
19,8308
3,8309
17,8310
3,8311
17,8312
12,8313
13,8314
12,8315
8,8316
8,8317
13,8318
13,8319
13,8320
8,8321
12,8322
12,8323
12,8324
8,8325
4,8326
2,8327
2,8328
14,8329
5,8330
6,8331
6,8332
5,8333
7,8334
18,8335
18,8336
17,8337
12,8338
12,8339
8,8340
10,8341
10,8342
1,8343
1,8344
15,8345
10,8346
2,8347
0,8348
6,8349
5,8350
6,8351
1,8352
4,8353
2,8354
4,8355
10,8356
3,8357
17,8358
3,8359
19,8360
3,8361
19,8362
17,8363
19,8364
3,8365
17,8366
12,8367
12,8368
13,8369
8,8370
13,8371
13,8372
12,8373
8,8374
13,8375
8,8376
12,8377
13,8378
8,8379
13,8380
8,8381
8,8382
10,8383
1,8384
1,8385
4,8386
4,8387
4,8388
4,8389
4,8390
1,8391
4,8392
15,8393
4,8394
15,8395
4,8396
4,8397
15,8398
4,8399
2,8400
4,8401
15,8402
15,8403
1,8404
1,8405
10,8406
4,8407
2,8408
2,8409
10,8410
1,8411
10,8412
15,8413
14,8414
1,8415
1,8416
10,8417
2,8418
14,8419
15,8420
15,8421
1,8422
4,8423
4,8424
15,8425
1,8426
10,8427
14,8428
10,8429
14,8430
4,8431
2,8432
2,8433
1,8434
14,8435
2,8436
10,8437
14,8438
4,8439
1,8440
1,8441
10,8442
1,8443
10,8444
2,8445
4,8446
4,8447
10,8448
2,8449
10,8450
2,8451
2,8452
14,8453
14,8454
14,8455
14,8456
10,8457
14,8458
2,8459
14,8460
15,8461
10,8462
1,8463
14,8464
1,8465
14,8466
1,8467
2,8468
1,8469
2,8470
10,8471
1,8472
10,8473
4,8474
15,8475
14,8476
5,8477
0,8478
6,8479
6,8480
6,8481
7,8482
11,8483
9,8484
9,8485
11,8486
11,8487
16,8488
7,8489
7,8490
4,8491
10,8492
14,8493
2,8494
5,8495
6,8496
0,8497
6,8498
6,8499
0,8500
7,8501
9,8502
11,8503
7,8504
18,8505
9,8506
16,8507
9,8508
9,8509
9,8510
16,8511
18,8512
9,8513
9,8514
18,8515
18,8516
11,8517
9,8518
16,8519
11,8520
11,8521
18,8522
11,8523
7,8524
16,8525
16,8526
11,8527
9,8528
9,8529
16,8530
7,8531
16,8532
7,8533
9,8534
16,8535
7,8536
11,8537
9,8538
18,8539
7,8540
7,8541
18,8542
9,8543
11,8544
7,8545
18,8546
17,8547
12,8548
12,8549
13,8550
8,8551
13,8552
8,8553
10,8554
6,8555
0,8556
6,8557
6,8558
0,8559
9,8560
16,8561
11,8562
16,8563
16,8564
11,8565
9,8566
11,8567
9,8568
11,8569
18,8570
9,8571
11,8572
9,8573
9,8574
18,8575
9,8576
9,8577
16,8578
9,8579
18,8580
9,8581
7,8582
9,8583
18,8584
18,8585
7,8586
16,8587
9,8588
18,8589
17,8590
3,8591
3,8592
19,8593
17,8594
3,8595
17,8596
12,8597
12,8598
13,8599
12,8600
12,8601
8,8602
12,8603
13,8604
13,8605
12,8606
13,8607
8,8608
10,8609
4,8610
1,8611
5,8612
6,8613
5,8614
0,8615
6,8616
5,8617
5,8618
0,8619
7,8620
11,8621
11,8622
16,8623
16,8624
18,8625
18,8626
9,8627
7,8628
9,8629
18,8630
16,8631
11,8632
9,8633
9,8634
7,8635
11,8636
7,8637
9,8638
7,8639
11,8640
16,8641
11,8642
16,8643
7,8644
18,8645
11,8646
18,8647
17,8648
19,8649
19,8650
17,8651
3,8652
19,8653
3,8654
3,8655
17,8656
19,8657
19,8658
19,8659
19,8660
17,8661
12,8662
8,8663
13,8664
8,8665
13,8666
13,8667
12,8668
8,8669
10,8670
4,8671
14,8672
4,8673
15,8674
14,8675
4,8676
14,8677
2,8678
15,8679
10,8680
14,8681
14,8682
1,8683
4,8684
15,8685
4,8686
1,8687
14,8688
10,8689
15,8690
10,8691
14,8692
4,8693
4,8694
1,8695
10,8696
6,8697
0,8698
5,8699
0,8700
9,8701
11,8702
9,8703
11,8704
9,8705
9,8706
18,8707
7,8708
0,8709
5,8710
1,8711
10,8712
6,8713
0,8714
2,8715
4,8716
2,8717
3,8718
17,8719
3,8720
17,8721
3,8722
17,8723
3,8724
19,8725
3,8726
3,8727
19,8728
17,8729
3,8730
17,8731
17,8732
12,8733
12,8734
12,8735
8,8736
10,8737
15,8738
10,8739
10,8740
1,8741
14,8742
2,8743
1,8744
10,8745
2,8746
14,8747
10,8748
2,8749
14,8750
10,8751
1,8752
4,8753
2,8754
10,8755
10,8756
15,8757
1,8758
15,8759
10,8760
4,8761
10,8762
6,8763
0,8764
6,8765
5,8766
6,8767
0,8768
0,8769
0,8770
9,8771
18,8772
9,8773
18,8774
18,8775
9,8776
18,8777
11,8778
11,8779
18,8780
16,8781
16,8782
7,8783
18,8784
11,8785
11,8786
7,8787
16,8788
11,8789
7,8790
7,8791
7,8792
7,8793
11,8794
18,8795
17,8796
19,8797
19,8798
17,8799
3,8800
17,8801
17,8802
19,8803
3,8804
17,8805
19,8806
17,8807
12,8808
8,8809
12,8810
13,8811
13,8812
13,8813
0,8814
9,8815
1,8816
4,8817
2,8818
10,8819
3,8820
17,8821
12,8822
8,8823
13,8824
8,8825
13,8826
13,8827
8,8828
12,8829
8,8830
10,8831
1,8832
10,8833
15,8834
14,8835
4,8836
1,8837
4,8838
15,8839
10,8840
1,8841
1,8842
2,8843
1,8844
14,8845
10,8846
4,8847
4,8848
10,8849
14,8850
10,8851
10,8852
6,8853
0,8854
5,8855
4,8856
15,8857
5,8858
5,8859
5,8860
6,8861
5,8862
6,8863
0,8864
6,8865
5,8866
5,8867
7,8868
9,8869
11,8870
9,8871
7,8872
9,8873
11,8874
7,8875
11,8876
9,8877
16,8878
16,8879
16,8880
18,8881
16,8882
0,8883
6,8884
1,8885
2,8886
2,8887
14,8888
4,8889
4,8890
3,8891
19,8892
3,8893
3,8894
17,8895
17,8896
17,8897
12,8898
12,8899
12,8900
13,8901
12,8902
12,8903
13,8904
12,8905
8,8906
12,8907
13,8908
13,8909
12,8910
12,8911
12,8912
12,8913
8,8914
8,8915
12,8916
13,8917
12,8918
12,8919
12,8920
12,8921
12,8922
12,8923
13,8924
12,8925
12,8926
13,8927
13,8928
13,8929
8,8930
10,8931
10,8932
10,8933
2,8934
14,8935
15,8936
14,8937
15,8938
14,8939
10,8940
2,8941
14,8942
14,8943
15,8944
2,8945
1,8946
10,8947
4,8948
2,8949
10,8950
1,8951
15,8952
2,8953
4,8954
4,8955
5,8956
5,8957
6,8958
5,8959
6,8960
6,8961
6,8962
7,8963
16,8964
7,8965
18,8966
17,8967
3,8968
3,8969
3,8970
3,8971
3,8972
17,8973
17,8974
19,8975
17,8976
17,8977
17,8978
17,8979
12,8980
8,8981
8,8982
8,8983
10,8984
6,8985
6,8986
5,8987
5,8988
6,8989
5,8990
6,8991
5,8992
6,8993
5,8994
0,8995
5,8996
5,8997
0,8998
9,8999
16,9000
9,9001
18,9002
9,9003
18,9004
16,9005
9,9006
16,9007
16,9008
11,9009
18,9010
7,9011
16,9012
16,9013
9,9014
7,9015
18,9016
17,9017
17,9018
3,9019
19,9020
17,9021
12,9022
13,9023
12,9024
13,9025
13,9026
13,9027
8,9028
12,9029
13,9030
8,9031
13,9032
8,9033
8,9034
10,9035
4,9036
1,9037
1,9038
1,9039
10,9040
2,9041
10,9042
2,9043
2,9044
14,9045
2,9046
4,9047
14,9048
4,9049
2,9050
14,9051
10,9052
4,9053
2,9054
1,9055
1,9056
15,9057
4,9058
4,9059
1,9060
14,9061
14,9062
1,9063
14,9064
1,9065
14,9066
15,9067
14,9068
1,9069
14,9070
2,9071
1,9072
2,9073
2,9074
2,9075
4,9076
1,9077
1,9078
1,9079
10,9080
2,9081
2,9082
4,9083
2,9084
10,9085
10,9086
15,9087
2,9088
14,9089
4,9090
15,9091
10,9092
15,9093
14,9094
10,9095
1,9096
10,9097
1,9098
15,9099
4,9100
4,9101
4,9102
14,9103
4,9104
4,9105
15,9106
15,9107
14,9108
15,9109
4,9110
1,9111
10,9112
2,9113
10,9114
6,9115
0,9116
6,9117
0,9118
0,9119
0,9120
9,9121
9,9122
16,9123
9,9124
18,9125
11,9126
18,9127
16,9128
9,9129
7,9130
16,9131
4,9132
2,9133
1,9134
1,9135
5,9136
6,9137
6,9138
0,9139
7,9140
9,9141
16,9142
18,9143
7,9144
18,9145
9,9146
9,9147
16,9148
9,9149
16,9150
16,9151
7,9152
18,9153
9,9154
7,9155
7,9156
11,9157
18,9158
16,9159
16,9160
7,9161
9,9162
18,9163
4,9164
15,9165
5,9166
6,9167
6,9168
5,9169
6,9170
6,9171
7,9172
9,9173
16,9174
9,9175
7,9176
7,9177
18,9178
18,9179
9,9180
16,9181
18,9182
11,9183
18,9184
16,9185
18,9186
18,9187
7,9188
11,9189
16,9190
18,9191
18,9192
11,9193
11,9194
18,9195
11,9196
7,9197
11,9198
16,9199
9,9200
18,9201
16,9202
16,9203
16,9204
16,9205
11,9206
7,9207
16,9208
18,9209
18,9210
7,9211
7,9212
7,9213
11,9214
11,9215
9,9216
7,9217
9,9218
9,9219
18,9220
18,9221
16,9222
11,9223
7,9224
7,9225
9,9226
16,9227
9,9228
7,9229
11,9230
7,9231
18,9232
7,9233
16,9234
11,9235
18,9236
16,9237
16,9238
7,9239
11,9240
9,9241
11,9242
9,9243
16,9244
7,9245
7,9246
7,9247
18,9248
9,9249
9,9250
16,9251
18,9252
7,9253
7,9254
16,9255
7,9256
4,9257
1,9258
4,9259
5,9260
5,9261
0,9262
6,9263
6,9264
0,9265
6,9266
6,9267
7,9268
9,9269
9,9270
11,9271
7,9272
16,9273
7,9274
16,9275
9,9276
11,9277
16,9278
18,9279
11,9280
11,9281
7,9282
11,9283
9,9284
11,9285
11,9286
9,9287
11,9288
18,9289
7,9290
7,9291
16,9292
7,9293
7,9294
7,9295
16,9296
11,9297
9,9298
18,9299
7,9300
11,9301
9,9302
16,9303
11,9304
18,9305
16,9306
18,9307
11,9308
9,9309
18,9310
16,9311
9,9312
16,9313
9,9314
9,9315
9,9316
11,9317
16,9318
18,9319
16,9320
11,9321
7,9322
7,9323
7,9324
9,9325
7,9326
18,9327
11,9328
18,9329
16,9330
9,9331
7,9332
16,9333
16,9334
9,9335
4,9336
10,9337
15,9338
10,9339
4,9340
5,9341
6,9342
6,9343
0,9344
7,9345
16,9346
7,9347
9,9348
18,9349
11,9350
7,9351
9,9352
9,9353
9,9354
16,9355
0,9356
6,9357
1,9358
15,9359
2,9360
15,9361
3,9362
19,9363
3,9364
17,9365
3,9366
19,9367
3,9368
19,9369
19,9370
3,9371
17,9372
19,9373
17,9374
3,9375
17,9376
19,9377
17,9378
12,9379
12,9380
12,9381
13,9382
8,9383
8,9384
13,9385
13,9386
13,9387
12,9388
12,9389
8,9390
8,9391
10,9392
15,9393
15,9394
4,9395
14,9396
4,9397
15,9398
4,9399
1,9400
15,9401
4,9402
14,9403
1,9404
0,9405
5,9406
1,9407
4,9408
2,9409
2,9410
15,9411
1,9412
3,9413
17,9414
19,9415
19,9416
19,9417
3,9418
19,9419
3,9420
17,9421
19,9422
19,9423
19,9424
19,9425
17,9426
17,9427
12,9428
13,9429
12,9430
12,9431
12,9432
12,9433
13,9434
12,9435
8,9436
8,9437
12,9438
8,9439
10,9440
1,9441
14,9442
15,9443
14,9444
4,9445
14,9446
10,9447
10,9448
2,9449
4,9450
14,9451
4,9452
10,9453
6,9454
5,9455
6,9456
0,9457
0,9458
0,9459
5,9460
5,9461
6,9462
0,9463
6,9464
5,9465
6,9466
0,9467
0,9468
9,9469
7,9470
16,9471
7,9472
11,9473
7,9474
18,9475
11,9476
11,9477
9,9478
9,9479
7,9480
9,9481
9,9482
16,9483
18,9484
11,9485
7,9486
16,9487
9,9488
18,9489
7,9490
11,9491
7,9492
11,9493
18,9494
18,9495
18,9496
18,9497
11,9498
18,9499
7,9500
11,9501
7,9502
18,9503
17,9504
19,9505
19,9506
4,9507
10,9508
4,9509
2,9510
1,9511
5,9512
6,9513
0,9514
6,9515
6,9516
6,9517
7,9518
16,9519
16,9520
11,9521
9,9522
11,9523
11,9524
9,9525
7,9526
11,9527
11,9528
11,9529
7,9530
11,9531
16,9532
9,9533
11,9534
18,9535
11,9536
7,9537
9,9538
0,9539
0,9540
1,9541
15,9542
2,9543
1,9544
3,9545
19,9546
17,9547
17,9548
17,9549
17,9550
4,9551
14,9552
15,9553
2,9554
10,9555
10,9556
2,9557
5,9558
0,9559
6,9560
5,9561
6,9562
7,9563
7,9564
16,9565
18,9566
16,9567
11,9568
11,9569
16,9570
18,9571
16,9572
7,9573
9,9574
11,9575
18,9576
9,9577
18,9578
9,9579
16,9580
7,9581
18,9582
7,9583
7,9584
16,9585
16,9586
9,9587
11,9588
18,9589
11,9590
16,9591
9,9592
18,9593
18,9594
7,9595
7,9596
18,9597
18,9598
7,9599
7,9600
16,9601
11,9602
9,9603
7,9604
7,9605
16,9606
9,9607
16,9608
7,9609
7,9610
9,9611
11,9612
18,9613
9,9614
16,9615
16,9616
9,9617
11,9618
4,9619
2,9620
5,9621
5,9622
6,9623
0,9624
0,9625
0,9626
7,9627
18,9628
11,9629
7,9630
11,9631
7,9632
11,9633
0,9634
0,9635
1,9636
15,9637
14,9638
15,9639
2,9640
4,9641
3,9642
17,9643
3,9644
4,9645
1,9646
10,9647
5,9648
5,9649
6,9650
5,9651
7,9652
9,9653
18,9654
9,9655
7,9656
18,9657
16,9658
16,9659
9,9660
11,9661
16,9662
9,9663
18,9664
16,9665
11,9666
16,9667
18,9668
18,9669
16,9670
16,9671
16,9672
7,9673
11,9674
7,9675
7,9676
18,9677
9,9678
7,9679
11,9680
16,9681
11,9682
18,9683
16,9684
18,9685
0,9686
5,9687
1,9688
10,9689
2,9690
2,9691
2,9692
3,9693
19,9694
19,9695
3,9696
19,9697
19,9698
19,9699
3,9700
19,9701
19,9702
19,9703
3,9704
0,9705
5,9706
1,9707
14,9708
2,9709
14,9710
1,9711
1,9712
3,9713
19,9714
3,9715
17,9716
17,9717
3,9718
19,9719
17,9720
17,9721
17,9722
3,9723
17,9724
19,9725
3,9726
17,9727
19,9728
19,9729
3,9730
19,9731
3,9732
19,9733
19,9734
4,9735
15,9736
4,9737
10,9738
15,9739
15,9740
1,9741
5,9742
5,9743
6,9744
5,9745
0,9746
9,9747
7,9748
11,9749
16,9750
16,9751
11,9752
7,9753
16,9754
16,9755
16,9756
7,9757
11,9758
11,9759
7,9760
16,9761
11,9762
18,9763
18,9764
18,9765
11,9766
16,9767
11,9768
16,9769
7,9770
7,9771
7,9772
7,9773
7,9774
9,9775
11,9776
16,9777
16,9778
9,9779
7,9780
9,9781
7,9782
11,9783
18,9784
16,9785
7,9786
18,9787
11,9788
9,9789
11,9790
7,9791
9,9792
7,9793
11,9794
9,9795
9,9796
16,9797
11,9798
7,9799
18,9800
11,9801
16,9802
7,9803
16,9804
18,9805
7,9806
18,9807
17,9808
12,9809
13,9810
8,9811
13,9812
13,9813
8,9814
13,9815
8,9816
0,9817
6,9818
1,9819
1,9820
2,9821
14,9822
3,9823
3,9824
19,9825
19,9826
17,9827
17,9828
3,9829
3,9830
3,9831
17,9832
12,9833
8,9834
12,9835
8,9836
13,9837
8,9838
13,9839
13,9840
12,9841
8,9842
8,9843
13,9844
12,9845
13,9846
13,9847
13,9848
13,9849
13,9850
8,9851
13,9852
8,9853
12,9854
12,9855
8,9856
10,9857
15,9858
4,9859
2,9860
1,9861
2,9862
14,9863
15,9864
4,9865
15,9866
5,9867
6,9868
5,9869
5,9870
6,9871
0,9872
0,9873
7,9874
18,9875
9,9876
16,9877
16,9878
18,9879
18,9880
7,9881
7,9882
9,9883
16,9884
9,9885
7,9886
18,9887
16,9888
9,9889
11,9890
18,9891
16,9892
16,9893
11,9894
16,9895
0,9896
9,9897
1,9898
14,9899
15,9900
2,9901
2,9902
4,9903
14,9904
3,9905
3,9906
3,9907
19,9908
17,9909
3,9910
3,9911
19,9912
19,9913
19,9914
19,9915
17,9916
3,9917
17,9918
3,9919
0,9920
9,9921
1,9922
4,9923
2,9924
10,9925
4,9926
15,9927
10,9928
1,9929
4,9930
2,9931
1,9932
1,9933
10,9934
3,9935
17,9936
19,9937
17,9938
3,9939
3,9940
19,9941
19,9942
3,9943
17,9944
17,9945
19,9946
19,9947
19,9948
17,9949
19,9950
3,9951
17,9952
19,9953
19,9954
3,9955
19,9956
19,9957
17,9958
12,9959
13,9960
12,9961
8,9962
12,9963
8,9964
12,9965
12,9966
13,9967
12,9968
12,9969
12,9970
12,9971
13,9972
12,9973
8,9974
12,9975
13,9976
12,9977
8,9978
10,9979
1,9980
15,9981
2,9982
4,9983
14,9984
4,9985
1,9986
4,9987
15,9988
4,9989
10,9990
2,9991
1,9992
14,9993
1,9994
14,9995
15,9996
1,9997
10,9998
4,9999
