15,0
42,1
49,2
23,3
3,4
36,5
32,6
25,7
41,8
7,9
35,10
20,11
16,12
23,13
10,14
29,15
7,16
1,17
41,18
21,19
46,20
47,21
4,22
9,23
38,24
28,25
6,26
49,27
25,28
24,29
24,30
13,31
29,32
24,33
17,34
33,35
49,36
47,37
41,38
10,39
0,40
42,41
7,42
20,43
12,44
46,45
14,46
40,47
1,48
9,49
1,50
27,51
47,52
26,53
0,54
41,55
14,56
1,57
2,58
9,59
4,60
49,61
2,62
11,63
29,64
3,65
48,66
13,67
12,68
46,69
10,70
22,71
20,72
41,73
30,74
15,75
16,76
27,77
46,78
32,79
18,80
6,81
28,82
36,83
10,84
38,85
10,86
28,87
37,88
18,89
13,90
20,91
37,92
7,93
9,94
11,95
47,96
18,97
36,98
49,99
49,100
0,101
12,102
29,103
19,104
38,105
25,106
0,107
3,108
1,109
48,110
28,111
2,112
23,113
24,114
3,115
18,116
45,117
34,118
22,119
6,120
43,121
0,122
14,123
48,124
3,125
40,126
31,127
0,128
31,129
27,130
39,131
0,132
22,133
1,134
39,135
2,136
21,137
3,138
39,139
28,140
23,141
46,142
44,143
17,144
29,145
25,146
48,147
27,148
36,149
6,150
49,151
19,152
26,153
25,154
3,155
16,156
34,157
4,158
16,159
7,160
13,161
29,162
48,163
3,164
45,165
44,166
29,167
46,168
20,169
46,170
35,171
24,172
12,173
17,174
10,175
32,176
40,177
46,178
41,179
25,180
3,181
10,182
37,183
15,184
16,185
38,186
45,187
4,188
4,189
3,190
6,191
20,192
5,193
48,194
6,195
41,196
41,197
7,198
30,199
21,200
3,201
35,202
6,203
49,204
5,205
32,206
14,207
25,208
6,209
31,210
14,211
31,212
45,213
37,214
30,215
8,216
5,217
48,218
27,219
22,220
0,221
37,222
30,223
32,224
20,225
49,226
32,227
49,228
48,229
48,230
31,231
2,232
4,233
32,234
7,235
27,236
5,237
14,238
6,239
44,240
7,241
39,242
35,243
49,244
45,245
25,246
38,247
18,248
49,249
30,250
8,251
41,252
35,253
11,254
18,255
36,256
40,257
25,258
8,259
26,260
4,261
49,262
24,263
12,264
33,265
21,266
30,267
43,268
45,269
25,270
9,271
43,272
7,273
36,274
44,275
4,276
39,277
5,278
27,279
17,280
9,281
6,282
22,283
7,284
5,285
3,286
19,287
4,288
16,289
32,290
5,291
41,292
6,293
1,294
7,295
45,296
41,297
3,298
44,299
46,300
4,301
12,302
33,303
37,304
18,305
9,306
48,307
11,308
32,309
6,310
7,311
3,312
31,313
22,314
24,315
23,316
47,317
0,318
0,319
25,320
1,321
42,322
30,323
2,324
21,325
30,326
19,327
1,328
12,329
43,330
3,331
22,332
40,333
17,334
9,335
42,336
9,337
45,338
5,339
27,340
48,341
39,342
41,343
39,344
49,345
45,346
29,347
9,348
31,349
2,350
34,351
36,352
8,353
4,354
9,355
32,356
40,357
9,358
27,359
35,360
8,361
31,362
13,363
12,364
23,365
31,366
22,367
24,368
14,369
36,370
40,371
31,372
40,373
0,374
37,375
1,376
27,377
2,378
29,379
3,380
27,381
21,382
14,383
42,384
30,385
28,386
49,387
21,388
49,389
6,390
16,391
32,392
31,393
46,394
27,395
39,396
16,397
46,398
47,399
12,400
34,401
31,402
34,403
40,404
35,405
44,406
17,407
20,408
41,409
17,410
23,411
27,412
9,413
42,414
25,415
47,416
48,417
6,418
48,419
33,420
24,421
4,422
24,423
16,424
1,425
44,426
17,427
49,428
23,429
11,430
1,431
26,432
40,433
3,434
0,435
39,436
1,437
48,438
2,439
41,440
3,441
30,442
8,443
48,444
25,445
7,446
11,447
49,448
40,449
35,450
3,451
21,452
1,453
7,454
3,455
19,456
4,457
11,458
19,459
45,460
5,461
41,462
42,463
31,464
26,465
38,466
16,467
20,468
9,469
42,470
9,471
30,472
20,473
22,474
14,475
35,476
31,477
19,478
7,479
1,480
22,481
33,482
41,483
48,484
35,485
18,486
11,487
49,488
14,489
42,490
41,491
2,492
13,493
22,494
24,495
12,496
28,497
11,498
32,499
24,500
5,501
35,502
23,503
16,504
21,505
1,506
9,507
41,508
18,509
3,510
48,511
42,512
36,513
40,514
1,515
27,516
18,517
6,518
29,519
27,520
41,521
13,522
48,523
12,524
7,525
6,526
36,527
49,528
26,529
10,530
20,531
22,532
37,533
1,534
6,535
36,536
49,537
43,538
1,539
26,540
10,541
48,542
1,543
40,544
7,545
20,546
37,547
26,548
17,549
34,550
42,551
26,552
43,553
46,554
37,555
19,556
2,557
36,558
28,559
49,560
5,561
23,562
13,563
20,564
38,565
43,566
13,567
5,568
6,569
47,570
35,571
48,572
39,573
49,574
19,575
42,576
7,577
46,578
18,579
47,580
35,581
27,582
34,583
48,584
30,585
26,586
21,587
2,588
23,589
46,590
35,591
23,592
41,593
21,594
22,595
7,596
27,597
38,598
24,599
7,600
3,601
14,602
20,603
10,604
13,605
40,606
4,607
18,608
5,609
30,610
37,611
20,612
33,613
5,614
12,615
6,616
49,617
9,618
2,619
15,620
17,621
7,622
48,623
33,624
23,625
35,626
37,627
45,628
22,629
46,630
27,631
27,632
31,633
9,634
43,635
45,636
15,637
35,638
44,639
47,640
26,641
19,642
49,643
38,644
37,645
4,646
49,647
38,648
46,649
34,650
10,651
3,652
39,653
44,654
12,655
15,656
2,657
5,658
4,659
6,660
28,661
7,662
41,663
8,664
0,665
47,666
12,667
33,668
9,669
10,670
48,671
32,672
32,673
19,674
3,675
44,676
40,677
31,678
26,679
21,680
39,681
35,682
9,683
5,684
9,685
25,686
24,687
23,688
24,689
47,690
25,691
17,692
39,693
11,694
36,695
30,696
0,697
2,698
15,699
0,700
13,701
29,702
9,703
3,704
29,705
38,706
8,707
8,708
36,709
43,710
31,711
48,712
5,713
4,714
34,715
41,716
5,717
34,718
9,719
10,720
6,721
39,722
24,723
2,724
13,725
23,726
7,727
5,728
42,729
12,730
49,731
4,732
9,733
30,734
5,735
9,736
8,737
36,738
19,739
6,740
9,741
7,742
0,743
37,744
45,745
25,746
6,747
4,748
25,749
40,750
5,751
27,752
5,753
6,754
22,755
7,756
27,757
0,758
48,759
27,760
8,761
39,762
1,763
49,764
2,765
11,766
48,767
3,768
41,769
0,770
7,771
46,772
10,773
49,774
29,775
13,776
16,777
42,778
38,779
4,780
4,781
49,782
45,783
3,784
23,785
3,786
10,787
37,788
0,789
30,790
44,791
6,792
1,793
44,794
2,795
21,796
3,797
7,798
6,799
41,800
5,801
28,802
15,803
1,804
36,805
49,806
7,807
48,808
3,809
40,810
27,811
36,812
31,813
0,814
41,815
18,816
42,817
1,818
10,819
6,820
49,821
34,822
0,823
17,824
10,825
48,826
42,827
5,828
38,829
16,830
33,831
40,832
47,833
42,834
45,835
39,836
2,837
1,838
20,839
9,840
43,841
30,842
47,843
32,844
38,845
31,846
20,847
49,848
46,849
36,850
49,851
22,852
24,853
5,854
30,855
16,856
27,857
25,858
3,859
39,860
14,861
7,862
25,863
15,864
12,865
14,866
34,867
43,868
3,869
15,870
28,871
4,872
14,873
5,874
11,875
14,876
6,877
23,878
43,879
7,880
7,881
30,882
27,883
15,884
16,885
0,886
11,887
18,888
15,889
13,890
46,891
34,892
0,893
44,894
7,895
18,896
16,897
27,898
31,899
48,900
34,901
45,902
23,903
2,904
20,905
20,906
11,907
31,908
11,909
13,910
26,911
39,912
23,913
12,914
12,915
41,916
18,917
49,918
46,919
33,920
49,921
26,922
49,923
4,924
41,925
16,926
43,927
29,928
18,929
33,930
49,931
36,932
3,933
11,934
23,935
4,936
49,937
2,938
12,939
5,940
40,941
8,942
19,943
14,944
48,945
34,946
46,947
32,948
14,949
39,950
0,951
7,952
38,953
21,954
12,955
44,956
42,957
47,958
19,959
23,960
14,961
9,962
23,963
49,964
37,965
0,966
41,967
46,968
37,969
49,970
47,971
19,972
24,973
28,974
9,975
42,976
37,977
31,978
40,979
9,980
37,981
25,982
31,983
48,984
16,985
4,986
37,987
34,988
1,989
20,990
5,991
0,992
20,993
39,994
9,995
1,996
19,997
2,998
13,999
3,1000
14,1001
36,1002
14,1003
19,1004
36,1005
21,1006
41,1007
42,1008
28,1009
26,1010
41,1011
0,1012
36,1013
17,1014
24,1015
1,1016
6,1017
2,1018
4,1019
3,1020
42,1021
2,1022
25,1023
11,1024
33,1025
49,1026
43,1027
0,1028
16,1029
16,1030
13,1031
11,1032
1,1033
17,1034
47,1035
49,1036
2,1037
8,1038
31,1039
3,1040
48,1041
34,1042
16,1043
4,1044
32,1045
21,1046
18,1047
7,1048
4,1049
34,1050
5,1051
49,1052
6,1053
21,1054
7,1055
28,1056
49,1057
21,1058
4,1059
2,1060
4,1061
46,1062
5,1063
13,1064
40,1065
8,1066
6,1067
19,1068
31,1069
7,1070
35,1071
25,1072
46,1073
6,1074
49,1075
30,1076
29,1077
39,1078
18,1079
18,1080
19,1081
42,1082
43,1083
12,1084
29,1085
33,1086
6,1087
12,1088
22,1089
14,1090
1,1091
22,1092
49,1093
23,1094
30,1095
33,1096
24,1097
29,1098
31,1099
38,1100
3,1101
25,1102
28,1103
16,1104
23,1105
43,1106
14,1107
39,1108
42,1109
43,1110
3,1111
14,1112
36,1113
32,1114
28,1115
7,1116
31,1117
16,1118
44,1119
5,1120
49,1121
12,1122
49,1123
33,1124
47,1125
41,1126
45,1127
13,1128
17,1129
24,1130
34,1131
28,1132
4,1133
21,1134
49,1135
48,1136
46,1137
14,1138
12,1139
25,1140
47,1141
0,1142
35,1143
8,1144
41,1145
39,1146
2,1147
24,1148
14,1149
20,1150
43,1151
17,1152
49,1153
16,1154
16,1155
5,1156
13,1157
49,1158
17,1159
27,1160
35,1161
14,1162
13,1163
40,1164
10,1165
15,1166
49,1167
10,1168
20,1169
37,1170
26,1171
13,1172
46,1173
35,1174
21,1175
3,1176
44,1177
8,1178
8,1179
25,1180
7,1181
49,1182
16,1183
20,1184
47,1185
26,1186
40,1187
3,1188
29,1189
10,1190
6,1191
32,1192
35,1193
36,1194
21,1195
1,1196
20,1197
37,1198
5,1199
5,1200
37,1201
1,1202
14,1203
14,1204
39,1205
35,1206
39,1207
3,1208
30,1209
46,1210
9,1211
38,1212
25,1213
20,1214
39,1215
47,1216
41,1217
39,1218
8,1219
0,1220
43,1221
41,1222
14,1223
7,1224
35,1225
1,1226
42,1227
37,1228
16,1229
47,1230
3,1231
11,1232
3,1233
26,1234
28,1235
5,1236
10,1237
32,1238
38,1239
13,1240
14,1241
39,1242
31,1243
11,1244
39,1245
40,1246
31,1247
34,1248
49,1249
47,1250
33,1251
10,1252
32,1253
29,1254
13,1255
17,1256
31,1257
21,1258
12,1259
44,1260
5,1261
22,1262
43,1263
8,1264
18,1265
49,1266
48,1267
34,1268
18,1269
11,1270
45,1271
45,1272
13,1273
10,1274
22,1275
15,1276
4,1277
38,1278
5,1279
2,1280
9,1281
6,1282
37,1283
7,1284
20,1285
15,1286
15,1287
14,1288
43,1289
7,1290
38,1291
20,1292
39,1293
3,1294
21,1295
31,1296
27,1297
28,1298
18,1299
22,1300
24,1301
38,1302
17,1303
45,1304
25,1305
18,1306
23,1307
38,1308
37,1309
37,1310
19,1311
21,1312
25,1313
44,1314
0,1315
30,1316
3,1317
44,1318
4,1319
49,1320
1,1321
18,1322
17,1323
2,1324
10,1325
3,1326
30,1327
23,1328
0,1329
48,1330
45,1331
33,1332
7,1333
38,1334
37,1335
47,1336
4,1337
0,1338
47,1339
30,1340
43,1341
30,1342
23,1343
17,1344
35,1345
47,1346
46,1347
38,1348
23,1349
32,1350
6,1351
41,1352
19,1353
41,1354
28,1355
17,1356
2,1357
29,1358
33,1359
48,1360
1,1361
31,1362
46,1363
48,1364
26,1365
21,1366
44,1367
39,1368
29,1369
1,1370
35,1371
40,1372
25,1373
45,1374
49,1375
3,1376
44,1377
30,1378
8,1379
36,1380
17,1381
1,1382
22,1383
41,1384
2,1385
3,1386
39,1387
21,1388
47,1389
20,1390
9,1391
25,1392
35,1393
29,1394
11,1395
34,1396
0,1397
24,1398
23,1399
17,1400
29,1401
5,1402
40,1403
40,1404
3,1405
31,1406
9,1407
23,1408
49,1409
44,1410
8,1411
10,1412
11,1413
29,1414
30,1415
28,1416
10,1417
27,1418
20,1419
14,1420
36,1421
40,1422
38,1423
6,1424
36,1425
49,1426
42,1427
12,1428
25,1429
46,1430
32,1431
18,1432
31,1433
3,1434
36,1435
37,1436
40,1437
20,1438
40,1439
19,1440
48,1441
36,1442
6,1443
9,1444
39,1445
20,1446
15,1447
11,1448
12,1449
10,1450
28,1451
5,1452
8,1453
19,1454
10,1455
20,1456
41,1457
25,1458
38,1459
17,1460
36,1461
40,1462
48,1463
7,1464
35,1465
27,1466
31,1467
23,1468
17,1469
24,1470
11,1471
49,1472
39,1473
4,1474
35,1475
7,1476
0,1477
29,1478
14,1479
25,1480
45,1481
47,1482
16,1483
13,1484
14,1485
4,1486
9,1487
6,1488
5,1489
36,1490
40,1491
6,1492
24,1493
7,1494
29,1495
39,1496
6,1497
11,1498
49,1499
1,1500
49,1501
7,1502
37,1503
1,1504
10,1505
43,1506
17,1507
37,1508
24,1509
27,1510
37,1511
48,1512
29,1513
23,1514
49,1515
40,1516
31,1517
40,1518
47,1519
2,1520
19,1521
15,1522
49,1523
26,1524
16,1525
21,1526
33,1527
19,1528
0,1529
45,1530
1,1531
4,1532
38,1533
2,1534
25,1535
3,1536
6,1537
6,1538
16,1539
34,1540
8,1541
38,1542
40,1543
18,1544
16,1545
30,1546
38,1547
16,1548
32,1549
33,1550
21,1551
15,1552
31,1553
44,1554
3,1555
29,1556
27,1557
27,1558
32,1559
22,1560
11,1561
3,1562
38,1563
46,1564
16,1565
0,1566
14,1567
1,1568
1,1569
44,1570
2,1571
24,1572
3,1573
7,1574
15,1575
33,1576
14,1577
36,1578
12,1579
34,1580
36,1581
15,1582
15,1583
47,1584
27,1585
3,1586
31,1587
45,1588
4,1589
49,1590
47,1591
7,1592
0,1593
19,1594
25,1595
37,1596
44,1597
1,1598
27,1599
46,1600
36,1601
47,1602
2,1603
9,1604
35,1605
3,1606
11,1607
18,1608
36,1609
42,1610
25,1611
37,1612
5,1613
23,1614
10,1615
36,1616
25,1617
16,1618
42,1619
37,1620
11,1621
19,1622
3,1623
2,1624
4,1625
45,1626
17,1627
42,1628
15,1629
12,1630
38,1631
34,1632
22,1633
49,1634
49,1635
46,1636
13,1637
13,1638
7,1639
31,1640
30,1641
48,1642
27,1643
9,1644
14,1645
47,1646
1,1647
19,1648
10,1649
31,1650
46,1651
4,1652
4,1653
35,1654
47,1655
35,1656
5,1657
33,1658
10,1659
6,1660
38,1661
7,1662
35,1663
2,1664
39,1665
30,1666
5,1667
47,1668
6,1669
49,1670
13,1671
10,1672
4,1673
25,1674
4,1675
39,1676
42,1677
2,1678
18,1679
2,1680
14,1681
33,1682
20,1683
45,1684
34,1685
21,1686
22,1687
49,1688
3,1689
11,1690
4,1691
30,1692
25,1693
4,1694
9,1695
23,1696
22,1697
4,1698
25,1699
34,1700
2,1701
26,1702
38,1703
16,1704
0,1705
20,1706
1,1707
9,1708
22,1709
2,1710
11,1711
33,1712
3,1713
43,1714
31,1715
20,1716
48,1717
34,1718
2,1719
4,1720
10,1721
22,1722
3,1723
20,1724
11,1725
1,1726
26,1727
34,1728
38,1729
42,1730
17,1731
3,1732
18,1733
2,1734
29,1735
30,1736
23,1737
42,1738
5,1739
11,1740
45,1741
45,1742
37,1743
7,1744
33,1745
19,1746
7,1747
31,1748
14,1749
35,1750
40,1751
36,1752
27,1753
35,1754
23,1755
46,1756
14,1757
20,1758
18,1759
4,1760
49,1761
25,1762
20,1763
23,1764
24,1765
30,1766
10,1767
43,1768
31,1769
38,1770
20,1771
38,1772
46,1773
5,1774
2,1775
14,1776
22,1777
36,1778
14,1779
12,1780
24,1781
38,1782
47,1783
49,1784
5,1785
8,1786
36,1787
22,1788
46,1789
5,1790
37,1791
8,1792
46,1793
6,1794
29,1795
29,1796
16,1797
47,1798
20,1799
37,1800
30,1801
21,1802
37,1803
28,1804
10,1805
21,1806
1,1807
49,1808
36,1809
28,1810
9,1811
23,1812
24,1813
38,1814
16,1815
43,1816
7,1817
18,1818
31,1819
26,1820
10,1821
22,1822
49,1823
22,1824
41,1825
1,1826
49,1827
27,1828
34,1829
37,1830
8,1831
19,1832
21,1833
49,1834
13,1835
20,1836
38,1837
13,1838
46,1839
47,1840
22,1841
24,1842
28,1843
44,1844
18,1845
6,1846
19,1847
24,1848
7,1849
0,1850
25,1851
14,1852
24,1853
42,1854
47,1855
39,1856
13,1857
30,1858
15,1859
6,1860
3,1861
27,1862
9,1863
6,1864
38,1865
21,1866
44,1867
45,1868
44,1869
32,1870
3,1871
30,1872
9,1873
48,1874
20,1875
17,1876
34,1877
28,1878
31,1879
6,1880
3,1881
38,1882
42,1883
23,1884
29,1885
46,1886
20,1887
3,1888
44,1889
37,1890
15,1891
49,1892
34,1893
41,1894
42,1895
14,1896
34,1897
37,1898
30,1899
46,1900
33,1901
5,1902
31,1903
16,1904
43,1905
36,1906
49,1907
3,1908
33,1909
37,1910
28,1911
36,1912
21,1913
10,1914
35,1915
27,1916
20,1917
48,1918
35,1919
4,1920
7,1921
7,1922
18,1923
30,1924
8,1925
13,1926
37,1927
38,1928
37,1929
40,1930
9,1931
9,1932
21,1933
10,1934
9,1935
43,1936
24,1937
25,1938
15,1939
33,1940
9,1941
22,1942
3,1943
46,1944
9,1945
21,1946
46,1947
12,1948
41,1949
28,1950
24,1951
18,1952
13,1953
29,1954
34,1955
6,1956
29,1957
8,1958
31,1959
30,1960
1,1961
29,1962
27,1963
46,1964
20,1965
12,1966
35,1967
49,1968
16,1969
3,1970
41,1971
45,1972
3,1973
3,1974
10,1975
7,1976
3,1977
36,1978
8,1979
33,1980
43,1981
3,1982
4,1983
2,1984
5,1985
22,1986
6,1987
40,1988
7,1989
36,1990
36,1991
19,1992
4,1993
19,1994
34,1995
6,1996
48,1997
3,1998
48,1999
43,2000
3,2001
40,2002
25,2003
4,2004
23,2005
5,2006
40,2007
6,2008
29,2009
7,2010
49,2011
41,2012
19,2013
13,2014
38,2015
0,2016
25,2017
37,2018
40,2019
26,2020
16,2021
13,2022
12,2023
44,2024
0,2025
21,2026
28,2027
22,2028
28,2029
30,2030
35,2031
37,2032
10,2033
10,2034
16,2035
21,2036
16,2037
44,2038
0,2039
45,2040
29,2041
25,2042
7,2043
0,2044
27,2045
24,2046
1,2047
1,2048
2,2049
46,2050
3,2051
27,2052
10,2053
19,2054
14,2055
39,2056
35,2057
44,2058
24,2059
12,2060
29,2061
43,2062
21,2063
5,2064
28,2065
44,2066
44,2067
3,2068
16,2069
25,2070
25,2071
24,2072
21,2073
33,2074
11,2075
3,2076
14,2077
30,2078
12,2079
29,2080
27,2081
7,2082
17,2083
4,2084
46,2085
33,2086
24,2087
15,2088
14,2089
12,2090
43,2091
48,2092
26,2093
43,2094
34,2095
6,2096
13,2097
12,2098
1,2099
10,2100
0,2101
8,2102
1,2103
44,2104
26,2105
2,2106
44,2107
3,2108
38,2109
8,2110
40,2111
49,2112
48,2113
39,2114
8,2115
18,2116
2,2117
33,2118
14,2119
15,2120
18,2121
36,2122
2,2123
15,2124
27,2125
16,2126
21,2127
46,2128
45,2129
49,2130
19,2131
6,2132
13,2133
21,2134
32,2135
33,2136
28,2137
21,2138
16,2139
16,2140
22,2141
6,2142
28,2143
26,2144
4,2145
2,2146
13,2147
10,2148
45,2149
31,2150
46,2151
32,2152
24,2153
34,2154
18,2155
3,2156
14,2157
39,2158
5,2159
2,2160
20,2161
41,2162
13,2163
4,2164
0,2165
5,2166
49,2167
6,2168
49,2169
6,2170
24,2171
29,2172
37,2173
12,2174
7,2175
28,2176
46,2177
14,2178
23,2179
38,2180
31,2181
13,2182
41,2183
20,2184
9,2185
26,2186
16,2187
1,2188
2,2189
40,2190
41,2191
14,2192
13,2193
45,2194
32,2195
4,2196
47,2197
39,2198
5,2199
10,2200
6,2201
41,2202
7,2203
42,2204
18,2205
20,2206
22,2207
49,2208
13,2209
49,2210
21,2211
10,2212
25,2213
20,2214
10,2215
8,2216
0,2217
46,2218
1,2219
48,2220
21,2221
31,2222
2,2223
14,2224
40,2225
3,2226
14,2227
15,2228
26,2229
27,2230
48,2231
46,2232
2,2233
11,2234
45,2235
16,2236
24,2237
38,2238
3,2239
34,2240
13,2241
36,2242
44,2243
32,2244
35,2245
32,2246
10,2247
33,2248
27,2249
5,2250
34,2251
6,2252
28,2253
13,2254
37,2255
22,2256
16,2257
28,2258
8,2259
6,2260
4,2261
16,2262
5,2263
37,2264
6,2265
32,2266
31,2267
39,2268
33,2269
7,2270
42,2271
28,2272
4,2273
4,2274
45,2275
5,2276
36,2277
27,2278
6,2279
24,2280
7,2281
28,2282
10,2283
31,2284
39,2285
37,2286
30,2287
34,2288
4,2289
49,2290
23,2291
38,2292
30,2293
20,2294
6,2295
46,2296
14,2297
7,2298
49,2299
44,2300
27,2301
0,2302
24,2303
3,2304
20,2305
46,2306
46,2307
0,2308
2,2309
4,2310
21,2311
20,2312
21,2313
28,2314
37,2315
5,2316
41,2317
13,2318
6,2319
36,2320
7,2321
48,2322
47,2323
3,2324
22,2325
39,2326
31,2327
14,2328
31,2329
44,2330
27,2331
0,2332
37,2333
42,2334
26,2335
0,2336
23,2337
39,2338
7,2339
40,2340
28,2341
20,2342
33,2343
46,2344
12,2345
23,2346
32,2347
42,2348
48,2349
15,2350
44,2351
25,2352
20,2353
39,2354
43,2355
27,2356
41,2357
46,2358
4,2359
36,2360
5,2361
12,2362
17,2363
6,2364
41,2365
45,2366
7,2367
1,2368
49,2369
16,2370
42,2371
11,2372
31,2373
45,2374
31,2375
27,2376
41,2377
49,2378
6,2379
49,2380
9,2381
14,2382
12,2383
40,2384
0,2385
17,2386
23,2387
1,2388
44,2389
9,2390
14,2391
7,2392
2,2393
11,2394
49,2395
49,2396
3,2397
16,2398
33,2399
28,2400
18,2401
11,2402
32,2403
16,2404
12,2405
14,2406
8,2407
32,2408
40,2409
24,2410
0,2411
5,2412
47,2413
1,2414
1,2415
2,2416
9,2417
3,2418
23,2419
49,2420
17,2421
36,2422
40,2423
20,2424
41,2425
15,2426
23,2427
26,2428
31,2429
30,2430
27,2431
41,2432
11,2433
13,2434
2,2435
23,2436
45,2437
39,2438
4,2439
7,2440
11,2441
49,2442
37,2443
31,2444
4,2445
18,2446
30,2447
5,2448
27,2449
1,2450
6,2451
25,2452
7,2453
36,2454
32,2455
16,2456
43,2457
15,2458
0,2459
10,2460
5,2461
12,2462
1,2463
7,2464
49,2465
10,2466
49,2467
43,2468
27,2469
8,2470
4,2471
22,2472
47,2473
49,2474
26,2475
49,2476
24,2477
4,2478
3,2479
30,2480
19,2481
18,2482
48,2483
39,2484
4,2485
11,2486
1,2487
47,2488
43,2489
49,2490
43,2491
35,2492
0,2493
37,2494
49,2495
0,2496
25,2497
34,2498
14,2499
37,2500
4,2501
17,2502
9,2503
5,2504
23,2505
6,2506
27,2507
34,2508
17,2509
7,2510
42,2511
3,2512
18,2513
24,2514
44,2515
24,2516
38,2517
41,2518
49,2519
26,2520
37,2521
18,2522
16,2523
30,2524
48,2525
15,2526
47,2527
47,2528
22,2529
28,2530
15,2531
18,2532
15,2533
49,2534
1,2535
12,2536
38,2537
5,2538
17,2539
31,2540
38,2541
8,2542
4,2543
38,2544
30,2545
9,2546
48,2547
9,2548
34,2549
3,2550
33,2551
49,2552
34,2553
0,2554
15,2555
1,2556
44,2557
2,2558
5,2559
23,2560
3,2561
30,2562
5,2563
48,2564
25,2565
41,2566
44,2567
24,2568
13,2569
22,2570
19,2571
47,2572
20,2573
45,2574
18,2575
33,2576
22,2577
37,2578
1,2579
45,2580
5,2581
12,2582
8,2583
5,2584
11,2585
28,2586
33,2587
45,2588
24,2589
1,2590
3,2591
26,2592
3,2593
49,2594
19,2595
9,2596
19,2597
39,2598
38,2599
31,2600
7,2601
26,2602
25,2603
9,2604
25,2605
2,2606
35,2607
20,2608
16,2609
49,2610
36,2611
20,2612
17,2613
49,2614
18,2615
48,2616
8,2617
31,2618
0,2619
31,2620
17,2621
49,2622
26,2623
23,2624
43,2625
10,2626
36,2627
34,2628
41,2629
12,2630
8,2631
26,2632
29,2633
44,2634
5,2635
34,2636
44,2637
11,2638
38,2639
32,2640
14,2641
22,2642
16,2643
25,2644
20,2645
31,2646
15,2647
7,2648
44,2649
30,2650
28,2651
16,2652
24,2653
6,2654
24,2655
42,2656
13,2657
20,2658
5,2659
37,2660
15,2661
2,2662
10,2663
33,2664
47,2665
39,2666
9,2667
27,2668
15,2669
4,2670
36,2671
8,2672
17,2673
5,2674
13,2675
30,2676
38,2677
6,2678
49,2679
7,2680
1,2681
23,2682
33,2683
39,2684
7,2685
29,2686
44,2687
32,2688
14,2689
20,2690
39,2691
12,2692
3,2693
5,2694
14,2695
35,2696
13,2697
27,2698
9,2699
1,2700
14,2701
37,2702
37,2703
9,2704
29,2705
41,2706
29,2707
18,2708
18,2709
19,2710
6,2711
49,2712
20,2713
49,2714
25,2715
41,2716
9,2717
8,2718
38,2719
19,2720
38,2721
41,2722
26,2723
23,2724
40,2725
35,2726
34,2727
44,2728
6,2729
16,2730
26,2731
4,2732
39,2733
31,2734
35,2735
1,2736
12,2737
34,2738
3,2739
20,2740
21,2741
29,2742
26,2743
8,2744
48,2745
7,2746
30,2747
47,2748
20,2749
49,2750
22,2751
42,2752
31,2753
19,2754
45,2755
37,2756
13,2757
24,2758
47,2759
2,2760
23,2761
39,2762
5,2763
34,2764
9,2765
16,2766
46,2767
11,2768
29,2769
11,2770
26,2771
6,2772
4,2773
46,2774
34,2775
5,2776
42,2777
43,2778
30,2779
6,2780
29,2781
7,2782
23,2783
25,2784
19,2785
49,2786
43,2787
24,2788
19,2789
38,2790
37,2791
10,2792
43,2793
36,2794
21,2795
30,2796
23,2797
7,2798
48,2799
44,2800
3,2801
31,2802
36,2803
39,2804
0,2805
39,2806
5,2807
1,2808
40,2809
44,2810
2,2811
2,2812
25,2813
3,2814
20,2815
40,2816
19,2817
21,2818
30,2819
21,2820
29,2821
3,2822
37,2823
14,2824
7,2825
46,2826
35,2827
0,2828
9,2829
24,2830
39,2831
11,2832
38,2833
0,2834
19,2835
34,2836
44,2837
37,2838
40,2839
14,2840
18,2841
4,2842
5,2843
13,2844
2,2845
31,2846
44,2847
44,2848
23,2849
0,2850
36,2851
1,2852
41,2853
2,2854
9,2855
3,2856
4,2857
40,2858
37,2859
47,2860
23,2861
24,2862
29,2863
43,2864
1,2865
42,2866
45,2867
25,2868
40,2869
27,2870
34,2871
39,2872
38,2873
16,2874
42,2875
13,2876
40,2877
16,2878
26,2879
45,2880
26,2881
9,2882
10,2883
31,2884
48,2885
31,2886
35,2887
23,2888
38,2889
30,2890
41,2891
7,2892
13,2893
29,2894
18,2895
1,2896
2,2897
29,2898
41,2899
4,2900
4,2901
21,2902
5,2903
36,2904
17,2905
6,2906
29,2907
7,2908
36,2909
11,2910
19,2911
14,2912
29,2913
12,2914
19,2915
21,2916
35,2917
39,2918
12,2919
24,2920
12,2921
14,2922
15,2923
8,2924
31,2925
31,2926
4,2927
3,2928
31,2929
35,2930
1,2931
25,2932
4,2933
1,2934
5,2935
33,2936
35,2937
8,2938
49,2939
30,2940
6,2941
41,2942
7,2943
28,2944
25,2945
14,2946
24,2947
23,2948
0,2949
36,2950
1,2951
32,2952
2,2953
1,2954
3,2955
11,2956
19,2957
4,2958
35,2959
48,2960
47,2961
5,2962
22,2963
6,2964
31,2965
7,2966
33,2967
49,2968
5,2969
5,2970
33,2971
17,2972
11,2973
40,2974
39,2975
14,2976
33,2977
37,2978
26,2979
33,2980
48,2981
48,2982
13,2983
17,2984
37,2985
13,2986
22,2987
24,2988
4,2989
19,2990
35,2991
20,2992
44,2993
48,2994
10,2995
8,2996
49,2997
30,2998
1,2999
26,3000
0,3001
41,3002
48,3003
31,3004
2,3005
27,3006
4,3007
21,3008
5,3009
5,3010
6,3011
24,3012
7,3013
25,3014
7,3015
15,3016
1,3017
29,3018
24,3019
22,3020
16,3021
32,3022
31,3023
2,3024
29,3025
25,3026
19,3027
15,3028
13,3029
3,3030
17,3031
7,3032
20,3033
7,3034
29,3035
23,3036
25,3037
29,3038
31,3039
30,3040
34,3041
8,3042
42,3043
49,3044
12,3045
32,3046
3,3047
19,3048
1,3049
12,3050
49,3051
22,3052
2,3053
41,3054
39,3055
44,3056
40,3057
40,3058
27,3059
28,3060
0,3061
47,3062
0,3063
42,3064
45,3065
1,3066
33,3067
2,3068
37,3069
3,3070
14,3071
38,3072
25,3073
41,3074
4,3075
30,3076
5,3077
35,3078
20,3079
49,3080
4,3081
17,3082
15,3083
0,3084
17,3085
49,3086
6,3087
33,3088
49,3089
13,3090
36,3091
14,3092
2,3093
44,3094
15,3095
1,3096
8,3097
8,3098
32,3099
44,3100
48,3101
5,3102
37,3103
39,3104
4,3105
12,3106
1,3107
24,3108
18,3109
3,3110
31,3111
35,3112
37,3113
24,3114
21,3115
33,3116
38,3117
49,3118
22,3119
49,3120
11,3121
6,3122
14,3123
36,3124
34,3125
0,3126
29,3127
40,3128
0,3129
15,3130
40,3131
43,3132
45,3133
47,3134
44,3135
8,3136
49,3137
26,3138
5,3139
35,3140
34,3141
7,3142
28,3143
16,3144
4,3145
49,3146
3,3147
3,3148
0,3149
18,3150
6,3151
2,3152
35,3153
13,3154
19,3155
26,3156
10,3157
27,3158
36,3159
6,3160
48,3161
18,3162
8,3163
2,3164
12,3165
49,3166
45,3167
9,3168
49,3169
13,3170
32,3171
35,3172
4,3173
1,3174
42,3175
7,3176
18,3177
36,3178
44,3179
25,3180
4,3181
16,3182
7,3183
7,3184
5,3185
34,3186
38,3187
6,3188
36,3189
7,3190
35,3191
48,3192
44,3193
35,3194
18,3195
0,3196
12,3197
1,3198
47,3199
46,3200
46,3201
30,3202
11,3203
2,3204
5,3205
36,3206
3,3207
42,3208
23,3209
44,3210
8,3211
34,3212
17,3213
24,3214
9,3215
10,3216
21,3217
17,3218
30,3219
18,3220
18,3221
31,3222
10,3223
30,3224
29,3225
49,3226
8,3227
46,3228
33,3229
21,3230
46,3231
0,3232
31,3233
1,3234
40,3235
35,3236
13,3237
2,3238
9,3239
3,3240
25,3241
21,3242
28,3243
27,3244
27,3245
41,3246
49,3247
4,3248
41,3249
5,3250
36,3251
6,3252
11,3253
46,3254
10,3255
7,3256
27,3257
28,3258
15,3259
3,3260
32,3261
22,3262
49,3263
47,3264
20,3265
38,3266
4,3267
36,3268
0,3269
30,3270
4,3271
29,3272
5,3273
20,3274
41,3275
18,3276
33,3277
6,3278
2,3279
7,3280
47,3281
9,3282
37,3283
49,3284
24,3285
23,3286
8,3287
2,3288
16,3289
20,3290
3,3291
48,3292
15,3293
4,3294
40,3295
27,3296
5,3297
9,3298
30,3299
6,3300
11,3301
7,3302
24,3303
8,3304
4,3305
4,3306
36,3307
49,3308
5,3309
14,3310
7,3311
6,3312
49,3313
49,3314
7,3315
3,3316
19,3317
14,3318
23,3319
20,3320
39,3321
36,3322
25,3323
21,3324
45,3325
13,3326
31,3327
45,3328
18,3329
31,3330
13,3331
29,3332
23,3333
20,3334
26,3335
23,3336
39,3337
49,3338
46,3339
29,3340
29,3341
23,3342
44,3343
32,3344
14,3345
26,3346
10,3347
7,3348
39,3349
4,3350
3,3351
30,3352
5,3353
36,3354
49,3355
44,3356
6,3357
47,3358
7,3359
27,3360
22,3361
4,3362
9,3363
21,3364
16,3365
7,3366
7,3367
39,3368
37,3369
17,3370
49,3371
42,3372
37,3373
19,3374
32,3375
2,3376
0,3377
14,3378
1,3379
11,3380
49,3381
48,3382
44,3383
5,3384
2,3385
38,3386
3,3387
10,3388
49,3389
18,3390
24,3391
5,3392
40,3393
36,3394
7,3395
18,3396
1,3397
8,3398
39,3399
42,3400
42,3401
25,3402
41,3403
6,3404
23,3405
17,3406
9,3407
39,3408
4,3409
40,3410
7,3411
23,3412
45,3413
5,3414
3,3415
6,3416
19,3417
38,3418
16,3419
13,3420
33,3421
11,3422
22,3423
14,3424
33,3425
26,3426
32,3427
22,3428
39,3429
37,3430
37,3431
5,3432
33,3433
19,3434
14,3435
18,3436
37,3437
25,3438
7,3439
43,3440
33,3441
11,3442
25,3443
23,3444
49,3445
29,3446
44,3447
33,3448
24,3449
15,3450
9,3451
38,3452
5,3453
28,3454
24,3455
12,3456
24,3457
29,3458
19,3459
7,3460
45,3461
25,3462
37,3463
7,3464
6,3465
25,3466
5,3467
25,3468
44,3469
25,3470
31,3471
34,3472
36,3473
48,3474
4,3475
25,3476
5,3477
9,3478
39,3479
41,3480
6,3481
49,3482
7,3483
34,3484
31,3485
16,3486
2,3487
43,3488
45,3489
2,3490
37,3491
43,3492
28,3493
8,3494
27,3495
31,3496
0,3497
13,3498
23,3499
1,3500
3,3501
2,3502
46,3503
3,3504
14,3505
15,3506
37,3507
11,3508
49,3509
28,3510
21,3511
22,3512
43,3513
45,3514
23,3515
37,3516
49,3517
45,3518
45,3519
16,3520
24,3521
45,3522
35,3523
11,3524
4,3525
19,3526
11,3527
49,3528
34,3529
7,3530
1,3531
30,3532
21,3533
32,3534
49,3535
21,3536
2,3537
13,3538
23,3539
33,3540
10,3541
31,3542
43,3543
8,3544
5,3545
2,3546
34,3547
4,3548
14,3549
4,3550
20,3551
5,3552
2,3553
46,3554
6,3555
49,3556
7,3557
45,3558
19,3559
39,3560
9,3561
34,3562
23,3563
0,3564
25,3565
1,3566
34,3567
2,3568
13,3569
48,3570
3,3571
48,3572
15,3573
0,3574
17,3575
49,3576
33,3577
49,3578
40,3579
45,3580
13,3581
21,3582
34,3583
5,3584
40,3585
33,3586
12,3587
45,3588
45,3589
16,3590
6,3591
1,3592
40,3593
5,3594
35,3595
38,3596
7,3597
11,3598
32,3599
49,3600
30,3601
0,3602
49,3603
38,3604
10,3605
37,3606
10,3607
6,3608
10,3609
33,3610
46,3611
11,3612
4,3613
21,3614
3,3615
18,3616
49,3617
49,3618
28,3619
8,3620
25,3621
34,3622
33,3623
19,3624
41,3625
7,3626
43,3627
33,3628
44,3629
27,3630
16,3631
15,3632
48,3633
22,3634
7,3635
48,3636
38,3637
29,3638
6,3639
23,3640
6,3641
0,3642
43,3643
20,3644
18,3645
6,3646
32,3647
5,3648
0,3649
47,3650
21,3651
3,3652
40,3653
1,3654
25,3655
2,3656
20,3657
3,3658
38,3659
6,3660
49,3661
48,3662
1,3663
20,3664
33,3665
48,3666
13,3667
46,3668
11,3669
25,3670
41,3671
41,3672
30,3673
44,3674
5,3675
9,3676
43,3677
28,3678
32,3679
36,3680
28,3681
7,3682
39,3683
43,3684
40,3685
0,3686
5,3687
27,3688
45,3689
37,3690
10,3691
39,3692
8,3693
36,3694
22,3695
4,3696
0,3697
46,3698
1,3699
41,3700
2,3701
25,3702
24,3703
5,3704
47,3705
2,3706
12,3707
3,3708
45,3709
18,3710
36,3711
3,3712
38,3713
37,3714
37,3715
15,3716
12,3717
29,3718
44,3719
47,3720
49,3721
36,3722
32,3723
3,3724
42,3725
31,3726
33,3727
6,3728
3,3729
49,3730
5,3731
25,3732
15,3733
28,3734
21,3735
3,3736
27,3737
41,3738
33,3739
12,3740
49,3741
46,3742
35,3743
44,3744
17,3745
27,3746
35,3747
36,3748
17,3749
6,3750
37,3751
49,3752
34,3753
47,3754
25,3755
9,3756
49,3757
26,3758
20,3759
15,3760
22,3761
30,3762
44,3763
0,3764
18,3765
36,3766
25,3767
1,3768
37,3769
22,3770
38,3771
2,3772
35,3773
13,3774
2,3775
3,3776
19,3777
10,3778
36,3779
24,3780
14,3781
39,3782
31,3783
4,3784
49,3785
5,3786
4,3787
6,3788
6,3789
46,3790
33,3791
48,3792
7,3793
48,3794
24,3795
13,3796
45,3797
26,3798
0,3799
11,3800
15,3801
28,3802
1,3803
6,3804
1,3805
49,3806
2,3807
45,3808
3,3809
46,3810
41,3811
49,3812
35,3813
40,3814
47,3815
33,3816
5,3817
0,3818
25,3819
1,3820
19,3821
13,3822
43,3823
2,3824
36,3825
3,3826
3,3827
14,3828
24,3829
16,3830
4,3831
28,3832
42,3833
47,3834
48,3835
8,3836
35,3837
4,3838
16,3839
22,3840
28,3841
21,3842
17,3843
43,3844
11,3845
24,3846
36,3847
49,3848
10,3849
37,3850
2,3851
20,3852
1,3853
2,3854
8,3855
32,3856
42,3857
7,3858
27,3859
27,3860
48,3861
45,3862
1,3863
15,3864
0,3865
31,3866
22,3867
45,3868
17,3869
22,3870
1,3871
47,3872
2,3873
15,3874
45,3875
19,3876
3,3877
17,3878
27,3879
26,3880
45,3881
32,3882
40,3883
18,3884
12,3885
49,3886
43,3887
39,3888
29,3889
29,3890
16,3891
34,3892
18,3893
21,3894
27,3895
49,3896
9,3897
27,3898
37,3899
21,3900
28,3901
49,3902
17,3903
49,3904
41,3905
11,3906
3,3907
41,3908
17,3909
49,3910
26,3911
29,3912
22,3913
13,3914
49,3915
26,3916
9,3917
11,3918
16,3919
41,3920
12,3921
16,3922
2,3923
21,3924
19,3925
0,3926
17,3927
17,3928
4,3929
32,3930
14,3931
20,3932
1,3933
42,3934
7,3935
25,3936
46,3937
10,3938
41,3939
17,3940
42,3941
42,3942
19,3943
42,3944
8,3945
47,3946
34,3947
31,3948
1,3949
47,3950
47,3951
12,3952
25,3953
45,3954
42,3955
13,3956
12,3957
8,3958
23,3959
34,3960
14,3961
29,3962
25,3963
17,3964
6,3965
49,3966
8,3967
46,3968
26,3969
38,3970
42,3971
7,3972
1,3973
4,3974
38,3975
37,3976
11,3977
0,3978
38,3979
39,3980
23,3981
6,3982
15,3983
7,3984
35,3985
31,3986
35,3987
1,3988
33,3989
39,3990
18,3991
13,3992
49,3993
18,3994
19,3995
3,3996
18,3997
31,3998
26,3999
23,4000
35,4001
4,4002
37,4003
1,4004
26,4005
46,4006
14,4007
44,4008
10,4009
21,4010
14,4011
47,4012
20,4013
12,4014
32,4015
3,4016
18,4017
9,4018
21,4019
18,4020
22,4021
48,4022
45,4023
5,4024
49,4025
21,4026
37,4027
12,4028
38,4029
6,4030
46,4031
49,4032
41,4033
44,4034
11,4035
24,4036
29,4037
7,4038
38,4039
37,4040
15,4041
17,4042
15,4043
43,4044
47,4045
32,4046
47,4047
6,4048
29,4049
0,4050
49,4051
24,4052
43,4053
45,4054
39,4055
43,4056
6,4057
23,4058
2,4059
40,4060
40,4061
8,4062
4,4063
49,4064
22,4065
0,4066
11,4067
11,4068
5,4069
35,4070
48,4071
6,4072
25,4073
3,4074
30,4075
40,4076
45,4077
44,4078
7,4079
48,4080
43,4081
44,4082
30,4083
34,4084
0,4085
41,4086
21,4087
30,4088
32,4089
20,4090
36,4091
32,4092
5,4093
38,4094
49,4095
36,4096
33,4097
19,4098
8,4099
48,4100
23,4101
45,4102
41,4103
39,4104
16,4105
38,4106
32,4107
23,4108
36,4109
42,4110
38,4111
19,4112
49,4113
7,4114
23,4115
7,4116
1,4117
32,4118
21,4119
44,4120
27,4121
16,4122
7,4123
7,4124
40,4125
35,4126
11,4127
32,4128
26,4129
8,4130
49,4131
16,4132
6,4133
3,4134
41,4135
32,4136
35,4137
10,4138
43,4139
12,4140
6,4141
31,4142
45,4143
46,4144
25,4145
15,4146
15,4147
37,4148
44,4149
30,4150
13,4151
4,4152
5,4153
4,4154
5,4155
38,4156
38,4157
6,4158
41,4159
7,4160
9,4161
44,4162
37,4163
26,4164
27,4165
7,4166
3,4167
42,4168
7,4169
13,4170
14,4171
4,4172
29,4173
7,4174
18,4175
42,4176
47,4177
13,4178
44,4179
20,4180
5,4181
48,4182
34,4183
49,4184
5,4185
30,4186
34,4187
15,4188
4,4189
22,4190
49,4191
40,4192
19,4193
46,4194
46,4195
25,4196
24,4197
15,4198
49,4199
45,4200
42,4201
25,4202
40,4203
9,4204
48,4205
28,4206
37,4207
20,4208
5,4209
1,4210
22,4211
5,4212
30,4213
48,4214
22,4215
20,4216
49,4217
45,4218
8,4219
31,4220
0,4221
2,4222
4,4223
19,4224
28,4225
5,4226
6,4227
48,4228
6,4229
37,4230
7,4231
39,4232
29,4233
3,4234
40,4235
1,4236
49,4237
16,4238
12,4239
45,4240
19,4241
32,4242
42,4243
17,4244
49,4245
40,4246
36,4247
22,4248
7,4249
5,4250
47,4251
12,4252
20,4253
2,4254
45,4255
4,4256
27,4257
5,4258
38,4259
49,4260
42,4261
24,4262
33,4263
35,4264
3,4265
13,4266
49,4267
45,4268
31,4269
34,4270
9,4271
29,4272
38,4273
8,4274
4,4275
16,4276
31,4277
24,4278
13,4279
42,4280
7,4281
43,4282
45,4283
1,4284
2,4285
34,4286
5,4287
33,4288
25,4289
12,4290
25,4291
3,4292
18,4293
29,4294
44,4295
39,4296
39,4297
39,4298
9,4299
8,4300
28,4301
49,4302
16,4303
43,4304
39,4305
37,4306
11,4307
43,4308
28,4309
11,4310
9,4311
8,4312
6,4313
49,4314
34,4315
48,4316
40,4317
39,4318
10,4319
18,4320
0,4321
9,4322
1,4323
49,4324
2,4325
7,4326
3,4327
41,4328
0,4329
25,4330
44,4331
37,4332
1,4333
32,4334
36,4335
7,4336
33,4337
6,4338
31,4339
39,4340
38,4341
42,4342
30,4343
1,4344
30,4345
3,4346
22,4347
7,4348
21,4349
14,4350
36,4351
6,4352
22,4353
18,4354
30,4355
48,4356
27,4357
17,4358
29,4359
13,4360
2,4361
20,4362
20,4363
0,4364
43,4365
1,4366
3,4367
2,4368
29,4369
43,4370
3,4371
49,4372
24,4373
15,4374
10,4375
2,4376
20,4377
49,4378
46,4379
33,4380
40,4381
36,4382
7,4383
6,4384
0,4385
36,4386
34,4387
9,4388
39,4389
1,4390
22,4391
1,4392
49,4393
2,4394
13,4395
3,4396
31,4397
5,4398
4,4399
23,4400
21,4401
9,4402
49,4403
45,4404
15,4405
37,4406
31,4407
14,4408
33,4409
38,4410
5,4411
39,4412
47,4413
30,4414
46,4415
40,4416
28,4417
49,4418
28,4419
12,4420
35,4421
29,4422
4,4423
34,4424
1,4425
49,4426
28,4427
27,4428
39,4429
28,4430
27,4431
48,4432
43,4433
0,4434
48,4435
29,4436
1,4437
15,4438
2,4439
30,4440
7,4441
49,4442
3,4443
37,4444
0,4445
5,4446
13,4447
17,4448
30,4449
45,4450
19,4451
13,4452
5,4453
38,4454
44,4455
35,4456
6,4457
47,4458
16,4459
11,4460
49,4461
41,4462
21,4463
4,4464
40,4465
47,4466
8,4467
26,4468
49,4469
30,4470
4,4471
35,4472
5,4473
3,4474
6,4475
36,4476
7,4477
16,4478
44,4479
14,4480
39,4481
48,4482
7,4483
43,4484
16,4485
46,4486
7,4487
29,4488
26,4489
40,4490
47,4491
27,4492
9,4493
11,4494
32,4495
49,4496
38,4497
29,4498
5,4499
25,4500
34,4501
5,4502
11,4503
12,4504
45,4505
4,4506
5,4507
4,4508
32,4509
30,4510
5,4511
1,4512
2,4513
0,4514
20,4515
1,4516
48,4517
9,4518
2,4519
16,4520
3,4521
21,4522
2,4523
7,4524
11,4525
16,4526
4,4527
26,4528
7,4529
45,4530
44,4531
18,4532
8,4533
19,4534
0,4535
31,4536
2,4537
42,4538
1,4539
49,4540
5,4541
21,4542
35,4543
2,4544
4,4545
19,4546
3,4547
45,4548
21,4549
11,4550
16,4551
4,4552
7,4553
18,4554
1,4555
17,4556
27,4557
28,4558
43,4559
8,4560
16,4561
28,4562
21,4563
39,4564
31,4565
7,4566
48,4567
32,4568
25,4569
15,4570
49,4571
43,4572
49,4573
25,4574
3,4575
40,4576
26,4577
4,4578
49,4579
24,4580
38,4581
8,4582
0,4583
43,4584
43,4585
1,4586
44,4587
38,4588
11,4589
10,4590
33,4591
45,4592
37,4593
48,4594
36,4595
37,4596
48,4597
4,4598
36,4599
5,4600
13,4601
27,4602
6,4603
39,4604
7,4605
20,4606
20,4607
33,4608
43,4609
17,4610
14,4611
40,4612
17,4613
36,4614
32,4615
16,4616
21,4617
15,4618
44,4619
4,4620
47,4621
5,4622
38,4623
36,4624
6,4625
49,4626
7,4627
41,4628
34,4629
45,4630
4,4631
37,4632
34,4633
8,4634
40,4635
0,4636
4,4637
14,4638
5,4639
30,4640
13,4641
49,4642
6,4643
49,4644
4,4645
13,4646
7,4647
36,4648
48,4649
6,4650
24,4651
35,4652
8,4653
27,4654
17,4655
6,4656
1,4657
27,4658
41,4659
36,4660
12,4661
24,4662
2,4663
38,4664
21,4665
10,4666
36,4667
10,4668
8,4669
43,4670
49,4671
45,4672
11,4673
0,4674
19,4675
49,4676
32,4677
15,4678
45,4679
41,4680
31,4681
45,4682
3,4683
6,4684
21,4685
32,4686
36,4687
36,4688
5,4689
28,4690
11,4691
29,4692
27,4693
37,4694
17,4695
11,4696
18,4697
4,4698
45,4699
3,4700
9,4701
43,4702
24,4703
19,4704
48,4705
35,4706
10,4707
10,4708
44,4709
4,4710
2,4711
27,4712
36,4713
5,4714
24,4715
33,4716
37,4717
5,4718
44,4719
34,4720
44,4721
44,4722
9,4723
19,4724
26,4725
48,4726
38,4727
16,4728
15,4729
24,4730
18,4731
24,4732
40,4733
1,4734
17,4735
4,4736
6,4737
49,4738
21,4739
32,4740
33,4741
5,4742
47,4743
4,4744
47,4745
19,4746
40,4747
7,4748
34,4749
0,4750
5,4751
17,4752
49,4753
21,4754
16,4755
10,4756
32,4757
25,4758
8,4759
11,4760
49,4761
1,4762
24,4763
26,4764
19,4765
38,4766
18,4767
17,4768
43,4769
46,4770
37,4771
45,4772
22,4773
35,4774
23,4775
29,4776
0,4777
28,4778
21,4779
18,4780
44,4781
47,4782
20,4783
4,4784
40,4785
5,4786
33,4787
31,4788
6,4789
6,4790
7,4791
9,4792
4,4793
40,4794
18,4795
16,4796
23,4797
30,4798
23,4799
3,4800
23,4801
49,4802
3,4803
41,4804
17,4805
2,4806
37,4807
4,4808
25,4809
38,4810
23,4811
5,4812
1,4813
23,4814
6,4815
21,4816
7,4817
10,4818
22,4819
23,4820
13,4821
48,4822
20,4823
15,4824
15,4825
31,4826
22,4827
19,4828
26,4829
29,4830
18,4831
27,4832
31,4833
28,4834
15,4835
41,4836
45,4837
39,4838
16,4839
28,4840
27,4841
20,4842
33,4843
3,4844
25,4845
1,4846
0,4847
47,4848
44,4849
45,4850
4,4851
49,4852
44,4853
5,4854
40,4855
6,4856
6,4857
7,4858
7,4859
7,4860
34,4861
2,4862
49,4863
41,4864
32,4865
33,4866
47,4867
1,4868
2,4869
26,4870
7,4871
20,4872
40,4873
47,4874
19,4875
8,4876
0,4877
30,4878
17,4879
15,4880
0,4881
9,4882
32,4883
2,4884
24,4885
28,4886
49,4887
4,4888
6,4889
23,4890
45,4891
5,4892
9,4893
6,4894
11,4895
7,4896
0,4897
31,4898
14,4899
15,4900
25,4901
8,4902
33,4903
7,4904
46,4905
12,4906
2,4907
32,4908
49,4909
48,4910
36,4911
15,4912
18,4913
15,4914
43,4915
13,4916
17,4917
0,4918
15,4919
48,4920
8,4921
27,4922
30,4923
37,4924
13,4925
11,4926
49,4927
49,4928
26,4929
4,4930
0,4931
0,4932
38,4933
17,4934
47,4935
9,4936
5,4937
17,4938
43,4939
19,4940
24,4941
17,4942
24,4943
36,4944
27,4945
19,4946
13,4947
0,4948
0,4949
17,4950
1,4951
24,4952
2,4953
24,4954
35,4955
3,4956
44,4957
10,4958
44,4959
43,4960
49,4961
41,4962
46,4963
34,4964
30,4965
23,4966
35,4967
34,4968
4,4969
2,4970
34,4971
27,4972
25,4973
29,4974
10,4975
6,4976
47,4977
27,4978
42,4979
4,4980
23,4981
11,4982
49,4983
49,4984
12,4985
0,4986
11,4987
10,4988
1,4989
44,4990
20,4991
21,4992
30,4993
32,4994
15,4995
36,4996
34,4997
31,4998
36,4999
45,5000
3,5001
5,5002
12,5003
41,5004
3,5005
31,5006
29,5007
9,5008
39,5009
3,5010
11,5011
19,5012
1,5013
44,5014
21,5015
4,5016
44,5017
35,5018
21,5019
39,5020
49,5021
24,5022
26,5023
25,5024
0,5025
14,5026
1,5027
13,5028
20,5029
47,5030
40,5031
2,5032
11,5033
18,5034
3,5035
20,5036
5,5037
41,5038
1,5039
49,5040
9,5041
0,5042
48,5043
30,5044
40,5045
22,5046
35,5047
36,5048
27,5049
28,5050
43,5051
29,5052
31,5053
45,5054
23,5055
44,5056
0,5057
7,5058
1,5059
20,5060
2,5061
38,5062
17,5063
3,5064
46,5065
20,5066
45,5067
16,5068
12,5069
7,5070
33,5071
47,5072
7,5073
47,5074
36,5075
8,5076
35,5077
6,5078
31,5079
0,5080
34,5081
42,5082
49,5083
31,5084
22,5085
28,5086
15,5087
34,5088
43,5089
15,5090
43,5091
3,5092
19,5093
19,5094
17,5095
46,5096
13,5097
49,5098
43,5099
46,5100
34,5101
23,5102
31,5103
7,5104
6,5105
7,5106
15,5107
28,5108
20,5109
44,5110
43,5111
21,5112
22,5113
16,5114
11,5115
7,5116
26,5117
16,5118
11,5119
0,5120
23,5121
45,5122
25,5123
22,5124
4,5125
16,5126
13,5127
42,5128
29,5129
21,5130
33,5131
27,5132
49,5133
39,5134
22,5135
12,5136
44,5137
10,5138
20,5139
36,5140
49,5141
29,5142
5,5143
3,5144
0,5145
27,5146
4,5147
18,5148
1,5149
42,5150
24,5151
47,5152
2,5153
10,5154
48,5155
37,5156
34,5157
3,5158
10,5159
43,5160
35,5161
29,5162
15,5163
0,5164
46,5165
45,5166
32,5167
2,5168
16,5169
10,5170
33,5171
20,5172
20,5173
37,5174
34,5175
43,5176
8,5177
28,5178
49,5179
27,5180
46,5181
2,5182
25,5183
43,5184
20,5185
7,5186
21,5187
6,5188
3,5189
20,5190
35,5191
8,5192
5,5193
27,5194
1,5195
27,5196
8,5197
19,5198
49,5199
8,5200
13,5201
49,5202
43,5203
39,5204
28,5205
49,5206
34,5207
49,5208
16,5209
14,5210
25,5211
4,5212
38,5213
6,5214
9,5215
32,5216
25,5217
18,5218
15,5219
48,5220
1,5221
43,5222
36,5223
32,5224
3,5225
2,5226
26,5227
36,5228
29,5229
0,5230
23,5231
17,5232
44,5233
8,5234
46,5235
29,5236
13,5237
19,5238
46,5239
29,5240
21,5241
10,5242
34,5243
10,5244
36,5245
7,5246
43,5247
41,5248
7,5249
3,5250
0,5251
42,5252
1,5253
49,5254
17,5255
49,5256
23,5257
45,5258
2,5259
34,5260
3,5261
14,5262
19,5263
26,5264
26,5265
41,5266
25,5267
43,5268
39,5269
4,5270
40,5271
3,5272
19,5273
38,5274
3,5275
49,5276
41,5277
12,5278
26,5279
45,5280
0,5281
17,5282
36,5283
30,5284
9,5285
5,5286
4,5287
40,5288
17,5289
5,5290
4,5291
12,5292
23,5293
6,5294
21,5295
7,5296
21,5297
18,5298
4,5299
17,5300
5,5301
14,5302
31,5303
33,5304
6,5305
2,5306
18,5307
7,5308
23,5309
13,5310
29,5311
48,5312
4,5313
21,5314
16,5315
35,5316
23,5317
10,5318
47,5319
37,5320
22,5321
26,5322
33,5323
11,5324
9,5325
7,5326
1,5327
1,5328
10,5329
37,5330
14,5331
4,5332
13,5333
5,5334
37,5335
15,5336
46,5337
33,5338
6,5339
29,5340
7,5341
43,5342
10,5343
20,5344
15,5345
37,5346
21,5347
26,5348
27,5349
27,5350
27,5351
25,5352
7,5353
49,5354
40,5355
5,5356
9,5357
38,5358
37,5359
35,5360
31,5361
43,5362
33,5363
22,5364
49,5365
10,5366
21,5367
32,5368
22,5369
20,5370
9,5371
4,5372
49,5373
5,5374
2,5375
6,5376
12,5377
1,5378
7,5379
12,5380
49,5381
46,5382
49,5383
22,5384
18,5385
28,5386
13,5387
49,5388
48,5389
29,5390
2,5391
9,5392
37,5393
23,5394
6,5395
6,5396
37,5397
8,5398
49,5399
36,5400
8,5401
33,5402
39,5403
49,5404
12,5405
23,5406
10,5407
43,5408
39,5409
47,5410
35,5411
42,5412
0,5413
0,5414
20,5415
41,5416
6,5417
19,5418
1,5419
3,5420
2,5421
37,5422
33,5423
9,5424
3,5425
48,5426
25,5427
35,5428
40,5429
15,5430
19,5431
37,5432
4,5433
22,5434
46,5435
7,5436
39,5437
44,5438
14,5439
7,5440
35,5441
16,5442
11,5443
49,5444
23,5445
38,5446
31,5447
46,5448
42,5449
39,5450
28,5451
37,5452
38,5453
0,5454
39,5455
6,5456
32,5457
41,5458
5,5459
4,5460
19,5461
24,5462
15,5463
27,5464
41,5465
35,5466
7,5467
16,5468
10,5469
25,5470
40,5471
2,5472
10,5473
37,5474
19,5475
4,5476
9,5477
6,5478
4,5479
13,5480
3,5481
24,5482
17,5483
29,5484
48,5485
14,5486
48,5487
0,5488
12,5489
1,5490
31,5491
2,5492
22,5493
3,5494
41,5495
44,5496
8,5497
48,5498
37,5499
5,5500
38,5501
5,5502
38,5503
3,5504
16,5505
49,5506
25,5507
43,5508
46,5509
38,5510
36,5511
41,5512
49,5513
16,5514
15,5515
12,5516
42,5517
18,5518
31,5519
35,5520
8,5521
1,5522
1,5523
41,5524
7,5525
0,5526
11,5527
43,5528
42,5529
6,5530
49,5531
22,5532
12,5533
18,5534
49,5535
38,5536
8,5537
3,5538
35,5539
4,5540
9,5541
37,5542
47,5543
15,5544
18,5545
3,5546
19,5547
1,5548
35,5549
8,5550
2,5551
36,5552
30,5553
10,5554
36,5555
45,5556
49,5557
3,5558
11,5559
38,5560
13,5561
38,5562
0,5563
30,5564
44,5565
22,5566
48,5567
17,5568
30,5569
23,5570
17,5571
49,5572
6,5573
22,5574
19,5575
11,5576
25,5577
38,5578
28,5579
25,5580
18,5581
19,5582
21,5583
3,5584
13,5585
33,5586
6,5587
7,5588
16,5589
21,5590
49,5591
16,5592
24,5593
49,5594
49,5595
38,5596
17,5597
2,5598
11,5599
2,5600
6,5601
31,5602
23,5603
39,5604
4,5605
14,5606
35,5607
30,5608
21,5609
5,5610
5,5611
30,5612
14,5613
15,5614
44,5615
35,5616
30,5617
27,5618
17,5619
9,5620
38,5621
20,5622
36,5623
18,5624
5,5625
41,5626
30,5627
40,5628
39,5629
15,5630
6,5631
36,5632
34,5633
6,5634
4,5635
45,5636
1,5637
14,5638
13,5639
26,5640
29,5641
24,5642
26,5643
3,5644
40,5645
27,5646
28,5647
49,5648
47,5649
43,5650
28,5651
37,5652
44,5653
49,5654
38,5655
10,5656
4,5657
21,5658
12,5659
14,5660
23,5661
1,5662
0,5663
21,5664
35,5665
15,5666
15,5667
19,5668
23,5669
1,5670
18,5671
6,5672
4,5673
35,5674
2,5675
2,5676
10,5677
19,5678
41,5679
32,5680
40,5681
3,5682
11,5683
10,5684
38,5685
10,5686
26,5687
49,5688
43,5689
40,5690
31,5691
9,5692
42,5693
49,5694
38,5695
46,5696
11,5697
2,5698
0,5699
27,5700
6,5701
27,5702
1,5703
30,5704
49,5705
48,5706
34,5707
17,5708
2,5709
14,5710
3,5711
30,5712
28,5713
25,5714
37,5715
38,5716
8,5717
38,5718
0,5719
0,5720
1,5721
8,5722
2,5723
43,5724
3,5725
22,5726
28,5727
30,5728
36,5729
0,5730
14,5731
1,5732
11,5733
7,5734
0,5735
2,5736
49,5737
22,5738
3,5739
6,5740
44,5741
42,5742
36,5743
49,5744
1,5745
26,5746
33,5747
6,5748
39,5749
14,5750
34,5751
31,5752
13,5753
38,5754
40,5755
11,5756
8,5757
0,5758
2,5759
30,5760
37,5761
28,5762
0,5763
27,5764
36,5765
38,5766
10,5767
25,5768
21,5769
18,5770
12,5771
20,5772
0,5773
27,5774
1,5775
9,5776
0,5777
24,5778
2,5779
5,5780
30,5781
3,5782
3,5783
23,5784
34,5785
23,5786
32,5787
39,5788
0,5789
7,5790
21,5791
33,5792
1,5793
29,5794
27,5795
2,5796
29,5797
3,5798
49,5799
25,5800
29,5801
19,5802
10,5803
37,5804
39,5805
7,5806
44,5807
8,5808
42,5809
12,5810
4,5811
21,5812
13,5813
5,5814
34,5815
9,5816
1,5817
20,5818
2,5819
34,5820
6,5821
37,5822
7,5823
46,5824
0,5825
43,5826
1,5827
3,5828
2,5829
11,5830
3,5831
49,5832
14,5833
19,5834
46,5835
40,5836
5,5837
23,5838
26,5839
10,5840
36,5841
0,5842
11,5843
43,5844
14,5845
16,5846
0,5847
25,5848
46,5849
29,5850
11,5851
9,5852
1,5853
7,5854
0,5855
2,5856
5,5857
0,5858
24,5859
41,5860
44,5861
21,5862
11,5863
16,5864
43,5865
35,5866
3,5867
41,5868
31,5869
43,5870
40,5871
7,5872
43,5873
48,5874
48,5875
3,5876
28,5877
36,5878
34,5879
44,5880
0,5881
16,5882
4,5883
45,5884
9,5885
10,5886
29,5887
14,5888
1,5889
40,5890
3,5891
46,5892
2,5893
9,5894
48,5895
48,5896
30,5897
10,5898
37,5899
37,5900
15,5901
0,5902
39,5903
10,5904
5,5905
1,5906
26,5907
6,5908
45,5909
39,5910
2,5911
44,5912
10,5913
31,5914
47,5915
45,5916
31,5917
25,5918
48,5919
5,5920
47,5921
46,5922
25,5923
37,5924
0,5925
8,5926
12,5927
43,5928
31,5929
43,5930
3,5931
27,5932
9,5933
47,5934
36,5935
12,5936
33,5937
11,5938
4,5939
1,5940
5,5941
29,5942
16,5943
6,5944
46,5945
7,5946
49,5947
2,5948
44,5949
42,5950
43,5951
25,5952
48,5953
46,5954
43,5955
37,5956
25,5957
40,5958
47,5959
26,5960
4,5961
49,5962
34,5963
4,5964
20,5965
7,5966
41,5967
13,5968
7,5969
11,5970
32,5971
44,5972
9,5973
5,5974
5,5975
47,5976
15,5977
16,5978
29,5979
18,5980
8,5981
19,5982
20,5983
37,5984
28,5985
21,5986
6,5987
49,5988
38,5989
41,5990
18,5991
17,5992
16,5993
27,5994
17,5995
48,5996
0,5997
48,5998
43,5999
9,6000
30,6001
42,6002
1,6003
1,6004
5,6005
3,6006
45,6007
22,6008
44,6009
8,6010
38,6011
26,6012
29,6013
24,6014
34,6015
20,6016
49,6017
3,6018
3,6019
13,6020
49,6021
5,6022
10,6023
37,6024
24,6025
47,6026
39,6027
20,6028
34,6029
15,6030
14,6031
42,6032
42,6033
0,6034
8,6035
38,6036
0,6037
2,6038
13,6039
27,6040
21,6041
0,6042
25,6043
7,6044
49,6045
12,6046
7,6047
13,6048
41,6049
41,6050
48,6051
1,6052
30,6053
2,6054
42,6055
3,6056
46,6057
6,6058
19,6059
25,6060
37,6061
34,6062
41,6063
32,6064
41,6065
10,6066
6,6067
49,6068
1,6069
40,6070
26,6071
47,6072
17,6073
30,6074
28,6075
26,6076
27,6077
43,6078
15,6079
37,6080
22,6081
8,6082
31,6083
6,6084
27,6085
5,6086
40,6087
29,6088
48,6089
25,6090
19,6091
49,6092
2,6093
33,6094
39,6095
9,6096
29,6097
9,6098
6,6099
23,6100
6,6101
28,6102
36,6103
42,6104
18,6105
3,6106
11,6107
36,6108
38,6109
42,6110
4,6111
16,6112
17,6113
41,6114
25,6115
24,6116
30,6117
42,6118
9,6119
43,6120
28,6121
33,6122
10,6123
25,6124
13,6125
13,6126
24,6127
47,6128
4,6129
22,6130
48,6131
35,6132
38,6133
11,6134
49,6135
0,6136
25,6137
25,6138
1,6139
18,6140
2,6141
16,6142
27,6143
27,6144
5,6145
27,6146
3,6147
16,6148
28,6149
12,6150
49,6151
48,6152
14,6153
26,6154
13,6155
24,6156
42,6157
1,6158
19,6159
31,6160
2,6161
8,6162
10,6163
31,6164
25,6165
13,6166
45,6167
19,6168
15,6169
34,6170
2,6171
47,6172
42,6173
46,6174
30,6175
10,6176
21,6177
11,6178
34,6179
35,6180
3,6181
7,6182
10,6183
45,6184
21,6185
2,6186
21,6187
30,6188
14,6189
20,6190
40,6191
26,6192
28,6193
46,6194
36,6195
42,6196
32,6197
26,6198
29,6199
25,6200
10,6201
15,6202
35,6203
23,6204
46,6205
0,6206
23,6207
28,6208
19,6209
0,6210
14,6211
43,6212
27,6213
34,6214
14,6215
20,6216
5,6217
12,6218
4,6219
37,6220
25,6221
37,6222
19,6223
15,6224
40,6225
23,6226
20,6227
21,6228
7,6229
33,6230
47,6231
45,6232
13,6233
12,6234
14,6235
4,6236
13,6237
5,6238
22,6239
6,6240
38,6241
7,6242
41,6243
27,6244
3,6245
36,6246
0,6247
22,6248
8,6249
23,6250
35,6251
4,6252
13,6253
43,6254
26,6255
36,6256
30,6257
32,6258
43,6259
18,6260
37,6261
45,6262
20,6263
49,6264
1,6265
35,6266
14,6267
10,6268
17,6269
35,6270
33,6271
33,6272
4,6273
21,6274
5,6275
47,6276
16,6277
0,6278
37,6279
17,6280
37,6281
6,6282
46,6283
7,6284
49,6285
44,6286
39,6287
4,6288
40,6289
1,6290
24,6291
24,6292
46,6293
6,6294
36,6295
20,6296
37,6297
9,6298
35,6299
44,6300
17,6301
22,6302
7,6303
1,6304
9,6305
49,6306
10,6307
45,6308
39,6309
23,6310
30,6311
28,6312
49,6313
5,6314
28,6315
42,6316
46,6317
27,6318
30,6319
49,6320
33,6321
20,6322
12,6323
15,6324
11,6325
2,6326
23,6327
32,6328
3,6329
39,6330
5,6331
48,6332
0,6333
11,6334
28,6335
37,6336
21,6337
1,6338
25,6339
2,6340
34,6341
3,6342
20,6343
40,6344
10,6345
12,6346
24,6347
24,6348
22,6349
47,6350
25,6351
14,6352
42,6353
3,6354
14,6355
4,6356
49,6357
5,6358
5,6359
6,6360
36,6361
32,6362
3,6363
46,6364
7,6365
44,6366
19,6367
44,6368
18,6369
24,6370
5,6371
23,6372
46,6373
1,6374
14,6375
41,6376
4,6377
26,6378
7,6379
34,6380
7,6381
23,6382
45,6383
44,6384
1,6385
47,6386
23,6387
45,6388
45,6389
30,6390
48,6391
4,6392
37,6393
28,6394
10,6395
38,6396
2,6397
7,6398
20,6399
48,6400
1,6401
26,6402
6,6403
49,6404
8,6405
4,6406
36,6407
37,6408
25,6409
25,6410
34,6411
3,6412
46,6413
23,6414
15,6415
15,6416
37,6417
25,6418
3,6419
15,6420
7,6421
1,6422
26,6423
49,6424
36,6425
37,6426
22,6427
4,6428
30,6429
4,6430
1,6431
5,6432
36,6433
20,6434
49,6435
6,6436
6,6437
49,6438
7,6439
49,6440
46,6441
38,6442
6,6443
36,6444
0,6445
17,6446
42,6447
18,6448
17,6449
21,6450
39,6451
37,6452
20,6453
39,6454
11,6455
45,6456
24,6457
33,6458
36,6459
11,6460
24,6461
49,6462
43,6463
6,6464
49,6465
32,6466
49,6467
14,6468
32,6469
49,6470
8,6471
13,6472
30,6473
2,6474
49,6475
41,6476
15,6477
11,6478
47,6479
26,6480
43,6481
34,6482
30,6483
32,6484
38,6485
12,6486
32,6487
4,6488
3,6489
18,6490
5,6491
48,6492
42,6493
11,6494
6,6495
49,6496
28,6497
7,6498
11,6499
46,6500
7,6501
4,6502
46,6503
9,6504
23,6505
48,6506
39,6507
4,6508
44,6509
32,6510
9,6511
14,6512
29,6513
5,6514
6,6515
45,6516
37,6517
10,6518
39,6519
48,6520
43,6521
44,6522
8,6523
29,6524
36,6525
39,6526
3,6527
27,6528
30,6529
14,6530
43,6531
43,6532
3,6533
6,6534
47,6535
35,6536
45,6537
0,6538
12,6539
15,6540
22,6541
49,6542
8,6543
31,6544
21,6545
13,6546
10,6547
13,6548
42,6549
43,6550
0,6551
29,6552
20,6553
41,6554
8,6555
42,6556
37,6557
32,6558
4,6559
35,6560
40,6561
10,6562
3,6563
30,6564
0,6565
10,6566
1,6567
22,6568
2,6569
41,6570
3,6571
38,6572
32,6573
35,6574
31,6575
28,6576
9,6577
49,6578
43,6579
1,6580
24,6581
42,6582
42,6583
27,6584
25,6585
12,6586
7,6587
7,6588
29,6589
33,6590
0,6591
4,6592
13,6593
5,6594
46,6595
47,6596
6,6597
49,6598
49,6599
7,6600
16,6601
4,6602
49,6603
5,6604
30,6605
10,6606
2,6607
35,6608
39,6609
25,6610
11,6611
2,6612
34,6613
0,6614
36,6615
1,6616
16,6617
35,6618
2,6619
6,6620
48,6621
3,6622
17,6623
14,6624
37,6625
22,6626
41,6627
17,6628
35,6629
13,6630
11,6631
49,6632
49,6633
10,6634
26,6635
33,6636
41,6637
26,6638
16,6639
39,6640
24,6641
46,6642
15,6643
28,6644
0,6645
43,6646
0,6647
1,6648
49,6649
38,6650
45,6651
42,6652
27,6653
4,6654
2,6655
34,6656
6,6657
3,6658
41,6659
19,6660
5,6661
47,6662
30,6663
1,6664
16,6665
31,6666
43,6667
38,6668
34,6669
37,6670
48,6671
6,6672
40,6673
48,6674
42,6675
31,6676
45,6677
32,6678
29,6679
6,6680
49,6681
40,6682
11,6683
22,6684
37,6685
13,6686
4,6687
14,6688
18,6689
2,6690
38,6691
40,6692
18,6693
8,6694
41,6695
47,6696
33,6697
47,6698
33,6699
39,6700
31,6701
2,6702
7,6703
3,6704
25,6705
7,6706
28,6707
49,6708
49,6709
30,6710
42,6711
22,6712
49,6713
34,6714
31,6715
33,6716
26,6717
29,6718
1,6719
37,6720
20,6721
49,6722
42,6723
27,6724
11,6725
37,6726
38,6727
3,6728
31,6729
12,6730
49,6731
5,6732
33,6733
21,6734
41,6735
49,6736
7,6737
17,6738
36,6739
10,6740
49,6741
4,6742
48,6743
25,6744
9,6745
43,6746
48,6747
43,6748
35,6749
23,6750
25,6751
46,6752
26,6753
44,6754
1,6755
40,6756
7,6757
43,6758
29,6759
24,6760
34,6761
12,6762
10,6763
25,6764
15,6765
16,6766
6,6767
1,6768
42,6769
14,6770
17,6771
14,6772
23,6773
29,6774
30,6775
4,6776
2,6777
13,6778
3,6779
5,6780
35,6781
32,6782
10,6783
6,6784
49,6785
7,6786
38,6787
46,6788
33,6789
19,6790
10,6791
45,6792
1,6793
20,6794
20,6795
2,6796
37,6797
37,6798
32,6799
31,6800
31,6801
39,6802
8,6803
6,6804
49,6805
25,6806
46,6807
32,6808
33,6809
14,6810
42,6811
5,6812
29,6813
19,6814
34,6815
5,6816
3,6817
25,6818
37,6819
5,6820
42,6821
1,6822
5,6823
22,6824
6,6825
3,6826
13,6827
49,6828
45,6829
27,6830
42,6831
25,6832
5,6833
25,6834
41,6835
21,6836
41,6837
16,6838
46,6839
27,6840
13,6841
9,6842
42,6843
12,6844
2,6845
20,6846
46,6847
11,6848
10,6849
21,6850
7,6851
35,6852
9,6853
27,6854
12,6855
40,6856
11,6857
13,6858
29,6859
23,6860
12,6861
14,6862
28,6863
11,6864
10,6865
37,6866
30,6867
28,6868
15,6869
18,6870
15,6871
21,6872
23,6873
24,6874
29,6875
23,6876
15,6877
12,6878
43,6879
2,6880
30,6881
2,6882
48,6883
21,6884
22,6885
20,6886
7,6887
32,6888
47,6889
49,6890
33,6891
6,6892
22,6893
5,6894
28,6895
32,6896
18,6897
48,6898
42,6899
18,6900
48,6901
3,6902
40,6903
24,6904
48,6905
19,6906
47,6907
32,6908
43,6909
48,6910
36,6911
15,6912
17,6913
10,6914
35,6915
22,6916
49,6917
40,6918
4,6919
25,6920
14,6921
42,6922
4,6923
44,6924
10,6925
45,6926
28,6927
49,6928
43,6929
16,6930
20,6931
14,6932
19,6933
23,6934
35,6935
1,6936
26,6937
40,6938
1,6939
46,6940
43,6941
40,6942
11,6943
12,6944
34,6945
32,6946
12,6947
12,6948
27,6949
37,6950
49,6951
47,6952
32,6953
14,6954
2,6955
19,6956
9,6957
49,6958
1,6959
49,6960
46,6961
1,6962
5,6963
49,6964
44,6965
43,6966
45,6967
48,6968
17,6969
0,6970
23,6971
41,6972
43,6973
0,6974
0,6975
18,6976
36,6977
13,6978
9,6979
12,6980
0,6981
24,6982
43,6983
0,6984
18,6985
36,6986
18,6987
27,6988
42,6989
26,6990
3,6991
47,6992
26,6993
29,6994
5,6995
30,6996
13,6997
35,6998
19,6999
15,7000
0,7001
47,7002
26,7003
6,7004
49,7005
23,7006
40,7007
27,7008
21,7009
39,7010
44,7011
0,7012
22,7013
45,7014
44,7015
7,7016
23,7017
34,7018
27,7019
21,7020
3,7021
17,7022
10,7023
33,7024
30,7025
43,7026
28,7027
7,7028
15,7029
48,7030
33,7031
43,7032
22,7033
49,7034
5,7035
35,7036
0,7037
9,7038
29,7039
41,7040
4,7041
46,7042
5,7043
9,7044
19,7045
9,7046
14,7047
41,7048
6,7049
20,7050
7,7051
17,7052
14,7053
22,7054
13,7055
49,7056
2,7057
37,7058
18,7059
4,7060
34,7061
5,7062
42,7063
6,7064
2,7065
7,7066
38,7067
10,7068
0,7069
3,7070
15,7071
1,7072
19,7073
1,7074
32,7075
2,7076
10,7077
3,7078
23,7079
49,7080
40,7081
47,7082
16,7083
26,7084
12,7085
41,7086
32,7087
22,7088
4,7089
35,7090
14,7091
16,7092
49,7093
45,7094
4,7095
3,7096
41,7097
11,7098
23,7099
30,7100
33,7101
22,7102
30,7103
18,7104
48,7105
18,7106
46,7107
33,7108
34,7109
31,7110
23,7111
26,7112
8,7113
45,7114
35,7115
4,7116
4,7117
25,7118
43,7119
13,7120
27,7121
13,7122
40,7123
43,7124
7,7125
46,7126
0,7127
7,7128
44,7129
5,7130
30,7131
49,7132
15,7133
25,7134
40,7135
5,7136
38,7137
31,7138
1,7139
10,7140
32,7141
20,7142
46,7143
30,7144
0,7145
22,7146
8,7147
1,7148
10,7149
33,7150
22,7151
2,7152
45,7153
41,7154
3,7155
11,7156
0,7157
41,7158
1,7159
49,7160
18,7161
2,7162
18,7163
3,7164
27,7165
20,7166
36,7167
37,7168
10,7169
12,7170
8,7171
35,7172
0,7173
36,7174
8,7175
19,7176
41,7177
4,7178
23,7179
7,7180
1,7181
37,7182
19,7183
1,7184
25,7185
3,7186
41,7187
0,7188
10,7189
48,7190
11,7191
49,7192
23,7193
38,7194
0,7195
8,7196
34,7197
12,7198
31,7199
12,7200
34,7201
32,7202
49,7203
35,7204
45,7205
5,7206
40,7207
2,7208
24,7209
28,7210
18,7211
42,7212
3,7213
45,7214
10,7215
32,7216
25,7217
20,7218
16,7219
0,7220
11,7221
31,7222
39,7223
27,7224
0,7225
47,7226
46,7227
1,7228
47,7229
23,7230
16,7231
23,7232
38,7233
31,7234
42,7235
42,7236
49,7237
33,7238
2,7239
4,7240
37,7241
10,7242
43,7243
21,7244
22,7245
4,7246
6,7247
22,7248
3,7249
48,7250
22,7251
49,7252
12,7253
41,7254
45,7255
29,7256
13,7257
29,7258
36,7259
45,7260
29,7261
26,7262
27,7263
26,7264
5,7265
25,7266
31,7267
30,7268
33,7269
13,7270
5,7271
49,7272
47,7273
34,7274
10,7275
1,7276
46,7277
45,7278
33,7279
17,7280
6,7281
13,7282
23,7283
10,7284
26,7285
19,7286
23,7287
4,7288
39,7289
23,7290
12,7291
33,7292
31,7293
14,7294
4,7295
48,7296
43,7297
48,7298
38,7299
23,7300
10,7301
2,7302
4,7303
19,7304
0,7305
11,7306
5,7307
3,7308
38,7309
10,7310
39,7311
42,7312
1,7313
13,7314
12,7315
28,7316
27,7317
26,7318
37,7319
17,7320
18,7321
15,7322
10,7323
49,7324
18,7325
18,7326
42,7327
11,7328
5,7329
36,7330
23,7331
10,7332
6,7333
9,7334
10,7335
42,7336
31,7337
8,7338
24,7339
18,7340
28,7341
48,7342
25,7343
10,7344
1,7345
47,7346
4,7347
23,7348
38,7349
34,7350
31,7351
40,7352
49,7353
48,7354
43,7355
10,7356
49,7357
19,7358
4,7359
21,7360
20,7361
41,7362
46,7363
30,7364
5,7365
1,7366
6,7367
25,7368
7,7369
31,7370
28,7371
45,7372
23,7373
37,7374
32,7375
39,7376
49,7377
16,7378
6,7379
23,7380
10,7381
6,7382
1,7383
16,7384
21,7385
2,7386
43,7387
16,7388
43,7389
8,7390
36,7391
11,7392
39,7393
4,7394
36,7395
5,7396
37,7397
6,7398
49,7399
7,7400
36,7401
13,7402
17,7403
47,7404
22,7405
47,7406
26,7407
16,7408
14,7409
0,7410
0,7411
16,7412
1,7413
32,7414
2,7415
24,7416
40,7417
3,7418
4,7419
49,7420
48,7421
47,7422
49,7423
31,7424
1,7425
5,7426
43,7427
6,7428
21,7429
25,7430
46,7431
16,7432
0,7433
42,7434
49,7435
7,7436
15,7437
27,7438
33,7439
23,7440
32,7441
38,7442
7,7443
18,7444
42,7445
23,7446
27,7447
16,7448
2,7449
17,7450
16,7451
0,7452
43,7453
17,7454
1,7455
47,7456
2,7457
11,7458
49,7459
5,7460
9,7461
36,7462
48,7463
27,7464
3,7465
21,7466
38,7467
29,7468
12,7469
2,7470
0,7471
25,7472
0,7473
7,7474
48,7475
47,7476
45,7477
2,7478
20,7479
21,7480
15,7481
14,7482
42,7483
17,7484
29,7485
25,7486
46,7487
32,7488
0,7489
21,7490
1,7491
7,7492
12,7493
27,7494
2,7495
20,7496
3,7497
5,7498
4,7499
46,7500
36,7501
2,7502
36,7503
15,7504
35,7505
14,7506
32,7507
11,7508
26,7509
2,7510
19,7511
31,7512
38,7513
11,7514
22,7515
24,7516
10,7517
5,7518
3,7519
15,7520
45,7521
13,7522
20,7523
13,7524
4,7525
47,7526
5,7527
33,7528
6,7529
49,7530
7,7531
44,7532
48,7533
7,7534
18,7535
4,7536
18,7537
0,7538
48,7539
10,7540
1,7541
7,7542
2,7543
29,7544
6,7545
11,7546
38,7547
36,7548
3,7549
6,7550
13,7551
5,7552
23,7553
4,7554
40,7555
48,7556
5,7557
35,7558
1,7559
6,7560
49,7561
7,7562
17,7563
49,7564
1,7565
39,7566
22,7567
1,7568
3,7569
11,7570
34,7571
46,7572
45,7573
35,7574
8,7575
18,7576
44,7577
42,7578
35,7579
8,7580
38,7581
23,7582
13,7583
39,7584
7,7585
48,7586
23,7587
38,7588
49,7589
39,7590
0,7591
15,7592
1,7593
27,7594
6,7595
2,7596
25,7597
3,7598
5,7599
11,7600
30,7601
29,7602
13,7603
30,7604
38,7605
38,7606
43,7607
17,7608
0,7609
46,7610
0,7611
40,7612
1,7613
15,7614
27,7615
2,7616
40,7617
25,7618
12,7619
33,7620
34,7621
20,7622
22,7623
20,7624
49,7625
48,7626
3,7627
38,7628
4,7629
21,7630
20,7631
44,7632
31,7633
23,7634
25,7635
42,7636
16,7637
27,7638
9,7639
12,7640
48,7641
47,7642
4,7643
49,7644
1,7645
13,7646
41,7647
3,7648
14,7649
48,7650
13,7651
5,7652
4,7653
22,7654
44,7655
8,7656
35,7657
31,7658
20,7659
3,7660
48,7661
9,7662
32,7663
24,7664
38,7665
16,7666
32,7667
49,7668
12,7669
14,7670
24,7671
38,7672
43,7673
6,7674
49,7675
36,7676
47,7677
48,7678
39,7679
2,7680
9,7681
39,7682
43,7683
0,7684
30,7685
44,7686
2,7687
34,7688
23,7689
26,7690
22,7691
47,7692
37,7693
17,7694
33,7695
46,7696
10,7697
32,7698
3,7699
41,7700
40,7701
4,7702
41,7703
1,7704
41,7705
17,7706
3,7707
46,7708
45,7709
5,7710
46,7711
8,7712
6,7713
37,7714
37,7715
20,7716
7,7717
40,7718
16,7719
40,7720
43,7721
49,7722
41,7723
43,7724
0,7725
12,7726
1,7727
12,7728
2,7729
6,7730
21,7731
3,7732
40,7733
25,7734
22,7735
49,7736
21,7737
33,7738
21,7739
7,7740
33,7741
22,7742
44,7743
36,7744
27,7745
12,7746
15,7747
26,7748
25,7749
18,7750
3,7751
2,7752
25,7753
18,7754
27,7755
3,7756
26,7757
41,7758
18,7759
31,7760
16,7761
44,7762
36,7763
12,7764
20,7765
8,7766
25,7767
48,7768
37,7769
17,7770
30,7771
16,7772
4,7773
4,7774
12,7775
42,7776
13,7777
7,7778
39,7779
37,7780
13,7781
45,7782
41,7783
20,7784
10,7785
28,7786
4,7787
4,7788
5,7789
6,7790
12,7791
12,7792
6,7793
25,7794
7,7795
2,7796
5,7797
30,7798
35,7799
13,7800
23,7801
49,7802
30,7803
21,7804
29,7805
4,7806
17,7807
42,7808
20,7809
5,7810
33,7811
5,7812
6,7813
11,7814
7,7815
43,7816
41,7817
43,7818
31,7819
23,7820
45,7821
19,7822
25,7823
36,7824
47,7825
18,7826
34,7827
23,7828
27,7829
8,7830
15,7831
48,7832
26,7833
36,7834
9,7835
18,7836
49,7837
19,7838
45,7839
3,7840
31,7841
33,7842
11,7843
23,7844
27,7845
37,7846
5,7847
13,7848
1,7849
18,7850
17,7851
31,7852
27,7853
40,7854
16,7855
4,7856
49,7857
43,7858
37,7859
9,7860
49,7861
9,7862
42,7863
48,7864
45,7865
31,7866
0,7867
34,7868
1,7869
24,7870
2,7871
41,7872
3,7873
7,7874
11,7875
5,7876
26,7877
23,7878
49,7879
2,7880
5,7881
12,7882
19,7883
5,7884
41,7885
3,7886
2,7887
4,7888
11,7889
49,7890
13,7891
18,7892
0,7893
23,7894
37,7895
27,7896
39,7897
20,7898
32,7899
25,7900
5,7901
43,7902
30,7903
23,7904
12,7905
22,7906
20,7907
39,7908
37,7909
31,7910
35,7911
45,7912
32,7913
40,7914
15,7915
42,7916
3,7917
40,7918
11,7919
4,7920
31,7921
0,7922
36,7923
2,7924
24,7925
7,7926
0,7927
44,7928
17,7929
37,7930
28,7931
30,7932
7,7933
5,7934
49,7935
25,7936
41,7937
11,7938
5,7939
1,7940
30,7941
5,7942
0,7943
40,7944
1,7945
24,7946
2,7947
13,7948
3,7949
15,7950
20,7951
7,7952
35,7953
10,7954
20,7955
33,7956
0,7957
30,7958
1,7959
26,7960
37,7961
2,7962
43,7963
40,7964
49,7965
48,7966
0,7967
3,7968
44,7969
29,7970
9,7971
19,7972
44,7973
19,7974
38,7975
27,7976
49,7977
2,7978
19,7979
0,7980
14,7981
1,7982
23,7983
6,7984
19,7985
2,7986
37,7987
13,7988
5,7989
3,7990
15,7991
17,7992
15,7993
49,7994
46,7995
31,7996
1,7997
3,7998
45,7999
27,8000
12,8001
29,8002
41,8003
25,8004
18,8005
26,8006
7,8007
34,8008
20,8009
3,8010
0,8011
20,8012
26,8013
28,8014
32,8015
29,8016
5,8017
41,8018
3,8019
44,8020
30,8021
6,8022
36,8023
49,8024
41,8025
3,8026
34,8027
46,8028
46,8029
40,8030
17,8031
5,8032
8,8033
45,8034
4,8035
14,8036
15,8037
40,8038
39,8039
7,8040
20,8041
48,8042
15,8043
36,8044
38,8045
13,8046
44,8047
42,8048
30,8049
47,8050
32,8051
5,8052
16,8053
21,8054
1,8055
7,8056
39,8057
23,8058
10,8059
22,8060
36,8061
19,8062
45,8063
13,8064
45,8065
5,8066
23,8067
49,8068
21,8069
16,8070
31,8071
14,8072
1,8073
3,8074
45,8075
37,8076
24,8077
47,8078
25,8079
43,8080
28,8081
25,8082
7,8083
7,8084
40,8085
0,8086
35,8087
1,8088
22,8089
34,8090
2,8091
45,8092
49,8093
39,8094
3,8095
42,8096
49,8097
17,8098
49,8099
47,8100
27,8101
47,8102
0,8103
30,8104
19,8105
10,8106
43,8107
4,8108
7,8109
31,8110
15,8111
37,8112
28,8113
0,8114
28,8115
44,8116
10,8117
45,8118
13,8119
33,8120
23,8121
39,8122
18,8123
19,8124
35,8125
41,8126
24,8127
37,8128
38,8129
49,8130
26,8131
16,8132
47,8133
1,8134
20,8135
3,8136
26,8137
2,8138
10,8139
16,8140
3,8141
4,8142
10,8143
8,8144
5,8145
19,8146
6,8147
36,8148
7,8149
35,8150
34,8151
27,8152
15,8153
37,8154
38,8155
17,8156
49,8157
42,8158
28,8159
19,8160
15,8161
0,8162
32,8163
1,8164
33,8165
45,8166
28,8167
2,8168
13,8169
24,8170
3,8171
40,8172
8,8173
49,8174
29,8175
33,8176
30,8177
28,8178
36,8179
47,8180
18,8181
28,8182
7,8183
1,8184
12,8185
0,8186
22,8187
23,8188
0,8189
17,8190
24,8191
14,8192
4,8193
12,8194
1,8195
15,8196
2,8197
44,8198
11,8199
3,8200
10,8201
25,8202
41,8203
44,8204
8,8205
49,8206
45,8207
24,8208
28,8209
18,8210
3,8211
17,8212
37,8213
26,8214
24,8215
23,8216
11,8217
32,8218
39,8219
30,8220
36,8221
25,8222
9,8223
31,8224
23,8225
42,8226
24,8227
30,8228
10,8229
47,8230
3,8231
23,8232
27,8233
8,8234
23,8235
47,8236
6,8237
5,8238
37,8239
30,8240
49,8241
2,8242
12,8243
33,8244
47,8245
49,8246
31,8247
11,8248
20,8249
21,8250
40,8251
1,8252
27,8253
16,8254
29,8255
21,8256
44,8257
44,8258
26,8259
46,8260
47,8261
47,8262
26,8263
21,8264
48,8265
31,8266
46,8267
27,8268
48,8269
7,8270
2,8271
21,8272
9,8273
23,8274
47,8275
8,8276
34,8277
36,8278
10,8279
42,8280
8,8281
31,8282
0,8283
19,8284
48,8285
47,8286
38,8287
26,8288
16,8289
9,8290
17,8291
49,8292
28,8293
49,8294
33,8295
8,8296
22,8297
15,8298
49,8299
11,8300
49,8301
12,8302
10,8303
49,8304
19,8305
34,8306
48,8307
47,8308
22,8309
26,8310
27,8311
46,8312
27,8313
11,8314
2,8315
10,8316
22,8317
24,8318
49,8319
34,8320
13,8321
1,8322
40,8323
5,8324
11,8325
2,8326
44,8327
14,8328
21,8329
33,8330
48,8331
36,8332
10,8333
49,8334
25,8335
13,8336
40,8337
16,8338
40,8339
0,8340
42,8341
8,8342
3,8343
31,8344
34,8345
30,8346
46,8347
13,8348
29,8349
5,8350
21,8351
46,8352
0,8353
10,8354
1,8355
22,8356
12,8357
2,8358
20,8359
49,8360
13,8361
17,8362
15,8363
3,8364
48,8365
38,8366
26,8367
10,8368
12,8369
0,8370
12,8371
14,8372
38,8373
10,8374
48,8375
48,8376
39,8377
24,8378
33,8379
37,8380
1,8381
22,8382
10,8383
3,8384
43,8385
48,8386
8,8387
44,8388
8,8389
4,8390
4,8391
49,8392
16,8393
26,8394
15,8395
13,8396
12,8397
42,8398
41,8399
32,8400
49,8401
21,8402
41,8403
43,8404
8,8405
18,8406
6,8407
44,8408
40,8409
12,8410
22,8411
16,8412
38,8413
30,8414
42,8415
24,8416
39,8417
39,8418
7,8419
4,8420
6,8421
5,8422
0,8423
6,8424
2,8425
7,8426
5,8427
32,8428
27,8429
3,8430
30,8431
28,8432
37,8433
2,8434
11,8435
15,8436
17,8437
6,8438
36,8439
5,8440
9,8441
7,8442
47,8443
32,8444
40,8445
10,8446
43,8447
34,8448
28,8449
49,8450
38,8451
16,8452
12,8453
41,8454
6,8455
49,8456
39,8457
38,8458
16,8459
0,8460
18,8461
20,8462
20,8463
38,8464
24,8465
24,8466
28,8467
33,8468
9,8469
7,8470
3,8471
27,8472
25,8473
25,8474
21,8475
39,8476
0,8477
17,8478
30,8479
33,8480
41,8481
29,8482
25,8483
31,8484
8,8485
8,8486
0,8487
46,8488
42,8489
37,8490
20,8491
38,8492
20,8493
49,8494
47,8495
18,8496
6,8497
9,8498
38,8499
43,8500
7,8501
46,8502
13,8503
38,8504
4,8505
25,8506
28,8507
3,8508
30,8509
17,8510
7,8511
5,8512
37,8513
44,8514
8,8515
6,8516
7,8517
32,8518
29,8519
1,8520
11,8521
5,8522
33,8523
49,8524
45,8525
37,8526
32,8527
45,8528
15,8529
22,8530
44,8531
4,8532
37,8533
21,8534
5,8535
24,8536
6,8537
13,8538
5,8539
47,8540
37,8541
32,8542
7,8543
3,8544
27,8545
6,8546
1,8547
7,8548
25,8549
3,8550
41,8551
35,8552
5,8553
35,8554
32,8555
31,8556
43,8557
1,8558
9,8559
13,8560
28,8561
7,8562
26,8563
27,8564
28,8565
17,8566
49,8567
39,8568
11,8569
28,8570
49,8571
6,8572
41,8573
47,8574
22,8575
23,8576
5,8577
38,8578
8,8579
29,8580
7,8581
1,8582
1,8583
18,8584
44,8585
11,8586
26,8587
41,8588
40,8589
41,8590
43,8591
36,8592
2,8593
32,8594
21,8595
13,8596
42,8597
42,8598
32,8599
15,8600
22,8601
48,8602
29,8603
38,8604
46,8605
33,8606
6,8607
23,8608
49,8609
46,8610
24,8611
30,8612
0,8613
18,8614
1,8615
27,8616
40,8617
3,8618
2,8619
3,8620
41,8621
34,8622
47,8623
22,8624
3,8625
40,8626
20,8627
3,8628
27,8629
45,8630
16,8631
5,8632
17,8633
39,8634
43,8635
44,8636
27,8637
30,8638
25,8639
39,8640
48,8641
33,8642
45,8643
41,8644
45,8645
36,8646
8,8647
41,8648
16,8649
42,8650
23,8651
49,8652
17,8653
11,8654
3,8655
19,8656
21,8657
22,8658
43,8659
19,8660
6,8661
49,8662
48,8663
31,8664
25,8665
36,8666
20,8667
23,8668
27,8669
3,8670
31,8671
16,8672
0,8673
27,8674
41,8675
39,8676
38,8677
40,8678
17,8679
29,8680
17,8681
32,8682
18,8683
0,8684
43,8685
14,8686
15,8687
16,8688
42,8689
26,8690
41,8691
14,8692
1,8693
5,8694
34,8695
42,8696
2,8697
5,8698
3,8699
3,8700
19,8701
19,8702
16,8703
10,8704
11,8705
28,8706
38,8707
7,8708
40,8709
17,8710
30,8711
47,8712
7,8713
11,8714
39,8715
10,8716
43,8717
23,8718
10,8719
39,8720
42,8721
23,8722
6,8723
37,8724
26,8725
15,8726
48,8727
1,8728
7,8729
14,8730
38,8731
4,8732
35,8733
0,8734
22,8735
37,8736
0,8737
36,8738
5,8739
11,8740
25,8741
8,8742
15,8743
15,8744
33,8745
49,8746
49,8747
31,8748
10,8749
10,8750
16,8751
12,8752
8,8753
35,8754
39,8755
47,8756
18,8757
42,8758
1,8759
13,8760
39,8761
2,8762
13,8763
7,8764
15,8765
29,8766
22,8767
43,8768
17,8769
30,8770
28,8771
33,8772
45,8773
38,8774
1,8775
20,8776
18,8777
37,8778
14,8779
15,8780
35,8781
13,8782
22,8783
45,8784
8,8785
24,8786
29,8787
40,8788
28,8789
40,8790
5,8791
14,8792
35,8793
10,8794
39,8795
6,8796
31,8797
30,8798
27,8799
6,8800
14,8801
41,8802
3,8803
45,8804
38,8805
34,8806
17,8807
7,8808
6,8809
31,8810
23,8811
29,8812
8,8813
42,8814
43,8815
11,8816
0,8817
41,8818
6,8819
6,8820
2,8821
14,8822
28,8823
5,8824
34,8825
1,8826
26,8827
44,8828
8,8829
25,8830
25,8831
21,8832
17,8833
4,8834
11,8835
25,8836
0,8837
41,8838
15,8839
13,8840
12,8841
20,8842
37,8843
39,8844
23,8845
7,8846
35,8847
40,8848
11,8849
6,8850
47,8851
9,8852
33,8853
18,8854
49,8855
16,8856
16,8857
21,8858
43,8859
48,8860
20,8861
24,8862
14,8863
39,8864
40,8865
30,8866
37,8867
0,8868
2,8869
20,8870
2,8871
28,8872
41,8873
8,8874
34,8875
46,8876
34,8877
31,8878
30,8879
13,8880
49,8881
16,8882
29,8883
48,8884
29,8885
20,8886
5,8887
38,8888
3,8889
13,8890
49,8891
30,8892
2,8893
46,8894
3,8895
5,8896
12,8897
17,8898
1,8899
22,8900
8,8901
49,8902
26,8903
42,8904
10,8905
49,8906
49,8907
44,8908
8,8909
24,8910
48,8911
3,8912
40,8913
39,8914
5,8915
30,8916
44,8917
28,8918
17,8919
16,8920
49,8921
3,8922
48,8923
48,8924
10,8925
33,8926
39,8927
49,8928
6,8929
49,8930
12,8931
23,8932
1,8933
32,8934
34,8935
18,8936
35,8937
13,8938
40,8939
11,8940
25,8941
18,8942
49,8943
26,8944
13,8945
13,8946
14,8947
38,8948
37,8949
37,8950
39,8951
24,8952
13,8953
11,8954
22,8955
34,8956
47,8957
27,8958
40,8959
20,8960
37,8961
47,8962
32,8963
47,8964
4,8965
38,8966
43,8967
31,8968
5,8969
36,8970
42,8971
6,8972
38,8973
7,8974
45,8975
37,8976
28,8977
5,8978
15,8979
34,8980
2,8981
17,8982
24,8983
19,8984
5,8985
44,8986
3,8987
21,8988
32,8989
8,8990
18,8991
0,8992
5,8993
23,8994
39,8995
16,8996
27,8997
28,8998
42,8999
23,9000
12,9001
19,9002
1,9003
46,9004
5,9005
14,9006
44,9007
1,9008
46,9009
13,9010
4,9011
46,9012
0,9013
5,9014
9,9015
6,9016
31,9017
7,9018
40,9019
7,9020
38,9021
21,9022
30,9023
14,9024
46,9025
12,9026
6,9027
36,9028
49,9029
28,9030
36,9031
20,9032
5,9033
49,9034
19,9035
43,9036
46,9037
39,9038
25,9039
31,9040
45,9041
42,9042
41,9043
25,9044
14,9045
48,9046
10,9047
31,9048
42,9049
23,9050
7,9051
38,9052
21,9053
31,9054
38,9055
0,9056
49,9057
35,9058
40,9059
6,9060
49,9061
17,9062
39,9063
31,9064
47,9065
4,9066
9,9067
47,9068
32,9069
20,9070
49,9071
1,9072
14,9073
14,9074
34,9075
44,9076
9,9077
1,9078
1,9079
30,9080
38,9081
21,9082
23,9083
26,9084
38,9085
19,9086
28,9087
14,9088
1,9089
26,9090
37,9091
46,9092
11,9093
44,9094
49,9095
49,9096
8,9097
7,9098
45,9099
38,9100
34,9101
38,9102
49,9103
20,9104
16,9105
3,9106
4,9107
44,9108
39,9109
20,9110
39,9111
10,9112
25,9113
12,9114
31,9115
39,9116
8,9117
48,9118
3,9119
48,9120
43,9121
18,9122
1,9123
8,9124
21,9125
12,9126
40,9127
39,9128
31,9129
48,9130
9,9131
12,9132
43,9133
31,9134
35,9135
27,9136
40,9137
0,9138
21,9139
7,9140
8,9141
17,9142
42,9143
6,9144
44,9145
39,9146
1,9147
48,9148
31,9149
32,9150
40,9151
23,9152
38,9153
4,9154
4,9155
23,9156
20,9157
42,9158
8,9159
10,9160
25,9161
20,9162
40,9163
12,9164
42,9165
31,9166
49,9167
33,9168
1,9169
8,9170
11,9171
18,9172
34,9173
2,9174
37,9175
41,9176
49,9177
16,9178
2,9179
30,9180
0,9181
44,9182
17,9183
18,9184
13,9185
21,9186
13,9187
11,9188
16,9189
33,9190
4,9191
11,9192
43,9193
39,9194
43,9195
5,9196
2,9197
6,9198
36,9199
7,9200
39,9201
38,9202
46,9203
6,9204
49,9205
34,9206
6,9207
41,9208
11,9209
32,9210
38,9211
6,9212
49,9213
47,9214
47,9215
49,9216
14,9217
46,9218
17,9219
42,9220
38,9221
13,9222
11,9223
32,9224
48,9225
46,9226
48,9227
20,9228
1,9229
24,9230
41,9231
25,9232
44,9233
7,9234
16,9235
33,9236
47,9237
4,9238
14,9239
30,9240
48,9241
30,9242
29,9243
28,9244
27,9245
20,9246
0,9247
23,9248
37,9249
1,9250
20,9251
2,9252
37,9253
3,9254
15,9255
34,9256
0,9257
3,9258
3,9259
1,9260
29,9261
31,9262
28,9263
21,9264
46,9265
14,9266
27,9267
8,9268
10,9269
39,9270
21,9271
47,9272
3,9273
16,9274
25,9275
10,9276
40,9277
4,9278
16,9279
5,9280
49,9281
6,9282
49,9283
7,9284
27,9285
40,9286
47,9287
39,9288
47,9289
12,9290
15,9291
9,9292
21,9293
37,9294
28,9295
36,9296
17,9297
49,9298
47,9299
18,9300
3,9301
26,9302
34,9303
23,9304
27,9305
21,9306
11,9307
33,9308
46,9309
49,9310
16,9311
4,9312
34,9313
41,9314
12,9315
26,9316
25,9317
3,9318
11,9319
49,9320
49,9321
34,9322
44,9323
31,9324
1,9325
33,9326
14,9327
34,9328
2,9329
12,9330
30,9331
48,9332
22,9333
41,9334
46,9335
7,9336
3,9337
46,9338
10,9339
43,9340
45,9341
28,9342
28,9343
21,9344
11,9345
3,9346
27,9347
40,9348
1,9349
18,9350
16,9351
32,9352
36,9353
49,9354
34,9355
43,9356
16,9357
21,9358
38,9359
23,9360
8,9361
24,9362
35,9363
40,9364
10,9365
25,9366
40,9367
31,9368
38,9369
33,9370
38,9371
25,9372
48,9373
25,9374
14,9375
6,9376
49,9377
46,9378
47,9379
38,9380
13,9381
49,9382
40,9383
18,9384
26,9385
29,9386
10,9387
8,9388
40,9389
47,9390
40,9391
44,9392
11,9393
31,9394
26,9395
45,9396
10,9397
49,9398
13,9399
49,9400
46,9401
22,9402
4,9403
18,9404
30,9405
31,9406
15,9407
7,9408
27,9409
36,9410
5,9411
2,9412
6,9413
10,9414
48,9415
38,9416
24,9417
29,9418
40,9419
49,9420
21,9421
14,9422
36,9423
10,9424
46,9425
23,9426
12,9427
14,9428
22,9429
18,9430
49,9431
31,9432
47,9433
36,9434
49,9435
2,9436
6,9437
48,9438
43,9439
1,9440
47,9441
47,9442
18,9443
48,9444
19,9445
12,9446
4,9447
49,9448
28,9449
41,9450
25,9451
1,9452
24,9453
5,9454
25,9455
23,9456
42,9457
34,9458
25,9459
40,9460
11,9461
40,9462
29,9463
30,9464
3,9465
6,9466
12,9467
49,9468
22,9469
14,9470
43,9471
14,9472
15,9473
37,9474
19,9475
16,9476
43,9477
21,9478
8,9479
42,9480
9,9481
45,9482
45,9483
3,9484
48,9485
13,9486
34,9487
35,9488
25,9489
40,9490
5,9491
44,9492
44,9493
37,9494
28,9495
4,9496
16,9497
9,9498
18,9499
11,9500
45,9501
42,9502
48,9503
34,9504
9,9505
45,9506
30,9507
15,9508
28,9509
29,9510
5,9511
14,9512
7,9513
14,9514
20,9515
48,9516
22,9517
28,9518
38,9519
21,9520
22,9521
27,9522
25,9523
25,9524
34,9525
14,9526
28,9527
16,9528
12,9529
5,9530
1,9531
25,9532
9,9533
4,9534
22,9535
44,9536
0,9537
38,9538
1,9539
18,9540
11,9541
46,9542
2,9543
42,9544
47,9545
48,9546
1,9547
3,9548
30,9549
1,9550
13,9551
36,9552
3,9553
44,9554
48,9555
8,9556
35,9557
29,9558
13,9559
37,9560
20,9561
39,9562
0,9563
46,9564
31,9565
48,9566
31,9567
1,9568
8,9569
39,9570
48,9571
28,9572
49,9573
16,9574
33,9575
49,9576
9,9577
12,9578
29,9579
42,9580
24,9581
30,9582
9,9583
43,9584
49,9585
33,9586
37,9587
5,9588
2,9589
0,9590
39,9591
23,9592
45,9593
1,9594
2,9595
2,9596
21,9597
3,9598
43,9599
20,9600
12,9601
17,9602
43,9603
18,9604
21,9605
17,9606
4,9607
38,9608
5,9609
9,9610
24,9611
31,9612
39,9613
27,9614
48,9615
25,9616
40,9617
11,9618
4,9619
20,9620
5,9621
1,9622
24,9623
6,9624
21,9625
7,9626
36,9627
15,9628
33,9629
6,9630
32,9631
41,9632
26,9633
17,9634
27,9635
26,9636
44,9637
33,9638
39,9639
11,9640
0,9641
47,9642
26,9643
22,9644
18,9645
3,9646
13,9647
3,9648
20,9649
46,9650
0,9651
40,9652
1,9653
42,9654
17,9655
16,9656
5,9657
42,9658
9,9659
49,9660
28,9661
19,9662
48,9663
28,9664
49,9665
17,9666
30,9667
17,9668
46,9669
10,9670
17,9671
14,9672
27,9673
35,9674
16,9675
1,9676
35,9677
17,9678
16,9679
34,9680
3,9681
33,9682
4,9683
49,9684
25,9685
34,9686
31,9687
46,9688
44,9689
31,9690
41,9691
5,9692
30,9693
17,9694
30,9695
2,9696
10,9697
21,9698
15,9699
9,9700
30,9701
10,9702
46,9703
22,9704
32,9705
8,9706
39,9707
2,9708
13,9709
48,9710
42,9711
5,9712
10,9713
40,9714
5,9715
7,9716
29,9717
35,9718
10,9719
0,9720
28,9721
4,9722
1,9723
12,9724
2,9725
13,9726
3,9727
30,9728
29,9729
6,9730
49,9731
8,9732
49,9733
47,9734
19,9735
37,9736
42,9737
37,9738
41,9739
4,9740
23,9741
5,9742
42,9743
6,9744
19,9745
12,9746
40,9747
18,9748
7,9749
18,9750
2,9751
27,9752
0,9753
48,9754
47,9755
48,9756
37,9757
37,9758
8,9759
15,9760
4,9761
34,9762
31,9763
23,9764
1,9765
49,9766
44,9767
44,9768
22,9769
7,9770
47,9771
35,9772
44,9773
19,9774
5,9775
25,9776
31,9777
3,9778
7,9779
35,9780
0,9781
36,9782
27,9783
1,9784
26,9785
2,9786
48,9787
30,9788
3,9789
22,9790
13,9791
9,9792
21,9793
16,9794
21,9795
32,9796
0,9797
33,9798
39,9799
7,9800
1,9801
26,9802
2,9803
7,9804
3,9805
17,9806
4,9807
45,9808
5,9809
27,9810
34,9811
32,9812
35,9813
48,9814
21,9815
27,9816
20,9817
4,9818
40,9819
39,9820
9,9821
48,9822
4,9823
22,9824
45,9825
13,9826
24,9827
9,9828
12,9829
25,9830
42,9831
37,9832
21,9833
23,9834
27,9835
22,9836
34,9837
27,9838
42,9839
19,9840
24,9841
8,9842
17,9843
35,9844
34,9845
14,9846
4,9847
15,9848
45,9849
21,9850
32,9851
36,9852
8,9853
39,9854
35,9855
2,9856
34,9857
7,9858
4,9859
15,9860
12,9861
48,9862
3,9863
5,9864
28,9865
7,9866
26,9867
29,9868
6,9869
46,9870
7,9871
8,9872
47,9873
44,9874
4,9875
9,9876
23,9877
10,9878
38,9879
26,9880
41,9881
47,9882
47,9883
2,9884
13,9885
0,9886
12,9887
39,9888
1,9889
8,9890
2,9891
5,9892
3,9893
37,9894
34,9895
27,9896
31,9897
10,9898
49,9899
41,9900
46,9901
22,9902
12,9903
14,9904
11,9905
6,9906
24,9907
14,9908
43,9909
30,9910
47,9911
4,9912
34,9913
0,9914
39,9915
9,9916
48,9917
10,9918
42,9919
5,9920
42,9921
20,9922
26,9923
23,9924
5,9925
1,9926
45,9927
14,9928
18,9929
3,9930
10,9931
35,9932
35,9933
5,9934
42,9935
11,9936
9,9937
9,9938
38,9939
2,9940
0,9941
18,9942
1,9943
12,9944
2,9945
14,9946
38,9947
3,9948
16,9949
49,9950
46,9951
38,9952
37,9953
32,9954
42,9955
31,9956
39,9957
0,9958
31,9959
1,9960
12,9961
13,9962
2,9963
29,9964
3,9965
14,9966
36,9967
46,9968
13,9969
13,9970
4,9971
7,9972
29,9973
32,9974
47,9975
2,9976
16,9977
42,9978
49,9979
45,9980
18,9981
12,9982
36,9983
31,9984
16,9985
25,9986
6,9987
44,9988
10,9989
6,9990
22,9991
7,9992
11,9993
35,9994
3,9995
42,9996
30,9997
13,9998
30,9999
