49,0
34,1
44,2
47,3
42,4
19,5
34,6
43,7
18,8
44,9
28,10
37,11
30,12
4,13
48,14
0,15
17,16
2,17
47,18
47,19
16,20
4,21
5,22
26,23
39,24
5,25
48,26
3,27
6,28
11,29
0,30
2,31
42,32
7,33
16,34
32,35
4,36
45,37
10,38
5,39
44,40
2,41
6,42
3,43
20,44
41,45
25,46
7,47
3,48
11,49
46,50
44,51
1,52
42,53
6,54
24,55
22,56
12,57
8,58
40,59
16,60
20,61
38,62
44,63
10,64
44,65
46,66
13,67
34,68
33,69
4,70
1,71
48,72
5,73
49,74
30,75
4,76
17,77
2,78
42,79
8,80
17,81
39,82
40,83
31,84
43,85
18,86
4,87
3,88
5,89
25,90
48,91
6,92
31,93
44,94
31,95
39,96
7,97
3,98
35,99
18,100
44,101
5,102
23,103
10,104
4,105
28,106
5,107
30,108
26,109
6,110
19,111
9,112
43,113
10,114
45,115
39,116
39,117
33,118
49,119
46,120
26,121
43,122
6,123
48,124
27,125
17,126
4,127
35,128
27,129
31,130
45,131
15,132
7,133
48,134
43,135
23,136
47,137
37,138
35,139
11,140
35,141
12,142
40,143
31,144
27,145
44,146
22,147
7,148
13,149
47,150
27,151
8,152
15,153
28,154
11,155
26,156
45,157
43,158
43,159
23,160
45,161
31,162
6,163
28,164
28,165
23,166
18,167
42,168
11,169
9,170
21,171
25,172
0,173
46,174
22,175
11,176
3,177
5,178
23,179
20,180
2,181
35,182
1,183
24,184
8,185
25,186
27,187
8,188
20,189
0,190
0,191
11,192
7,193
20,194
1,195
27,196
2,197
42,198
3,199
41,200
28,201
23,202
0,203
38,204
17,205
24,206
17,207
2,208
36,209
34,210
22,211
37,212
20,213
6,214
10,215
6,216
29,217
26,218
29,219
8,220
30,221
0,222
21,223
0,224
4,225
42,226
1,227
0,228
6,229
2,230
34,231
38,232
48,233
28,234
41,235
3,236
34,237
27,238
8,239
31,240
8,241
20,242
17,243
4,244
0,245
46,246
33,247
37,248
8,249
28,250
28,251
3,252
13,253
6,254
43,255
1,256
32,257
22,258
47,259
10,260
16,261
10,262
25,263
45,264
31,265
12,266
40,267
20,268
8,269
42,270
5,271
47,272
14,273
36,274
5,275
5,276
12,277
48,278
14,279
19,280
13,281
49,282
5,283
48,284
36,285
43,286
18,287
8,288
49,289
21,290
17,291
22,292
46,293
8,294
26,295
18,296
34,297
42,298
20,299
27,300
4,301
32,302
25,303
44,304
28,305
40,306
32,307
4,308
36,309
28,310
28,311
34,312
29,313
40,314
0,315
41,316
4,317
25,318
17,319
5,320
46,321
6,322
37,323
7,324
11,325
22,326
15,327
42,328
45,329
36,330
25,331
0,332
2,333
31,334
44,335
46,336
11,337
2,338
35,339
35,340
5,341
6,342
46,343
16,344
17,345
11,346
12,347
46,348
13,349
23,350
40,351
33,352
39,353
27,354
15,355
26,356
24,357
12,358
2,359
17,360
8,361
47,362
42,363
26,364
2,365
23,366
19,367
38,368
33,369
3,370
23,371
37,372
49,373
45,374
23,375
0,376
23,377
40,378
0,379
28,380
1,381
19,382
42,383
11,384
30,385
27,386
23,387
39,388
16,389
19,390
47,391
22,392
46,393
14,394
13,395
5,396
31,397
27,398
15,399
25,400
28,401
3,402
24,403
1,404
10,405
43,406
36,407
13,408
42,409
31,410
23,411
42,412
16,413
20,414
25,415
37,416
13,417
47,418
38,419
36,420
5,421
47,422
41,423
45,424
11,425
35,426
45,427
19,428
24,429
21,430
46,431
1,432
22,433
29,434
44,435
5,436
4,437
28,438
2,439
10,440
27,441
20,442
40,443
46,444
3,445
13,446
22,447
23,448
29,449
43,450
21,451
7,452
48,453
21,454
39,455
44,456
13,457
30,458
48,459
19,460
14,461
35,462
28,463
48,464
29,465
29,466
28,467
18,468
6,469
16,470
30,471
22,472
0,473
29,474
1,475
31,476
32,477
2,478
38,479
3,480
45,481
5,482
0,483
35,484
34,485
38,486
15,487
9,488
5,489
45,490
40,491
3,492
1,493
32,494
20,495
29,496
15,497
15,498
11,499
29,500
7,501
42,502
35,503
42,504
26,505
38,506
20,507
28,508
18,509
26,510
2,511
45,512
2,513
39,514
11,515
48,516
23,517
28,518
22,519
41,520
41,521
32,522
37,523
31,524
42,525
45,526
30,527
16,528
4,529
18,530
25,531
13,532
19,533
25,534
45,535
9,536
20,537
30,538
27,539
8,540
41,541
20,542
13,543
26,544
37,545
1,546
8,547
5,548
49,549
0,550
1,551
3,552
26,553
16,554
40,555
48,556
32,557
7,558
13,559
2,560
7,561
37,562
49,563
14,564
44,565
5,566
17,567
11,568
46,569
13,570
10,571
6,572
29,573
25,574
28,575
44,576
0,577
26,578
47,579
34,580
43,581
33,582
39,583
31,584
35,585
23,586
44,587
47,588
32,589
41,590
17,591
0,592
0,593
16,594
14,595
7,596
45,597
18,598
45,599
35,600
4,601
34,602
5,603
22,604
1,605
1,606
24,607
27,608
12,609
6,610
8,611
7,612
47,613
13,614
49,615
37,616
35,617
40,618
16,619
13,620
29,621
15,622
27,623
2,624
45,625
27,626
5,627
49,628
20,629
32,630
3,631
17,632
34,633
31,634
39,635
27,636
29,637
44,638
21,639
4,640
15,641
37,642
46,643
21,644
25,645
35,646
17,647
37,648
11,649
16,650
0,651
37,652
0,653
36,654
43,655
44,656
26,657
27,658
40,659
37,660
4,661
30,662
5,663
48,664
10,665
6,666
4,667
48,668
1,669
7,670
39,671
15,672
18,673
37,674
35,675
21,676
7,677
33,678
18,679
6,680
6,681
22,682
11,683
14,684
11,685
13,686
43,687
1,688
42,689
45,690
8,691
17,692
38,693
11,694
2,695
0,696
15,697
1,698
28,699
2,700
35,701
34,702
3,703
15,704
31,705
28,706
21,707
0,708
26,709
19,710
3,711
35,712
40,713
28,714
38,715
48,716
2,717
47,718
43,719
4,720
44,721
21,722
13,723
7,724
16,725
36,726
29,727
47,728
20,729
47,730
35,731
28,732
4,733
39,734
5,735
38,736
42,737
24,738
26,739
17,740
5,741
0,742
15,743
4,744
15,745
45,746
14,747
16,748
11,749
5,750
26,751
47,752
7,753
12,754
28,755
40,756
32,757
44,758
47,759
31,760
46,761
0,762
39,763
31,764
1,765
11,766
2,767
2,768
3,769
38,770
22,771
13,772
4,773
8,774
38,775
13,776
7,777
21,778
44,779
4,780
47,781
21,782
22,783
6,784
3,785
10,786
47,787
11,788
9,789
36,790
8,791
44,792
31,793
7,794
21,795
39,796
20,797
49,798
18,799
26,800
24,801
2,802
17,803
33,804
34,805
30,806
15,807
48,808
1,809
46,810
49,811
25,812
15,813
38,814
1,815
8,816
2,817
19,818
0,819
35,820
1,821
45,822
47,823
2,824
22,825
3,826
49,827
11,828
2,829
13,830
49,831
3,832
11,833
28,834
11,835
1,836
49,837
18,838
43,839
9,840
42,841
26,842
31,843
40,844
45,845
40,846
31,847
40,848
41,849
38,850
11,851
18,852
22,853
37,854
12,855
0,856
21,857
35,858
26,859
6,860
5,861
2,862
34,863
27,864
17,865
22,866
33,867
29,868
49,869
28,870
18,871
3,872
22,873
10,874
12,875
41,876
31,877
5,878
24,879
11,880
8,881
10,882
3,883
39,884
4,885
47,886
48,887
19,888
5,889
38,890
47,891
36,892
6,893
0,894
7,895
2,896
48,897
15,898
8,899
0,900
45,901
1,902
5,903
8,904
2,905
35,906
3,907
35,908
8,909
13,910
8,911
45,912
44,913
14,914
10,915
19,916
3,917
13,918
40,919
49,920
14,921
32,922
21,923
39,924
8,925
20,926
5,927
40,928
42,929
41,930
3,931
4,932
42,933
30,934
21,935
34,936
33,937
44,938
17,939
8,940
19,941
38,942
28,943
19,944
38,945
39,946
19,947
28,948
10,949
33,950
38,951
10,952
27,953
37,954
35,955
3,956
31,957
13,958
4,959
12,960
37,961
14,962
36,963
31,964
45,965
30,966
27,967
23,968
23,969
4,970
46,971
18,972
49,973
13,974
17,975
46,976
32,977
35,978
22,979
30,980
30,981
4,982
38,983
6,984
6,985
32,986
27,987
33,988
38,989
35,990
48,991
17,992
26,993
15,994
49,995
35,996
4,997
2,998
38,999
11,1000
14,1001
8,1002
42,1003
48,1004
37,1005
36,1006
15,1007
26,1008
26,1009
8,1010
12,1011
1,1012
28,1013
2,1014
1,1015
8,1016
7,1017
9,1018
29,1019
21,1020
32,1021
17,1022
8,1023
3,1024
17,1025
3,1026
5,1027
29,1028
27,1029
0,1030
12,1031
39,1032
46,1033
19,1034
3,1035
16,1036
1,1037
42,1038
6,1039
12,1040
2,1041
25,1042
44,1043
11,1044
36,1045
49,1046
2,1047
3,1048
35,1049
23,1050
24,1051
35,1052
48,1053
44,1054
0,1055
32,1056
31,1057
5,1058
18,1059
2,1060
10,1061
26,1062
37,1063
44,1064
11,1065
16,1066
40,1067
9,1068
30,1069
14,1070
36,1071
39,1072
48,1073
42,1074
8,1075
40,1076
48,1077
35,1078
33,1079
22,1080
41,1081
13,1082
17,1083
12,1084
5,1085
32,1086
6,1087
40,1088
25,1089
48,1090
13,1091
32,1092
39,1093
45,1094
41,1095
14,1096
25,1097
9,1098
30,1099
42,1100
40,1101
28,1102
33,1103
30,1104
49,1105
16,1106
0,1107
38,1108
1,1109
31,1110
2,1111
4,1112
11,1113
3,1114
47,1115
13,1116
40,1117
41,1118
7,1119
41,1120
36,1121
22,1122
19,1123
27,1124
39,1125
46,1126
12,1127
12,1128
21,1129
27,1130
5,1131
13,1132
25,1133
3,1134
31,1135
44,1136
2,1137
44,1138
9,1139
44,1140
5,1141
40,1142
16,1143
31,1144
46,1145
4,1146
10,1147
23,1148
28,1149
5,1150
19,1151
21,1152
30,1153
13,1154
31,1155
28,1156
27,1157
15,1158
10,1159
7,1160
32,1161
18,1162
3,1163
47,1164
45,1165
7,1166
20,1167
4,1168
39,1169
5,1170
44,1171
39,1172
6,1173
13,1174
7,1175
6,1176
3,1177
8,1178
8,1179
44,1180
33,1181
44,1182
37,1183
22,1184
22,1185
25,1186
23,1187
30,1188
33,1189
27,1190
21,1191
24,1192
9,1193
45,1194
49,1195
34,1196
22,1197
29,1198
1,1199
26,1200
43,1201
47,1202
49,1203
9,1204
4,1205
4,1206
22,1207
44,1208
14,1209
2,1210
1,1211
49,1212
20,1213
24,1214
3,1215
13,1216
45,1217
31,1218
0,1219
14,1220
4,1221
30,1222
34,1223
13,1224
47,1225
13,1226
15,1227
14,1228
17,1229
23,1230
2,1231
42,1232
21,1233
5,1234
7,1235
33,1236
15,1237
47,1238
16,1239
47,1240
25,1241
15,1242
0,1243
48,1244
33,1245
42,1246
1,1247
46,1248
2,1249
35,1250
22,1251
3,1252
29,1253
40,1254
7,1255
43,1256
22,1257
36,1258
0,1259
11,1260
15,1261
1,1262
29,1263
45,1264
2,1265
32,1266
15,1267
13,1268
24,1269
8,1270
15,1271
12,1272
15,1273
3,1274
30,1275
24,1276
25,1277
25,1278
38,1279
18,1280
41,1281
5,1282
13,1283
33,1284
43,1285
2,1286
40,1287
49,1288
17,1289
6,1290
8,1291
12,1292
7,1293
33,1294
14,1295
16,1296
0,1297
39,1298
19,1299
29,1300
18,1301
45,1302
17,1303
21,1304
2,1305
24,1306
40,1307
31,1308
45,1309
30,1310
48,1311
44,1312
10,1313
41,1314
36,1315
44,1316
16,1317
8,1318
14,1319
13,1320
7,1321
23,1322
22,1323
30,1324
4,1325
41,1326
45,1327
33,1328
16,1329
13,1330
31,1331
41,1332
31,1333
20,1334
36,1335
39,1336
5,1337
27,1338
37,1339
16,1340
42,1341
23,1342
11,1343
49,1344
15,1345
0,1346
0,1347
14,1348
33,1349
3,1350
35,1351
34,1352
0,1353
4,1354
38,1355
13,1356
5,1357
31,1358
6,1359
32,1360
19,1361
18,1362
7,1363
7,1364
29,1365
40,1366
0,1367
38,1368
1,1369
39,1370
2,1371
22,1372
32,1373
14,1374
3,1375
27,1376
17,1377
21,1378
27,1379
0,1380
31,1381
35,1382
8,1383
1,1384
29,1385
36,1386
2,1387
1,1388
3,1389
45,1390
17,1391
46,1392
6,1393
49,1394
47,1395
25,1396
14,1397
1,1398
44,1399
4,1400
49,1401
45,1402
42,1403
35,1404
26,1405
30,1406
22,1407
7,1408
19,1409
18,1410
34,1411
46,1412
25,1413
1,1414
19,1415
18,1416
41,1417
7,1418
38,1419
19,1420
49,1421
29,1422
14,1423
38,1424
23,1425
41,1426
26,1427
20,1428
1,1429
45,1430
34,1431
29,1432
12,1433
45,1434
17,1435
18,1436
31,1437
33,1438
48,1439
5,1440
6,1441
2,1442
22,1443
40,1444
13,1445
34,1446
0,1447
14,1448
27,1449
1,1450
44,1451
2,1452
8,1453
3,1454
35,1455
21,1456
49,1457
33,1458
46,1459
25,1460
36,1461
48,1462
42,1463
19,1464
16,1465
13,1466
46,1467
6,1468
4,1469
28,1470
42,1471
34,1472
25,1473
0,1474
42,1475
12,1476
23,1477
24,1478
10,1479
37,1480
34,1481
48,1482
44,1483
12,1484
30,1485
42,1486
15,1487
6,1488
15,1489
40,1490
45,1491
29,1492
48,1493
19,1494
29,1495
39,1496
35,1497
6,1498
16,1499
24,1500
48,1501
27,1502
6,1503
47,1504
39,1505
27,1506
18,1507
16,1508
36,1509
8,1510
37,1511
26,1512
8,1513
28,1514
15,1515
18,1516
6,1517
7,1518
18,1519
0,1520
1,1521
24,1522
1,1523
8,1524
2,1525
39,1526
31,1527
7,1528
33,1529
3,1530
34,1531
44,1532
4,1533
27,1534
13,1535
5,1536
6,1537
47,1538
8,1539
6,1540
39,1541
8,1542
7,1543
5,1544
9,1545
44,1546
44,1547
13,1548
5,1549
16,1550
22,1551
20,1552
35,1553
36,1554
49,1555
9,1556
49,1557
14,1558
43,1559
44,1560
24,1561
1,1562
25,1563
4,1564
13,1565
5,1566
3,1567
6,1568
39,1569
7,1570
12,1571
21,1572
30,1573
11,1574
10,1575
4,1576
3,1577
24,1578
45,1579
5,1580
21,1581
40,1582
32,1583
17,1584
1,1585
23,1586
3,1587
18,1588
1,1589
37,1590
27,1591
14,1592
27,1593
32,1594
21,1595
15,1596
45,1597
7,1598
18,1599
20,1600
48,1601
26,1602
2,1603
4,1604
8,1605
5,1606
41,1607
6,1608
43,1609
7,1610
41,1611
42,1612
25,1613
12,1614
14,1615
29,1616
6,1617
48,1618
17,1619
0,1620
26,1621
25,1622
34,1623
1,1624
39,1625
2,1626
37,1627
16,1628
30,1629
23,1630
3,1631
7,1632
33,1633
4,1634
38,1635
24,1636
5,1637
47,1638
46,1639
22,1640
21,1641
6,1642
49,1643
36,1644
7,1645
38,1646
4,1647
38,1648
42,1649
14,1650
18,1651
29,1652
5,1653
4,1654
34,1655
23,1656
24,1657
21,1658
16,1659
4,1660
1,1661
19,1662
38,1663
48,1664
31,1665
42,1666
3,1667
18,1668
5,1669
3,1670
44,1671
44,1672
49,1673
12,1674
13,1675
21,1676
27,1677
39,1678
42,1679
28,1680
49,1681
46,1682
40,1683
9,1684
29,1685
30,1686
41,1687
15,1688
7,1689
48,1690
10,1691
3,1692
47,1693
12,1694
44,1695
45,1696
1,1697
12,1698
24,1699
13,1700
15,1701
0,1702
20,1703
24,1704
31,1705
49,1706
4,1707
12,1708
14,1709
33,1710
34,1711
9,1712
42,1713
8,1714
11,1715
15,1716
1,1717
36,1718
46,1719
16,1720
44,1721
2,1722
10,1723
0,1724
26,1725
1,1726
47,1727
2,1728
36,1729
39,1730
40,1731
3,1732
42,1733
49,1734
43,1735
25,1736
48,1737
27,1738
37,1739
45,1740
39,1741
48,1742
21,1743
25,1744
21,1745
36,1746
5,1747
26,1748
30,1749
13,1750
41,1751
31,1752
3,1753
49,1754
9,1755
16,1756
26,1757
27,1758
3,1759
36,1760
47,1761
9,1762
42,1763
5,1764
18,1765
39,1766
19,1767
41,1768
20,1769
5,1770
13,1771
24,1772
39,1773
4,1774
29,1775
5,1776
18,1777
6,1778
33,1779
13,1780
15,1781
7,1782
35,1783
42,1784
28,1785
26,1786
48,1787
30,1788
8,1789
1,1790
1,1791
9,1792
39,1793
2,1794
40,1795
12,1796
44,1797
46,1798
44,1799
18,1800
28,1801
7,1802
38,1803
1,1804
44,1805
9,1806
21,1807
36,1808
40,1809
44,1810
19,1811
26,1812
9,1813
48,1814
22,1815
48,1816
16,1817
44,1818
48,1819
5,1820
46,1821
0,1822
36,1823
2,1824
19,1825
13,1826
11,1827
27,1828
6,1829
49,1830
10,1831
36,1832
9,1833
16,1834
16,1835
43,1836
23,1837
48,1838
1,1839
9,1840
28,1841
2,1842
34,1843
20,1844
33,1845
26,1846
16,1847
24,1848
7,1849
2,1850
18,1851
1,1852
8,1853
9,1854
12,1855
20,1856
22,1857
42,1858
32,1859
43,1860
45,1861
17,1862
45,1863
19,1864
19,1865
32,1866
19,1867
9,1868
38,1869
13,1870
39,1871
42,1872
25,1873
41,1874
45,1875
27,1876
31,1877
42,1878
34,1879
0,1880
29,1881
37,1882
38,1883
1,1884
1,1885
2,1886
43,1887
3,1888
29,1889
3,1890
37,1891
27,1892
20,1893
19,1894
10,1895
11,1896
34,1897
39,1898
0,1899
3,1900
1,1901
4,1902
49,1903
5,1904
2,1905
1,1906
3,1907
13,1908
42,1909
11,1910
29,1911
46,1912
4,1913
45,1914
30,1915
30,1916
34,1917
47,1918
48,1919
35,1920
37,1921
25,1922
21,1923
20,1924
39,1925
6,1926
46,1927
8,1928
33,1929
0,1930
28,1931
5,1932
1,1933
29,1934
2,1935
46,1936
41,1937
33,1938
18,1939
3,1940
1,1941
35,1942
47,1943
45,1944
33,1945
37,1946
19,1947
47,1948
48,1949
21,1950
13,1951
15,1952
45,1953
48,1954
3,1955
47,1956
34,1957
15,1958
26,1959
19,1960
23,1961
9,1962
24,1963
41,1964
42,1965
14,1966
32,1967
18,1968
7,1969
30,1970
13,1971
29,1972
48,1973
6,1974
19,1975
13,1976
47,1977
23,1978
2,1979
45,1980
4,1981
30,1982
2,1983
26,1984
24,1985
33,1986
43,1987
19,1988
4,1989
27,1990
49,1991
8,1992
49,1993
42,1994
49,1995
7,1996
37,1997
47,1998
8,1999
28,2000
22,2001
18,2002
49,2003
41,2004
4,2005
26,2006
43,2007
5,2008
22,2009
6,2010
2,2011
7,2012
43,2013
37,2014
45,2015
7,2016
9,2017
36,2018
9,2019
38,2020
15,2021
47,2022
22,2023
35,2024
2,2025
3,2026
10,2027
29,2028
44,2029
49,2030
8,2031
34,2032
39,2033
35,2034
5,2035
46,2036
22,2037
9,2038
33,2039
43,2040
15,2041
41,2042
42,2043
32,2044
9,2045
39,2046
28,2047
36,2048
2,2049
9,2050
27,2051
23,2052
44,2053
4,2054
43,2055
21,2056
5,2057
20,2058
6,2059
16,2060
3,2061
36,2062
25,2063
15,2064
7,2065
28,2066
40,2067
16,2068
37,2069
1,2070
48,2071
4,2072
4,2073
15,2074
43,2075
10,2076
35,2077
2,2078
40,2079
42,2080
35,2081
30,2082
5,2083
25,2084
23,2085
34,2086
26,2087
43,2088
14,2089
38,2090
12,2091
8,2092
6,2093
31,2094
7,2095
10,2096
20,2097
0,2098
36,2099
40,2100
1,2101
43,2102
9,2103
2,2104
6,2105
31,2106
16,2107
36,2108
10,2109
3,2110
30,2111
11,2112
3,2113
28,2114
37,2115
18,2116
2,2117
22,2118
5,2119
10,2120
7,2121
30,2122
23,2123
36,2124
24,2125
10,2126
44,2127
4,2128
18,2129
23,2130
0,2131
41,2132
20,2133
24,2134
40,2135
35,2136
49,2137
26,2138
37,2139
32,2140
21,2141
1,2142
9,2143
28,2144
9,2145
9,2146
17,2147
4,2148
37,2149
5,2150
35,2151
9,2152
47,2153
36,2154
6,2155
5,2156
7,2157
3,2158
39,2159
26,2160
28,2161
12,2162
1,2163
5,2164
0,2165
46,2166
21,2167
34,2168
49,2169
44,2170
0,2171
4,2172
6,2173
34,2174
1,2175
24,2176
2,2177
47,2178
3,2179
21,2180
28,2181
18,2182
9,2183
16,2184
8,2185
4,2186
49,2187
30,2188
1,2189
14,2190
7,2191
31,2192
45,2193
42,2194
34,2195
47,2196
6,2197
42,2198
17,2199
41,2200
18,2201
44,2202
19,2203
32,2204
41,2205
5,2206
24,2207
31,2208
2,2209
31,2210
17,2211
9,2212
5,2213
38,2214
20,2215
10,2216
1,2217
24,2218
39,2219
1,2220
4,2221
36,2222
13,2223
7,2224
5,2225
26,2226
6,2227
42,2228
7,2229
4,2230
31,2231
3,2232
41,2233
15,2234
17,2235
39,2236
16,2237
38,2238
13,2239
36,2240
35,2241
40,2242
15,2243
5,2244
13,2245
21,2246
48,2247
30,2248
4,2249
29,2250
5,2251
25,2252
2,2253
6,2254
27,2255
7,2256
39,2257
13,2258
37,2259
32,2260
41,2261
23,2262
20,2263
24,2264
46,2265
8,2266
26,2267
12,2268
43,2269
46,2270
27,2271
46,2272
10,2273
22,2274
3,2275
16,2276
32,2277
39,2278
38,2279
14,2280
35,2281
21,2282
22,2283
49,2284
19,2285
20,2286
16,2287
24,2288
4,2289
46,2290
41,2291
42,2292
30,2293
22,2294
41,2295
3,2296
26,2297
3,2298
26,2299
3,2300
31,2301
28,2302
14,2303
19,2304
2,2305
20,2306
4,2307
8,2308
2,2309
45,2310
28,2311
14,2312
31,2313
46,2314
48,2315
5,2316
35,2317
30,2318
37,2319
33,2320
19,2321
25,2322
18,2323
0,2324
28,2325
15,2326
34,2327
2,2328
29,2329
36,2330
40,2331
11,2332
17,2333
28,2334
33,2335
49,2336
16,2337
12,2338
30,2339
37,2340
47,2341
27,2342
31,2343
28,2344
3,2345
45,2346
36,2347
41,2348
36,2349
6,2350
9,2351
33,2352
17,2353
42,2354
26,2355
30,2356
35,2357
32,2358
38,2359
17,2360
47,2361
46,2362
2,2363
2,2364
36,2365
29,2366
24,2367
6,2368
19,2369
18,2370
29,2371
9,2372
35,2373
17,2374
5,2375
14,2376
43,2377
49,2378
25,2379
49,2380
3,2381
28,2382
26,2383
45,2384
49,2385
49,2386
6,2387
6,2388
15,2389
47,2390
29,2391
18,2392
47,2393
46,2394
34,2395
27,2396
39,2397
35,2398
16,2399
19,2400
11,2401
29,2402
30,2403
23,2404
35,2405
33,2406
44,2407
3,2408
13,2409
25,2410
10,2411
35,2412
42,2413
26,2414
44,2415
32,2416
15,2417
16,2418
31,2419
4,2420
5,2421
39,2422
14,2423
49,2424
19,2425
40,2426
9,2427
48,2428
28,2429
11,2430
0,2431
47,2432
34,2433
15,2434
37,2435
3,2436
12,2437
40,2438
0,2439
23,2440
44,2441
14,2442
10,2443
24,2444
18,2445
46,2446
26,2447
42,2448
28,2449
5,2450
35,2451
3,2452
21,2453
48,2454
16,2455
11,2456
12,2457
7,2458
41,2459
18,2460
8,2461
8,2462
12,2463
30,2464
37,2465
25,2466
16,2467
22,2468
45,2469
27,2470
2,2471
5,2472
42,2473
33,2474
22,2475
21,2476
24,2477
45,2478
48,2479
49,2480
31,2481
24,2482
30,2483
18,2484
31,2485
31,2486
17,2487
48,2488
8,2489
31,2490
6,2491
40,2492
29,2493
22,2494
48,2495
6,2496
34,2497
21,2498
21,2499
13,2500
4,2501
40,2502
28,2503
28,2504
26,2505
24,2506
44,2507
15,2508
2,2509
27,2510
24,2511
21,2512
28,2513
19,2514
34,2515
3,2516
19,2517
28,2518
6,2519
48,2520
16,2521
43,2522
18,2523
17,2524
35,2525
17,2526
48,2527
1,2528
36,2529
15,2530
10,2531
17,2532
45,2533
35,2534
13,2535
11,2536
29,2537
7,2538
35,2539
23,2540
18,2541
32,2542
20,2543
5,2544
16,2545
30,2546
9,2547
42,2548
36,2549
9,2550
24,2551
30,2552
1,2553
26,2554
33,2555
20,2556
44,2557
11,2558
20,2559
3,2560
1,2561
21,2562
31,2563
34,2564
6,2565
37,2566
26,2567
38,2568
46,2569
9,2570
4,2571
11,2572
47,2573
4,2574
38,2575
26,2576
28,2577
27,2578
38,2579
23,2580
18,2581
38,2582
30,2583
10,2584
44,2585
35,2586
24,2587
14,2588
4,2589
46,2590
5,2591
26,2592
6,2593
9,2594
16,2595
7,2596
19,2597
32,2598
22,2599
25,2600
29,2601
28,2602
16,2603
3,2604
29,2605
49,2606
18,2607
16,2608
0,2609
24,2610
6,2611
33,2612
6,2613
34,2614
45,2615
9,2616
39,2617
9,2618
5,2619
25,2620
17,2621
35,2622
32,2623
18,2624
42,2625
38,2626
45,2627
11,2628
10,2629
6,2630
3,2631
0,2632
22,2633
17,2634
4,2635
22,2636
15,2637
38,2638
36,2639
39,2640
44,2641
37,2642
7,2643
36,2644
16,2645
9,2646
30,2647
26,2648
24,2649
21,2650
36,2651
30,2652
24,2653
19,2654
5,2655
37,2656
36,2657
5,2658
0,2659
19,2660
41,2661
44,2662
45,2663
1,2664
9,2665
38,2666
34,2667
31,2668
23,2669
2,2670
29,2671
48,2672
28,2673
16,2674
3,2675
19,2676
14,2677
17,2678
17,2679
3,2680
26,2681
20,2682
6,2683
1,2684
21,2685
10,2686
5,2687
48,2688
46,2689
14,2690
23,2691
25,2692
9,2693
10,2694
25,2695
39,2696
33,2697
36,2698
1,2699
35,2700
19,2701
16,2702
6,2703
12,2704
0,2705
27,2706
25,2707
44,2708
3,2709
27,2710
41,2711
43,2712
1,2713
46,2714
32,2715
31,2716
40,2717
30,2718
11,2719
0,2720
25,2721
9,2722
30,2723
41,2724
12,2725
30,2726
35,2727
17,2728
47,2729
31,2730
48,2731
5,2732
27,2733
39,2734
13,2735
28,2736
10,2737
31,2738
17,2739
30,2740
10,2741
17,2742
46,2743
12,2744
18,2745
14,2746
0,2747
3,2748
1,2749
36,2750
14,2751
2,2752
35,2753
19,2754
3,2755
41,2756
1,2757
39,2758
7,2759
24,2760
37,2761
34,2762
31,2763
38,2764
43,2765
34,2766
23,2767
41,2768
4,2769
15,2770
35,2771
22,2772
21,2773
3,2774
29,2775
21,2776
23,2777
19,2778
24,2779
38,2780
9,2781
49,2782
21,2783
41,2784
17,2785
44,2786
47,2787
19,2788
27,2789
25,2790
11,2791
26,2792
11,2793
48,2794
19,2795
11,2796
39,2797
49,2798
35,2799
47,2800
25,2801
49,2802
44,2803
16,2804
2,2805
42,2806
9,2807
4,2808
6,2809
5,2810
17,2811
31,2812
6,2813
48,2814
7,2815
14,2816
46,2817
17,2818
17,2819
43,2820
49,2821
34,2822
19,2823
1,2824
1,2825
4,2826
46,2827
5,2828
30,2829
33,2830
6,2831
34,2832
7,2833
33,2834
11,2835
17,2836
25,2837
43,2838
49,2839
39,2840
12,2841
12,2842
28,2843
38,2844
22,2845
30,2846
17,2847
45,2848
7,2849
16,2850
42,2851
45,2852
35,2853
16,2854
2,2855
45,2856
46,2857
22,2858
23,2859
10,2860
42,2861
7,2862
49,2863
5,2864
20,2865
5,2866
15,2867
42,2868
47,2869
31,2870
11,2871
40,2872
39,2873
0,2874
39,2875
12,2876
45,2877
31,2878
36,2879
13,2880
24,2881
37,2882
43,2883
4,2884
43,2885
41,2886
39,2887
11,2888
45,2889
9,2890
39,2891
13,2892
35,2893
19,2894
38,2895
23,2896
48,2897
34,2898
38,2899
27,2900
47,2901
47,2902
44,2903
4,2904
37,2905
30,2906
20,2907
17,2908
5,2909
8,2910
11,2911
20,2912
5,2913
22,2914
23,2915
38,2916
19,2917
47,2918
19,2919
17,2920
17,2921
14,2922
14,2923
16,2924
16,2925
6,2926
5,2927
38,2928
15,2929
14,2930
15,2931
2,2932
4,2933
30,2934
31,2935
26,2936
15,2937
4,2938
34,2939
28,2940
3,2941
4,2942
42,2943
26,2944
5,2945
49,2946
21,2947
40,2948
27,2949
33,2950
6,2951
20,2952
7,2953
10,2954
2,2955
1,2956
47,2957
23,2958
32,2959
42,2960
14,2961
49,2962
36,2963
0,2964
14,2965
49,2966
39,2967
1,2968
18,2969
28,2970
45,2971
28,2972
15,2973
31,2974
15,2975
44,2976
31,2977
16,2978
37,2979
33,2980
49,2981
17,2982
21,2983
48,2984
39,2985
19,2986
14,2987
26,2988
7,2989
36,2990
48,2991
43,2992
38,2993
39,2994
24,2995
14,2996
39,2997
26,2998
11,2999
28,3000
4,3001
10,3002
20,3003
26,3004
3,3005
33,3006
38,3007
2,3008
44,3009
12,3010
37,3011
15,3012
16,3013
40,3014
0,3015
32,3016
39,3017
45,3018
42,3019
14,3020
6,3021
4,3022
45,3023
18,3024
33,3025
38,3026
21,3027
49,3028
13,3029
14,3030
1,3031
32,3032
2,3033
7,3034
6,3035
37,3036
46,3037
45,3038
13,3039
22,3040
29,3041
13,3042
40,3043
18,3044
24,3045
19,3046
41,3047
0,3048
0,3049
11,3050
0,3051
19,3052
8,3053
31,3054
3,3055
28,3056
7,3057
24,3058
1,3059
41,3060
18,3061
12,3062
35,3063
27,3064
20,3065
38,3066
0,3067
29,3068
42,3069
0,3070
19,3071
36,3072
1,3073
9,3074
46,3075
2,3076
48,3077
3,3078
33,3079
47,3080
3,3081
49,3082
5,3083
23,3084
10,3085
19,3086
16,3087
17,3088
25,3089
13,3090
4,3091
9,3092
5,3093
2,3094
6,3095
45,3096
7,3097
23,3098
40,3099
20,3100
6,3101
15,3102
26,3103
5,3104
48,3105
5,3106
19,3107
34,3108
30,3109
21,3110
9,3111
40,3112
49,3113
35,3114
32,3115
21,3116
2,3117
18,3118
45,3119
37,3120
12,3121
10,3122
32,3123
25,3124
10,3125
22,3126
37,3127
29,3128
2,3129
34,3130
49,3131
6,3132
33,3133
33,3134
41,3135
5,3136
32,3137
20,3138
28,3139
7,3140
27,3141
26,3142
13,3143
48,3144
0,3145
9,3146
33,3147
12,3148
0,3149
31,3150
32,3151
4,3152
46,3153
25,3154
0,3155
4,3156
47,3157
5,3158
7,3159
25,3160
17,3161
21,3162
6,3163
10,3164
36,3165
32,3166
4,3167
7,3168
11,3169
36,3170
30,3171
16,3172
47,3173
0,3174
9,3175
9,3176
33,3177
37,3178
47,3179
19,3180
42,3181
6,3182
26,3183
24,3184
2,3185
23,3186
39,3187
20,3188
8,3189
18,3190
47,3191
12,3192
2,3193
18,3194
11,3195
44,3196
7,3197
40,3198
19,3199
15,3200
33,3201
23,3202
30,3203
15,3204
1,3205
39,3206
31,3207
20,3208
21,3209
14,3210
2,3211
19,3212
20,3213
6,3214
30,3215
8,3216
32,3217
16,3218
18,3219
21,3220
44,3221
20,3222
33,3223
35,3224
32,3225
44,3226
4,3227
2,3228
33,3229
29,3230
49,3231
0,3232
20,3233
8,3234
39,3235
38,3236
16,3237
24,3238
43,3239
0,3240
47,3241
1,3242
27,3243
14,3244
2,3245
40,3246
3,3247
43,3248
38,3249
44,3250
25,3251
29,3252
40,3253
0,3254
40,3255
43,3256
16,3257
49,3258
15,3259
3,3260
36,3261
49,3262
48,3263
4,3264
35,3265
14,3266
44,3267
36,3268
35,3269
25,3270
27,3271
36,3272
10,3273
31,3274
3,3275
22,3276
42,3277
43,3278
14,3279
43,3280
24,3281
13,3282
45,3283
35,3284
19,3285
23,3286
31,3287
33,3288
49,3289
13,3290
20,3291
23,3292
37,3293
34,3294
14,3295
4,3296
42,3297
48,3298
5,3299
41,3300
40,3301
6,3302
11,3303
7,3304
48,3305
32,3306
21,3307
41,3308
17,3309
47,3310
3,3311
31,3312
42,3313
43,3314
29,3315
45,3316
3,3317
32,3318
3,3319
5,3320
39,3321
25,3322
34,3323
47,3324
7,3325
47,3326
17,3327
25,3328
37,3329
29,3330
21,3331
44,3332
29,3333
14,3334
26,3335
34,3336
41,3337
13,3338
3,3339
11,3340
20,3341
4,3342
40,3343
47,3344
5,3345
7,3346
39,3347
30,3348
24,3349
15,3350
12,3351
25,3352
6,3353
39,3354
7,3355
44,3356
22,3357
13,3358
9,3359
39,3360
41,3361
28,3362
21,3363
2,3364
49,3365
45,3366
38,3367
24,3368
3,3369
44,3370
0,3371
18,3372
1,3373
40,3374
3,3375
42,3376
16,3377
6,3378
16,3379
38,3380
5,3381
0,3382
17,3383
23,3384
29,3385
47,3386
16,3387
47,3388
41,3389
0,3390
36,3391
45,3392
26,3393
19,3394
17,3395
6,3396
47,3397
33,3398
1,3399
46,3400
24,3401
35,3402
45,3403
8,3404
38,3405
15,3406
2,3407
16,3408
7,3409
39,3410
30,3411
1,3412
36,3413
26,3414
37,3415
29,3416
11,3417
38,3418
30,3419
0,3420
9,3421
1,3422
20,3423
34,3424
2,3425
5,3426
3,3427
20,3428
25,3429
4,3430
26,3431
24,3432
9,3433
39,3434
34,3435
38,3436
26,3437
14,3438
40,3439
38,3440
34,3441
15,3442
22,3443
3,3444
23,3445
17,3446
11,3447
19,3448
9,3449
26,3450
40,3451
46,3452
26,3453
12,3454
2,3455
43,3456
29,3457
30,3458
48,3459
2,3460
43,3461
26,3462
44,3463
31,3464
35,3465
36,3466
27,3467
6,3468
23,3469
49,3470
36,3471
29,3472
8,3473
19,3474
17,3475
41,3476
22,3477
39,3478
33,3479
16,3480
40,3481
20,3482
48,3483
39,3484
36,3485
1,3486
9,3487
44,3488
12,3489
19,3490
26,3491
42,3492
32,3493
17,3494
15,3495
45,3496
3,3497
8,3498
23,3499
0,3500
7,3501
39,3502
1,3503
5,3504
2,3505
22,3506
3,3507
33,3508
27,3509
10,3510
34,3511
10,3512
13,3513
43,3514
16,3515
20,3516
6,3517
4,3518
18,3519
10,3520
5,3521
7,3522
6,3523
11,3524
7,3525
47,3526
25,3527
34,3528
45,3529
4,3530
16,3531
5,3532
25,3533
6,3534
43,3535
7,3536
47,3537
3,3538
16,3539
19,3540
13,3541
48,3542
38,3543
0,3544
47,3545
1,3546
39,3547
5,3548
2,3549
43,3550
3,3551
49,3552
33,3553
42,3554
17,3555
1,3556
24,3557
47,3558
31,3559
0,3560
41,3561
1,3562
16,3563
44,3564
28,3565
2,3566
49,3567
48,3568
3,3569
1,3570
12,3571
21,3572
13,3573
29,3574
32,3575
28,3576
46,3577
6,3578
47,3579
44,3580
42,3581
34,3582
30,3583
23,3584
21,3585
47,3586
9,3587
0,3588
3,3589
15,3590
4,3591
0,3592
41,3593
42,3594
49,3595
5,3596
46,3597
41,3598
28,3599
25,3600
6,3601
12,3602
20,3603
13,3604
30,3605
45,3606
16,3607
38,3608
28,3609
4,3610
28,3611
5,3612
11,3613
20,3614
6,3615
31,3616
36,3617
7,3618
38,3619
49,3620
11,3621
19,3622
14,3623
19,3624
30,3625
12,3626
19,3627
23,3628
44,3629
27,3630
27,3631
45,3632
0,3633
21,3634
3,3635
2,3636
7,3637
1,3638
45,3639
2,3640
25,3641
17,3642
37,3643
41,3644
31,3645
48,3646
6,3647
16,3648
22,3649
29,3650
3,3651
11,3652
15,3653
34,3654
5,3655
27,3656
25,3657
13,3658
20,3659
17,3660
18,3661
28,3662
4,3663
34,3664
5,3665
28,3666
27,3667
6,3668
16,3669
7,3670
2,3671
25,3672
32,3673
16,3674
37,3675
24,3676
5,3677
17,3678
12,3679
15,3680
19,3681
28,3682
3,3683
45,3684
6,3685
37,3686
46,3687
23,3688
5,3689
46,3690
14,3691
39,3692
41,3693
8,3694
6,3695
9,3696
9,3697
16,3698
21,3699
43,3700
43,3701
1,3702
6,3703
19,3704
12,3705
46,3706
9,3707
25,3708
37,3709
7,3710
32,3711
33,3712
0,3713
44,3714
16,3715
6,3716
1,3717
1,3718
29,3719
31,3720
8,3721
45,3722
20,3723
42,3724
32,3725
25,3726
46,3727
12,3728
1,3729
28,3730
22,3731
25,3732
5,3733
49,3734
19,3735
36,3736
39,3737
20,3738
44,3739
20,3740
21,3741
47,3742
39,3743
23,3744
39,3745
43,3746
24,3747
9,3748
25,3749
40,3750
24,3751
36,3752
28,3753
31,3754
8,3755
8,3756
2,3757
10,3758
12,3759
3,3760
33,3761
36,3762
45,3763
42,3764
4,3765
26,3766
5,3767
20,3768
6,3769
44,3770
7,3771
28,3772
26,3773
49,3774
48,3775
0,3776
5,3777
19,3778
19,3779
48,3780
37,3781
30,3782
16,3783
0,3784
32,3785
48,3786
23,3787
1,3788
30,3789
43,3790
2,3791
3,3792
3,3793
2,3794
45,3795
12,3796
22,3797
23,3798
29,3799
29,3800
22,3801
48,3802
15,3803
40,3804
15,3805
28,3806
1,3807
26,3808
3,3809
11,3810
48,3811
47,3812
23,3813
15,3814
12,3815
3,3816
0,3817
43,3818
21,3819
31,3820
21,3821
40,3822
45,3823
5,3824
43,3825
4,3826
4,3827
2,3828
33,3829
17,3830
2,3831
3,3832
49,3833
42,3834
25,3835
47,3836
4,3837
48,3838
7,3839
32,3840
4,3841
46,3842
32,3843
13,3844
10,3845
3,3846
3,3847
43,3848
4,3849
14,3850
5,3851
1,3852
6,3853
39,3854
4,3855
35,3856
7,3857
7,3858
6,3859
1,3860
15,3861
11,3862
23,3863
30,3864
30,3865
39,3866
38,3867
48,3868
26,3869
40,3870
24,3871
40,3872
4,3873
35,3874
3,3875
5,3876
12,3877
6,3878
28,3879
48,3880
39,3881
7,3882
25,3883
11,3884
16,3885
41,3886
31,3887
49,3888
5,3889
13,3890
23,3891
23,3892
24,3893
15,3894
0,3895
8,3896
22,3897
17,3898
0,3899
41,3900
2,3901
46,3902
42,3903
16,3904
49,3905
0,3906
17,3907
10,3908
31,3909
30,3910
34,3911
6,3912
2,3913
16,3914
11,3915
3,3916
49,3917
22,3918
48,3919
31,3920
23,3921
8,3922
18,3923
10,3924
29,3925
4,3926
0,3927
1,3928
31,3929
12,3930
20,3931
31,3932
7,3933
34,3934
40,3935
30,3936
8,3937
47,3938
36,3939
31,3940
42,3941
26,3942
25,3943
15,3944
48,3945
39,3946
22,3947
3,3948
40,3949
0,3950
10,3951
36,3952
34,3953
35,3954
37,3955
4,3956
17,3957
42,3958
5,3959
2,3960
18,3961
6,3962
34,3963
43,3964
7,3965
6,3966
37,3967
32,3968
7,3969
30,3970
30,3971
40,3972
18,3973
4,3974
45,3975
30,3976
5,3977
4,3978
6,3979
49,3980
7,3981
31,3982
28,3983
35,3984
46,3985
30,3986
14,3987
1,3988
45,3989
45,3990
4,3991
19,3992
17,3993
0,3994
24,3995
8,3996
32,3997
1,3998
1,3999
15,4000
2,4001
21,4002
14,4003
3,4004
48,4005
38,4006
31,4007
24,4008
14,4009
14,4010
21,4011
5,4012
48,4013
15,4014
20,4015
30,4016
16,4017
10,4018
14,4019
7,4020
7,4021
42,4022
33,4023
16,4024
20,4025
28,4026
22,4027
11,4028
21,4029
15,4030
37,4031
27,4032
48,4033
24,4034
44,4035
8,4036
1,4037
1,4038
37,4039
15,4040
26,4041
0,4042
3,4043
1,4044
43,4045
2,4046
38,4047
3,4048
13,4049
38,4050
0,4051
26,4052
1,4053
25,4054
20,4055
1,4056
22,4057
41,4058
2,4059
42,4060
3,4061
24,4062
30,4063
33,4064
4,4065
18,4066
42,4067
35,4068
10,4069
45,4070
2,4071
39,4072
29,4073
37,4074
7,4075
37,4076
45,4077
3,4078
4,4079
19,4080
5,4081
45,4082
6,4083
20,4084
7,4085
19,4086
22,4087
23,4088
25,4089
36,4090
26,4091
18,4092
47,4093
13,4094
40,4095
45,4096
3,4097
33,4098
48,4099
40,4100
14,4101
12,4102
7,4103
30,4104
13,4105
37,4106
6,4107
44,4108
38,4109
24,4110
20,4111
46,4112
27,4113
44,4114
28,4115
6,4116
12,4117
8,4118
15,4119
47,4120
10,4121
26,4122
13,4123
21,4124
14,4125
11,4126
31,4127
23,4128
23,4129
0,4130
48,4131
1,4132
34,4133
33,4134
2,4135
35,4136
31,4137
23,4138
3,4139
0,4140
9,4141
15,4142
28,4143
0,4144
23,4145
24,4146
4,4147
36,4148
49,4149
20,4150
40,4151
39,4152
2,4153
20,4154
30,4155
48,4156
48,4157
41,4158
29,4159
0,4160
34,4161
7,4162
26,4163
30,4164
43,4165
15,4166
19,4167
36,4168
4,4169
10,4170
5,4171
18,4172
47,4173
45,4174
0,4175
33,4176
10,4177
6,4178
29,4179
31,4180
29,4181
40,4182
7,4183
15,4184
19,4185
38,4186
49,4187
46,4188
3,4189
44,4190
38,4191
49,4192
27,4193
22,4194
4,4195
7,4196
35,4197
15,4198
27,4199
6,4200
22,4201
34,4202
21,4203
47,4204
42,4205
3,4206
9,4207
19,4208
24,4209
24,4210
31,4211
32,4212
41,4213
28,4214
48,4215
36,4216
4,4217
36,4218
5,4219
34,4220
6,4221
18,4222
7,4223
39,4224
34,4225
7,4226
41,4227
41,4228
48,4229
49,4230
39,4231
48,4232
27,4233
12,4234
12,4235
1,4236
32,4237
34,4238
43,4239
26,4240
23,4241
6,4242
15,4243
43,4244
37,4245
42,4246
19,4247
36,4248
21,4249
36,4250
38,4251
3,4252
34,4253
21,4254
33,4255
10,4256
45,4257
0,4258
31,4259
1,4260
12,4261
2,4262
17,4263
3,4264
25,4265
16,4266
39,4267
47,4268
7,4269
28,4270
18,4271
28,4272
1,4273
1,4274
28,4275
7,4276
41,4277
17,4278
13,4279
18,4280
28,4281
37,4282
15,4283
6,4284
9,4285
5,4286
11,4287
30,4288
16,4289
21,4290
8,4291
0,4292
39,4293
44,4294
1,4295
20,4296
36,4297
2,4298
9,4299
1,4300
8,4301
3,4302
6,4303
45,4304
32,4305
17,4306
0,4307
33,4308
48,4309
1,4310
6,4311
2,4312
33,4313
47,4314
2,4315
28,4316
44,4317
39,4318
20,4319
0,4320
48,4321
9,4322
14,4323
10,4324
11,4325
37,4326
34,4327
15,4328
14,4329
19,4330
1,4331
25,4332
14,4333
37,4334
39,4335
21,4336
26,4337
37,4338
36,4339
8,4340
43,4341
7,4342
48,4343
29,4344
24,4345
11,4346
28,4347
24,4348
1,4349
15,4350
4,4351
21,4352
8,4353
5,4354
16,4355
16,4356
27,4357
6,4358
29,4359
7,4360
17,4361
32,4362
27,4363
46,4364
46,4365
14,4366
39,4367
11,4368
11,4369
27,4370
31,4371
34,4372
33,4373
3,4374
4,4375
1,4376
39,4377
47,4378
38,4379
21,4380
17,4381
2,4382
15,4383
36,4384
32,4385
47,4386
14,4387
35,4388
22,4389
47,4390
2,4391
31,4392
30,4393
36,4394
38,4395
16,4396
44,4397
38,4398
24,4399
28,4400
1,4401
25,4402
35,4403
1,4404
44,4405
1,4406
35,4407
8,4408
0,4409
49,4410
6,4411
1,4412
0,4413
2,4414
48,4415
48,4416
14,4417
18,4418
0,4419
38,4420
0,4421
3,4422
12,4423
18,4424
36,4425
1,4426
22,4427
18,4428
1,4429
23,4430
25,4431
33,4432
45,4433
13,4434
28,4435
40,4436
26,4437
44,4438
8,4439
9,4440
41,4441
21,4442
0,4443
29,4444
8,4445
48,4446
7,4447
28,4448
23,4449
0,4450
3,4451
1,4452
37,4453
2,4454
10,4455
20,4456
43,4457
35,4458
3,4459
4,4460
1,4461
33,4462
10,4463
44,4464
27,4465
29,4466
14,4467
42,4468
18,4469
16,4470
27,4471
28,4472
47,4473
29,4474
38,4475
6,4476
29,4477
7,4478
16,4479
11,4480
45,4481
18,4482
32,4483
40,4484
33,4485
33,4486
41,4487
22,4488
44,4489
40,4490
32,4491
41,4492
4,4493
21,4494
5,4495
19,4496
35,4497
6,4498
8,4499
7,4500
25,4501
29,4502
41,4503
31,4504
36,4505
2,4506
10,4507
16,4508
46,4509
32,4510
28,4511
16,4512
35,4513
7,4514
26,4515
39,4516
23,4517
3,4518
11,4519
39,4520
9,4521
7,4522
28,4523
39,4524
47,4525
31,4526
27,4527
20,4528
41,4529
33,4530
26,4531
36,4532
48,4533
24,4534
26,4535
6,4536
43,4537
21,4538
44,4539
1,4540
6,4541
44,4542
32,4543
8,4544
45,4545
3,4546
47,4547
37,4548
20,4549
43,4550
27,4551
6,4552
20,4553
49,4554
37,4555
21,4556
18,4557
41,4558
42,4559
14,4560
49,4561
3,4562
42,4563
3,4564
35,4565
7,4566
41,4567
10,4568
34,4569
5,4570
3,4571
27,4572
2,4573
38,4574
27,4575
49,4576
2,4577
43,4578
1,4579
47,4580
8,4581
4,4582
35,4583
38,4584
43,4585
13,4586
2,4587
38,4588
23,4589
3,4590
7,4591
43,4592
21,4593
33,4594
26,4595
13,4596
1,4597
33,4598
2,4599
40,4600
29,4601
3,4602
3,4603
4,4604
21,4605
19,4606
0,4607
48,4608
1,4609
32,4610
2,4611
36,4612
0,4613
3,4614
37,4615
45,4616
1,4617
43,4618
40,4619
17,4620
37,4621
23,4622
32,4623
13,4624
19,4625
9,4626
39,4627
45,4628
9,4629
33,4630
10,4631
45,4632
20,4633
2,4634
15,4635
2,4636
4,4637
35,4638
5,4639
39,4640
7,4641
27,4642
26,4643
44,4644
8,4645
19,4646
3,4647
17,4648
17,4649
1,4650
47,4651
49,4652
5,4653
45,4654
33,4655
13,4656
6,4657
39,4658
8,4659
2,4660
19,4661
42,4662
7,4663
20,4664
36,4665
6,4666
26,4667
6,4668
2,4669
49,4670
1,4671
16,4672
30,4673
40,4674
0,4675
9,4676
11,4677
6,4678
8,4679
27,4680
7,4681
1,4682
28,4683
0,4684
49,4685
14,4686
15,4687
25,4688
44,4689
21,4690
48,4691
41,4692
3,4693
36,4694
24,4695
40,4696
26,4697
22,4698
6,4699
14,4700
44,4701
48,4702
4,4703
22,4704
5,4705
8,4706
27,4707
36,4708
6,4709
13,4710
46,4711
22,4712
7,4713
25,4714
41,4715
37,4716
48,4717
1,4718
39,4719
46,4720
6,4721
24,4722
36,4723
19,4724
18,4725
0,4726
25,4727
37,4728
34,4729
1,4730
46,4731
2,4732
7,4733
31,4734
4,4735
11,4736
27,4737
27,4738
4,4739
19,4740
26,4741
4,4742
28,4743
23,4744
5,4745
22,4746
43,4747
0,4748
26,4749
0,4750
34,4751
32,4752
30,4753
6,4754
13,4755
7,4756
15,4757
25,4758
21,4759
35,4760
21,4761
47,4762
28,4763
11,4764
4,4765
34,4766
43,4767
8,4768
36,4769
47,4770
33,4771
4,4772
3,4773
19,4774
13,4775
39,4776
11,4777
22,4778
1,4779
37,4780
23,4781
27,4782
30,4783
6,4784
29,4785
8,4786
19,4787
10,4788
20,4789
40,4790
49,4791
0,4792
9,4793
1,4794
20,4795
2,4796
28,4797
39,4798
49,4799
7,4800
32,4801
3,4802
15,4803
25,4804
2,4805
10,4806
40,4807
43,4808
26,4809
2,4810
4,4811
32,4812
35,4813
30,4814
5,4815
30,4816
2,4817
6,4818
17,4819
7,4820
43,4821
15,4822
13,4823
46,4824
18,4825
32,4826
40,4827
15,4828
18,4829
15,4830
31,4831
28,4832
36,4833
46,4834
14,4835
10,4836
8,4837
37,4838
7,4839
41,4840
46,4841
8,4842
6,4843
46,4844
34,4845
24,4846
43,4847
30,4848
10,4849
35,4850
27,4851
26,4852
5,4853
28,4854
21,4855
43,4856
12,4857
42,4858
43,4859
23,4860
27,4861
34,4862
4,4863
8,4864
2,4865
25,4866
9,4867
15,4868
32,4869
40,4870
24,4871
23,4872
9,4873
33,4874
7,4875
13,4876
0,4877
18,4878
44,4879
36,4880
21,4881
16,4882
1,4883
31,4884
14,4885
43,4886
28,4887
4,4888
18,4889
29,4890
3,4891
2,4892
17,4893
45,4894
27,4895
13,4896
46,4897
16,4898
8,4899
17,4900
24,4901
0,4902
10,4903
10,4904
19,4905
5,4906
32,4907
33,4908
28,4909
7,4910
19,4911
6,4912
4,4913
22,4914
42,4915
15,4916
0,4917
23,4918
2,4919
32,4920
26,4921
21,4922
46,4923
43,4924
35,4925
23,4926
2,4927
34,4928
13,4929
35,4930
45,4931
34,4932
27,4933
15,4934
43,4935
11,4936
35,4937
4,4938
14,4939
0,4940
34,4941
9,4942
0,4943
25,4944
1,4945
33,4946
30,4947
2,4948
27,4949
3,4950
3,4951
5,4952
43,4953
12,4954
0,4955
19,4956
34,4957
35,4958
21,4959
4,4960
36,4961
30,4962
31,4963
10,4964
47,4965
31,4966
3,4967
12,4968
33,4969
45,4970
45,4971
44,4972
32,4973
27,4974
45,4975
28,4976
18,4977
38,4978
28,4979
26,4980
38,4981
33,4982
43,4983
40,4984
14,4985
25,4986
5,4987
17,4988
34,4989
29,4990
37,4991
0,4992
14,4993
22,4994
8,4995
10,4996
39,4997
20,4998
6,4999
4,5000
3,5001
5,5002
33,5003
6,5004
42,5005
7,5006
9,5007
26,5008
27,5009
13,5010
45,5011
3,5012
36,5013
7,5014
14,5015
7,5016
23,5017
39,5018
24,5019
33,5020
48,5021
8,5022
49,5023
47,5024
37,5025
48,5026
45,5027
24,5028
12,5029
20,5030
48,5031
19,5032
12,5033
9,5034
9,5035
32,5036
24,5037
16,5038
0,5039
1,5040
38,5041
18,5042
47,5043
27,5044
17,5045
20,5046
35,5047
2,5048
27,5049
32,5050
27,5051
36,5052
32,5053
5,5054
8,5055
9,5056
45,5057
7,5058
35,5059
31,5060
30,5061
4,5062
27,5063
37,5064
46,5065
29,5066
43,5067
26,5068
1,5069
11,5070
19,5071
48,5072
30,5073
20,5074
9,5075
20,5076
28,5077
15,5078
37,5079
33,5080
2,5081
8,5082
41,5083
33,5084
28,5085
20,5086
11,5087
47,5088
20,5089
21,5090
33,5091
13,5092
48,5093
35,5094
24,5095
47,5096
32,5097
0,5098
45,5099
11,5100
13,5101
40,5102
4,5103
14,5104
43,5105
22,5106
10,5107
15,5108
40,5109
5,5110
25,5111
37,5112
39,5113
32,5114
7,5115
30,5116
42,5117
45,5118
5,5119
11,5120
3,5121
38,5122
25,5123
0,5124
19,5125
27,5126
38,5127
19,5128
49,5129
0,5130
3,5131
1,5132
4,5133
26,5134
37,5135
22,5136
17,5137
2,5138
45,5139
37,5140
3,5141
34,5142
29,5143
0,5144
34,5145
40,5146
4,5147
14,5148
21,5149
36,5150
42,5151
5,5152
43,5153
6,5154
34,5155
7,5156
12,5157
4,5158
4,5159
4,5160
6,5161
3,5162
0,5163
16,5164
47,5165
48,5166
44,5167
3,5168
44,5169
12,5170
38,5171
1,5172
44,5173
37,5174
41,5175
42,5176
5,5177
10,5178
46,5179
22,5180
35,5181
1,5182
8,5183
25,5184
25,5185
47,5186
27,5187
10,5188
4,5189
4,5190
35,5191
25,5192
20,5193
34,5194
8,5195
3,5196
37,5197
34,5198
44,5199
28,5200
13,5201
32,5202
6,5203
0,5204
37,5205
41,5206
26,5207
32,5208
16,5209
3,5210
26,5211
29,5212
19,5213
37,5214
3,5215
5,5216
31,5217
37,5218
0,5219
30,5220
10,5221
1,5222
39,5223
2,5224
39,5225
29,5226
3,5227
0,5228
33,5229
10,5230
11,5231
17,5232
45,5233
35,5234
11,5235
14,5236
21,5237
34,5238
14,5239
37,5240
18,5241
12,5242
27,5243
23,5244
17,5245
47,5246
9,5247
16,5248
39,5249
5,5250
2,5251
47,5252
43,5253
2,5254
4,5255
23,5256
9,5257
3,5258
36,5259
46,5260
1,5261
3,5262
9,5263
37,5264
30,5265
14,5266
16,5267
46,5268
43,5269
4,5270
39,5271
21,5272
42,5273
15,5274
7,5275
8,5276
25,5277
21,5278
33,5279
2,5280
35,5281
18,5282
17,5283
48,5284
49,5285
28,5286
36,5287
21,5288
3,5289
0,5290
38,5291
33,5292
22,5293
18,5294
0,5295
3,5296
6,5297
42,5298
5,5299
43,5300
42,5301
26,5302
14,5303
24,5304
34,5305
28,5306
19,5307
4,5308
44,5309
5,5310
20,5311
6,5312
48,5313
7,5314
11,5315
18,5316
41,5317
11,5318
14,5319
31,5320
6,5321
30,5322
9,5323
38,5324
16,5325
14,5326
4,5327
16,5328
5,5329
40,5330
6,5331
49,5332
30,5333
20,5334
25,5335
7,5336
6,5337
18,5338
44,5339
38,5340
37,5341
13,5342
33,5343
12,5344
16,5345
17,5346
5,5347
11,5348
18,5349
28,5350
13,5351
16,5352
0,5353
44,5354
43,5355
14,5356
31,5357
23,5358
45,5359
29,5360
22,5361
19,5362
3,5363
11,5364
8,5365
19,5366
18,5367
47,5368
2,5369
6,5370
30,5371
47,5372
10,5373
11,5374
0,5375
49,5376
47,5377
19,5378
40,5379
36,5380
15,5381
47,5382
29,5383
37,5384
37,5385
39,5386
41,5387
29,5388
8,5389
39,5390
6,5391
8,5392
22,5393
24,5394
6,5395
19,5396
22,5397
31,5398
35,5399
35,5400
14,5401
17,5402
10,5403
13,5404
20,5405
13,5406
49,5407
48,5408
31,5409
8,5410
2,5411
29,5412
18,5413
27,5414
45,5415
32,5416
23,5417
28,5418
47,5419
42,5420
1,5421
47,5422
49,5423
32,5424
36,5425
21,5426
40,5427
18,5428
45,5429
16,5430
19,5431
32,5432
8,5433
20,5434
4,5435
18,5436
5,5437
36,5438
31,5439
38,5440
6,5441
17,5442
47,5443
27,5444
24,5445
7,5446
10,5447
17,5448
14,5449
20,5450
36,5451
23,5452
40,5453
23,5454
14,5455
19,5456
4,5457
39,5458
43,5459
5,5460
26,5461
6,5462
1,5463
18,5464
24,5465
7,5466
27,5467
15,5468
41,5469
1,5470
3,5471
37,5472
38,5473
27,5474
22,5475
8,5476
15,5477
9,5478
20,5479
29,5480
2,5481
11,5482
21,5483
37,5484
39,5485
16,5486
18,5487
41,5488
20,5489
41,5490
15,5491
0,5492
3,5493
45,5494
3,5495
36,5496
21,5497
47,5498
19,5499
1,5500
3,5501
8,5502
42,5503
9,5504
46,5505
41,5506
25,5507
35,5508
35,5509
10,5510
43,5511
32,5512
7,5513
49,5514
43,5515
20,5516
0,5517
47,5518
25,5519
40,5520
25,5521
42,5522
6,5523
20,5524
21,5525
27,5526
42,5527
21,5528
8,5529
29,5530
9,5531
26,5532
37,5533
1,5534
12,5535
42,5536
4,5537
39,5538
2,5539
42,5540
46,5541
8,5542
9,5543
40,5544
16,5545
7,5546
38,5547
21,5548
41,5549
19,5550
14,5551
47,5552
14,5553
46,5554
48,5555
39,5556
7,5557
11,5558
20,5559
42,5560
37,5561
7,5562
48,5563
18,5564
0,5565
36,5566
33,5567
37,5568
46,5569
14,5570
23,5571
23,5572
44,5573
6,5574
22,5575
42,5576
5,5577
30,5578
28,5579
37,5580
40,5581
34,5582
10,5583
29,5584
9,5585
43,5586
21,5587
45,5588
42,5589
45,5590
31,5591
31,5592
37,5593
44,5594
3,5595
46,5596
28,5597
13,5598
43,5599
17,5600
1,5601
32,5602
20,5603
32,5604
39,5605
32,5606
26,5607
25,5608
7,5609
34,5610
24,5611
19,5612
7,5613
42,5614
20,5615
18,5616
20,5617
48,5618
41,5619
11,5620
27,5621
34,5622
11,5623
13,5624
43,5625
47,5626
13,5627
43,5628
8,5629
17,5630
40,5631
40,5632
6,5633
17,5634
26,5635
28,5636
45,5637
5,5638
24,5639
18,5640
7,5641
46,5642
23,5643
32,5644
42,5645
14,5646
11,5647
23,5648
13,5649
36,5650
22,5651
19,5652
45,5653
30,5654
32,5655
17,5656
32,5657
27,5658
37,5659
27,5660
14,5661
38,5662
15,5663
39,5664
22,5665
24,5666
6,5667
31,5668
38,5669
28,5670
0,5671
11,5672
45,5673
41,5674
34,5675
40,5676
22,5677
13,5678
6,5679
35,5680
1,5681
35,5682
39,5683
30,5684
20,5685
25,5686
25,5687
49,5688
48,5689
37,5690
15,5691
14,5692
16,5693
21,5694
36,5695
35,5696
15,5697
8,5698
22,5699
7,5700
10,5701
7,5702
9,5703
7,5704
15,5705
14,5706
1,5707
7,5708
49,5709
46,5710
44,5711
28,5712
43,5713
24,5714
23,5715
5,5716
48,5717
1,5718
8,5719
8,5720
29,5721
35,5722
38,5723
25,5724
31,5725
47,5726
13,5727
41,5728
40,5729
5,5730
10,5731
5,5732
3,5733
48,5734
47,5735
18,5736
12,5737
14,5738
29,5739
49,5740
42,5741
34,5742
0,5743
15,5744
21,5745
15,5746
7,5747
33,5748
40,5749
42,5750
34,5751
18,5752
34,5753
17,5754
1,5755
0,5756
13,5757
1,5758
19,5759
30,5760
18,5761
2,5762
19,5763
3,5764
11,5765
7,5766
43,5767
26,5768
17,5769
0,5770
46,5771
1,5772
42,5773
2,5774
1,5775
3,5776
40,5777
23,5778
4,5779
35,5780
21,5781
14,5782
45,5783
18,5784
47,5785
37,5786
0,5787
0,5788
37,5789
47,5790
21,5791
3,5792
23,5793
21,5794
20,5795
16,5796
26,5797
15,5798
15,5799
8,5800
15,5801
36,5802
46,5803
49,5804
39,5805
47,5806
45,5807
44,5808
16,5809
13,5810
25,5811
45,5812
9,5813
46,5814
22,5815
18,5816
36,5817
8,5818
26,5819
25,5820
41,5821
46,5822
21,5823
45,5824
42,5825
42,5826
0,5827
45,5828
1,5829
22,5830
11,5831
6,5832
2,5833
36,5834
3,5835
32,5836
15,5837
31,5838
16,5839
36,5840
14,5841
41,5842
8,5843
15,5844
31,5845
4,5846
20,5847
21,5848
31,5849
10,5850
9,5851
5,5852
5,5853
1,5854
12,5855
39,5856
28,5857
39,5858
15,5859
11,5860
44,5861
38,5862
1,5863
18,5864
17,5865
43,5866
46,5867
17,5868
42,5869
48,5870
19,5871
27,5872
33,5873
19,5874
47,5875
0,5876
13,5877
28,5878
7,5879
10,5880
23,5881
1,5882
10,5883
22,5884
31,5885
43,5886
42,5887
6,5888
27,5889
2,5890
35,5891
3,5892
5,5893
2,5894
17,5895
27,5896
44,5897
14,5898
1,5899
27,5900
32,5901
9,5902
30,5903
0,5904
46,5905
8,5906
10,5907
48,5908
23,5909
42,5910
38,5911
38,5912
17,5913
0,5914
0,5915
35,5916
22,5917
0,5918
2,5919
35,5920
39,5921
32,5922
2,5923
11,5924
40,5925
34,5926
4,5927
36,5928
44,5929
6,5930
7,5931
5,5932
34,5933
38,5934
0,5935
6,5936
0,5937
39,5938
7,5939
34,5940
1,5941
31,5942
1,5943
16,5944
32,5945
31,5946
2,5947
4,5948
10,5949
41,5950
5,5951
48,5952
6,5953
41,5954
6,5955
7,5956
46,5957
13,5958
7,5959
16,5960
22,5961
28,5962
29,5963
41,5964
9,5965
42,5966
5,5967
25,5968
17,5969
19,5970
16,5971
43,5972
10,5973
35,5974
37,5975
5,5976
43,5977
49,5978
12,5979
36,5980
32,5981
28,5982
43,5983
23,5984
27,5985
6,5986
44,5987
6,5988
43,5989
0,5990
33,5991
37,5992
15,5993
41,5994
46,5995
33,5996
12,5997
9,5998
47,5999
6,6000
27,6001
22,6002
0,6003
4,6004
40,6005
12,6006
10,6007
1,6008
23,6009
0,6010
2,6011
48,6012
43,6013
3,6014
46,6015
10,6016
27,6017
30,6018
42,6019
23,6020
4,6021
9,6022
2,6023
4,6024
45,6025
10,6026
44,6027
0,6028
11,6029
40,6030
31,6031
9,6032
18,6033
33,6034
28,6035
13,6036
5,6037
9,6038
1,6039
12,6040
3,6041
4,6042
4,6043
12,6044
34,6045
26,6046
30,6047
1,6048
4,6049
16,6050
31,6051
5,6052
15,6053
6,6054
24,6055
7,6056
49,6057
27,6058
43,6059
14,6060
13,6061
22,6062
30,6063
27,6064
28,6065
18,6066
27,6067
26,6068
2,6069
36,6070
37,6071
36,6072
11,6073
6,6074
27,6075
16,6076
35,6077
25,6078
32,6079
3,6080
3,6081
45,6082
34,6083
17,6084
0,6085
40,6086
9,6087
44,6088
49,6089
21,6090
47,6091
39,6092
20,6093
0,6094
5,6095
1,6096
10,6097
40,6098
25,6099
2,6100
11,6101
3,6102
14,6103
20,6104
35,6105
41,6106
37,6107
0,6108
13,6109
1,6110
17,6111
2,6112
26,6113
17,6114
3,6115
40,6116
22,6117
45,6118
5,6119
2,6120
11,6121
6,6122
46,6123
24,6124
2,6125
25,6126
17,6127
4,6128
19,6129
36,6130
38,6131
47,6132
46,6133
38,6134
12,6135
39,6136
11,6137
9,6138
39,6139
2,6140
45,6141
0,6142
2,6143
1,6144
32,6145
2,6146
18,6147
48,6148
36,6149
3,6150
29,6151
27,6152
41,6153
34,6154
16,6155
49,6156
10,6157
32,6158
0,6159
41,6160
42,6161
8,6162
16,6163
44,6164
16,6165
35,6166
46,6167
26,6168
35,6169
32,6170
30,6171
37,6172
27,6173
45,6174
8,6175
5,6176
23,6177
43,6178
32,6179
16,6180
2,6181
37,6182
28,6183
16,6184
44,6185
18,6186
45,6187
40,6188
23,6189
18,6190
5,6191
25,6192
43,6193
7,6194
7,6195
26,6196
31,6197
8,6198
8,6199
0,6200
28,6201
34,6202
12,6203
17,6204
47,6205
38,6206
13,6207
13,6208
44,6209
10,6210
10,6211
31,6212
13,6213
4,6214
38,6215
41,6216
29,6217
12,6218
45,6219
35,6220
1,6221
22,6222
7,6223
24,6224
9,6225
39,6226
20,6227
10,6228
31,6229
18,6230
49,6231
28,6232
19,6233
31,6234
25,6235
31,6236
42,6237
27,6238
9,6239
39,6240
0,6241
12,6242
43,6243
25,6244
24,6245
9,6246
25,6247
27,6248
34,6249
13,6250
33,6251
17,6252
7,6253
25,6254
40,6255
28,6256
28,6257
46,6258
39,6259
39,6260
7,6261
13,6262
48,6263
9,6264
49,6265
25,6266
38,6267
33,6268
47,6269
27,6270
45,6271
30,6272
35,6273
36,6274
9,6275
9,6276
3,6277
44,6278
34,6279
9,6280
5,6281
25,6282
21,6283
44,6284
26,6285
29,6286
15,6287
18,6288
48,6289
9,6290
46,6291
20,6292
45,6293
5,6294
49,6295
37,6296
43,6297
36,6298
12,6299
27,6300
41,6301
19,6302
47,6303
37,6304
0,6305
35,6306
1,6307
22,6308
2,6309
20,6310
27,6311
3,6312
35,6313
19,6314
35,6315
34,6316
0,6317
24,6318
0,6319
7,6320
14,6321
37,6322
48,6323
12,6324
34,6325
13,6326
40,6327
5,6328
6,6329
2,6330
23,6331
28,6332
0,6333
27,6334
32,6335
1,6336
7,6337
19,6338
26,6339
2,6340
14,6341
19,6342
40,6343
35,6344
18,6345
3,6346
32,6347
47,6348
44,6349
13,6350
21,6351
14,6352
12,6353
5,6354
23,6355
12,6356
3,6357
17,6358
47,6359
28,6360
17,6361
23,6362
4,6363
37,6364
17,6365
5,6366
28,6367
6,6368
33,6369
7,6370
11,6371
6,6372
44,6373
49,6374
7,6375
45,6376
0,6377
18,6378
11,6379
29,6380
4,6381
23,6382
6,6383
35,6384
31,6385
20,6386
11,6387
36,6388
38,6389
26,6390
4,6391
2,6392
2,6393
5,6394
17,6395
6,6396
34,6397
7,6398
9,6399
24,6400
36,6401
48,6402
10,6403
26,6404
8,6405
27,6406
35,6407
42,6408
12,6409
39,6410
38,6411
16,6412
10,6413
30,6414
43,6415
19,6416
28,6417
43,6418
46,6419
0,6420
7,6421
11,6422
20,6423
34,6424
23,6425
49,6426
38,6427
12,6428
4,6429
24,6430
20,6431
25,6432
2,6433
37,6434
38,6435
33,6436
14,6437
4,6438
2,6439
1,6440
23,6441
40,6442
37,6443
34,6444
11,6445
30,6446
9,6447
23,6448
37,6449
40,6450
45,6451
46,6452
45,6453
48,6454
47,6455
0,6456
34,6457
1,6458
40,6459
44,6460
2,6461
5,6462
3,6463
6,6464
2,6465
37,6466
41,6467
9,6468
10,6469
16,6470
45,6471
11,6472
15,6473
23,6474
13,6475
40,6476
23,6477
25,6478
47,6479
44,6480
44,6481
21,6482
14,6483
45,6484
5,6485
38,6486
42,6487
27,6488
20,6489
44,6490
49,6491
21,6492
21,6493
14,6494
4,6495
16,6496
4,6497
13,6498
48,6499
5,6500
1,6501
6,6502
42,6503
16,6504
3,6505
7,6506
17,6507
11,6508
36,6509
35,6510
18,6511
30,6512
37,6513
49,6514
44,6515
34,6516
40,6517
17,6518
11,6519
49,6520
18,6521
26,6522
12,6523
15,6524
36,6525
25,6526
21,6527
21,6528
38,6529
37,6530
28,6531
28,6532
13,6533
7,6534
10,6535
13,6536
9,6537
37,6538
3,6539
36,6540
45,6541
35,6542
28,6543
5,6544
36,6545
36,6546
49,6547
18,6548
24,6549
23,6550
5,6551
27,6552
22,6553
46,6554
45,6555
19,6556
15,6557
6,6558
17,6559
35,6560
41,6561
49,6562
39,6563
48,6564
26,6565
14,6566
30,6567
9,6568
14,6569
21,6570
25,6571
49,6572
42,6573
32,6574
16,6575
49,6576
41,6577
22,6578
47,6579
30,6580
12,6581
30,6582
20,6583
30,6584
17,6585
16,6586
8,6587
11,6588
35,6589
42,6590
26,6591
38,6592
4,6593
15,6594
27,6595
3,6596
20,6597
37,6598
14,6599
9,6600
14,6601
48,6602
43,6603
6,6604
36,6605
26,6606
26,6607
9,6608
11,6609
21,6610
4,6611
35,6612
19,6613
49,6614
45,6615
48,6616
9,6617
24,6618
19,6619
20,6620
22,6621
41,6622
42,6623
24,6624
44,6625
23,6626
3,6627
4,6628
49,6629
8,6630
5,6631
41,6632
2,6633
6,6634
9,6635
29,6636
3,6637
7,6638
15,6639
32,6640
38,6641
21,6642
9,6643
48,6644
5,6645
43,6646
48,6647
4,6648
46,6649
30,6650
30,6651
3,6652
34,6653
2,6654
30,6655
12,6656
21,6657
43,6658
45,6659
28,6660
1,6661
42,6662
0,6663
44,6664
33,6665
40,6666
49,6667
37,6668
42,6669
21,6670
37,6671
29,6672
37,6673
40,6674
5,6675
21,6676
12,6677
35,6678
31,6679
39,6680
45,6681
36,6682
48,6683
47,6684
5,6685
32,6686
47,6687
27,6688
37,6689
14,6690
10,6691
25,6692
11,6693
46,6694
42,6695
10,6696
12,6697
10,6698
21,6699
14,6700
3,6701
21,6702
34,6703
5,6704
49,6705
9,6706
38,6707
41,6708
14,6709
30,6710
6,6711
36,6712
27,6713
41,6714
48,6715
4,6716
19,6717
34,6718
32,6719
30,6720
16,6721
36,6722
42,6723
35,6724
14,6725
33,6726
36,6727
33,6728
15,6729
24,6730
47,6731
36,6732
5,6733
33,6734
43,6735
45,6736
29,6737
15,6738
5,6739
46,6740
2,6741
6,6742
13,6743
30,6744
33,6745
4,6746
0,6747
44,6748
17,6749
29,6750
5,6751
35,6752
48,6753
44,6754
41,6755
28,6756
8,6757
30,6758
4,6759
44,6760
42,6761
29,6762
25,6763
14,6764
34,6765
43,6766
49,6767
42,6768
17,6769
28,6770
37,6771
28,6772
44,6773
3,6774
33,6775
45,6776
2,6777
1,6778
11,6779
15,6780
20,6781
2,6782
42,6783
4,6784
37,6785
5,6786
45,6787
45,6788
6,6789
32,6790
7,6791
33,6792
48,6793
16,6794
48,6795
14,6796
29,6797
39,6798
44,6799
36,6800
4,6801
42,6802
9,6803
28,6804
21,6805
9,6806
43,6807
11,6808
0,6809
27,6810
25,6811
41,6812
23,6813
41,6814
37,6815
39,6816
28,6817
21,6818
27,6819
31,6820
38,6821
42,6822
3,6823
45,6824
23,6825
2,6826
44,6827
14,6828
31,6829
11,6830
47,6831
32,6832
17,6833
39,6834
31,6835
13,6836
15,6837
6,6838
3,6839
24,6840
48,6841
34,6842
38,6843
21,6844
6,6845
9,6846
32,6847
39,6848
40,6849
29,6850
8,6851
47,6852
42,6853
0,6854
11,6855
1,6856
43,6857
2,6858
35,6859
3,6860
40,6861
27,6862
27,6863
19,6864
3,6865
16,6866
46,6867
42,6868
6,6869
14,6870
9,6871
12,6872
14,6873
6,6874
2,6875
33,6876
37,6877
0,6878
15,6879
15,6880
5,6881
42,6882
36,6883
35,6884
34,6885
39,6886
47,6887
36,6888
8,6889
7,6890
30,6891
32,6892
47,6893
32,6894
30,6895
5,6896
21,6897
23,6898
47,6899
17,6900
7,6901
34,6902
46,6903
16,6904
46,6905
37,6906
17,6907
2,6908
30,6909
45,6910
44,6911
22,6912
43,6913
0,6914
13,6915
47,6916
40,6917
3,6918
36,6919
6,6920
27,6921
14,6922
32,6923
15,6924
24,6925
28,6926
27,6927
1,6928
27,6929
21,6930
29,6931
23,6932
32,6933
35,6934
20,6935
8,6936
44,6937
28,6938
15,6939
25,6940
2,6941
10,6942
40,6943
32,6944
25,6945
3,6946
43,6947
44,6948
17,6949
35,6950
32,6951
34,6952
2,6953
1,6954
4,6955
14,6956
25,6957
40,6958
15,6959
43,6960
37,6961
27,6962
20,6963
43,6964
1,6965
21,6966
48,6967
7,6968
4,6969
31,6970
43,6971
1,6972
14,6973
21,6974
42,6975
40,6976
43,6977
4,6978
0,6979
5,6980
41,6981
6,6982
47,6983
17,6984
28,6985
43,6986
37,6987
7,6988
40,6989
40,6990
42,6991
18,6992
6,6993
49,6994
34,6995
34,6996
21,6997
5,6998
40,6999
41,7000
48,7001
4,7002
33,7003
18,7004
25,7005
46,7006
2,7007
35,7008
7,7009
7,7010
2,7011
48,7012
0,7013
8,7014
1,7015
4,7016
2,7017
7,7018
25,7019
43,7020
3,7021
39,7022
29,7023
6,7024
16,7025
48,7026
21,7027
38,7028
4,7029
19,7030
39,7031
44,7032
1,7033
12,7034
24,7035
12,7036
3,7037
1,7038
39,7039
12,7040
37,7041
21,7042
26,7043
27,7044
9,7045
12,7046
1,7047
40,7048
49,7049
0,7050
37,7051
42,7052
16,7053
0,7054
47,7055
31,7056
28,7057
39,7058
2,7059
4,7060
34,7061
5,7062
9,7063
47,7064
6,7065
42,7066
7,7067
38,7068
34,7069
47,7070
4,7071
12,7072
20,7073
8,7074
20,7075
5,7076
9,7077
6,7078
28,7079
7,7080
16,7081
0,7082
23,7083
41,7084
13,7085
37,7086
3,7087
19,7088
17,7089
27,7090
20,7091
35,7092
10,7093
12,7094
37,7095
43,7096
40,7097
22,7098
21,7099
32,7100
7,7101
7,7102
43,7103
38,7104
29,7105
36,7106
42,7107
3,7108
42,7109
19,7110
13,7111
34,7112
48,7113
29,7114
45,7115
4,7116
27,7117
5,7118
25,7119
6,7120
0,7121
7,7122
46,7123
21,7124
21,7125
29,7126
38,7127
5,7128
42,7129
16,7130
46,7131
47,7132
21,7133
7,7134
29,7135
24,7136
3,7137
44,7138
14,7139
29,7140
18,7141
45,7142
19,7143
5,7144
22,7145
31,7146
37,7147
42,7148
11,7149
10,7150
20,7151
40,7152
33,7153
48,7154
24,7155
20,7156
32,7157
47,7158
33,7159
31,7160
4,7161
13,7162
43,7163
10,7164
26,7165
27,7166
15,7167
6,7168
37,7169
8,7170
20,7171
13,7172
38,7173
25,7174
22,7175
36,7176
36,7177
17,7178
25,7179
0,7180
32,7181
12,7182
10,7183
40,7184
8,7185
38,7186
38,7187
13,7188
14,7189
24,7190
17,7191
33,7192
39,7193
37,7194
21,7195
25,7196
46,7197
14,7198
49,7199
9,7200
25,7201
48,7202
4,7203
39,7204
30,7205
4,7206
9,7207
12,7208
5,7209
8,7210
12,7211
47,7212
7,7213
31,7214
23,7215
6,7216
10,7217
31,7218
48,7219
35,7220
30,7221
35,7222
28,7223
0,7224
46,7225
34,7226
25,7227
33,7228
40,7229
17,7230
16,7231
43,7232
10,7233
2,7234
0,7235
35,7236
49,7237
10,7238
9,7239
41,7240
1,7241
30,7242
41,7243
43,7244
2,7245
26,7246
24,7247
32,7248
33,7249
38,7250
9,7251
30,7252
10,7253
7,7254
49,7255
12,7256
14,7257
22,7258
17,7259
29,7260
35,7261
42,7262
11,7263
8,7264
17,7265
22,7266
12,7267
44,7268
33,7269
12,7270
43,7271
4,7272
21,7273
12,7274
39,7275
5,7276
7,7277
45,7278
26,7279
6,7280
46,7281
7,7282
7,7283
11,7284
27,7285
4,7286
0,7287
42,7288
33,7289
1,7290
1,7291
2,7292
23,7293
27,7294
44,7295
3,7296
14,7297
35,7298
33,7299
14,7300
20,7301
37,7302
41,7303
28,7304
18,7305
7,7306
40,7307
32,7308
27,7309
0,7310
13,7311
0,7312
18,7313
16,7314
48,7315
46,7316
9,7317
32,7318
1,7319
18,7320
46,7321
2,7322
7,7323
10,7324
10,7325
6,7326
28,7327
44,7328
21,7329
4,7330
35,7331
39,7332
42,7333
11,7334
40,7335
6,7336
24,7337
28,7338
47,7339
4,7340
39,7341
45,7342
39,7343
48,7344
19,7345
17,7346
12,7347
6,7348
18,7349
29,7350
5,7351
1,7352
25,7353
31,7354
31,7355
2,7356
12,7357
28,7358
27,7359
38,7360
15,7361
3,7362
14,7363
32,7364
37,7365
29,7366
23,7367
7,7368
48,7369
28,7370
0,7371
12,7372
25,7373
28,7374
44,7375
12,7376
33,7377
44,7378
1,7379
22,7380
2,7381
37,7382
22,7383
8,7384
6,7385
15,7386
6,7387
16,7388
3,7389
49,7390
37,7391
23,7392
46,7393
9,7394
30,7395
23,7396
11,7397
21,7398
1,7399
9,7400
41,7401
37,7402
24,7403
10,7404
36,7405
46,7406
21,7407
26,7408
46,7409
33,7410
21,7411
33,7412
20,7413
38,7414
46,7415
42,7416
32,7417
26,7418
41,7419
42,7420
48,7421
37,7422
9,7423
41,7424
12,7425
10,7426
30,7427
32,7428
31,7429
41,7430
30,7431
8,7432
37,7433
46,7434
26,7435
33,7436
13,7437
5,7438
19,7439
30,7440
37,7441
42,7442
0,7443
41,7444
47,7445
19,7446
12,7447
49,7448
39,7449
2,7450
44,7451
4,7452
8,7453
13,7454
0,7455
44,7456
5,7457
31,7458
6,7459
43,7460
41,7461
7,7462
8,7463
7,7464
9,7465
34,7466
44,7467
39,7468
40,7469
48,7470
21,7471
37,7472
26,7473
4,7474
21,7475
5,7476
39,7477
23,7478
40,7479
6,7480
17,7481
25,7482
31,7483
7,7484
8,7485
43,7486
30,7487
47,7488
10,7489
23,7490
0,7491
37,7492
1,7493
17,7494
2,7495
44,7496
3,7497
28,7498
19,7499
8,7500
0,7501
32,7502
1,7503
22,7504
8,7505
2,7506
14,7507
33,7508
1,7509
18,7510
35,7511
33,7512
3,7513
37,7514
38,7515
24,7516
40,7517
0,7518
37,7519
3,7520
7,7521
4,7522
29,7523
8,7524
13,7525
45,7526
5,7527
31,7528
6,7529
0,7530
7,7531
35,7532
45,7533
42,7534
37,7535
34,7536
9,7537
34,7538
24,7539
41,7540
33,7541
6,7542
48,7543
45,7544
49,7545
25,7546
43,7547
31,7548
24,7549
49,7550
24,7551
21,7552
43,7553
11,7554
28,7555
0,7556
31,7557
29,7558
11,7559
1,7560
7,7561
16,7562
2,7563
1,7564
3,7565
15,7566
18,7567
29,7568
14,7569
14,7570
37,7571
36,7572
7,7573
30,7574
14,7575
14,7576
25,7577
28,7578
1,7579
4,7580
35,7581
7,7582
15,7583
12,7584
34,7585
8,7586
47,7587
35,7588
2,7589
4,7590
39,7591
5,7592
13,7593
25,7594
6,7595
19,7596
7,7597
14,7598
21,7599
34,7600
46,7601
43,7602
45,7603
19,7604
27,7605
13,7606
18,7607
4,7608
10,7609
46,7610
11,7611
31,7612
43,7613
44,7614
5,7615
40,7616
6,7617
39,7618
7,7619
43,7620
11,7621
15,7622
0,7623
11,7624
36,7625
18,7626
41,7627
6,7628
17,7629
47,7630
14,7631
23,7632
8,7633
43,7634
21,7635
42,7636
1,7637
43,7638
45,7639
8,7640
2,7641
44,7642
28,7643
8,7644
22,7645
38,7646
23,7647
37,7648
23,7649
42,7650
20,7651
18,7652
22,7653
41,7654
0,7655
36,7656
20,7657
14,7658
15,7659
22,7660
49,7661
2,7662
20,7663
41,7664
42,7665
42,7666
46,7667
37,7668
35,7669
47,7670
35,7671
36,7672
38,7673
31,7674
0,7675
16,7676
8,7677
46,7678
31,7679
13,7680
46,7681
49,7682
24,7683
16,7684
27,7685
0,7686
3,7687
42,7688
35,7689
14,7690
45,7691
15,7692
49,7693
31,7694
23,7695
28,7696
45,7697
18,7698
1,7699
44,7700
6,7701
42,7702
32,7703
9,7704
29,7705
32,7706
22,7707
4,7708
42,7709
5,7710
41,7711
6,7712
49,7713
7,7714
44,7715
7,7716
9,7717
22,7718
25,7719
37,7720
7,7721
31,7722
7,7723
26,7724
0,7725
25,7726
0,7727
12,7728
37,7729
40,7730
27,7731
7,7732
42,7733
44,7734
7,7735
0,7736
34,7737
1,7738
1,7739
14,7740
2,7741
27,7742
4,7743
13,7744
0,7745
3,7746
36,7747
20,7748
12,7749
22,7750
6,7751
41,7752
29,7753
48,7754
27,7755
37,7756
32,7757
37,7758
21,7759
21,7760
8,7761
44,7762
0,7763
36,7764
8,7765
25,7766
18,7767
30,7768
38,7769
40,7770
47,7771
28,7772
42,7773
5,7774
9,7775
16,7776
15,7777
48,7778
48,7779
32,7780
33,7781
44,7782
11,7783
41,7784
22,7785
4,7786
5,7787
36,7788
8,7789
24,7790
3,7791
38,7792
16,7793
23,7794
30,7795
42,7796
12,7797
15,7798
47,7799
1,7800
28,7801
5,7802
7,7803
24,7804
12,7805
30,7806
39,7807
17,7808
49,7809
16,7810
11,7811
40,7812
13,7813
31,7814
15,7815
12,7816
34,7817
22,7818
0,7819
10,7820
1,7821
21,7822
16,7823
2,7824
12,7825
14,7826
3,7827
11,7828
37,7829
27,7830
26,7831
12,7832
27,7833
37,7834
44,7835
13,7836
3,7837
24,7838
25,7839
44,7840
2,7841
48,7842
25,7843
25,7844
22,7845
16,7846
2,7847
40,7848
36,7849
19,7850
43,7851
39,7852
12,7853
45,7854
4,7855
22,7856
2,7857
41,7858
46,7859
36,7860
7,7861
29,7862
21,7863
1,7864
46,7865
25,7866
13,7867
11,7868
18,7869
21,7870
27,7871
37,7872
47,7873
15,7874
3,7875
15,7876
32,7877
19,7878
23,7879
44,7880
27,7881
1,7882
30,7883
6,7884
19,7885
37,7886
42,7887
43,7888
18,7889
2,7890
42,7891
39,7892
8,7893
18,7894
35,7895
47,7896
2,7897
29,7898
27,7899
36,7900
44,7901
25,7902
4,7903
26,7904
26,7905
34,7906
0,7907
22,7908
23,7909
42,7910
35,7911
13,7912
11,7913
18,7914
12,7915
27,7916
15,7917
11,7918
35,7919
41,7920
1,7921
18,7922
4,7923
4,7924
38,7925
44,7926
35,7927
11,7928
41,7929
10,7930
13,7931
41,7932
0,7933
37,7934
24,7935
6,7936
19,7937
9,7938
34,7939
11,7940
39,7941
0,7942
24,7943
26,7944
32,7945
15,7946
39,7947
39,7948
16,7949
17,7950
21,7951
6,7952
12,7953
43,7954
15,7955
3,7956
13,7957
37,7958
7,7959
29,7960
11,7961
4,7962
20,7963
23,7964
28,7965
31,7966
38,7967
24,7968
23,7969
0,7970
25,7971
33,7972
34,7973
43,7974
6,7975
26,7976
49,7977
28,7978
12,7979
32,7980
19,7981
37,7982
3,7983
43,7984
2,7985
43,7986
0,7987
3,7988
1,7989
9,7990
27,7991
2,7992
6,7993
14,7994
3,7995
16,7996
7,7997
21,7998
41,7999
3,8000
43,8001
18,8002
37,8003
49,8004
28,8005
31,8006
23,8007
49,8008
12,8009
43,8010
41,8011
48,8012
41,8013
14,8014
48,8015
6,8016
9,8017
2,8018
27,8019
45,8020
7,8021
25,8022
33,8023
6,8024
45,8025
24,8026
45,8027
7,8028
43,8029
9,8030
23,8031
42,8032
42,8033
48,8034
10,8035
11,8036
17,8037
0,8038
7,8039
22,8040
45,8041
34,8042
16,8043
14,8044
17,8045
42,8046
0,8047
26,8048
1,8049
23,8050
9,8051
38,8052
26,8053
0,8054
2,8055
14,8056
7,8057
18,8058
3,8059
29,8060
44,8061
26,8062
2,8063
18,8064
1,8065
45,8066
8,8067
15,8068
40,8069
32,8070
38,8071
19,8072
49,8073
46,8074
16,8075
18,8076
35,8077
4,8078
0,8079
2,8080
1,8081
10,8082
1,8083
5,8084
17,8085
1,8086
33,8087
25,8088
29,8089
23,8090
39,8091
32,8092
6,8093
21,8094
17,8095
14,8096
16,8097
7,8098
4,8099
14,8100
15,8101
37,8102
27,8103
27,8104
22,8105
28,8106
45,8107
43,8108
13,8109
19,8110
44,8111
13,8112
29,8113
0,8114
47,8115
42,8116
23,8117
1,8118
39,8119
2,8120
2,8121
3,8122
40,8123
45,8124
39,8125
14,8126
16,8127
32,8128
34,8129
20,8130
20,8131
43,8132
16,8133
47,8134
0,8135
5,8136
31,8137
3,8138
43,8139
24,8140
12,8141
35,8142
20,8143
4,8144
49,8145
30,8146
7,8147
19,8148
9,8149
26,8150
34,8151
28,8152
8,8153
2,8154
15,8155
11,8156
20,8157
31,8158
48,8159
14,8160
42,8161
30,8162
39,8163
28,8164
41,8165
14,8166
28,8167
37,8168
49,8169
2,8170
30,8171
38,8172
22,8173
28,8174
33,8175
39,8176
15,8177
47,8178
4,8179
29,8180
28,8181
3,8182
49,8183
30,8184
42,8185
41,8186
7,8187
18,8188
46,8189
38,8190
43,8191
19,8192
19,8193
14,8194
0,8195
3,8196
42,8197
5,8198
1,8199
0,8200
38,8201
2,8202
31,8203
3,8204
42,8205
21,8206
6,8207
27,8208
30,8209
31,8210
25,8211
42,8212
2,8213
38,8214
40,8215
34,8216
20,8217
0,8218
42,8219
25,8220
36,8221
30,8222
24,8223
14,8224
33,8225
28,8226
25,8227
19,8228
1,8229
13,8230
39,8231
20,8232
13,8233
35,8234
17,8235
0,8236
8,8237
41,8238
32,8239
17,8240
45,8241
35,8242
31,8243
28,8244
17,8245
22,8246
37,8247
45,8248
32,8249
0,8250
17,8251
31,8252
5,8253
23,8254
1,8255
41,8256
13,8257
23,8258
0,8259
8,8260
21,8261
7,8262
4,8263
1,8264
40,8265
29,8266
12,8267
5,8268
48,8269
36,8270
11,8271
8,8272
40,8273
47,8274
26,8275
38,8276
40,8277
34,8278
15,8279
22,8280
23,8281
33,8282
29,8283
32,8284
18,8285
37,8286
4,8287
46,8288
15,8289
5,8290
20,8291
27,8292
23,8293
6,8294
5,8295
7,8296
45,8297
31,8298
4,8299
5,8300
0,8301
29,8302
16,8303
46,8304
1,8305
46,8306
38,8307
6,8308
15,8309
37,8310
30,8311
20,8312
32,8313
10,8314
6,8315
9,8316
45,8317
18,8318
43,8319
34,8320
19,8321
6,8322
6,8323
40,8324
33,8325
7,8326
44,8327
35,8328
25,8329
35,8330
30,8331
0,8332
47,8333
9,8334
0,8335
8,8336
1,8337
28,8338
35,8339
27,8340
3,8341
40,8342
2,8343
4,8344
23,8345
23,8346
3,8347
0,8348
25,8349
19,8350
1,8351
16,8352
28,8353
26,8354
13,8355
25,8356
28,8357
40,8358
14,8359
34,8360
27,8361
16,8362
17,8363
32,8364
21,8365
8,8366
29,8367
43,8368
11,8369
2,8370
44,8371
13,8372
39,8373
49,8374
31,8375
47,8376
9,8377
34,8378
23,8379
42,8380
43,8381
48,8382
2,8383
13,8384
45,8385
45,8386
10,8387
36,8388
2,8389
24,8390
3,8391
4,8392
19,8393
28,8394
6,8395
31,8396
26,8397
0,8398
17,8399
1,8400
44,8401
2,8402
27,8403
3,8404
19,8405
44,8406
49,8407
4,8408
12,8409
45,8410
48,8411
9,8412
8,8413
5,8414
44,8415
4,8416
36,8417
28,8418
27,8419
39,8420
21,8421
4,8422
42,8423
37,8424
40,8425
24,8426
10,8427
0,8428
47,8429
46,8430
42,8431
47,8432
1,8433
0,8434
18,8435
2,8436
24,8437
3,8438
36,8439
18,8440
33,8441
3,8442
31,8443
9,8444
8,8445
44,8446
10,8447
25,8448
15,8449
3,8450
32,8451
3,8452
38,8453
47,8454
0,8455
19,8456
1,8457
32,8458
2,8459
5,8460
2,8461
18,8462
3,8463
7,8464
12,8465
40,8466
5,8467
23,8468
28,8469
0,8470
5,8471
13,8472
4,8473
18,8474
10,8475
27,8476
36,8477
14,8478
25,8479
33,8480
4,8481
36,8482
33,8483
39,8484
29,8485
23,8486
27,8487
43,8488
30,8489
31,8490
47,8491
26,8492
48,8493
22,8494
38,8495
34,8496
10,8497
13,8498
10,8499
0,8500
42,8501
10,8502
10,8503
33,8504
28,8505
19,8506
18,8507
36,8508
39,8509
30,8510
12,8511
37,8512
24,8513
20,8514
16,8515
46,8516
3,8517
0,8518
39,8519
42,8520
9,8521
42,8522
49,8523
42,8524
22,8525
21,8526
39,8527
1,8528
21,8529
48,8530
24,8531
15,8532
29,8533
12,8534
49,8535
27,8536
38,8537
6,8538
14,8539
7,8540
26,8541
22,8542
10,8543
15,8544
1,8545
3,8546
48,8547
44,8548
27,8549
1,8550
41,8551
44,8552
8,8553
48,8554
46,8555
24,8556
25,8557
40,8558
8,8559
44,8560
22,8561
38,8562
35,8563
8,8564
2,8565
23,8566
12,8567
1,8568
36,8569
21,8570
10,8571
18,8572
11,8573
27,8574
35,8575
2,8576
1,8577
24,8578
44,8579
40,8580
0,8581
38,8582
0,8583
13,8584
22,8585
1,8586
33,8587
2,8588
11,8589
3,8590
27,8591
28,8592
12,8593
22,8594
45,8595
20,8596
46,8597
38,8598
31,8599
19,8600
25,8601
28,8602
38,8603
39,8604
38,8605
47,8606
27,8607
38,8608
25,8609
46,8610
13,8611
49,8612
39,8613
9,8614
4,8615
39,8616
12,8617
2,8618
5,8619
39,8620
6,8621
3,8622
7,8623
12,8624
9,8625
7,8626
40,8627
12,8628
37,8629
10,8630
1,8631
45,8632
7,8633
49,8634
23,8635
17,8636
49,8637
4,8638
13,8639
21,8640
11,8641
23,8642
11,8643
35,8644
45,8645
29,8646
28,8647
19,8648
11,8649
33,8650
0,8651
5,8652
1,8653
45,8654
19,8655
2,8656
45,8657
3,8658
32,8659
14,8660
19,8661
13,8662
20,8663
22,8664
7,8665
2,8666
46,8667
42,8668
41,8669
12,8670
4,8671
24,8672
43,8673
5,8674
49,8675
7,8676
5,8677
30,8678
49,8679
4,8680
16,8681
5,8682
7,8683
6,8684
25,8685
7,8686
1,8687
7,8688
0,8689
6,8690
1,8691
36,8692
2,8693
48,8694
3,8695
34,8696
39,8697
0,8698
4,8699
9,8700
5,8701
42,8702
41,8703
6,8704
47,8705
7,8706
3,8707
22,8708
18,8709
2,8710
42,8711
35,8712
23,8713
3,8714
26,8715
18,8716
33,8717
6,8718
4,8719
14,8720
23,8721
25,8722
44,8723
4,8724
44,8725
4,8726
28,8727
44,8728
24,8729
5,8730
29,8731
13,8732
6,8733
34,8734
7,8735
23,8736
24,8737
13,8738
0,8739
26,8740
49,8741
5,8742
1,8743
39,8744
35,8745
16,8746
42,8747
2,8748
37,8749
21,8750
3,8751
7,8752
44,8753
39,8754
5,8755
29,8756
26,8757
44,8758
14,8759
29,8760
18,8761
18,8762
13,8763
15,8764
4,8765
39,8766
24,8767
49,8768
29,8769
16,8770
43,8771
47,8772
4,8773
3,8774
15,8775
19,8776
19,8777
40,8778
49,8779
26,8780
1,8781
35,8782
47,8783
43,8784
38,8785
33,8786
46,8787
46,8788
29,8789
37,8790
37,8791
16,8792
34,8793
47,8794
4,8795
41,8796
9,8797
49,8798
32,8799
42,8800
2,8801
41,8802
37,8803
13,8804
15,8805
20,8806
40,8807
23,8808
49,8809
6,8810
9,8811
37,8812
30,8813
27,8814
15,8815
3,8816
20,8817
20,8818
23,8819
14,8820
2,8821
36,8822
5,8823
45,8824
0,8825
18,8826
23,8827
49,8828
39,8829
33,8830
17,8831
30,8832
10,8833
0,8834
41,8835
44,8836
1,8837
49,8838
40,8839
38,8840
43,8841
44,8842
24,8843
38,8844
0,8845
10,8846
26,8847
1,8848
19,8849
44,8850
2,8851
9,8852
3,8853
47,8854
37,8855
29,8856
6,8857
34,8858
31,8859
44,8860
30,8861
36,8862
26,8863
42,8864
48,8865
22,8866
44,8867
32,8868
41,8869
15,8870
2,8871
2,8872
33,8873
26,8874
46,8875
2,8876
30,8877
47,8878
17,8879
26,8880
4,8881
15,8882
25,8883
17,8884
15,8885
23,8886
12,8887
44,8888
20,8889
42,8890
13,8891
17,8892
17,8893
5,8894
40,8895
5,8896
45,8897
41,8898
11,8899
2,8900
27,8901
7,8902
33,8903
13,8904
30,8905
12,8906
21,8907
3,8908
43,8909
35,8910
49,8911
10,8912
0,8913
31,8914
31,8915
8,8916
5,8917
30,8918
4,8919
11,8920
5,8921
30,8922
8,8923
6,8924
22,8925
30,8926
7,8927
16,8928
15,8929
40,8930
6,8931
4,8932
42,8933
38,8934
38,8935
6,8936
1,8937
4,8938
28,8939
30,8940
21,8941
42,8942
13,8943
35,8944
12,8945
39,8946
26,8947
25,8948
44,8949
13,8950
27,8951
12,8952
7,8953
33,8954
6,8955
49,8956
4,8957
31,8958
1,8959
2,8960
24,8961
15,8962
31,8963
18,8964
30,8965
24,8966
33,8967
7,8968
15,8969
19,8970
24,8971
31,8972
46,8973
13,8974
24,8975
17,8976
31,8977
11,8978
32,8979
11,8980
25,8981
29,8982
25,8983
21,8984
4,8985
49,8986
0,8987
13,8988
34,8989
36,8990
28,8991
49,8992
14,8993
39,8994
25,8995
25,8996
46,8997
38,8998
43,8999
39,9000
7,9001
29,9002
43,9003
27,9004
46,9005
35,9006
20,9007
28,9008
15,9009
32,9010
35,9011
24,9012
13,9013
33,9014
15,9015
17,9016
21,9017
7,9018
4,9019
49,9020
5,9021
2,9022
45,9023
6,9024
48,9025
7,9026
43,9027
35,9028
20,9029
40,9030
0,9031
49,9032
36,9033
1,9034
4,9035
2,9036
27,9037
4,9038
3,9039
1,9040
0,9041
44,9042
42,9043
7,9044
48,9045
35,9046
9,9047
42,9048
28,9049
39,9050
4,9051
32,9052
4,9053
42,9054
17,9055
12,9056
5,9057
18,9058
6,9059
21,9060
7,9061
18,9062
23,9063
8,9064
30,9065
26,9066
42,9067
9,9068
16,9069
1,9070
43,9071
22,9072
4,9073
44,9074
5,9075
5,9076
6,9077
30,9078
47,9079
38,9080
7,9081
30,9082
16,9083
18,9084
38,9085
30,9086
42,9087
16,9088
22,9089
34,9090
42,9091
25,9092
49,9093
3,9094
48,9095
40,9096
5,9097
6,9098
31,9099
27,9100
21,9101
45,9102
20,9103
39,9104
9,9105
36,9106
33,9107
25,9108
41,9109
37,9110
38,9111
47,9112
24,9113
41,9114
22,9115
35,9116
23,9117
8,9118
27,9119
35,9120
34,9121
41,9122
24,9123
36,9124
20,9125
0,9126
26,9127
31,9128
43,9129
27,9130
27,9131
34,9132
11,9133
42,9134
6,9135
35,9136
23,9137
30,9138
2,9139
33,9140
40,9141
19,9142
18,9143
32,9144
12,9145
41,9146
35,9147
15,9148
29,9149
14,9150
9,9151
24,9152
35,9153
40,9154
32,9155
25,9156
28,9157
14,9158
23,9159
24,9160
1,9161
9,9162
49,9163
35,9164
37,9165
5,9166
3,9167
24,9168
32,9169
20,9170
10,9171
13,9172
33,9173
30,9174
31,9175
17,9176
1,9177
7,9178
22,9179
35,9180
17,9181
25,9182
14,9183
9,9184
21,9185
11,9186
46,9187
16,9188
46,9189
7,9190
16,9191
31,9192
29,9193
11,9194
11,9195
36,9196
2,9197
35,9198
48,9199
21,9200
34,9201
28,9202
27,9203
23,9204
0,9205
24,9206
16,9207
11,9208
14,9209
40,9210
23,9211
27,9212
25,9213
5,9214
49,9215
4,9216
0,9217
41,9218
14,9219
1,9220
30,9221
33,9222
49,9223
30,9224
9,9225
2,9226
33,9227
40,9228
44,9229
6,9230
3,9231
24,9232
13,9233
13,9234
40,9235
31,9236
37,9237
2,9238
46,9239
10,9240
24,9241
0,9242
16,9243
35,9244
28,9245
29,9246
11,9247
12,9248
23,9249
37,9250
12,9251
26,9252
10,9253
19,9254
18,9255
8,9256
7,9257
27,9258
3,9259
19,9260
5,9261
45,9262
11,9263
35,9264
7,9265
39,9266
5,9267
10,9268
26,9269
47,9270
19,9271
44,9272
4,9273
28,9274
32,9275
38,9276
2,9277
42,9278
17,9279
34,9280
18,9281
3,9282
39,9283
10,9284
20,9285
11,9286
33,9287
42,9288
36,9289
29,9290
15,9291
3,9292
5,9293
15,9294
24,9295
11,9296
7,9297
35,9298
46,9299
25,9300
9,9301
16,9302
1,9303
35,9304
49,9305
19,9306
11,9307
8,9308
44,9309
33,9310
3,9311
15,9312
22,9313
47,9314
25,9315
2,9316
46,9317
29,9318
12,9319
17,9320
11,9321
14,9322
9,9323
12,9324
43,9325
19,9326
44,9327
47,9328
22,9329
11,9330
29,9331
2,9332
11,9333
23,9334
18,9335
38,9336
2,9337
49,9338
47,9339
41,9340
43,9341
26,9342
27,9343
40,9344
30,9345
26,9346
30,9347
24,9348
14,9349
28,9350
34,9351
44,9352
47,9353
3,9354
48,9355
14,9356
4,9357
34,9358
5,9359
41,9360
6,9361
8,9362
7,9363
33,9364
40,9365
10,9366
40,9367
31,9368
29,9369
1,9370
4,9371
10,9372
12,9373
28,9374
1,9375
49,9376
9,9377
43,9378
18,9379
35,9380
43,9381
40,9382
11,9383
11,9384
28,9385
46,9386
21,9387
11,9388
9,9389
26,9390
19,9391
0,9392
1,9393
1,9394
44,9395
45,9396
2,9397
43,9398
3,9399
30,9400
38,9401
41,9402
9,9403
13,9404
10,9405
33,9406
41,9407
39,9408
3,9409
16,9410
10,9411
7,9412
23,9413
44,9414
18,9415
39,9416
37,9417
39,9418
10,9419
43,9420
15,9421
10,9422
2,9423
12,9424
35,9425
30,9426
9,9427
26,9428
23,9429
45,9430
25,9431
22,9432
36,9433
0,9434
44,9435
1,9436
35,9437
2,9438
29,9439
39,9440
3,9441
43,9442
5,9443
45,9444
1,9445
20,9446
43,9447
26,9448
4,9449
4,9450
16,9451
12,9452
11,9453
46,9454
24,9455
27,9456
3,9457
4,9458
40,9459
24,9460
34,9461
12,9462
29,9463
0,9464
13,9465
34,9466
39,9467
7,9468
12,9469
22,9470
0,9471
21,9472
35,9473
35,9474
38,9475
2,9476
25,9477
8,9478
40,9479
7,9480
29,9481
41,9482
11,9483
23,9484
18,9485
33,9486
19,9487
19,9488
25,9489
28,9490
25,9491
48,9492
39,9493
25,9494
21,9495
2,9496
25,9497
9,9498
35,9499
47,9500
43,9501
37,9502
48,9503
15,9504
45,9505
42,9506
21,9507
49,9508
13,9509
25,9510
3,9511
3,9512
11,9513
36,9514
7,9515
34,9516
43,9517
24,9518
46,9519
30,9520
12,9521
28,9522
25,9523
42,9524
8,9525
10,9526
15,9527
29,9528
7,9529
43,9530
12,9531
41,9532
37,9533
9,9534
18,9535
5,9536
8,9537
8,9538
41,9539
37,9540
43,9541
26,9542
25,9543
18,9544
4,9545
43,9546
25,9547
19,9548
40,9549
7,9550
6,9551
4,9552
44,9553
46,9554
26,9555
33,9556
23,9557
5,9558
38,9559
42,9560
7,9561
6,9562
26,9563
4,9564
7,9565
15,9566
45,9567
49,9568
32,9569
14,9570
36,9571
34,9572
27,9573
23,9574
27,9575
5,9576
32,9577
23,9578
3,9579
39,9580
46,9581
4,9582
1,9583
35,9584
1,9585
25,9586
48,9587
7,9588
1,9589
46,9590
13,9591
47,9592
32,9593
42,9594
24,9595
35,9596
4,9597
25,9598
19,9599
20,9600
24,9601
7,9602
29,9603
42,9604
45,9605
34,9606
44,9607
30,9608
41,9609
22,9610
4,9611
33,9612
2,9613
4,9614
46,9615
11,9616
0,9617
27,9618
1,9619
37,9620
35,9621
2,9622
38,9623
6,9624
17,9625
3,9626
12,9627
33,9628
16,9629
22,9630
14,9631
26,9632
17,9633
7,9634
27,9635
8,9636
45,9637
4,9638
45,9639
5,9640
20,9641
40,9642
25,9643
30,9644
6,9645
47,9646
8,9647
41,9648
39,9649
7,9650
35,9651
41,9652
0,9653
13,9654
37,9655
15,9656
1,9657
23,9658
2,9659
14,9660
3,9661
28,9662
43,9663
14,9664
15,9665
41,9666
20,9667
33,9668
15,9669
47,9670
40,9671
25,9672
49,9673
20,9674
43,9675
20,9676
22,9677
20,9678
7,9679
11,9680
6,9681
29,9682
29,9683
38,9684
26,9685
44,9686
49,9687
47,9688
23,9689
42,9690
3,9691
46,9692
30,9693
41,9694
49,9695
39,9696
48,9697
1,9698
22,9699
25,9700
2,9701
34,9702
17,9703
15,9704
49,9705
17,9706
39,9707
39,9708
21,9709
5,9710
19,9711
11,9712
27,9713
0,9714
48,9715
1,9716
35,9717
12,9718
11,9719
11,9720
2,9721
11,9722
25,9723
6,9724
36,9725
3,9726
29,9727
11,9728
20,9729
11,9730
11,9731
3,9732
23,9733
6,9734
33,9735
42,9736
26,9737
35,9738
27,9739
5,9740
7,9741
17,9742
38,9743
18,9744
42,9745
48,9746
32,9747
9,9748
26,9749
6,9750
23,9751
28,9752
27,9753
23,9754
25,9755
20,9756
29,9757
41,9758
45,9759
11,9760
33,9761
8,9762
31,9763
48,9764
49,9765
9,9766
17,9767
4,9768
33,9769
5,9770
15,9771
37,9772
15,9773
37,9774
6,9775
25,9776
23,9777
44,9778
7,9779
25,9780
14,9781
22,9782
34,9783
36,9784
0,9785
0,9786
16,9787
3,9788
36,9789
0,9790
5,9791
29,9792
18,9793
31,9794
12,9795
32,9796
18,9797
39,9798
0,9799
35,9800
49,9801
47,9802
19,9803
24,9804
37,9805
49,9806
28,9807
18,9808
10,9809
23,9810
14,9811
12,9812
37,9813
47,9814
0,9815
44,9816
18,9817
48,9818
49,9819
32,9820
11,9821
43,9822
27,9823
32,9824
26,9825
22,9826
0,9827
43,9828
36,9829
13,9830
11,9831
31,9832
26,9833
22,9834
43,9835
7,9836
32,9837
11,9838
35,9839
6,9840
36,9841
38,9842
12,9843
26,9844
36,9845
6,9846
3,9847
36,9848
46,9849
8,9850
0,9851
17,9852
1,9853
5,9854
2,9855
34,9856
3,9857
7,9858
19,9859
47,9860
2,9861
38,9862
22,9863
10,9864
35,9865
28,9866
27,9867
31,9868
12,9869
14,9870
13,9871
31,9872
37,9873
4,9874
46,9875
9,9876
10,9877
0,9878
28,9879
7,9880
19,9881
26,9882
13,9883
46,9884
0,9885
16,9886
16,9887
49,9888
21,9889
3,9890
29,9891
33,9892
0,9893
28,9894
1,9895
14,9896
18,9897
2,9898
47,9899
29,9900
3,9901
47,9902
14,9903
21,9904
49,9905
0,9906
30,9907
42,9908
49,9909
36,9910
49,9911
17,9912
32,9913
7,9914
36,9915
42,9916
28,9917
21,9918
18,9919
33,9920
28,9921
33,9922
39,9923
12,9924
48,9925
5,9926
16,9927
10,9928
0,9929
0,9930
29,9931
28,9932
2,9933
24,9934
29,9935
27,9936
21,9937
0,9938
21,9939
5,9940
37,9941
27,9942
15,9943
10,9944
39,9945
48,9946
12,9947
34,9948
47,9949
11,9950
49,9951
23,9952
27,9953
9,9954
27,9955
0,9956
9,9957
11,9958
9,9959
7,9960
14,9961
45,9962
36,9963
18,9964
23,9965
5,9966
35,9967
19,9968
4,9969
27,9970
30,9971
5,9972
8,9973
6,9974
40,9975
7,9976
2,9977
44,9978
17,9979
4,9980
31,9981
24,9982
22,9983
5,9984
41,9985
6,9986
11,9987
7,9988
5,9989
41,9990
12,9991
29,9992
4,9993
19,9994
15,9995
43,9996
1,9997
20,9998
33,9999
