5,0
16,1
19,2
1,3
0,4
15,5
14,6
9,7
0,8
6,9
7,10
1,11
4,12
7,13
10,14
19,15
3,16
16,17
6,18
17,19
10,20
15,21
18,22
5,23
15,24
13,25
4,26
18,27
10,28
4,29
12,30
4,31
3,32
7,33
10,34
13,35
6,36
7,37
11,38
8,39
8,40
13,41
15,42
18,43
14,44
4,45
8,46
14,47
15,48
8,49
5,50
1,51
0,52
16,53
4,54
3,55
7,56
5,57
18,58
9,59
15,60
19,61
8,62
0,63
15,64
2,65
16,66
5,67
2,68
1,69
19,70
3,71
0,72
12,73
19,74
1,75
5,76
0,77
6,78
4,79
7,80
13,81
0,82
7,83
16,84
18,85
3,86
14,87
10,88
14,89
19,90
19,91
19,92
5,93
4,94
11,95
7,96
7,97
8,98
18,99
10,100
2,101
9,102
6,103
14,104
5,105
19,106
13,107
6,108
15,109
13,110
8,111
11,112
1,113
1,114
12,115
14,116
14,117
1,118
18,119
6,120
5,121
11,122
4,123
3,124
13,125
16,126
2,127
7,128
8,129
12,130
0,131
8,132
17,133
15,134
9,135
12,136
0,137
19,138
16,139
9,140
17,141
10,142
6,143
10,144
18,145
14,146
10,147
2,148
14,149
17,150
11,151
13,152
5,153
14,154
6,155
2,156
12,157
7,158
9,159
6,160
7,161
17,162
2,163
13,164
15,165
3,166
18,167
16,168
3,169
12,170
8,171
17,172
8,173
15,174
2,175
13,176
17,177
13,178
10,179
7,180
12,181
14,182
11,183
1,184
12,185
13,186
4,187
19,188
9,189
4,190
6,191
2,192
13,193
1,194
3,195
0,196
9,197
3,198
12,199
16,200
3,201
18,202
11,203
13,204
15,205
19,206
14,207
11,208
9,209
17,210
10,211
15,212
6,213
5,214
3,215
12,216
14,217
0,218
18,219
9,220
9,221
4,222
16,223
18,224
4,225
5,226
11,227
11,228
12,229
6,230
13,231
5,232
7,233
9,234
5,235
6,236
12,237
8,238
12,239
11,240
4,241
16,242
19,243
14,244
11,245
12,246
9,247
5,248
9,249
6,250
0,251
12,252
1,253
18,254
2,255
15,256
4,257
7,258
9,259
0,260
9,261
13,262
4,263
11,264
15,265
15,266
2,267
17,268
6,269
13,270
13,271
14,272
14,273
15,274
9,275
3,276
4,277
19,278
18,279
4,280
19,281
6,282
5,283
13,284
13,285
1,286
16,287
1,288
18,289
10,290
19,291
4,292
0,293
9,294
9,295
8,296
11,297
13,298
2,299
3,300
6,301
1,302
5,303
13,304
0,305
13,306
0,307
18,308
13,309
19,310
14,311
19,312
9,313
5,314
13,315
1,316
18,317
19,318
8,319
1,320
19,321
11,322
2,323
1,324
17,325
11,326
4,327
0,328
9,329
7,330
18,331
7,332
12,333
5,334
17,335
18,336
0,337
1,338
17,339
1,340
5,341
3,342
12,343
2,344
10,345
9,346
6,347
14,348
19,349
15,350
6,351
9,352
10,353
11,354
4,355
17,356
0,357
0,358
15,359
15,360
13,361
17,362
11,363
8,364
13,365
19,366
6,367
17,368
13,369
2,370
0,371
12,372
19,373
1,374
3,375
12,376
16,377
10,378
10,379
9,380
17,381
14,382
14,383
7,384
2,385
19,386
17,387
13,388
2,389
5,390
19,391
18,392
13,393
10,394
3,395
1,396
5,397
1,398
16,399
6,400
11,401
9,402
2,403
8,404
14,405
13,406
18,407
18,408
13,409
10,410
3,411
1,412
19,413
15,414
5,415
15,416
10,417
18,418
18,419
17,420
13,421
19,422
19,423
16,424
16,425
8,426
1,427
10,428
8,429
5,430
17,431
15,432
2,433
7,434
3,435
3,436
19,437
2,438
19,439
11,440
5,441
8,442
0,443
9,444
7,445
7,446
13,447
16,448
15,449
15,450
11,451
0,452
9,453
1,454
13,455
4,456
15,457
6,458
7,459
6,460
6,461
6,462
6,463
2,464
15,465
18,466
14,467
17,468
8,469
10,470
15,471
1,472
12,473
15,474
9,475
16,476
5,477
18,478
13,479
19,480
16,481
0,482
17,483
1,484
2,485
16,486
18,487
0,488
5,489
13,490
4,491
5,492
2,493
2,494
12,495
19,496
5,497
3,498
8,499
18,500
7,501
8,502
13,503
4,504
0,505
15,506
10,507
8,508
11,509
8,510
14,511
14,512
7,513
13,514
0,515
16,516
10,517
2,518
13,519
15,520
0,521
9,522
12,523
16,524
7,525
0,526
9,527
18,528
7,529
6,530
17,531
15,532
13,533
7,534
16,535
10,536
10,537
3,538
12,539
1,540
19,541
18,542
1,543
13,544
6,545
15,546
16,547
19,548
19,549
10,550
0,551
18,552
19,553
0,554
13,555
16,556
0,557
0,558
6,559
5,560
11,561
16,562
7,563
16,564
0,565
8,566
4,567
15,568
19,569
17,570
10,571
19,572
6,573
12,574
0,575
2,576
18,577
6,578
12,579
8,580
16,581
0,582
2,583
1,584
1,585
3,586
12,587
19,588
19,589
16,590
0,591
8,592
14,593
16,594
3,595
3,596
13,597
10,598
10,599
9,600
9,601
3,602
8,603
7,604
2,605
18,606
14,607
14,608
17,609
16,610
11,611
17,612
7,613
9,614
6,615
0,616
9,617
9,618
11,619
3,620
14,621
3,622
10,623
12,624
13,625
19,626
1,627
19,628
0,629
14,630
14,631
0,632
18,633
7,634
9,635
6,636
19,637
11,638
15,639
16,640
8,641
5,642
11,643
14,644
18,645
1,646
19,647
7,648
11,649
18,650
16,651
18,652
8,653
18,654
9,655
12,656
13,657
5,658
0,659
8,660
16,661
6,662
2,663
7,664
4,665
6,666
12,667
2,668
14,669
13,670
9,671
1,672
3,673
3,674
4,675
1,676
17,677
10,678
16,679
14,680
10,681
2,682
16,683
17,684
4,685
16,686
1,687
11,688
9,689
19,690
0,691
18,692
5,693
11,694
8,695
10,696
1,697
13,698
6,699
1,700
17,701
16,702
13,703
16,704
2,705
8,706
10,707
5,708
11,709
0,710
3,711
12,712
10,713
5,714
15,715
11,716
11,717
8,718
5,719
0,720
2,721
14,722
6,723
16,724
8,725
9,726
2,727
12,728
3,729
9,730
19,731
7,732
11,733
16,734
14,735
16,736
12,737
7,738
5,739
17,740
8,741
3,742
1,743
10,744
13,745
17,746
16,747
1,748
5,749
6,750
0,751
8,752
18,753
16,754
2,755
15,756
5,757
19,758
2,759
14,760
16,761
6,762
19,763
18,764
17,765
10,766
16,767
19,768
11,769
16,770
4,771
3,772
7,773
12,774
18,775
5,776
3,777
11,778
12,779
14,780
19,781
12,782
11,783
10,784
14,785
5,786
5,787
7,788
12,789
2,790
11,791
2,792
16,793
16,794
19,795
18,796
14,797
14,798
10,799
1,800
5,801
6,802
1,803
12,804
14,805
10,806
10,807
10,808
12,809
19,810
3,811
6,812
5,813
19,814
10,815
5,816
10,817
14,818
7,819
1,820
4,821
19,822
16,823
3,824
3,825
13,826
0,827
15,828
7,829
1,830
16,831
3,832
1,833
5,834
0,835
10,836
6,837
18,838
2,839
4,840
7,841
11,842
18,843
18,844
16,845
1,846
10,847
11,848
16,849
3,850
8,851
6,852
3,853
6,854
5,855
17,856
1,857
13,858
15,859
9,860
9,861
2,862
17,863
1,864
7,865
15,866
11,867
10,868
12,869
3,870
19,871
9,872
4,873
8,874
10,875
15,876
18,877
7,878
16,879
18,880
4,881
0,882
17,883
17,884
11,885
14,886
0,887
7,888
5,889
15,890
12,891
14,892
19,893
8,894
12,895
14,896
12,897
19,898
8,899
0,900
8,901
5,902
14,903
5,904
5,905
11,906
3,907
14,908
11,909
12,910
10,911
2,912
0,913
12,914
19,915
17,916
18,917
5,918
15,919
15,920
0,921
16,922
19,923
2,924
8,925
18,926
9,927
2,928
9,929
19,930
6,931
4,932
11,933
8,934
17,935
16,936
6,937
10,938
9,939
17,940
8,941
0,942
5,943
4,944
10,945
6,946
18,947
7,948
10,949
19,950
3,951
8,952
15,953
11,954
12,955
12,956
2,957
3,958
1,959
18,960
5,961
1,962
10,963
7,964
2,965
6,966
11,967
10,968
12,969
5,970
3,971
17,972
18,973
18,974
16,975
13,976
17,977
17,978
9,979
3,980
19,981
1,982
18,983
9,984
7,985
17,986
14,987
5,988
4,989
6,990
15,991
3,992
13,993
10,994
13,995
10,996
15,997
6,998
19,999
0,1000
1,1001
9,1002
19,1003
19,1004
12,1005
6,1006
17,1007
0,1008
17,1009
3,1010
6,1011
16,1012
11,1013
16,1014
19,1015
8,1016
0,1017
1,1018
9,1019
10,1020
16,1021
2,1022
3,1023
19,1024
4,1025
11,1026
13,1027
16,1028
16,1029
15,1030
11,1031
3,1032
6,1033
0,1034
13,1035
0,1036
16,1037
10,1038
7,1039
7,1040
9,1041
6,1042
18,1043
16,1044
4,1045
1,1046
15,1047
11,1048
12,1049
12,1050
7,1051
7,1052
13,1053
7,1054
2,1055
15,1056
4,1057
18,1058
7,1059
15,1060
6,1061
12,1062
2,1063
10,1064
18,1065
10,1066
6,1067
13,1068
15,1069
4,1070
14,1071
17,1072
3,1073
10,1074
9,1075
18,1076
6,1077
6,1078
5,1079
11,1080
9,1081
7,1082
3,1083
12,1084
5,1085
14,1086
2,1087
11,1088
8,1089
4,1090
2,1091
2,1092
9,1093
4,1094
19,1095
1,1096
15,1097
13,1098
15,1099
8,1100
11,1101
4,1102
15,1103
11,1104
2,1105
4,1106
3,1107
13,1108
7,1109
2,1110
1,1111
18,1112
5,1113
9,1114
4,1115
2,1116
8,1117
18,1118
12,1119
11,1120
5,1121
10,1122
9,1123
3,1124
7,1125
9,1126
1,1127
16,1128
17,1129
1,1130
4,1131
9,1132
14,1133
14,1134
11,1135
12,1136
19,1137
3,1138
8,1139
10,1140
15,1141
12,1142
6,1143
15,1144
1,1145
3,1146
11,1147
10,1148
3,1149
11,1150
11,1151
10,1152
8,1153
7,1154
15,1155
16,1156
2,1157
1,1158
2,1159
17,1160
15,1161
6,1162
13,1163
12,1164
14,1165
11,1166
18,1167
7,1168
8,1169
7,1170
5,1171
17,1172
8,1173
17,1174
3,1175
13,1176
14,1177
16,1178
1,1179
5,1180
3,1181
16,1182
8,1183
18,1184
9,1185
13,1186
15,1187
11,1188
3,1189
17,1190
9,1191
1,1192
18,1193
5,1194
4,1195
0,1196
18,1197
19,1198
19,1199
8,1200
1,1201
7,1202
16,1203
17,1204
5,1205
18,1206
6,1207
8,1208
16,1209
4,1210
5,1211
6,1212
3,1213
4,1214
19,1215
19,1216
9,1217
11,1218
13,1219
17,1220
17,1221
6,1222
18,1223
1,1224
9,1225
6,1226
2,1227
1,1228
8,1229
17,1230
13,1231
6,1232
13,1233
16,1234
10,1235
8,1236
13,1237
15,1238
0,1239
17,1240
9,1241
4,1242
19,1243
1,1244
13,1245
7,1246
3,1247
7,1248
8,1249
12,1250
5,1251
6,1252
1,1253
17,1254
11,1255
14,1256
11,1257
6,1258
11,1259
13,1260
9,1261
10,1262
2,1263
12,1264
17,1265
1,1266
13,1267
16,1268
12,1269
14,1270
1,1271
4,1272
14,1273
19,1274
15,1275
3,1276
8,1277
10,1278
0,1279
2,1280
17,1281
4,1282
7,1283
11,1284
3,1285
9,1286
9,1287
15,1288
8,1289
11,1290
14,1291
12,1292
11,1293
11,1294
15,1295
17,1296
8,1297
16,1298
8,1299
14,1300
3,1301
14,1302
16,1303
9,1304
14,1305
14,1306
19,1307
2,1308
7,1309
17,1310
2,1311
10,1312
1,1313
16,1314
4,1315
16,1316
6,1317
18,1318
4,1319
7,1320
18,1321
10,1322
10,1323
8,1324
12,1325
5,1326
19,1327
13,1328
0,1329
17,1330
17,1331
5,1332
3,1333
5,1334
14,1335
1,1336
17,1337
11,1338
15,1339
15,1340
11,1341
9,1342
7,1343
7,1344
9,1345
18,1346
10,1347
1,1348
12,1349
16,1350
6,1351
5,1352
8,1353
11,1354
9,1355
9,1356
2,1357
0,1358
4,1359
1,1360
7,1361
13,1362
15,1363
17,1364
19,1365
18,1366
8,1367
5,1368
1,1369
19,1370
19,1371
0,1372
18,1373
14,1374
1,1375
19,1376
0,1377
17,1378
12,1379
0,1380
18,1381
12,1382
12,1383
2,1384
11,1385
15,1386
10,1387
6,1388
17,1389
10,1390
2,1391
15,1392
6,1393
18,1394
1,1395
1,1396
8,1397
3,1398
6,1399
4,1400
10,1401
12,1402
14,1403
13,1404
17,1405
5,1406
2,1407
18,1408
18,1409
2,1410
15,1411
9,1412
19,1413
2,1414
10,1415
14,1416
2,1417
6,1418
19,1419
1,1420
19,1421
11,1422
4,1423
8,1424
16,1425
13,1426
5,1427
19,1428
8,1429
1,1430
8,1431
14,1432
13,1433
13,1434
16,1435
2,1436
12,1437
16,1438
12,1439
19,1440
2,1441
5,1442
7,1443
17,1444
10,1445
13,1446
16,1447
12,1448
14,1449
13,1450
19,1451
11,1452
14,1453
15,1454
15,1455
9,1456
15,1457
4,1458
6,1459
5,1460
6,1461
15,1462
17,1463
2,1464
11,1465
14,1466
5,1467
15,1468
19,1469
4,1470
16,1471
12,1472
1,1473
8,1474
2,1475
2,1476
7,1477
6,1478
1,1479
18,1480
7,1481
0,1482
4,1483
17,1484
2,1485
5,1486
12,1487
9,1488
10,1489
13,1490
11,1491
16,1492
4,1493
19,1494
16,1495
5,1496
11,1497
12,1498
3,1499
13,1500
2,1501
4,1502
16,1503
4,1504
8,1505
1,1506
12,1507
4,1508
12,1509
5,1510
17,1511
1,1512
5,1513
2,1514
14,1515
2,1516
1,1517
5,1518
0,1519
11,1520
12,1521
8,1522
11,1523
13,1524
5,1525
7,1526
2,1527
11,1528
16,1529
11,1530
2,1531
10,1532
13,1533
10,1534
14,1535
15,1536
7,1537
11,1538
18,1539
5,1540
11,1541
15,1542
14,1543
10,1544
8,1545
15,1546
6,1547
10,1548
1,1549
6,1550
6,1551
9,1552
8,1553
10,1554
4,1555
16,1556
2,1557
16,1558
14,1559
9,1560
4,1561
16,1562
8,1563
4,1564
12,1565
2,1566
4,1567
2,1568
12,1569
4,1570
13,1571
0,1572
7,1573
18,1574
13,1575
1,1576
18,1577
8,1578
17,1579
5,1580
14,1581
7,1582
9,1583
6,1584
12,1585
19,1586
1,1587
7,1588
2,1589
2,1590
11,1591
16,1592
3,1593
19,1594
18,1595
16,1596
17,1597
3,1598
14,1599
12,1600
8,1601
4,1602
6,1603
3,1604
8,1605
7,1606
2,1607
6,1608
3,1609
7,1610
11,1611
14,1612
17,1613
9,1614
5,1615
3,1616
7,1617
5,1618
6,1619
17,1620
16,1621
13,1622
19,1623
12,1624
19,1625
7,1626
12,1627
15,1628
0,1629
3,1630
8,1631
16,1632
5,1633
5,1634
15,1635
1,1636
0,1637
8,1638
8,1639
7,1640
6,1641
4,1642
6,1643
6,1644
1,1645
11,1646
18,1647
15,1648
8,1649
8,1650
11,1651
13,1652
15,1653
10,1654
2,1655
5,1656
3,1657
8,1658
2,1659
2,1660
2,1661
14,1662
11,1663
16,1664
11,1665
12,1666
2,1667
14,1668
2,1669
9,1670
14,1671
1,1672
5,1673
1,1674
16,1675
14,1676
3,1677
4,1678
12,1679
6,1680
15,1681
10,1682
14,1683
7,1684
3,1685
16,1686
4,1687
16,1688
18,1689
3,1690
11,1691
15,1692
12,1693
19,1694
6,1695
18,1696
13,1697
6,1698
8,1699
9,1700
12,1701
19,1702
1,1703
18,1704
1,1705
13,1706
4,1707
11,1708
5,1709
0,1710
6,1711
13,1712
2,1713
1,1714
7,1715
15,1716
5,1717
4,1718
14,1719
3,1720
2,1721
2,1722
1,1723
0,1724
16,1725
1,1726
8,1727
5,1728
17,1729
2,1730
8,1731
16,1732
8,1733
16,1734
17,1735
0,1736
11,1737
9,1738
9,1739
19,1740
1,1741
18,1742
16,1743
1,1744
7,1745
1,1746
16,1747
4,1748
0,1749
6,1750
7,1751
13,1752
16,1753
8,1754
3,1755
1,1756
9,1757
13,1758
17,1759
12,1760
11,1761
9,1762
15,1763
6,1764
19,1765
18,1766
6,1767
3,1768
7,1769
10,1770
10,1771
18,1772
12,1773
2,1774
17,1775
5,1776
19,1777
19,1778
10,1779
8,1780
6,1781
1,1782
3,1783
18,1784
8,1785
12,1786
12,1787
13,1788
7,1789
4,1790
1,1791
5,1792
2,1793
8,1794
16,1795
9,1796
12,1797
10,1798
12,1799
5,1800
8,1801
16,1802
4,1803
14,1804
8,1805
16,1806
11,1807
17,1808
8,1809
15,1810
0,1811
0,1812
6,1813
1,1814
19,1815
6,1816
14,1817
19,1818
1,1819
8,1820
10,1821
14,1822
17,1823
8,1824
13,1825
13,1826
6,1827
18,1828
17,1829
18,1830
2,1831
7,1832
10,1833
13,1834
16,1835
2,1836
8,1837
5,1838
16,1839
11,1840
16,1841
19,1842
10,1843
3,1844
5,1845
9,1846
9,1847
16,1848
1,1849
9,1850
14,1851
0,1852
15,1853
16,1854
10,1855
7,1856
14,1857
7,1858
0,1859
14,1860
7,1861
8,1862
13,1863
6,1864
11,1865
12,1866
10,1867
15,1868
10,1869
14,1870
15,1871
9,1872
1,1873
13,1874
14,1875
13,1876
15,1877
17,1878
4,1879
3,1880
11,1881
13,1882
7,1883
16,1884
19,1885
11,1886
15,1887
6,1888
15,1889
4,1890
4,1891
11,1892
10,1893
14,1894
2,1895
5,1896
4,1897
14,1898
15,1899
15,1900
10,1901
8,1902
12,1903
7,1904
18,1905
19,1906
10,1907
18,1908
13,1909
14,1910
19,1911
2,1912
2,1913
14,1914
6,1915
4,1916
9,1917
15,1918
15,1919
15,1920
10,1921
4,1922
7,1923
7,1924
7,1925
12,1926
5,1927
19,1928
19,1929
8,1930
1,1931
5,1932
17,1933
5,1934
0,1935
17,1936
12,1937
15,1938
2,1939
17,1940
3,1941
19,1942
3,1943
15,1944
16,1945
16,1946
9,1947
16,1948
9,1949
15,1950
2,1951
15,1952
2,1953
14,1954
16,1955
15,1956
15,1957
2,1958
11,1959
12,1960
15,1961
8,1962
3,1963
2,1964
14,1965
17,1966
3,1967
16,1968
10,1969
2,1970
16,1971
4,1972
3,1973
19,1974
15,1975
16,1976
8,1977
4,1978
8,1979
14,1980
14,1981
4,1982
14,1983
0,1984
0,1985
15,1986
14,1987
19,1988
17,1989
8,1990
18,1991
17,1992
6,1993
4,1994
17,1995
5,1996
1,1997
1,1998
16,1999
14,2000
19,2001
1,2002
18,2003
1,2004
10,2005
0,2006
8,2007
15,2008
13,2009
13,2010
10,2011
5,2012
4,2013
17,2014
13,2015
16,2016
16,2017
14,2018
8,2019
16,2020
3,2021
10,2022
18,2023
19,2024
3,2025
6,2026
1,2027
19,2028
10,2029
8,2030
6,2031
11,2032
16,2033
9,2034
18,2035
16,2036
13,2037
0,2038
1,2039
17,2040
8,2041
15,2042
0,2043
10,2044
0,2045
6,2046
13,2047
6,2048
10,2049
8,2050
5,2051
19,2052
16,2053
1,2054
10,2055
14,2056
18,2057
16,2058
19,2059
14,2060
2,2061
7,2062
10,2063
8,2064
6,2065
3,2066
5,2067
12,2068
6,2069
1,2070
9,2071
15,2072
15,2073
4,2074
16,2075
2,2076
0,2077
14,2078
11,2079
6,2080
12,2081
14,2082
6,2083
11,2084
1,2085
17,2086
17,2087
10,2088
19,2089
7,2090
9,2091
5,2092
3,2093
8,2094
10,2095
3,2096
12,2097
15,2098
18,2099
10,2100
13,2101
1,2102
7,2103
10,2104
9,2105
6,2106
10,2107
6,2108
6,2109
1,2110
15,2111
2,2112
7,2113
4,2114
12,2115
17,2116
4,2117
6,2118
12,2119
7,2120
6,2121
0,2122
7,2123
4,2124
4,2125
1,2126
12,2127
7,2128
0,2129
14,2130
19,2131
3,2132
10,2133
6,2134
14,2135
2,2136
8,2137
7,2138
5,2139
17,2140
9,2141
7,2142
8,2143
12,2144
14,2145
11,2146
16,2147
16,2148
14,2149
5,2150
18,2151
17,2152
17,2153
6,2154
13,2155
4,2156
3,2157
7,2158
15,2159
16,2160
7,2161
5,2162
2,2163
18,2164
11,2165
8,2166
14,2167
2,2168
9,2169
11,2170
7,2171
15,2172
9,2173
2,2174
7,2175
3,2176
17,2177
18,2178
9,2179
6,2180
18,2181
12,2182
14,2183
8,2184
2,2185
7,2186
9,2187
10,2188
7,2189
2,2190
10,2191
15,2192
11,2193
3,2194
7,2195
15,2196
15,2197
10,2198
7,2199
10,2200
9,2201
15,2202
12,2203
4,2204
8,2205
9,2206
8,2207
3,2208
4,2209
10,2210
6,2211
14,2212
13,2213
13,2214
16,2215
0,2216
6,2217
10,2218
10,2219
9,2220
15,2221
11,2222
4,2223
3,2224
19,2225
4,2226
10,2227
14,2228
12,2229
1,2230
14,2231
15,2232
14,2233
1,2234
3,2235
17,2236
6,2237
4,2238
19,2239
15,2240
17,2241
7,2242
4,2243
6,2244
1,2245
13,2246
14,2247
4,2248
18,2249
10,2250
13,2251
18,2252
9,2253
2,2254
10,2255
2,2256
1,2257
14,2258
13,2259
4,2260
17,2261
9,2262
14,2263
0,2264
17,2265
8,2266
18,2267
3,2268
13,2269
16,2270
18,2271
11,2272
12,2273
18,2274
1,2275
11,2276
7,2277
16,2278
6,2279
6,2280
3,2281
5,2282
19,2283
8,2284
2,2285
16,2286
13,2287
7,2288
18,2289
18,2290
15,2291
17,2292
17,2293
16,2294
7,2295
15,2296
8,2297
9,2298
17,2299
4,2300
19,2301
15,2302
1,2303
0,2304
6,2305
14,2306
19,2307
7,2308
1,2309
18,2310
3,2311
12,2312
5,2313
19,2314
11,2315
5,2316
4,2317
1,2318
16,2319
5,2320
13,2321
0,2322
18,2323
19,2324
8,2325
12,2326
8,2327
7,2328
0,2329
16,2330
12,2331
5,2332
18,2333
0,2334
1,2335
10,2336
7,2337
8,2338
10,2339
1,2340
6,2341
18,2342
1,2343
17,2344
14,2345
14,2346
8,2347
3,2348
14,2349
0,2350
16,2351
6,2352
0,2353
10,2354
1,2355
18,2356
4,2357
18,2358
14,2359
2,2360
11,2361
6,2362
1,2363
4,2364
9,2365
1,2366
0,2367
0,2368
6,2369
15,2370
10,2371
9,2372
7,2373
9,2374
14,2375
19,2376
3,2377
12,2378
6,2379
0,2380
5,2381
13,2382
13,2383
15,2384
8,2385
12,2386
15,2387
4,2388
7,2389
4,2390
15,2391
0,2392
18,2393
19,2394
16,2395
0,2396
9,2397
3,2398
15,2399
4,2400
18,2401
3,2402
9,2403
3,2404
13,2405
19,2406
3,2407
15,2408
5,2409
3,2410
16,2411
12,2412
10,2413
2,2414
5,2415
6,2416
5,2417
19,2418
0,2419
4,2420
13,2421
9,2422
12,2423
8,2424
6,2425
12,2426
19,2427
0,2428
1,2429
18,2430
6,2431
2,2432
4,2433
17,2434
0,2435
17,2436
2,2437
8,2438
1,2439
8,2440
18,2441
14,2442
11,2443
6,2444
9,2445
3,2446
14,2447
8,2448
8,2449
4,2450
7,2451
14,2452
14,2453
1,2454
6,2455
14,2456
14,2457
14,2458
14,2459
12,2460
19,2461
7,2462
14,2463
14,2464
16,2465
7,2466
8,2467
9,2468
14,2469
14,2470
19,2471
1,2472
13,2473
14,2474
15,2475
7,2476
18,2477
1,2478
4,2479
14,2480
17,2481
2,2482
6,2483
9,2484
19,2485
6,2486
11,2487
11,2488
18,2489
17,2490
9,2491
13,2492
6,2493
3,2494
5,2495
7,2496
3,2497
11,2498
0,2499
12,2500
11,2501
11,2502
18,2503
12,2504
3,2505
10,2506
2,2507
2,2508
12,2509
18,2510
19,2511
2,2512
4,2513
2,2514
8,2515
13,2516
11,2517
18,2518
7,2519
10,2520
14,2521
3,2522
15,2523
12,2524
14,2525
12,2526
13,2527
1,2528
17,2529
8,2530
12,2531
0,2532
17,2533
12,2534
13,2535
10,2536
14,2537
15,2538
0,2539
4,2540
4,2541
11,2542
9,2543
16,2544
11,2545
9,2546
18,2547
2,2548
7,2549
2,2550
6,2551
3,2552
1,2553
17,2554
14,2555
13,2556
12,2557
19,2558
6,2559
2,2560
9,2561
4,2562
0,2563
17,2564
2,2565
13,2566
3,2567
7,2568
2,2569
19,2570
19,2571
6,2572
3,2573
17,2574
18,2575
1,2576
1,2577
17,2578
4,2579
15,2580
1,2581
0,2582
0,2583
8,2584
5,2585
11,2586
18,2587
16,2588
3,2589
16,2590
1,2591
4,2592
0,2593
8,2594
10,2595
16,2596
19,2597
2,2598
5,2599
17,2600
2,2601
15,2602
8,2603
4,2604
15,2605
3,2606
12,2607
19,2608
15,2609
6,2610
2,2611
18,2612
19,2613
15,2614
2,2615
17,2616
9,2617
7,2618
8,2619
17,2620
8,2621
2,2622
16,2623
10,2624
13,2625
7,2626
7,2627
10,2628
12,2629
15,2630
13,2631
16,2632
14,2633
15,2634
14,2635
10,2636
17,2637
1,2638
12,2639
11,2640
10,2641
18,2642
10,2643
13,2644
1,2645
0,2646
18,2647
1,2648
5,2649
3,2650
10,2651
8,2652
16,2653
1,2654
17,2655
18,2656
16,2657
3,2658
1,2659
13,2660
6,2661
6,2662
2,2663
9,2664
3,2665
7,2666
18,2667
16,2668
11,2669
19,2670
12,2671
11,2672
9,2673
15,2674
4,2675
14,2676
6,2677
8,2678
2,2679
3,2680
9,2681
0,2682
4,2683
3,2684
0,2685
0,2686
18,2687
9,2688
1,2689
0,2690
4,2691
0,2692
6,2693
7,2694
0,2695
1,2696
5,2697
9,2698
17,2699
5,2700
5,2701
9,2702
13,2703
16,2704
13,2705
7,2706
11,2707
12,2708
6,2709
18,2710
15,2711
11,2712
1,2713
0,2714
12,2715
7,2716
13,2717
8,2718
10,2719
8,2720
10,2721
3,2722
19,2723
19,2724
6,2725
13,2726
14,2727
16,2728
17,2729
1,2730
17,2731
0,2732
9,2733
12,2734
9,2735
0,2736
4,2737
17,2738
14,2739
16,2740
14,2741
11,2742
16,2743
9,2744
17,2745
5,2746
15,2747
10,2748
6,2749
16,2750
3,2751
7,2752
19,2753
18,2754
15,2755
6,2756
5,2757
8,2758
3,2759
4,2760
16,2761
12,2762
18,2763
14,2764
15,2765
11,2766
8,2767
2,2768
12,2769
7,2770
11,2771
15,2772
5,2773
19,2774
3,2775
11,2776
15,2777
4,2778
15,2779
5,2780
18,2781
11,2782
17,2783
15,2784
18,2785
14,2786
16,2787
2,2788
11,2789
6,2790
15,2791
18,2792
12,2793
8,2794
17,2795
7,2796
12,2797
3,2798
7,2799
1,2800
19,2801
16,2802
3,2803
0,2804
13,2805
5,2806
19,2807
0,2808
18,2809
10,2810
14,2811
16,2812
18,2813
10,2814
4,2815
7,2816
7,2817
13,2818
15,2819
10,2820
13,2821
16,2822
11,2823
16,2824
11,2825
2,2826
16,2827
7,2828
18,2829
3,2830
4,2831
1,2832
10,2833
15,2834
6,2835
12,2836
1,2837
18,2838
19,2839
7,2840
13,2841
3,2842
19,2843
14,2844
15,2845
16,2846
17,2847
17,2848
7,2849
3,2850
5,2851
16,2852
3,2853
2,2854
5,2855
12,2856
16,2857
15,2858
11,2859
13,2860
9,2861
17,2862
4,2863
0,2864
4,2865
2,2866
4,2867
7,2868
0,2869
4,2870
13,2871
8,2872
11,2873
5,2874
17,2875
14,2876
10,2877
7,2878
0,2879
15,2880
17,2881
3,2882
0,2883
19,2884
19,2885
19,2886
16,2887
4,2888
19,2889
19,2890
10,2891
15,2892
1,2893
4,2894
4,2895
11,2896
13,2897
11,2898
13,2899
19,2900
5,2901
19,2902
2,2903
17,2904
12,2905
16,2906
16,2907
9,2908
8,2909
8,2910
13,2911
8,2912
2,2913
15,2914
15,2915
4,2916
5,2917
13,2918
0,2919
11,2920
4,2921
3,2922
6,2923
13,2924
10,2925
19,2926
13,2927
3,2928
3,2929
19,2930
19,2931
5,2932
4,2933
13,2934
0,2935
15,2936
17,2937
2,2938
14,2939
6,2940
15,2941
7,2942
3,2943
3,2944
3,2945
15,2946
8,2947
13,2948
0,2949
10,2950
2,2951
18,2952
14,2953
15,2954
2,2955
5,2956
11,2957
7,2958
2,2959
18,2960
2,2961
10,2962
12,2963
5,2964
4,2965
3,2966
11,2967
0,2968
9,2969
14,2970
18,2971
2,2972
2,2973
13,2974
13,2975
2,2976
10,2977
5,2978
19,2979
0,2980
12,2981
1,2982
7,2983
4,2984
15,2985
9,2986
5,2987
9,2988
12,2989
8,2990
10,2991
11,2992
12,2993
8,2994
16,2995
19,2996
11,2997
3,2998
8,2999
0,3000
6,3001
8,3002
13,3003
15,3004
19,3005
17,3006
3,3007
15,3008
0,3009
15,3010
1,3011
9,3012
11,3013
8,3014
18,3015
13,3016
7,3017
15,3018
17,3019
0,3020
10,3021
0,3022
8,3023
18,3024
11,3025
14,3026
0,3027
9,3028
7,3029
6,3030
15,3031
1,3032
10,3033
17,3034
13,3035
12,3036
5,3037
17,3038
13,3039
5,3040
14,3041
14,3042
14,3043
18,3044
5,3045
6,3046
12,3047
1,3048
2,3049
18,3050
13,3051
2,3052
9,3053
9,3054
12,3055
7,3056
12,3057
13,3058
6,3059
1,3060
11,3061
12,3062
15,3063
11,3064
9,3065
5,3066
18,3067
9,3068
16,3069
4,3070
16,3071
0,3072
18,3073
7,3074
14,3075
19,3076
3,3077
12,3078
7,3079
7,3080
4,3081
0,3082
11,3083
2,3084
7,3085
8,3086
9,3087
6,3088
12,3089
19,3090
16,3091
4,3092
8,3093
11,3094
2,3095
5,3096
1,3097
8,3098
7,3099
0,3100
9,3101
11,3102
7,3103
0,3104
9,3105
5,3106
1,3107
17,3108
4,3109
15,3110
14,3111
15,3112
0,3113
4,3114
13,3115
7,3116
18,3117
5,3118
3,3119
19,3120
3,3121
7,3122
0,3123
17,3124
9,3125
17,3126
7,3127
3,3128
11,3129
0,3130
16,3131
19,3132
0,3133
10,3134
15,3135
14,3136
6,3137
8,3138
12,3139
19,3140
3,3141
17,3142
8,3143
2,3144
17,3145
0,3146
11,3147
18,3148
4,3149
8,3150
9,3151
0,3152
10,3153
1,3154
1,3155
17,3156
9,3157
9,3158
5,3159
7,3160
11,3161
17,3162
17,3163
5,3164
19,3165
15,3166
9,3167
7,3168
3,3169
2,3170
14,3171
19,3172
2,3173
3,3174
14,3175
17,3176
12,3177
19,3178
5,3179
3,3180
7,3181
12,3182
13,3183
12,3184
4,3185
15,3186
13,3187
14,3188
8,3189
3,3190
10,3191
8,3192
18,3193
4,3194
14,3195
19,3196
0,3197
0,3198
8,3199
18,3200
7,3201
8,3202
5,3203
19,3204
10,3205
1,3206
2,3207
3,3208
18,3209
8,3210
18,3211
11,3212
14,3213
19,3214
0,3215
16,3216
12,3217
6,3218
4,3219
13,3220
7,3221
13,3222
16,3223
8,3224
15,3225
0,3226
17,3227
18,3228
10,3229
17,3230
7,3231
9,3232
12,3233
8,3234
0,3235
13,3236
6,3237
7,3238
0,3239
5,3240
19,3241
16,3242
17,3243
11,3244
9,3245
16,3246
3,3247
5,3248
2,3249
7,3250
9,3251
8,3252
10,3253
18,3254
9,3255
11,3256
14,3257
16,3258
1,3259
13,3260
8,3261
12,3262
13,3263
12,3264
5,3265
7,3266
12,3267
15,3268
16,3269
11,3270
16,3271
11,3272
14,3273
19,3274
8,3275
10,3276
10,3277
15,3278
5,3279
11,3280
17,3281
10,3282
2,3283
10,3284
9,3285
7,3286
11,3287
9,3288
5,3289
18,3290
6,3291
12,3292
5,3293
19,3294
6,3295
2,3296
0,3297
9,3298
15,3299
10,3300
6,3301
19,3302
7,3303
5,3304
16,3305
14,3306
10,3307
9,3308
7,3309
14,3310
17,3311
10,3312
14,3313
19,3314
19,3315
0,3316
9,3317
18,3318
2,3319
4,3320
14,3321
15,3322
6,3323
1,3324
1,3325
2,3326
13,3327
16,3328
6,3329
18,3330
4,3331
19,3332
15,3333
17,3334
16,3335
12,3336
1,3337
4,3338
8,3339
4,3340
8,3341
16,3342
15,3343
15,3344
0,3345
14,3346
12,3347
9,3348
11,3349
18,3350
17,3351
9,3352
6,3353
4,3354
13,3355
17,3356
5,3357
19,3358
18,3359
19,3360
19,3361
14,3362
3,3363
0,3364
11,3365
17,3366
9,3367
19,3368
19,3369
16,3370
2,3371
7,3372
14,3373
19,3374
13,3375
17,3376
15,3377
17,3378
10,3379
8,3380
11,3381
5,3382
17,3383
17,3384
13,3385
16,3386
3,3387
19,3388
14,3389
17,3390
2,3391
18,3392
14,3393
16,3394
9,3395
13,3396
3,3397
19,3398
8,3399
14,3400
17,3401
5,3402
4,3403
0,3404
10,3405
6,3406
18,3407
2,3408
11,3409
6,3410
16,3411
18,3412
19,3413
18,3414
10,3415
0,3416
17,3417
3,3418
12,3419
12,3420
8,3421
12,3422
0,3423
1,3424
19,3425
15,3426
18,3427
11,3428
1,3429
18,3430
7,3431
14,3432
12,3433
1,3434
13,3435
2,3436
6,3437
9,3438
14,3439
0,3440
17,3441
18,3442
2,3443
18,3444
2,3445
0,3446
17,3447
19,3448
1,3449
13,3450
15,3451
11,3452
1,3453
17,3454
12,3455
3,3456
6,3457
8,3458
19,3459
12,3460
15,3461
13,3462
2,3463
6,3464
14,3465
1,3466
5,3467
16,3468
19,3469
2,3470
1,3471
18,3472
9,3473
16,3474
13,3475
0,3476
7,3477
9,3478
6,3479
9,3480
15,3481
3,3482
12,3483
12,3484
6,3485
6,3486
2,3487
8,3488
12,3489
15,3490
2,3491
1,3492
8,3493
3,3494
2,3495
8,3496
12,3497
1,3498
3,3499
11,3500
10,3501
1,3502
15,3503
0,3504
0,3505
6,3506
15,3507
12,3508
18,3509
19,3510
15,3511
4,3512
7,3513
12,3514
12,3515
17,3516
12,3517
2,3518
11,3519
17,3520
9,3521
3,3522
19,3523
1,3524
9,3525
15,3526
5,3527
4,3528
2,3529
11,3530
8,3531
8,3532
4,3533
6,3534
5,3535
3,3536
12,3537
14,3538
11,3539
16,3540
15,3541
9,3542
3,3543
6,3544
2,3545
0,3546
18,3547
17,3548
18,3549
6,3550
1,3551
12,3552
3,3553
12,3554
1,3555
0,3556
16,3557
9,3558
9,3559
6,3560
16,3561
10,3562
5,3563
0,3564
4,3565
13,3566
5,3567
18,3568
12,3569
14,3570
8,3571
14,3572
5,3573
1,3574
12,3575
2,3576
13,3577
6,3578
6,3579
15,3580
6,3581
16,3582
7,3583
1,3584
18,3585
3,3586
11,3587
9,3588
15,3589
1,3590
8,3591
13,3592
18,3593
16,3594
14,3595
2,3596
6,3597
16,3598
1,3599
0,3600
6,3601
16,3602
1,3603
3,3604
3,3605
16,3606
12,3607
2,3608
16,3609
6,3610
8,3611
3,3612
14,3613
1,3614
19,3615
14,3616
8,3617
18,3618
18,3619
19,3620
4,3621
7,3622
1,3623
4,3624
14,3625
14,3626
2,3627
6,3628
14,3629
19,3630
0,3631
17,3632
1,3633
17,3634
9,3635
3,3636
10,3637
5,3638
14,3639
0,3640
14,3641
2,3642
0,3643
17,3644
8,3645
14,3646
2,3647
13,3648
7,3649
8,3650
10,3651
7,3652
16,3653
10,3654
0,3655
15,3656
9,3657
19,3658
15,3659
9,3660
8,3661
15,3662
0,3663
15,3664
17,3665
9,3666
2,3667
19,3668
3,3669
17,3670
4,3671
3,3672
15,3673
11,3674
3,3675
14,3676
1,3677
19,3678
18,3679
15,3680
6,3681
15,3682
2,3683
3,3684
17,3685
2,3686
7,3687
7,3688
10,3689
7,3690
14,3691
4,3692
19,3693
6,3694
15,3695
17,3696
8,3697
6,3698
16,3699
6,3700
4,3701
12,3702
6,3703
14,3704
19,3705
1,3706
11,3707
9,3708
1,3709
16,3710
5,3711
3,3712
12,3713
16,3714
16,3715
4,3716
17,3717
10,3718
6,3719
19,3720
0,3721
6,3722
12,3723
5,3724
9,3725
14,3726
14,3727
10,3728
10,3729
15,3730
3,3731
14,3732
12,3733
5,3734
2,3735
13,3736
2,3737
15,3738
11,3739
15,3740
19,3741
18,3742
6,3743
10,3744
15,3745
16,3746
7,3747
8,3748
0,3749
18,3750
1,3751
4,3752
18,3753
17,3754
1,3755
10,3756
5,3757
18,3758
1,3759
3,3760
13,3761
16,3762
2,3763
15,3764
4,3765
0,3766
2,3767
10,3768
15,3769
8,3770
18,3771
16,3772
19,3773
0,3774
6,3775
12,3776
4,3777
14,3778
0,3779
8,3780
10,3781
11,3782
18,3783
8,3784
11,3785
2,3786
15,3787
7,3788
0,3789
9,3790
0,3791
13,3792
17,3793
5,3794
1,3795
1,3796
17,3797
3,3798
4,3799
4,3800
11,3801
3,3802
19,3803
14,3804
4,3805
17,3806
6,3807
3,3808
9,3809
2,3810
5,3811
1,3812
15,3813
13,3814
5,3815
18,3816
9,3817
12,3818
1,3819
1,3820
8,3821
8,3822
8,3823
3,3824
13,3825
6,3826
18,3827
10,3828
9,3829
2,3830
8,3831
8,3832
2,3833
14,3834
19,3835
6,3836
5,3837
5,3838
15,3839
3,3840
16,3841
12,3842
6,3843
10,3844
13,3845
16,3846
7,3847
2,3848
10,3849
17,3850
2,3851
1,3852
1,3853
19,3854
1,3855
0,3856
11,3857
10,3858
4,3859
18,3860
19,3861
11,3862
15,3863
14,3864
17,3865
4,3866
15,3867
18,3868
15,3869
4,3870
17,3871
5,3872
19,3873
14,3874
18,3875
16,3876
7,3877
10,3878
5,3879
7,3880
2,3881
3,3882
1,3883
15,3884
18,3885
17,3886
12,3887
17,3888
7,3889
5,3890
9,3891
16,3892
6,3893
16,3894
16,3895
7,3896
13,3897
15,3898
4,3899
6,3900
19,3901
3,3902
7,3903
13,3904
6,3905
8,3906
13,3907
19,3908
18,3909
10,3910
2,3911
1,3912
12,3913
5,3914
14,3915
17,3916
2,3917
11,3918
5,3919
2,3920
5,3921
17,3922
17,3923
2,3924
15,3925
6,3926
19,3927
18,3928
16,3929
6,3930
12,3931
12,3932
19,3933
8,3934
13,3935
6,3936
11,3937
0,3938
4,3939
10,3940
0,3941
2,3942
13,3943
2,3944
6,3945
10,3946
2,3947
14,3948
1,3949
17,3950
13,3951
19,3952
3,3953
11,3954
12,3955
1,3956
12,3957
7,3958
2,3959
14,3960
19,3961
0,3962
13,3963
12,3964
5,3965
13,3966
19,3967
0,3968
12,3969
18,3970
10,3971
8,3972
13,3973
18,3974
5,3975
11,3976
14,3977
1,3978
12,3979
3,3980
14,3981
19,3982
0,3983
18,3984
15,3985
14,3986
14,3987
9,3988
5,3989
7,3990
14,3991
12,3992
0,3993
11,3994
5,3995
7,3996
16,3997
6,3998
7,3999
11,4000
5,4001
5,4002
6,4003
5,4004
13,4005
18,4006
17,4007
9,4008
13,4009
15,4010
9,4011
0,4012
5,4013
17,4014
2,4015
11,4016
16,4017
12,4018
1,4019
10,4020
0,4021
4,4022
5,4023
0,4024
18,4025
10,4026
15,4027
15,4028
1,4029
8,4030
3,4031
10,4032
4,4033
18,4034
17,4035
12,4036
15,4037
16,4038
17,4039
8,4040
13,4041
13,4042
14,4043
9,4044
0,4045
6,4046
14,4047
17,4048
0,4049
6,4050
15,4051
4,4052
1,4053
1,4054
7,4055
6,4056
15,4057
10,4058
3,4059
6,4060
3,4061
11,4062
0,4063
14,4064
4,4065
18,4066
4,4067
2,4068
2,4069
10,4070
8,4071
17,4072
8,4073
6,4074
2,4075
15,4076
17,4077
14,4078
17,4079
9,4080
8,4081
1,4082
5,4083
1,4084
15,4085
12,4086
13,4087
17,4088
6,4089
2,4090
15,4091
14,4092
5,4093
15,4094
13,4095
3,4096
4,4097
14,4098
15,4099
18,4100
14,4101
17,4102
2,4103
12,4104
1,4105
18,4106
12,4107
7,4108
2,4109
17,4110
4,4111
9,4112
5,4113
5,4114
15,4115
0,4116
10,4117
11,4118
3,4119
2,4120
14,4121
11,4122
16,4123
8,4124
1,4125
16,4126
7,4127
8,4128
8,4129
18,4130
3,4131
17,4132
12,4133
19,4134
18,4135
17,4136
6,4137
16,4138
1,4139
4,4140
15,4141
2,4142
6,4143
13,4144
14,4145
15,4146
13,4147
16,4148
19,4149
9,4150
2,4151
19,4152
1,4153
19,4154
17,4155
16,4156
1,4157
15,4158
4,4159
3,4160
5,4161
19,4162
12,4163
1,4164
19,4165
12,4166
0,4167
5,4168
14,4169
19,4170
4,4171
11,4172
13,4173
16,4174
14,4175
11,4176
18,4177
19,4178
1,4179
17,4180
2,4181
11,4182
11,4183
2,4184
1,4185
13,4186
17,4187
11,4188
1,4189
3,4190
2,4191
10,4192
11,4193
16,4194
13,4195
2,4196
6,4197
19,4198
15,4199
5,4200
16,4201
17,4202
9,4203
2,4204
10,4205
7,4206
15,4207
14,4208
0,4209
9,4210
8,4211
16,4212
10,4213
11,4214
17,4215
3,4216
12,4217
8,4218
4,4219
3,4220
19,4221
4,4222
5,4223
14,4224
9,4225
7,4226
6,4227
9,4228
14,4229
14,4230
19,4231
4,4232
17,4233
17,4234
8,4235
4,4236
19,4237
4,4238
16,4239
13,4240
15,4241
19,4242
10,4243
6,4244
4,4245
10,4246
5,4247
2,4248
4,4249
15,4250
8,4251
10,4252
10,4253
8,4254
12,4255
12,4256
5,4257
10,4258
6,4259
15,4260
11,4261
4,4262
16,4263
3,4264
18,4265
2,4266
12,4267
12,4268
14,4269
19,4270
13,4271
19,4272
9,4273
8,4274
3,4275
0,4276
2,4277
8,4278
8,4279
15,4280
19,4281
0,4282
10,4283
16,4284
6,4285
11,4286
14,4287
19,4288
17,4289
19,4290
5,4291
0,4292
4,4293
17,4294
1,4295
7,4296
1,4297
7,4298
13,4299
16,4300
8,4301
3,4302
18,4303
17,4304
18,4305
11,4306
11,4307
4,4308
15,4309
0,4310
6,4311
2,4312
8,4313
18,4314
17,4315
13,4316
0,4317
13,4318
15,4319
6,4320
10,4321
17,4322
15,4323
2,4324
2,4325
18,4326
4,4327
6,4328
1,4329
11,4330
18,4331
18,4332
1,4333
12,4334
0,4335
15,4336
15,4337
16,4338
9,4339
17,4340
17,4341
11,4342
14,4343
12,4344
5,4345
7,4346
0,4347
11,4348
14,4349
4,4350
4,4351
3,4352
5,4353
8,4354
1,4355
12,4356
7,4357
12,4358
5,4359
7,4360
1,4361
16,4362
13,4363
15,4364
11,4365
3,4366
14,4367
19,4368
13,4369
11,4370
9,4371
12,4372
11,4373
14,4374
2,4375
13,4376
6,4377
5,4378
5,4379
17,4380
15,4381
15,4382
7,4383
8,4384
2,4385
0,4386
17,4387
17,4388
17,4389
8,4390
8,4391
18,4392
2,4393
17,4394
2,4395
9,4396
13,4397
17,4398
15,4399
15,4400
19,4401
2,4402
13,4403
18,4404
16,4405
3,4406
16,4407
5,4408
0,4409
15,4410
11,4411
16,4412
8,4413
13,4414
13,4415
10,4416
17,4417
6,4418
3,4419
19,4420
10,4421
4,4422
17,4423
18,4424
11,4425
17,4426
11,4427
5,4428
2,4429
8,4430
8,4431
1,4432
15,4433
9,4434
5,4435
4,4436
0,4437
7,4438
12,4439
6,4440
14,4441
13,4442
10,4443
14,4444
0,4445
14,4446
3,4447
19,4448
4,4449
15,4450
5,4451
10,4452
2,4453
2,4454
6,4455
16,4456
6,4457
1,4458
4,4459
9,4460
1,4461
2,4462
12,4463
16,4464
10,4465
15,4466
19,4467
10,4468
1,4469
13,4470
19,4471
3,4472
10,4473
8,4474
15,4475
3,4476
8,4477
2,4478
5,4479
5,4480
3,4481
4,4482
12,4483
9,4484
3,4485
10,4486
4,4487
17,4488
13,4489
8,4490
0,4491
15,4492
7,4493
0,4494
15,4495
11,4496
15,4497
0,4498
6,4499
19,4500
6,4501
13,4502
17,4503
10,4504
6,4505
19,4506
19,4507
1,4508
13,4509
13,4510
13,4511
0,4512
14,4513
12,4514
3,4515
13,4516
13,4517
10,4518
18,4519
16,4520
11,4521
12,4522
6,4523
2,4524
15,4525
6,4526
8,4527
1,4528
12,4529
18,4530
15,4531
0,4532
0,4533
6,4534
10,4535
17,4536
12,4537
14,4538
6,4539
14,4540
2,4541
9,4542
19,4543
11,4544
10,4545
2,4546
15,4547
0,4548
16,4549
17,4550
6,4551
0,4552
0,4553
14,4554
8,4555
12,4556
18,4557
9,4558
3,4559
9,4560
3,4561
10,4562
0,4563
8,4564
4,4565
10,4566
2,4567
9,4568
17,4569
3,4570
15,4571
19,4572
13,4573
8,4574
12,4575
12,4576
0,4577
18,4578
2,4579
5,4580
5,4581
6,4582
19,4583
19,4584
14,4585
19,4586
2,4587
5,4588
8,4589
1,4590
17,4591
19,4592
18,4593
0,4594
14,4595
17,4596
14,4597
19,4598
18,4599
17,4600
10,4601
6,4602
15,4603
3,4604
12,4605
14,4606
2,4607
9,4608
15,4609
11,4610
10,4611
13,4612
4,4613
16,4614
19,4615
4,4616
7,4617
15,4618
2,4619
1,4620
10,4621
13,4622
18,4623
11,4624
14,4625
17,4626
13,4627
10,4628
17,4629
17,4630
0,4631
14,4632
7,4633
12,4634
6,4635
0,4636
16,4637
16,4638
9,4639
18,4640
6,4641
13,4642
14,4643
19,4644
8,4645
12,4646
8,4647
12,4648
6,4649
16,4650
9,4651
7,4652
9,4653
4,4654
15,4655
19,4656
15,4657
2,4658
16,4659
7,4660
13,4661
10,4662
9,4663
5,4664
19,4665
4,4666
8,4667
0,4668
18,4669
15,4670
11,4671
9,4672
13,4673
11,4674
12,4675
14,4676
10,4677
18,4678
1,4679
18,4680
6,4681
11,4682
14,4683
4,4684
4,4685
17,4686
6,4687
3,4688
2,4689
18,4690
7,4691
14,4692
7,4693
9,4694
3,4695
1,4696
14,4697
2,4698
15,4699
3,4700
11,4701
4,4702
1,4703
8,4704
18,4705
2,4706
11,4707
11,4708
2,4709
7,4710
8,4711
9,4712
14,4713
2,4714
4,4715
2,4716
7,4717
18,4718
4,4719
15,4720
2,4721
8,4722
7,4723
0,4724
7,4725
18,4726
19,4727
11,4728
6,4729
18,4730
6,4731
4,4732
17,4733
1,4734
11,4735
18,4736
6,4737
12,4738
0,4739
0,4740
18,4741
5,4742
4,4743
13,4744
18,4745
4,4746
17,4747
1,4748
4,4749
6,4750
4,4751
6,4752
19,4753
0,4754
15,4755
15,4756
1,4757
8,4758
8,4759
12,4760
19,4761
19,4762
4,4763
18,4764
4,4765
18,4766
2,4767
16,4768
4,4769
5,4770
14,4771
1,4772
18,4773
10,4774
12,4775
9,4776
4,4777
7,4778
11,4779
9,4780
4,4781
17,4782
3,4783
7,4784
13,4785
1,4786
4,4787
19,4788
8,4789
16,4790
17,4791
8,4792
11,4793
17,4794
7,4795
9,4796
9,4797
14,4798
15,4799
11,4800
14,4801
12,4802
4,4803
1,4804
9,4805
7,4806
5,4807
11,4808
8,4809
9,4810
9,4811
7,4812
16,4813
8,4814
17,4815
14,4816
4,4817
8,4818
18,4819
3,4820
7,4821
15,4822
0,4823
16,4824
8,4825
10,4826
7,4827
1,4828
12,4829
12,4830
10,4831
7,4832
16,4833
15,4834
18,4835
19,4836
3,4837
9,4838
6,4839
1,4840
6,4841
5,4842
2,4843
19,4844
18,4845
16,4846
11,4847
12,4848
15,4849
5,4850
5,4851
19,4852
9,4853
15,4854
14,4855
17,4856
6,4857
15,4858
2,4859
0,4860
8,4861
6,4862
16,4863
0,4864
0,4865
16,4866
2,4867
11,4868
11,4869
4,4870
15,4871
3,4872
15,4873
15,4874
7,4875
18,4876
9,4877
3,4878
6,4879
14,4880
8,4881
13,4882
8,4883
18,4884
14,4885
5,4886
0,4887
6,4888
12,4889
6,4890
2,4891
0,4892
11,4893
15,4894
18,4895
6,4896
7,4897
17,4898
14,4899
19,4900
3,4901
6,4902
9,4903
4,4904
5,4905
4,4906
17,4907
1,4908
14,4909
11,4910
9,4911
9,4912
4,4913
2,4914
11,4915
5,4916
19,4917
11,4918
3,4919
2,4920
7,4921
17,4922
17,4923
12,4924
7,4925
8,4926
3,4927
8,4928
10,4929
14,4930
17,4931
17,4932
7,4933
11,4934
1,4935
14,4936
18,4937
1,4938
5,4939
19,4940
6,4941
17,4942
2,4943
11,4944
1,4945
18,4946
8,4947
14,4948
16,4949
18,4950
15,4951
7,4952
13,4953
14,4954
3,4955
12,4956
1,4957
0,4958
7,4959
9,4960
15,4961
4,4962
13,4963
7,4964
5,4965
18,4966
13,4967
1,4968
19,4969
18,4970
8,4971
17,4972
19,4973
12,4974
6,4975
2,4976
18,4977
10,4978
5,4979
19,4980
16,4981
13,4982
0,4983
17,4984
2,4985
10,4986
18,4987
7,4988
6,4989
5,4990
7,4991
16,4992
2,4993
4,4994
17,4995
6,4996
15,4997
11,4998
1,4999
10,5000
11,5001
6,5002
6,5003
2,5004
7,5005
0,5006
16,5007
3,5008
8,5009
7,5010
18,5011
19,5012
0,5013
17,5014
11,5015
10,5016
6,5017
17,5018
8,5019
3,5020
8,5021
12,5022
13,5023
0,5024
11,5025
13,5026
7,5027
0,5028
8,5029
8,5030
5,5031
18,5032
3,5033
9,5034
14,5035
0,5036
4,5037
15,5038
10,5039
18,5040
2,5041
15,5042
17,5043
10,5044
19,5045
15,5046
17,5047
13,5048
10,5049
7,5050
8,5051
9,5052
8,5053
2,5054
18,5055
17,5056
9,5057
12,5058
18,5059
6,5060
8,5061
4,5062
10,5063
17,5064
1,5065
3,5066
14,5067
12,5068
9,5069
17,5070
16,5071
10,5072
14,5073
16,5074
3,5075
7,5076
8,5077
8,5078
7,5079
6,5080
16,5081
18,5082
10,5083
13,5084
17,5085
1,5086
4,5087
7,5088
11,5089
16,5090
2,5091
4,5092
8,5093
7,5094
16,5095
11,5096
9,5097
3,5098
15,5099
1,5100
3,5101
4,5102
17,5103
8,5104
4,5105
17,5106
12,5107
19,5108
11,5109
2,5110
14,5111
15,5112
6,5113
12,5114
2,5115
2,5116
10,5117
9,5118
16,5119
7,5120
14,5121
19,5122
0,5123
5,5124
7,5125
15,5126
12,5127
15,5128
19,5129
4,5130
7,5131
0,5132
6,5133
8,5134
6,5135
0,5136
0,5137
11,5138
13,5139
10,5140
5,5141
8,5142
5,5143
1,5144
9,5145
5,5146
19,5147
14,5148
2,5149
10,5150
0,5151
12,5152
19,5153
10,5154
15,5155
6,5156
3,5157
7,5158
4,5159
15,5160
8,5161
18,5162
2,5163
5,5164
0,5165
8,5166
17,5167
4,5168
5,5169
12,5170
13,5171
3,5172
2,5173
0,5174
9,5175
18,5176
6,5177
17,5178
4,5179
8,5180
5,5181
2,5182
13,5183
16,5184
8,5185
15,5186
4,5187
6,5188
18,5189
8,5190
13,5191
0,5192
0,5193
11,5194
8,5195
9,5196
5,5197
17,5198
8,5199
12,5200
14,5201
11,5202
11,5203
6,5204
7,5205
16,5206
18,5207
11,5208
12,5209
12,5210
3,5211
7,5212
16,5213
6,5214
11,5215
2,5216
13,5217
6,5218
3,5219
19,5220
19,5221
11,5222
17,5223
9,5224
8,5225
5,5226
1,5227
0,5228
0,5229
13,5230
13,5231
7,5232
12,5233
2,5234
12,5235
12,5236
15,5237
5,5238
1,5239
17,5240
14,5241
19,5242
8,5243
5,5244
7,5245
18,5246
13,5247
17,5248
18,5249
16,5250
3,5251
9,5252
11,5253
10,5254
5,5255
6,5256
12,5257
1,5258
2,5259
7,5260
15,5261
18,5262
18,5263
6,5264
10,5265
18,5266
3,5267
3,5268
7,5269
10,5270
6,5271
16,5272
6,5273
0,5274
19,5275
17,5276
12,5277
1,5278
19,5279
18,5280
5,5281
0,5282
2,5283
15,5284
2,5285
12,5286
19,5287
1,5288
15,5289
7,5290
4,5291
1,5292
10,5293
2,5294
12,5295
14,5296
6,5297
7,5298
11,5299
0,5300
5,5301
7,5302
2,5303
0,5304
15,5305
8,5306
7,5307
18,5308
10,5309
9,5310
6,5311
15,5312
6,5313
10,5314
12,5315
3,5316
9,5317
6,5318
17,5319
10,5320
4,5321
2,5322
0,5323
11,5324
5,5325
1,5326
1,5327
0,5328
18,5329
16,5330
11,5331
3,5332
0,5333
9,5334
12,5335
10,5336
13,5337
18,5338
19,5339
19,5340
5,5341
4,5342
7,5343
3,5344
12,5345
12,5346
12,5347
3,5348
5,5349
7,5350
2,5351
14,5352
16,5353
11,5354
11,5355
6,5356
3,5357
14,5358
5,5359
9,5360
3,5361
7,5362
1,5363
4,5364
14,5365
4,5366
3,5367
5,5368
16,5369
11,5370
13,5371
6,5372
1,5373
19,5374
14,5375
16,5376
5,5377
4,5378
1,5379
19,5380
3,5381
3,5382
9,5383
11,5384
9,5385
4,5386
4,5387
19,5388
1,5389
19,5390
1,5391
17,5392
12,5393
5,5394
9,5395
1,5396
17,5397
14,5398
10,5399
16,5400
11,5401
6,5402
13,5403
7,5404
18,5405
16,5406
17,5407
3,5408
10,5409
14,5410
10,5411
14,5412
19,5413
16,5414
12,5415
4,5416
15,5417
17,5418
4,5419
3,5420
5,5421
5,5422
10,5423
1,5424
18,5425
2,5426
4,5427
7,5428
13,5429
4,5430
6,5431
5,5432
15,5433
18,5434
1,5435
12,5436
5,5437
16,5438
17,5439
17,5440
14,5441
15,5442
4,5443
7,5444
13,5445
19,5446
19,5447
14,5448
17,5449
11,5450
10,5451
10,5452
10,5453
1,5454
13,5455
9,5456
12,5457
7,5458
3,5459
17,5460
14,5461
16,5462
11,5463
2,5464
1,5465
7,5466
4,5467
17,5468
11,5469
2,5470
11,5471
15,5472
9,5473
13,5474
19,5475
14,5476
15,5477
12,5478
19,5479
19,5480
16,5481
18,5482
9,5483
15,5484
5,5485
4,5486
16,5487
3,5488
4,5489
13,5490
6,5491
13,5492
17,5493
5,5494
1,5495
4,5496
8,5497
0,5498
17,5499
2,5500
7,5501
16,5502
14,5503
19,5504
3,5505
19,5506
1,5507
0,5508
8,5509
2,5510
12,5511
7,5512
10,5513
8,5514
10,5515
12,5516
8,5517
14,5518
11,5519
1,5520
7,5521
10,5522
9,5523
3,5524
7,5525
7,5526
14,5527
11,5528
13,5529
14,5530
19,5531
13,5532
3,5533
1,5534
16,5535
7,5536
15,5537
14,5538
11,5539
10,5540
7,5541
8,5542
7,5543
4,5544
14,5545
6,5546
10,5547
0,5548
17,5549
1,5550
1,5551
0,5552
18,5553
19,5554
15,5555
18,5556
0,5557
12,5558
17,5559
1,5560
19,5561
5,5562
12,5563
15,5564
8,5565
1,5566
5,5567
8,5568
11,5569
19,5570
19,5571
2,5572
10,5573
18,5574
19,5575
16,5576
11,5577
17,5578
14,5579
19,5580
3,5581
0,5582
8,5583
0,5584
7,5585
6,5586
19,5587
0,5588
5,5589
18,5590
16,5591
3,5592
16,5593
19,5594
7,5595
4,5596
13,5597
0,5598
9,5599
6,5600
4,5601
3,5602
12,5603
10,5604
13,5605
14,5606
9,5607
1,5608
7,5609
9,5610
10,5611
15,5612
15,5613
18,5614
1,5615
18,5616
15,5617
4,5618
8,5619
7,5620
6,5621
16,5622
8,5623
11,5624
11,5625
14,5626
5,5627
1,5628
16,5629
13,5630
9,5631
3,5632
19,5633
19,5634
19,5635
0,5636
2,5637
7,5638
16,5639
2,5640
16,5641
19,5642
8,5643
4,5644
1,5645
7,5646
12,5647
7,5648
8,5649
13,5650
10,5651
9,5652
11,5653
10,5654
14,5655
10,5656
17,5657
9,5658
6,5659
18,5660
0,5661
17,5662
5,5663
16,5664
13,5665
15,5666
10,5667
3,5668
17,5669
2,5670
2,5671
4,5672
10,5673
2,5674
2,5675
7,5676
9,5677
13,5678
10,5679
10,5680
18,5681
4,5682
7,5683
3,5684
14,5685
19,5686
19,5687
1,5688
8,5689
0,5690
17,5691
19,5692
3,5693
7,5694
8,5695
2,5696
5,5697
18,5698
17,5699
3,5700
2,5701
7,5702
9,5703
13,5704
6,5705
9,5706
16,5707
19,5708
17,5709
4,5710
8,5711
14,5712
8,5713
5,5714
7,5715
7,5716
14,5717
11,5718
10,5719
4,5720
2,5721
7,5722
10,5723
11,5724
13,5725
2,5726
14,5727
9,5728
13,5729
6,5730
19,5731
3,5732
19,5733
10,5734
1,5735
0,5736
17,5737
10,5738
5,5739
19,5740
12,5741
17,5742
17,5743
12,5744
8,5745
4,5746
0,5747
2,5748
5,5749
8,5750
3,5751
3,5752
16,5753
6,5754
19,5755
0,5756
11,5757
17,5758
17,5759
7,5760
14,5761
15,5762
11,5763
18,5764
8,5765
7,5766
2,5767
16,5768
8,5769
6,5770
9,5771
15,5772
10,5773
11,5774
12,5775
16,5776
8,5777
10,5778
10,5779
7,5780
8,5781
5,5782
19,5783
6,5784
9,5785
7,5786
1,5787
6,5788
10,5789
12,5790
16,5791
4,5792
18,5793
14,5794
16,5795
15,5796
19,5797
18,5798
13,5799
9,5800
0,5801
1,5802
11,5803
9,5804
1,5805
16,5806
10,5807
0,5808
12,5809
5,5810
11,5811
15,5812
17,5813
10,5814
14,5815
12,5816
3,5817
14,5818
17,5819
4,5820
18,5821
19,5822
7,5823
10,5824
9,5825
0,5826
3,5827
19,5828
16,5829
3,5830
13,5831
16,5832
18,5833
15,5834
2,5835
10,5836
2,5837
15,5838
8,5839
2,5840
12,5841
6,5842
8,5843
11,5844
14,5845
17,5846
7,5847
2,5848
1,5849
17,5850
8,5851
14,5852
14,5853
2,5854
17,5855
6,5856
3,5857
14,5858
10,5859
14,5860
4,5861
8,5862
15,5863
4,5864
12,5865
8,5866
1,5867
4,5868
4,5869
3,5870
13,5871
15,5872
1,5873
9,5874
14,5875
15,5876
11,5877
1,5878
4,5879
19,5880
0,5881
13,5882
17,5883
11,5884
3,5885
15,5886
8,5887
7,5888
3,5889
10,5890
5,5891
19,5892
2,5893
4,5894
9,5895
13,5896
16,5897
16,5898
6,5899
16,5900
1,5901
18,5902
7,5903
2,5904
2,5905
18,5906
10,5907
9,5908
13,5909
14,5910
3,5911
16,5912
0,5913
13,5914
12,5915
6,5916
18,5917
14,5918
11,5919
10,5920
3,5921
15,5922
14,5923
19,5924
0,5925
0,5926
6,5927
5,5928
1,5929
8,5930
2,5931
6,5932
5,5933
19,5934
6,5935
5,5936
8,5937
4,5938
10,5939
17,5940
17,5941
6,5942
9,5943
18,5944
11,5945
14,5946
9,5947
14,5948
14,5949
0,5950
6,5951
2,5952
7,5953
16,5954
10,5955
15,5956
16,5957
4,5958
3,5959
6,5960
5,5961
15,5962
0,5963
2,5964
3,5965
19,5966
19,5967
2,5968
15,5969
0,5970
17,5971
15,5972
16,5973
3,5974
15,5975
17,5976
8,5977
10,5978
13,5979
16,5980
0,5981
9,5982
7,5983
14,5984
16,5985
1,5986
2,5987
11,5988
12,5989
1,5990
16,5991
14,5992
8,5993
17,5994
17,5995
14,5996
6,5997
15,5998
6,5999
15,6000
19,6001
15,6002
9,6003
11,6004
13,6005
11,6006
15,6007
4,6008
15,6009
15,6010
11,6011
15,6012
5,6013
15,6014
4,6015
17,6016
16,6017
3,6018
13,6019
10,6020
9,6021
3,6022
5,6023
9,6024
1,6025
4,6026
15,6027
5,6028
17,6029
7,6030
12,6031
2,6032
10,6033
15,6034
1,6035
13,6036
19,6037
5,6038
8,6039
17,6040
2,6041
3,6042
9,6043
18,6044
16,6045
2,6046
5,6047
16,6048
13,6049
7,6050
15,6051
4,6052
17,6053
7,6054
4,6055
15,6056
6,6057
16,6058
7,6059
14,6060
5,6061
5,6062
19,6063
16,6064
17,6065
9,6066
13,6067
11,6068
12,6069
17,6070
17,6071
6,6072
12,6073
5,6074
3,6075
12,6076
13,6077
10,6078
2,6079
11,6080
15,6081
11,6082
11,6083
10,6084
7,6085
13,6086
19,6087
16,6088
15,6089
15,6090
11,6091
2,6092
15,6093
18,6094
16,6095
16,6096
9,6097
5,6098
7,6099
3,6100
0,6101
12,6102
19,6103
19,6104
6,6105
10,6106
10,6107
4,6108
10,6109
17,6110
2,6111
7,6112
11,6113
14,6114
2,6115
8,6116
2,6117
9,6118
0,6119
18,6120
3,6121
9,6122
12,6123
3,6124
15,6125
8,6126
16,6127
0,6128
14,6129
19,6130
0,6131
12,6132
11,6133
9,6134
17,6135
4,6136
6,6137
3,6138
0,6139
13,6140
3,6141
5,6142
10,6143
12,6144
15,6145
15,6146
12,6147
15,6148
6,6149
10,6150
0,6151
16,6152
7,6153
8,6154
5,6155
7,6156
15,6157
3,6158
8,6159
10,6160
13,6161
15,6162
11,6163
12,6164
13,6165
4,6166
10,6167
17,6168
9,6169
4,6170
0,6171
1,6172
3,6173
5,6174
3,6175
11,6176
16,6177
14,6178
15,6179
18,6180
17,6181
4,6182
0,6183
8,6184
4,6185
1,6186
3,6187
10,6188
7,6189
13,6190
4,6191
4,6192
2,6193
13,6194
1,6195
18,6196
8,6197
8,6198
8,6199
14,6200
5,6201
9,6202
3,6203
3,6204
14,6205
1,6206
12,6207
18,6208
10,6209
7,6210
8,6211
13,6212
15,6213
9,6214
9,6215
10,6216
13,6217
7,6218
11,6219
10,6220
15,6221
13,6222
10,6223
6,6224
7,6225
13,6226
14,6227
15,6228
7,6229
18,6230
19,6231
15,6232
15,6233
18,6234
9,6235
0,6236
11,6237
1,6238
5,6239
9,6240
5,6241
9,6242
9,6243
18,6244
16,6245
7,6246
19,6247
13,6248
16,6249
4,6250
16,6251
10,6252
5,6253
11,6254
13,6255
6,6256
19,6257
10,6258
19,6259
11,6260
8,6261
16,6262
3,6263
10,6264
14,6265
14,6266
0,6267
10,6268
14,6269
12,6270
10,6271
17,6272
10,6273
12,6274
1,6275
0,6276
6,6277
17,6278
13,6279
18,6280
12,6281
7,6282
4,6283
7,6284
13,6285
18,6286
0,6287
0,6288
12,6289
14,6290
10,6291
0,6292
5,6293
8,6294
17,6295
11,6296
16,6297
0,6298
1,6299
16,6300
10,6301
15,6302
17,6303
12,6304
2,6305
14,6306
12,6307
3,6308
8,6309
16,6310
16,6311
3,6312
16,6313
1,6314
19,6315
14,6316
18,6317
0,6318
14,6319
2,6320
4,6321
18,6322
10,6323
18,6324
18,6325
5,6326
9,6327
5,6328
0,6329
6,6330
6,6331
4,6332
4,6333
1,6334
18,6335
7,6336
4,6337
14,6338
12,6339
9,6340
8,6341
8,6342
6,6343
3,6344
18,6345
0,6346
13,6347
18,6348
1,6349
11,6350
5,6351
19,6352
14,6353
18,6354
4,6355
15,6356
18,6357
9,6358
0,6359
8,6360
18,6361
3,6362
7,6363
6,6364
12,6365
7,6366
4,6367
19,6368
19,6369
18,6370
19,6371
3,6372
19,6373
19,6374
17,6375
4,6376
15,6377
11,6378
1,6379
17,6380
6,6381
19,6382
3,6383
3,6384
1,6385
9,6386
14,6387
12,6388
11,6389
6,6390
19,6391
16,6392
18,6393
16,6394
2,6395
12,6396
19,6397
11,6398
15,6399
10,6400
15,6401
2,6402
11,6403
17,6404
3,6405
16,6406
0,6407
10,6408
17,6409
8,6410
9,6411
2,6412
13,6413
1,6414
7,6415
4,6416
19,6417
8,6418
18,6419
0,6420
8,6421
6,6422
1,6423
12,6424
2,6425
11,6426
13,6427
9,6428
2,6429
12,6430
0,6431
15,6432
17,6433
16,6434
15,6435
12,6436
4,6437
18,6438
8,6439
2,6440
14,6441
1,6442
14,6443
1,6444
17,6445
8,6446
15,6447
17,6448
3,6449
14,6450
6,6451
9,6452
17,6453
4,6454
10,6455
12,6456
5,6457
0,6458
13,6459
2,6460
13,6461
1,6462
5,6463
4,6464
9,6465
16,6466
8,6467
9,6468
19,6469
12,6470
15,6471
7,6472
10,6473
2,6474
10,6475
6,6476
19,6477
13,6478
17,6479
14,6480
2,6481
13,6482
9,6483
10,6484
8,6485
1,6486
2,6487
18,6488
18,6489
3,6490
18,6491
9,6492
14,6493
19,6494
6,6495
5,6496
1,6497
7,6498
13,6499
11,6500
10,6501
5,6502
16,6503
19,6504
14,6505
14,6506
15,6507
4,6508
7,6509
13,6510
17,6511
12,6512
5,6513
19,6514
7,6515
0,6516
13,6517
13,6518
12,6519
6,6520
3,6521
14,6522
7,6523
3,6524
13,6525
17,6526
12,6527
13,6528
12,6529
19,6530
19,6531
19,6532
3,6533
3,6534
3,6535
11,6536
19,6537
19,6538
10,6539
7,6540
16,6541
4,6542
1,6543
12,6544
2,6545
0,6546
7,6547
14,6548
5,6549
18,6550
4,6551
5,6552
2,6553
11,6554
4,6555
3,6556
13,6557
9,6558
3,6559
10,6560
11,6561
5,6562
10,6563
10,6564
13,6565
1,6566
12,6567
3,6568
0,6569
15,6570
18,6571
2,6572
15,6573
8,6574
5,6575
2,6576
0,6577
16,6578
0,6579
4,6580
13,6581
9,6582
7,6583
14,6584
7,6585
7,6586
0,6587
1,6588
5,6589
1,6590
10,6591
18,6592
19,6593
11,6594
3,6595
16,6596
18,6597
8,6598
5,6599
5,6600
13,6601
16,6602
19,6603
5,6604
0,6605
1,6606
8,6607
15,6608
0,6609
11,6610
17,6611
7,6612
11,6613
12,6614
15,6615
8,6616
15,6617
12,6618
11,6619
8,6620
10,6621
11,6622
14,6623
19,6624
1,6625
14,6626
7,6627
6,6628
12,6629
13,6630
1,6631
7,6632
8,6633
17,6634
17,6635
8,6636
17,6637
7,6638
2,6639
3,6640
2,6641
12,6642
5,6643
12,6644
16,6645
13,6646
10,6647
15,6648
5,6649
19,6650
2,6651
13,6652
1,6653
13,6654
15,6655
11,6656
19,6657
17,6658
1,6659
9,6660
13,6661
17,6662
5,6663
17,6664
17,6665
15,6666
14,6667
19,6668
3,6669
17,6670
13,6671
10,6672
1,6673
6,6674
18,6675
1,6676
11,6677
9,6678
12,6679
19,6680
15,6681
15,6682
4,6683
8,6684
4,6685
4,6686
6,6687
19,6688
17,6689
5,6690
5,6691
4,6692
14,6693
12,6694
2,6695
19,6696
11,6697
6,6698
8,6699
6,6700
13,6701
2,6702
12,6703
5,6704
5,6705
19,6706
9,6707
18,6708
6,6709
0,6710
4,6711
11,6712
7,6713
7,6714
16,6715
1,6716
3,6717
4,6718
3,6719
16,6720
7,6721
2,6722
7,6723
10,6724
0,6725
8,6726
14,6727
17,6728
0,6729
5,6730
3,6731
18,6732
17,6733
9,6734
15,6735
16,6736
6,6737
15,6738
8,6739
11,6740
4,6741
3,6742
11,6743
3,6744
17,6745
5,6746
9,6747
0,6748
10,6749
7,6750
17,6751
8,6752
1,6753
5,6754
15,6755
4,6756
1,6757
11,6758
17,6759
12,6760
11,6761
18,6762
6,6763
12,6764
12,6765
8,6766
15,6767
12,6768
6,6769
0,6770
13,6771
14,6772
7,6773
17,6774
8,6775
10,6776
1,6777
3,6778
12,6779
3,6780
3,6781
5,6782
7,6783
13,6784
6,6785
4,6786
3,6787
17,6788
9,6789
9,6790
10,6791
8,6792
2,6793
3,6794
11,6795
17,6796
17,6797
12,6798
17,6799
9,6800
17,6801
17,6802
5,6803
4,6804
13,6805
1,6806
5,6807
15,6808
19,6809
7,6810
14,6811
19,6812
1,6813
19,6814
5,6815
1,6816
16,6817
11,6818
2,6819
11,6820
0,6821
17,6822
5,6823
14,6824
15,6825
16,6826
15,6827
11,6828
11,6829
3,6830
11,6831
1,6832
1,6833
9,6834
9,6835
13,6836
0,6837
14,6838
14,6839
0,6840
18,6841
9,6842
11,6843
11,6844
15,6845
6,6846
11,6847
10,6848
11,6849
12,6850
16,6851
15,6852
2,6853
7,6854
16,6855
7,6856
1,6857
13,6858
17,6859
8,6860
16,6861
13,6862
6,6863
4,6864
4,6865
14,6866
19,6867
14,6868
7,6869
8,6870
5,6871
3,6872
16,6873
18,6874
10,6875
15,6876
16,6877
4,6878
4,6879
0,6880
17,6881
2,6882
11,6883
15,6884
2,6885
1,6886
8,6887
6,6888
2,6889
11,6890
2,6891
8,6892
13,6893
11,6894
2,6895
5,6896
14,6897
17,6898
7,6899
10,6900
8,6901
12,6902
5,6903
8,6904
16,6905
6,6906
16,6907
4,6908
10,6909
12,6910
19,6911
1,6912
3,6913
7,6914
6,6915
1,6916
15,6917
8,6918
1,6919
3,6920
12,6921
2,6922
18,6923
18,6924
13,6925
10,6926
7,6927
8,6928
1,6929
17,6930
6,6931
19,6932
7,6933
12,6934
6,6935
5,6936
18,6937
2,6938
4,6939
1,6940
5,6941
12,6942
0,6943
2,6944
15,6945
19,6946
0,6947
9,6948
5,6949
15,6950
6,6951
8,6952
11,6953
4,6954
15,6955
13,6956
5,6957
8,6958
16,6959
13,6960
9,6961
2,6962
5,6963
13,6964
1,6965
5,6966
19,6967
5,6968
19,6969
4,6970
16,6971
13,6972
9,6973
11,6974
5,6975
7,6976
8,6977
1,6978
13,6979
0,6980
14,6981
19,6982
18,6983
6,6984
6,6985
16,6986
12,6987
11,6988
14,6989
9,6990
12,6991
5,6992
19,6993
7,6994
10,6995
10,6996
15,6997
7,6998
8,6999
16,7000
0,7001
13,7002
16,7003
12,7004
3,7005
11,7006
17,7007
17,7008
13,7009
4,7010
14,7011
14,7012
9,7013
5,7014
2,7015
11,7016
10,7017
17,7018
14,7019
16,7020
13,7021
7,7022
6,7023
13,7024
8,7025
5,7026
15,7027
8,7028
11,7029
16,7030
4,7031
5,7032
18,7033
7,7034
2,7035
8,7036
14,7037
19,7038
10,7039
3,7040
4,7041
16,7042
6,7043
1,7044
18,7045
2,7046
12,7047
8,7048
0,7049
7,7050
6,7051
11,7052
2,7053
8,7054
6,7055
9,7056
14,7057
3,7058
8,7059
16,7060
4,7061
5,7062
9,7063
2,7064
11,7065
17,7066
18,7067
19,7068
14,7069
11,7070
12,7071
1,7072
16,7073
3,7074
2,7075
9,7076
14,7077
8,7078
11,7079
12,7080
18,7081
5,7082
13,7083
16,7084
0,7085
6,7086
18,7087
6,7088
1,7089
5,7090
0,7091
16,7092
8,7093
8,7094
10,7095
6,7096
5,7097
11,7098
11,7099
10,7100
10,7101
6,7102
1,7103
17,7104
1,7105
2,7106
0,7107
4,7108
8,7109
10,7110
17,7111
2,7112
12,7113
1,7114
17,7115
18,7116
15,7117
16,7118
4,7119
8,7120
6,7121
12,7122
7,7123
0,7124
9,7125
18,7126
8,7127
16,7128
7,7129
13,7130
0,7131
19,7132
2,7133
11,7134
16,7135
3,7136
11,7137
1,7138
17,7139
13,7140
10,7141
0,7142
1,7143
14,7144
17,7145
4,7146
17,7147
15,7148
13,7149
3,7150
5,7151
14,7152
6,7153
7,7154
11,7155
0,7156
14,7157
8,7158
14,7159
18,7160
4,7161
9,7162
16,7163
17,7164
4,7165
14,7166
19,7167
19,7168
9,7169
12,7170
6,7171
9,7172
13,7173
8,7174
11,7175
10,7176
0,7177
15,7178
2,7179
9,7180
1,7181
12,7182
5,7183
7,7184
12,7185
13,7186
7,7187
8,7188
12,7189
5,7190
18,7191
10,7192
12,7193
18,7194
7,7195
2,7196
5,7197
1,7198
16,7199
14,7200
12,7201
0,7202
16,7203
19,7204
13,7205
14,7206
12,7207
15,7208
6,7209
12,7210
16,7211
14,7212
17,7213
2,7214
4,7215
15,7216
2,7217
18,7218
13,7219
4,7220
11,7221
10,7222
11,7223
15,7224
8,7225
8,7226
11,7227
9,7228
3,7229
3,7230
2,7231
8,7232
15,7233
6,7234
0,7235
7,7236
10,7237
15,7238
8,7239
7,7240
18,7241
8,7242
1,7243
5,7244
19,7245
7,7246
12,7247
19,7248
18,7249
11,7250
16,7251
19,7252
2,7253
7,7254
15,7255
3,7256
18,7257
18,7258
17,7259
14,7260
4,7261
7,7262
14,7263
8,7264
17,7265
14,7266
6,7267
1,7268
7,7269
7,7270
1,7271
19,7272
15,7273
11,7274
14,7275
17,7276
16,7277
12,7278
13,7279
0,7280
6,7281
8,7282
12,7283
9,7284
5,7285
19,7286
12,7287
2,7288
7,7289
2,7290
13,7291
16,7292
3,7293
2,7294
2,7295
9,7296
6,7297
13,7298
10,7299
12,7300
16,7301
17,7302
17,7303
8,7304
10,7305
15,7306
19,7307
16,7308
12,7309
7,7310
14,7311
11,7312
8,7313
6,7314
5,7315
5,7316
19,7317
15,7318
11,7319
4,7320
4,7321
0,7322
14,7323
12,7324
19,7325
15,7326
4,7327
7,7328
5,7329
4,7330
7,7331
13,7332
6,7333
15,7334
5,7335
12,7336
3,7337
6,7338
11,7339
11,7340
13,7341
18,7342
16,7343
17,7344
0,7345
4,7346
0,7347
2,7348
14,7349
17,7350
13,7351
9,7352
10,7353
19,7354
3,7355
19,7356
5,7357
10,7358
16,7359
19,7360
19,7361
11,7362
6,7363
13,7364
5,7365
0,7366
6,7367
8,7368
17,7369
16,7370
8,7371
2,7372
6,7373
9,7374
0,7375
16,7376
13,7377
6,7378
9,7379
5,7380
0,7381
12,7382
16,7383
1,7384
7,7385
14,7386
3,7387
12,7388
14,7389
5,7390
13,7391
7,7392
16,7393
2,7394
12,7395
6,7396
6,7397
4,7398
0,7399
9,7400
3,7401
18,7402
19,7403
6,7404
10,7405
2,7406
0,7407
7,7408
16,7409
12,7410
10,7411
12,7412
1,7413
12,7414
0,7415
4,7416
7,7417
2,7418
11,7419
10,7420
16,7421
13,7422
4,7423
7,7424
12,7425
13,7426
2,7427
10,7428
17,7429
1,7430
3,7431
12,7432
8,7433
18,7434
17,7435
3,7436
19,7437
18,7438
2,7439
5,7440
6,7441
1,7442
19,7443
7,7444
10,7445
13,7446
19,7447
7,7448
16,7449
10,7450
15,7451
19,7452
3,7453
19,7454
18,7455
2,7456
12,7457
4,7458
12,7459
12,7460
6,7461
16,7462
14,7463
11,7464
15,7465
8,7466
12,7467
16,7468
11,7469
18,7470
14,7471
14,7472
12,7473
3,7474
19,7475
10,7476
11,7477
10,7478
14,7479
8,7480
12,7481
2,7482
10,7483
8,7484
9,7485
2,7486
10,7487
14,7488
1,7489
9,7490
15,7491
5,7492
9,7493
9,7494
11,7495
3,7496
10,7497
1,7498
13,7499
14,7500
15,7501
1,7502
8,7503
16,7504
1,7505
9,7506
16,7507
7,7508
7,7509
12,7510
2,7511
7,7512
12,7513
4,7514
13,7515
3,7516
13,7517
2,7518
5,7519
14,7520
14,7521
14,7522
5,7523
4,7524
9,7525
7,7526
2,7527
5,7528
2,7529
16,7530
16,7531
2,7532
12,7533
8,7534
11,7535
15,7536
8,7537
3,7538
14,7539
19,7540
1,7541
0,7542
9,7543
16,7544
4,7545
14,7546
7,7547
17,7548
12,7549
3,7550
13,7551
2,7552
8,7553
17,7554
12,7555
12,7556
14,7557
19,7558
15,7559
13,7560
18,7561
3,7562
8,7563
4,7564
5,7565
19,7566
3,7567
19,7568
9,7569
11,7570
5,7571
4,7572
18,7573
4,7574
3,7575
16,7576
2,7577
12,7578
13,7579
19,7580
18,7581
19,7582
3,7583
14,7584
1,7585
2,7586
9,7587
15,7588
8,7589
10,7590
3,7591
1,7592
14,7593
13,7594
3,7595
19,7596
18,7597
15,7598
1,7599
12,7600
18,7601
16,7602
4,7603
19,7604
0,7605
17,7606
10,7607
0,7608
1,7609
11,7610
17,7611
3,7612
8,7613
3,7614
14,7615
15,7616
17,7617
10,7618
15,7619
1,7620
7,7621
4,7622
14,7623
12,7624
11,7625
6,7626
13,7627
13,7628
0,7629
2,7630
6,7631
18,7632
4,7633
12,7634
7,7635
2,7636
9,7637
18,7638
17,7639
7,7640
6,7641
19,7642
9,7643
17,7644
13,7645
14,7646
19,7647
8,7648
18,7649
14,7650
10,7651
1,7652
7,7653
12,7654
2,7655
7,7656
17,7657
17,7658
5,7659
2,7660
15,7661
18,7662
2,7663
5,7664
6,7665
1,7666
7,7667
6,7668
12,7669
12,7670
0,7671
11,7672
6,7673
16,7674
3,7675
12,7676
9,7677
5,7678
4,7679
0,7680
17,7681
10,7682
17,7683
2,7684
10,7685
5,7686
1,7687
8,7688
8,7689
11,7690
1,7691
17,7692
16,7693
6,7694
19,7695
16,7696
19,7697
16,7698
11,7699
12,7700
19,7701
11,7702
8,7703
7,7704
3,7705
5,7706
0,7707
6,7708
19,7709
19,7710
3,7711
18,7712
17,7713
18,7714
4,7715
8,7716
8,7717
4,7718
8,7719
0,7720
15,7721
5,7722
14,7723
3,7724
17,7725
9,7726
3,7727
19,7728
9,7729
4,7730
7,7731
9,7732
10,7733
10,7734
12,7735
6,7736
6,7737
16,7738
4,7739
5,7740
0,7741
4,7742
18,7743
12,7744
9,7745
1,7746
19,7747
7,7748
13,7749
14,7750
19,7751
8,7752
18,7753
9,7754
1,7755
19,7756
0,7757
13,7758
16,7759
1,7760
18,7761
2,7762
15,7763
11,7764
17,7765
6,7766
7,7767
10,7768
9,7769
5,7770
14,7771
15,7772
8,7773
11,7774
10,7775
0,7776
7,7777
5,7778
17,7779
11,7780
1,7781
1,7782
14,7783
3,7784
14,7785
13,7786
2,7787
3,7788
11,7789
12,7790
14,7791
14,7792
0,7793
4,7794
4,7795
17,7796
18,7797
3,7798
19,7799
3,7800
0,7801
18,7802
13,7803
18,7804
13,7805
7,7806
16,7807
18,7808
18,7809
0,7810
12,7811
0,7812
8,7813
0,7814
15,7815
17,7816
11,7817
15,7818
5,7819
7,7820
2,7821
1,7822
6,7823
12,7824
6,7825
7,7826
17,7827
8,7828
3,7829
0,7830
19,7831
2,7832
7,7833
1,7834
17,7835
1,7836
2,7837
0,7838
6,7839
18,7840
11,7841
16,7842
10,7843
18,7844
3,7845
1,7846
19,7847
12,7848
8,7849
2,7850
19,7851
9,7852
3,7853
3,7854
10,7855
1,7856
10,7857
5,7858
14,7859
14,7860
16,7861
19,7862
19,7863
7,7864
3,7865
19,7866
0,7867
4,7868
4,7869
8,7870
8,7871
15,7872
19,7873
1,7874
16,7875
1,7876
0,7877
5,7878
1,7879
16,7880
11,7881
5,7882
8,7883
14,7884
11,7885
4,7886
19,7887
1,7888
18,7889
4,7890
15,7891
12,7892
14,7893
17,7894
16,7895
17,7896
13,7897
11,7898
9,7899
6,7900
11,7901
1,7902
5,7903
12,7904
10,7905
4,7906
9,7907
13,7908
0,7909
10,7910
2,7911
5,7912
0,7913
18,7914
18,7915
14,7916
17,7917
17,7918
15,7919
3,7920
12,7921
15,7922
12,7923
11,7924
12,7925
2,7926
14,7927
1,7928
9,7929
3,7930
12,7931
19,7932
6,7933
17,7934
17,7935
6,7936
17,7937
2,7938
12,7939
0,7940
3,7941
19,7942
16,7943
1,7944
18,7945
4,7946
8,7947
7,7948
8,7949
8,7950
7,7951
14,7952
18,7953
0,7954
12,7955
19,7956
12,7957
15,7958
2,7959
1,7960
9,7961
18,7962
8,7963
8,7964
9,7965
18,7966
11,7967
14,7968
15,7969
19,7970
17,7971
9,7972
17,7973
2,7974
15,7975
8,7976
12,7977
15,7978
19,7979
3,7980
0,7981
19,7982
19,7983
8,7984
4,7985
13,7986
14,7987
0,7988
16,7989
10,7990
16,7991
11,7992
0,7993
4,7994
15,7995
8,7996
4,7997
16,7998
6,7999
14,8000
18,8001
19,8002
14,8003
19,8004
16,8005
8,8006
16,8007
5,8008
12,8009
14,8010
19,8011
3,8012
5,8013
7,8014
13,8015
16,8016
5,8017
17,8018
13,8019
16,8020
1,8021
14,8022
5,8023
15,8024
0,8025
11,8026
17,8027
12,8028
18,8029
19,8030
11,8031
2,8032
10,8033
1,8034
1,8035
5,8036
17,8037
6,8038
13,8039
8,8040
13,8041
6,8042
7,8043
18,8044
11,8045
10,8046
12,8047
4,8048
17,8049
14,8050
6,8051
13,8052
3,8053
5,8054
0,8055
15,8056
8,8057
13,8058
9,8059
7,8060
11,8061
11,8062
3,8063
19,8064
13,8065
14,8066
3,8067
4,8068
8,8069
11,8070
16,8071
5,8072
6,8073
14,8074
2,8075
3,8076
17,8077
14,8078
15,8079
18,8080
7,8081
15,8082
6,8083
19,8084
17,8085
17,8086
8,8087
17,8088
0,8089
18,8090
16,8091
3,8092
18,8093
8,8094
8,8095
2,8096
12,8097
5,8098
9,8099
3,8100
10,8101
3,8102
15,8103
11,8104
9,8105
13,8106
6,8107
16,8108
7,8109
4,8110
9,8111
5,8112
13,8113
13,8114
5,8115
5,8116
3,8117
12,8118
19,8119
9,8120
7,8121
11,8122
12,8123
14,8124
11,8125
15,8126
13,8127
9,8128
6,8129
10,8130
2,8131
14,8132
11,8133
17,8134
3,8135
13,8136
19,8137
10,8138
13,8139
9,8140
5,8141
4,8142
11,8143
17,8144
12,8145
14,8146
7,8147
18,8148
0,8149
10,8150
0,8151
9,8152
7,8153
16,8154
18,8155
2,8156
15,8157
18,8158
10,8159
13,8160
16,8161
10,8162
1,8163
10,8164
12,8165
6,8166
10,8167
1,8168
0,8169
0,8170
8,8171
10,8172
6,8173
3,8174
19,8175
7,8176
1,8177
18,8178
11,8179
16,8180
10,8181
15,8182
13,8183
17,8184
6,8185
6,8186
0,8187
11,8188
11,8189
12,8190
5,8191
16,8192
15,8193
3,8194
8,8195
16,8196
3,8197
5,8198
19,8199
16,8200
6,8201
18,8202
15,8203
0,8204
17,8205
8,8206
14,8207
1,8208
12,8209
13,8210
13,8211
3,8212
6,8213
7,8214
19,8215
19,8216
7,8217
11,8218
9,8219
13,8220
11,8221
13,8222
16,8223
17,8224
4,8225
2,8226
4,8227
13,8228
15,8229
12,8230
15,8231
14,8232
15,8233
15,8234
6,8235
1,8236
11,8237
5,8238
3,8239
10,8240
12,8241
18,8242
19,8243
13,8244
14,8245
15,8246
12,8247
18,8248
3,8249
5,8250
18,8251
5,8252
1,8253
17,8254
2,8255
4,8256
15,8257
5,8258
16,8259
8,8260
16,8261
6,8262
4,8263
5,8264
10,8265
8,8266
13,8267
12,8268
3,8269
18,8270
3,8271
19,8272
16,8273
15,8274
0,8275
2,8276
1,8277
13,8278
0,8279
15,8280
19,8281
15,8282
18,8283
19,8284
14,8285
12,8286
4,8287
0,8288
11,8289
10,8290
6,8291
3,8292
14,8293
13,8294
12,8295
17,8296
3,8297
19,8298
16,8299
8,8300
18,8301
19,8302
19,8303
10,8304
1,8305
15,8306
9,8307
0,8308
5,8309
3,8310
6,8311
0,8312
0,8313
9,8314
9,8315
1,8316
8,8317
16,8318
5,8319
18,8320
19,8321
19,8322
15,8323
4,8324
16,8325
18,8326
16,8327
14,8328
3,8329
8,8330
10,8331
11,8332
0,8333
9,8334
3,8335
11,8336
5,8337
2,8338
1,8339
8,8340
11,8341
5,8342
8,8343
0,8344
15,8345
2,8346
2,8347
1,8348
19,8349
13,8350
3,8351
1,8352
19,8353
8,8354
12,8355
6,8356
10,8357
4,8358
15,8359
9,8360
18,8361
19,8362
17,8363
0,8364
2,8365
17,8366
17,8367
1,8368
16,8369
3,8370
17,8371
17,8372
7,8373
1,8374
1,8375
14,8376
19,8377
18,8378
13,8379
10,8380
2,8381
9,8382
7,8383
1,8384
13,8385
2,8386
12,8387
15,8388
0,8389
13,8390
7,8391
2,8392
7,8393
11,8394
1,8395
8,8396
15,8397
11,8398
11,8399
17,8400
3,8401
15,8402
9,8403
5,8404
8,8405
18,8406
3,8407
5,8408
7,8409
6,8410
14,8411
16,8412
1,8413
8,8414
12,8415
12,8416
9,8417
1,8418
2,8419
11,8420
18,8421
5,8422
16,8423
12,8424
7,8425
14,8426
19,8427
14,8428
15,8429
4,8430
13,8431
4,8432
7,8433
8,8434
4,8435
13,8436
10,8437
1,8438
16,8439
8,8440
14,8441
18,8442
3,8443
10,8444
11,8445
3,8446
0,8447
10,8448
17,8449
17,8450
8,8451
1,8452
12,8453
18,8454
19,8455
1,8456
7,8457
10,8458
13,8459
6,8460
12,8461
15,8462
2,8463
2,8464
14,8465
3,8466
11,8467
13,8468
3,8469
18,8470
6,8471
19,8472
1,8473
0,8474
11,8475
17,8476
5,8477
3,8478
12,8479
15,8480
6,8481
13,8482
12,8483
12,8484
12,8485
19,8486
1,8487
0,8488
19,8489
16,8490
4,8491
15,8492
15,8493
10,8494
9,8495
16,8496
16,8497
13,8498
3,8499
16,8500
14,8501
19,8502
9,8503
19,8504
3,8505
3,8506
12,8507
1,8508
0,8509
6,8510
11,8511
18,8512
7,8513
18,8514
4,8515
11,8516
12,8517
19,8518
16,8519
19,8520
9,8521
12,8522
7,8523
15,8524
11,8525
15,8526
2,8527
2,8528
18,8529
15,8530
0,8531
15,8532
3,8533
6,8534
13,8535
17,8536
13,8537
14,8538
18,8539
10,8540
17,8541
0,8542
11,8543
3,8544
16,8545
6,8546
7,8547
9,8548
10,8549
12,8550
12,8551
10,8552
19,8553
11,8554
13,8555
15,8556
18,8557
7,8558
1,8559
0,8560
6,8561
17,8562
4,8563
17,8564
7,8565
13,8566
3,8567
8,8568
5,8569
1,8570
2,8571
13,8572
14,8573
6,8574
4,8575
8,8576
18,8577
9,8578
4,8579
5,8580
2,8581
2,8582
5,8583
5,8584
19,8585
1,8586
19,8587
5,8588
19,8589
15,8590
13,8591
0,8592
12,8593
18,8594
7,8595
7,8596
6,8597
17,8598
16,8599
3,8600
15,8601
5,8602
4,8603
12,8604
14,8605
0,8606
5,8607
7,8608
3,8609
12,8610
17,8611
6,8612
15,8613
2,8614
10,8615
11,8616
9,8617
0,8618
18,8619
5,8620
2,8621
17,8622
17,8623
12,8624
7,8625
13,8626
19,8627
0,8628
9,8629
12,8630
13,8631
4,8632
18,8633
1,8634
15,8635
18,8636
0,8637
11,8638
2,8639
3,8640
6,8641
2,8642
12,8643
4,8644
19,8645
7,8646
2,8647
6,8648
18,8649
3,8650
6,8651
12,8652
6,8653
11,8654
18,8655
16,8656
2,8657
11,8658
12,8659
6,8660
13,8661
18,8662
17,8663
13,8664
5,8665
15,8666
19,8667
0,8668
11,8669
8,8670
9,8671
2,8672
17,8673
13,8674
9,8675
7,8676
4,8677
11,8678
15,8679
5,8680
19,8681
1,8682
10,8683
13,8684
6,8685
16,8686
3,8687
19,8688
4,8689
8,8690
4,8691
12,8692
0,8693
18,8694
19,8695
7,8696
3,8697
13,8698
17,8699
13,8700
5,8701
13,8702
19,8703
4,8704
16,8705
18,8706
18,8707
13,8708
17,8709
1,8710
13,8711
18,8712
8,8713
11,8714
11,8715
4,8716
8,8717
19,8718
16,8719
1,8720
1,8721
7,8722
14,8723
17,8724
10,8725
11,8726
6,8727
5,8728
17,8729
2,8730
1,8731
13,8732
17,8733
10,8734
15,8735
8,8736
16,8737
5,8738
14,8739
10,8740
9,8741
3,8742
19,8743
11,8744
15,8745
7,8746
17,8747
0,8748
15,8749
15,8750
2,8751
2,8752
4,8753
3,8754
11,8755
4,8756
0,8757
0,8758
0,8759
2,8760
7,8761
8,8762
15,8763
9,8764
9,8765
7,8766
5,8767
14,8768
0,8769
11,8770
1,8771
6,8772
9,8773
13,8774
7,8775
17,8776
16,8777
11,8778
2,8779
8,8780
16,8781
17,8782
14,8783
7,8784
6,8785
5,8786
0,8787
7,8788
11,8789
11,8790
16,8791
1,8792
1,8793
6,8794
9,8795
0,8796
6,8797
6,8798
4,8799
6,8800
13,8801
18,8802
2,8803
5,8804
9,8805
2,8806
4,8807
19,8808
4,8809
2,8810
1,8811
8,8812
3,8813
10,8814
13,8815
13,8816
1,8817
12,8818
14,8819
12,8820
13,8821
19,8822
17,8823
11,8824
15,8825
17,8826
1,8827
10,8828
4,8829
7,8830
2,8831
15,8832
15,8833
16,8834
14,8835
11,8836
17,8837
5,8838
6,8839
14,8840
14,8841
0,8842
14,8843
1,8844
10,8845
15,8846
2,8847
2,8848
14,8849
6,8850
10,8851
16,8852
12,8853
19,8854
19,8855
10,8856
11,8857
2,8858
12,8859
17,8860
8,8861
7,8862
7,8863
9,8864
17,8865
3,8866
3,8867
6,8868
6,8869
8,8870
0,8871
17,8872
11,8873
3,8874
11,8875
18,8876
17,8877
3,8878
13,8879
12,8880
12,8881
15,8882
17,8883
2,8884
5,8885
14,8886
19,8887
14,8888
12,8889
8,8890
6,8891
9,8892
11,8893
11,8894
9,8895
19,8896
0,8897
13,8898
2,8899
12,8900
18,8901
19,8902
3,8903
1,8904
5,8905
5,8906
4,8907
17,8908
16,8909
1,8910
1,8911
17,8912
5,8913
3,8914
17,8915
2,8916
6,8917
3,8918
4,8919
11,8920
12,8921
1,8922
13,8923
3,8924
6,8925
15,8926
15,8927
17,8928
15,8929
3,8930
2,8931
10,8932
0,8933
0,8934
7,8935
2,8936
13,8937
7,8938
2,8939
2,8940
7,8941
5,8942
0,8943
10,8944
9,8945
12,8946
9,8947
2,8948
6,8949
7,8950
11,8951
2,8952
6,8953
8,8954
14,8955
19,8956
8,8957
17,8958
1,8959
0,8960
14,8961
17,8962
7,8963
11,8964
10,8965
15,8966
4,8967
2,8968
2,8969
13,8970
17,8971
17,8972
2,8973
11,8974
5,8975
7,8976
4,8977
1,8978
8,8979
18,8980
19,8981
17,8982
9,8983
15,8984
3,8985
11,8986
3,8987
0,8988
8,8989
1,8990
15,8991
10,8992
1,8993
17,8994
9,8995
13,8996
6,8997
13,8998
0,8999
8,9000
6,9001
1,9002
17,9003
6,9004
3,9005
19,9006
12,9007
19,9008
12,9009
1,9010
12,9011
7,9012
3,9013
2,9014
4,9015
5,9016
2,9017
13,9018
5,9019
12,9020
9,9021
14,9022
6,9023
7,9024
0,9025
9,9026
14,9027
3,9028
7,9029
14,9030
19,9031
0,9032
11,9033
3,9034
3,9035
19,9036
1,9037
1,9038
8,9039
18,9040
1,9041
13,9042
19,9043
6,9044
12,9045
17,9046
11,9047
9,9048
4,9049
0,9050
3,9051
8,9052
7,9053
13,9054
12,9055
11,9056
10,9057
8,9058
10,9059
16,9060
7,9061
0,9062
2,9063
9,9064
9,9065
13,9066
9,9067
9,9068
9,9069
5,9070
14,9071
17,9072
13,9073
18,9074
6,9075
1,9076
18,9077
10,9078
10,9079
9,9080
9,9081
9,9082
8,9083
3,9084
6,9085
17,9086
6,9087
14,9088
19,9089
14,9090
13,9091
1,9092
14,9093
2,9094
7,9095
0,9096
17,9097
7,9098
5,9099
19,9100
8,9101
1,9102
1,9103
12,9104
10,9105
17,9106
2,9107
3,9108
18,9109
17,9110
3,9111
7,9112
3,9113
13,9114
5,9115
8,9116
11,9117
12,9118
12,9119
5,9120
9,9121
12,9122
19,9123
19,9124
12,9125
1,9126
6,9127
14,9128
19,9129
8,9130
7,9131
2,9132
5,9133
5,9134
4,9135
15,9136
17,9137
18,9138
16,9139
16,9140
7,9141
9,9142
1,9143
18,9144
16,9145
15,9146
10,9147
2,9148
2,9149
8,9150
6,9151
8,9152
8,9153
17,9154
10,9155
3,9156
1,9157
14,9158
11,9159
2,9160
7,9161
6,9162
1,9163
8,9164
5,9165
19,9166
14,9167
3,9168
11,9169
7,9170
16,9171
12,9172
5,9173
9,9174
17,9175
19,9176
18,9177
11,9178
18,9179
9,9180
12,9181
19,9182
16,9183
6,9184
12,9185
8,9186
12,9187
7,9188
8,9189
9,9190
5,9191
0,9192
2,9193
13,9194
13,9195
9,9196
8,9197
4,9198
2,9199
17,9200
14,9201
14,9202
19,9203
8,9204
12,9205
14,9206
10,9207
3,9208
14,9209
0,9210
14,9211
4,9212
14,9213
11,9214
14,9215
15,9216
0,9217
18,9218
19,9219
6,9220
12,9221
13,9222
13,9223
16,9224
3,9225
6,9226
12,9227
1,9228
19,9229
14,9230
5,9231
9,9232
2,9233
9,9234
11,9235
15,9236
10,9237
7,9238
17,9239
17,9240
10,9241
13,9242
12,9243
14,9244
12,9245
1,9246
5,9247
12,9248
19,9249
2,9250
18,9251
6,9252
19,9253
6,9254
15,9255
11,9256
13,9257
16,9258
10,9259
12,9260
15,9261
0,9262
5,9263
19,9264
0,9265
17,9266
11,9267
3,9268
3,9269
19,9270
19,9271
18,9272
19,9273
17,9274
16,9275
6,9276
7,9277
7,9278
18,9279
17,9280
7,9281
3,9282
19,9283
6,9284
0,9285
19,9286
10,9287
10,9288
6,9289
12,9290
5,9291
18,9292
11,9293
14,9294
19,9295
18,9296
10,9297
5,9298
14,9299
19,9300
14,9301
7,9302
8,9303
0,9304
10,9305
18,9306
13,9307
3,9308
5,9309
4,9310
10,9311
4,9312
14,9313
14,9314
19,9315
7,9316
6,9317
6,9318
19,9319
19,9320
18,9321
11,9322
10,9323
9,9324
17,9325
17,9326
6,9327
8,9328
11,9329
13,9330
12,9331
1,9332
12,9333
12,9334
6,9335
18,9336
7,9337
3,9338
1,9339
18,9340
19,9341
7,9342
0,9343
5,9344
18,9345
12,9346
0,9347
14,9348
16,9349
8,9350
16,9351
7,9352
15,9353
2,9354
0,9355
15,9356
17,9357
8,9358
0,9359
8,9360
18,9361
13,9362
6,9363
5,9364
12,9365
8,9366
4,9367
5,9368
12,9369
10,9370
11,9371
8,9372
13,9373
19,9374
9,9375
17,9376
7,9377
8,9378
0,9379
15,9380
5,9381
10,9382
9,9383
17,9384
16,9385
4,9386
0,9387
7,9388
14,9389
12,9390
16,9391
4,9392
19,9393
6,9394
10,9395
12,9396
12,9397
17,9398
6,9399
15,9400
19,9401
16,9402
6,9403
9,9404
13,9405
0,9406
6,9407
18,9408
0,9409
12,9410
7,9411
8,9412
7,9413
15,9414
6,9415
5,9416
4,9417
18,9418
17,9419
10,9420
8,9421
4,9422
19,9423
19,9424
2,9425
12,9426
15,9427
4,9428
0,9429
10,9430
12,9431
0,9432
14,9433
8,9434
8,9435
7,9436
4,9437
9,9438
2,9439
16,9440
6,9441
17,9442
11,9443
13,9444
9,9445
17,9446
13,9447
7,9448
17,9449
10,9450
18,9451
14,9452
0,9453
12,9454
11,9455
10,9456
18,9457
4,9458
7,9459
12,9460
11,9461
7,9462
4,9463
11,9464
14,9465
19,9466
16,9467
10,9468
13,9469
0,9470
17,9471
6,9472
19,9473
7,9474
17,9475
18,9476
5,9477
10,9478
18,9479
8,9480
10,9481
5,9482
3,9483
15,9484
0,9485
14,9486
10,9487
7,9488
16,9489
16,9490
2,9491
11,9492
2,9493
8,9494
18,9495
8,9496
12,9497
15,9498
6,9499
7,9500
18,9501
2,9502
11,9503
5,9504
18,9505
1,9506
18,9507
9,9508
3,9509
17,9510
3,9511
11,9512
14,9513
12,9514
11,9515
11,9516
12,9517
2,9518
16,9519
17,9520
17,9521
11,9522
12,9523
3,9524
6,9525
16,9526
6,9527
3,9528
12,9529
3,9530
12,9531
12,9532
9,9533
0,9534
11,9535
8,9536
3,9537
9,9538
3,9539
13,9540
4,9541
14,9542
17,9543
9,9544
0,9545
15,9546
2,9547
9,9548
1,9549
19,9550
15,9551
9,9552
14,9553
19,9554
1,9555
15,9556
2,9557
6,9558
5,9559
3,9560
1,9561
1,9562
7,9563
13,9564
3,9565
7,9566
9,9567
14,9568
10,9569
7,9570
18,9571
17,9572
16,9573
14,9574
8,9575
12,9576
19,9577
0,9578
15,9579
7,9580
15,9581
8,9582
16,9583
15,9584
17,9585
5,9586
4,9587
17,9588
12,9589
2,9590
18,9591
2,9592
5,9593
5,9594
19,9595
1,9596
17,9597
11,9598
5,9599
2,9600
17,9601
7,9602
15,9603
9,9604
17,9605
1,9606
13,9607
12,9608
13,9609
10,9610
10,9611
17,9612
9,9613
8,9614
11,9615
7,9616
2,9617
6,9618
4,9619
3,9620
4,9621
15,9622
17,9623
14,9624
4,9625
13,9626
18,9627
13,9628
13,9629
10,9630
15,9631
18,9632
1,9633
10,9634
3,9635
8,9636
16,9637
16,9638
4,9639
7,9640
4,9641
18,9642
19,9643
18,9644
14,9645
0,9646
12,9647
2,9648
6,9649
14,9650
16,9651
12,9652
16,9653
8,9654
8,9655
2,9656
0,9657
4,9658
6,9659
8,9660
12,9661
14,9662
6,9663
5,9664
7,9665
1,9666
13,9667
16,9668
8,9669
8,9670
8,9671
17,9672
5,9673
1,9674
13,9675
9,9676
6,9677
4,9678
0,9679
11,9680
16,9681
3,9682
19,9683
1,9684
11,9685
19,9686
1,9687
19,9688
17,9689
3,9690
17,9691
10,9692
13,9693
10,9694
0,9695
0,9696
17,9697
12,9698
19,9699
14,9700
12,9701
2,9702
18,9703
19,9704
19,9705
19,9706
15,9707
18,9708
7,9709
10,9710
8,9711
10,9712
16,9713
3,9714
9,9715
4,9716
14,9717
1,9718
9,9719
11,9720
10,9721
12,9722
17,9723
13,9724
19,9725
10,9726
2,9727
6,9728
4,9729
1,9730
12,9731
10,9732
19,9733
19,9734
3,9735
0,9736
1,9737
19,9738
4,9739
1,9740
0,9741
1,9742
18,9743
12,9744
8,9745
6,9746
17,9747
1,9748
13,9749
14,9750
17,9751
15,9752
13,9753
17,9754
12,9755
15,9756
16,9757
16,9758
15,9759
18,9760
2,9761
5,9762
18,9763
4,9764
16,9765
19,9766
14,9767
7,9768
14,9769
11,9770
13,9771
15,9772
19,9773
4,9774
8,9775
0,9776
15,9777
4,9778
3,9779
13,9780
3,9781
18,9782
19,9783
6,9784
5,9785
16,9786
2,9787
8,9788
5,9789
10,9790
18,9791
16,9792
19,9793
6,9794
8,9795
4,9796
0,9797
2,9798
13,9799
5,9800
1,9801
15,9802
9,9803
1,9804
13,9805
7,9806
2,9807
2,9808
14,9809
15,9810
17,9811
5,9812
3,9813
12,9814
0,9815
6,9816
6,9817
2,9818
9,9819
2,9820
4,9821
6,9822
5,9823
2,9824
14,9825
1,9826
1,9827
10,9828
9,9829
3,9830
11,9831
7,9832
0,9833
12,9834
8,9835
3,9836
19,9837
16,9838
19,9839
17,9840
18,9841
3,9842
12,9843
5,9844
15,9845
5,9846
8,9847
2,9848
13,9849
6,9850
12,9851
15,9852
11,9853
1,9854
2,9855
10,9856
15,9857
11,9858
11,9859
18,9860
2,9861
11,9862
3,9863
1,9864
18,9865
4,9866
15,9867
19,9868
11,9869
2,9870
7,9871
16,9872
19,9873
12,9874
12,9875
9,9876
13,9877
12,9878
17,9879
16,9880
3,9881
2,9882
6,9883
15,9884
4,9885
15,9886
14,9887
5,9888
19,9889
1,9890
4,9891
15,9892
11,9893
2,9894
1,9895
18,9896
11,9897
17,9898
12,9899
4,9900
5,9901
10,9902
14,9903
19,9904
11,9905
5,9906
4,9907
11,9908
8,9909
4,9910
9,9911
3,9912
13,9913
0,9914
15,9915
19,9916
19,9917
14,9918
11,9919
3,9920
2,9921
6,9922
18,9923
16,9924
7,9925
10,9926
10,9927
15,9928
15,9929
5,9930
10,9931
14,9932
9,9933
4,9934
8,9935
9,9936
14,9937
19,9938
5,9939
11,9940
15,9941
10,9942
1,9943
0,9944
15,9945
9,9946
1,9947
9,9948
13,9949
14,9950
17,9951
1,9952
10,9953
7,9954
12,9955
6,9956
19,9957
5,9958
4,9959
1,9960
19,9961
12,9962
6,9963
3,9964
6,9965
11,9966
12,9967
7,9968
15,9969
3,9970
6,9971
14,9972
12,9973
18,9974
2,9975
11,9976
6,9977
12,9978
2,9979
5,9980
3,9981
18,9982
2,9983
13,9984
6,9985
12,9986
12,9987
19,9988
19,9989
19,9990
0,9991
15,9992
19,9993
0,9994
4,9995
1,9996
0,9997
16,9998
14,9999
