9,0
8,1
15,2
26,3
3,4
5,5
17,6
6,7
13,8
17,9
4,10
14,11
5,12
5,13
16,14
7,15
8,16
28,17
6,18
20,19
27,20
7,21
23,22
18,23
19,24
4,25
27,26
5,27
7,28
3,29
13,30
11,31
3,32
23,33
20,34
15,35
8,36
22,37
25,38
26,39
24,40
4,41
16,42
5,43
24,44
6,45
6,46
7,47
25,48
20,49
27,50
21,51
11,52
0,53
28,54
6,55
20,56
2,57
28,58
21,59
11,60
28,61
11,62
0,63
18,64
11,65
13,66
24,67
20,68
16,69
14,70
23,71
27,72
24,73
3,74
20,75
28,76
23,77
27,78
6,79
27,80
7,81
6,82
9,83
16,84
26,85
19,86
4,87
11,88
25,89
0,90
18,91
25,92
19,93
28,94
14,95
23,96
7,97
21,98
2,99
17,100
26,101
26,102
14,103
18,104
29,105
9,106
25,107
11,108
29,109
3,110
26,111
27,112
14,113
17,114
0,115
28,116
1,117
21,118
11,119
13,120
2,121
25,122
3,123
22,124
15,125
23,126
2,127
25,128
2,129
6,130
24,131
12,132
4,133
24,134
12,135
16,136
22,137
23,138
17,139
25,140
18,141
8,142
3,143
13,144
13,145
22,146
3,147
18,148
0,149
15,150
1,151
5,152
7,153
22,154
2,155
3,156
3,157
23,158
20,159
6,160
3,161
11,162
5,163
4,164
16,165
19,166
0,167
7,168
0,169
5,170
18,171
22,172
1,173
19,174
5,175
25,176
4,177
23,178
18,179
28,180
24,181
2,182
16,183
3,184
20,185
16,186
10,187
0,188
14,189
1,190
25,191
2,192
17,193
24,194
3,195
3,196
24,197
18,198
21,199
14,200
19,201
2,202
7,203
13,204
1,205
3,206
6,207
17,208
19,209
7,210
8,211
3,212
18,213
0,214
11,215
6,216
29,217
19,218
16,219
0,220
12,221
1,222
0,223
16,224
2,225
9,226
3,227
1,228
20,229
12,230
5,231
25,232
25,233
2,234
9,235
1,236
7,237
22,238
8,239
15,240
2,241
2,242
15,243
19,244
12,245
5,246
12,247
26,248
6,249
3,250
27,251
7,252
15,253
1,254
13,255
23,256
13,257
18,258
21,259
3,260
6,261
15,262
11,263
20,264
6,265
18,266
25,267
7,268
23,269
16,270
23,271
20,272
19,273
14,274
17,275
25,276
7,277
4,278
27,279
5,280
14,281
6,282
14,283
7,284
21,285
28,286
8,287
8,288
26,289
0,290
16,291
4,292
4,293
15,294
21,295
5,296
17,297
6,298
22,299
18,300
24,301
7,302
12,303
15,304
18,305
21,306
16,307
5,308
29,309
0,310
7,311
23,312
3,313
20,314
4,315
22,316
12,317
4,318
15,319
4,320
9,321
20,322
0,323
0,324
1,325
27,326
13,327
4,328
5,329
4,330
21,331
28,332
19,333
7,334
8,335
17,336
25,337
0,338
13,339
21,340
1,341
24,342
5,343
6,344
28,345
21,346
3,347
4,348
9,349
18,350
12,351
22,352
2,353
27,354
0,355
8,356
6,357
22,358
4,359
26,360
9,361
14,362
27,363
23,364
15,365
16,366
23,367
13,368
14,369
1,370
7,371
1,372
6,373
19,374
5,375
29,376
15,377
11,378
2,379
4,380
17,381
13,382
23,383
17,384
21,385
12,386
14,387
12,388
22,389
7,390
17,391
29,392
2,393
16,394
13,395
1,396
12,397
1,398
12,399
1,400
27,401
2,402
10,403
9,404
16,405
9,406
1,407
22,408
8,409
4,410
1,411
6,412
13,413
25,414
18,415
14,416
0,417
0,418
26,419
1,420
6,421
21,422
2,423
2,424
13,425
3,426
29,427
1,428
2,429
16,430
5,431
10,432
5,433
18,434
23,435
19,436
2,437
19,438
27,439
7,440
0,441
20,442
15,443
12,444
0,445
11,446
1,447
3,448
2,449
5,450
3,451
13,452
4,453
18,454
24,455
8,456
29,457
21,458
13,459
16,460
19,461
24,462
22,463
19,464
2,465
12,466
11,467
2,468
12,469
21,470
14,471
14,472
28,473
13,474
27,475
29,476
20,477
15,478
1,479
21,480
14,481
7,482
28,483
10,484
17,485
22,486
3,487
13,488
5,489
18,490
29,491
5,492
8,493
21,494
0,495
26,496
18,497
6,498
14,499
10,500
12,501
28,502
0,503
9,504
24,505
26,506
21,507
28,508
18,509
18,510
4,511
29,512
10,513
19,514
21,515
6,516
8,517
14,518
1,519
2,520
17,521
12,522
8,523
1,524
10,525
1,526
29,527
3,528
14,529
2,530
17,531
19,532
28,533
16,534
27,535
23,536
1,537
5,538
18,539
10,540
19,541
16,542
28,543
4,544
21,545
6,546
7,547
9,548
20,549
9,550
4,551
10,552
2,553
18,554
28,555
25,556
19,557
15,558
8,559
27,560
27,561
11,562
1,563
29,564
20,565
13,566
11,567
23,568
23,569
29,570
25,571
10,572
12,573
14,574
5,575
4,576
22,577
3,578
26,579
4,580
25,581
5,582
2,583
18,584
3,585
1,586
21,587
7,588
3,589
28,590
22,591
27,592
1,593
24,594
9,595
20,596
7,597
13,598
23,599
1,600
17,601
21,602
22,603
6,604
14,605
12,606
1,607
14,608
0,609
25,610
1,611
28,612
11,613
19,614
2,615
26,616
24,617
3,618
5,619
25,620
1,621
0,622
9,623
7,624
24,625
22,626
16,627
3,628
2,629
7,630
24,631
22,632
14,633
26,634
27,635
17,636
20,637
18,638
4,639
13,640
12,641
15,642
10,643
5,644
1,645
10,646
14,647
19,648
15,649
1,650
2,651
17,652
7,653
1,654
2,655
19,656
4,657
11,658
9,659
25,660
7,661
28,662
18,663
22,664
19,665
25,666
10,667
14,668
8,669
19,670
5,671
20,672
8,673
0,674
21,675
7,676
29,677
28,678
23,679
6,680
1,681
18,682
13,683
25,684
14,685
10,686
2,687
9,688
2,689
12,690
21,691
28,692
5,693
25,694
13,695
4,696
4,697
23,698
8,699
7,700
15,701
25,702
22,703
6,704
27,705
27,706
0,707
18,708
15,709
6,710
22,711
20,712
4,713
22,714
21,715
27,716
15,717
20,718
24,719
12,720
21,721
16,722
27,723
20,724
12,725
29,726
28,727
12,728
9,729
3,730
26,731
11,732
14,733
27,734
12,735
29,736
13,737
23,738
15,739
20,740
15,741
3,742
1,743
5,744
3,745
16,746
16,747
23,748
19,749
18,750
9,751
4,752
12,753
19,754
11,755
11,756
14,757
19,758
13,759
8,760
29,761
2,762
7,763
27,764
24,765
17,766
24,767
21,768
13,769
16,770
29,771
0,772
23,773
22,774
0,775
24,776
4,777
21,778
5,779
17,780
0,781
12,782
1,783
27,784
27,785
25,786
2,787
12,788
3,789
11,790
6,791
22,792
28,793
20,794
17,795
20,796
3,797
0,798
24,799
1,800
16,801
1,802
28,803
19,804
24,805
2,806
15,807
28,808
3,809
23,810
14,811
19,812
20,813
2,814
7,815
2,816
1,817
16,818
14,819
1,820
4,821
12,822
0,823
20,824
21,825
1,826
29,827
2,828
5,829
3,830
22,831
8,832
21,833
22,834
7,835
24,836
5,837
11,838
9,839
23,840
20,841
4,842
3,843
24,844
2,845
1,846
25,847
19,848
23,849
23,850
9,851
15,852
17,853
28,854
9,855
18,856
15,857
20,858
1,859
7,860
25,861
26,862
23,863
6,864
11,865
20,866
26,867
25,868
1,869
1,870
27,871
24,872
1,873
5,874
13,875
16,876
24,877
9,878
29,879
17,880
26,881
7,882
13,883
20,884
4,885
23,886
21,887
4,888
27,889
9,890
9,891
27,892
7,893
17,894
24,895
19,896
13,897
10,898
17,899
0,900
16,901
2,902
23,903
13,904
17,905
13,906
10,907
28,908
21,909
19,910
20,911
9,912
0,913
27,914
11,915
6,916
29,917
17,918
4,919
25,920
3,921
25,922
17,923
19,924
3,925
13,926
2,927
20,928
22,929
1,930
0,931
27,932
27,933
20,934
14,935
5,936
17,937
24,938
18,939
18,940
9,941
26,942
1,943
11,944
26,945
9,946
28,947
10,948
8,949
1,950
8,951
29,952
5,953
12,954
6,955
27,956
22,957
15,958
18,959
6,960
0,961
5,962
13,963
14,964
15,965
29,966
26,967
27,968
27,969
20,970
28,971
6,972
25,973
16,974
24,975
2,976
19,977
14,978
16,979
7,980
8,981
25,982
6,983
24,984
14,985
9,986
23,987
17,988
12,989
2,990
27,991
13,992
13,993
9,994
21,995
21,996
8,997
28,998
4,999
4,1000
22,1001
5,1002
6,1003
6,1004
25,1005
7,1006
12,1007
19,1008
10,1009
0,1010
28,1011
0,1012
20,1013
1,1014
0,1015
2,1016
20,1017
18,1018
18,1019
9,1020
14,1021
6,1022
21,1023
5,1024
15,1025
22,1026
7,1027
1,1028
10,1029
12,1030
8,1031
13,1032
9,1033
27,1034
15,1035
29,1036
4,1037
24,1038
14,1039
9,1040
5,1041
14,1042
29,1043
17,1044
6,1045
15,1046
7,1047
16,1048
14,1049
21,1050
4,1051
18,1052
6,1053
0,1054
13,1055
28,1056
0,1057
18,1058
1,1059
17,1060
2,1061
16,1062
29,1063
3,1064
4,1065
25,1066
24,1067
18,1068
24,1069
11,1070
23,1071
20,1072
17,1073
10,1074
17,1075
18,1076
16,1077
17,1078
29,1079
22,1080
8,1081
10,1082
8,1083
27,1084
13,1085
11,1086
12,1087
19,1088
10,1089
11,1090
15,1091
9,1092
28,1093
13,1094
4,1095
24,1096
14,1097
23,1098
19,1099
8,1100
24,1101
20,1102
1,1103
18,1104
3,1105
1,1106
23,1107
22,1108
18,1109
3,1110
23,1111
10,1112
24,1113
21,1114
1,1115
2,1116
3,1117
0,1118
3,1119
28,1120
15,1121
20,1122
13,1123
26,1124
5,1125
10,1126
24,1127
22,1128
20,1129
10,1130
4,1131
18,1132
20,1133
0,1134
12,1135
15,1136
5,1137
18,1138
8,1139
12,1140
6,1141
2,1142
7,1143
23,1144
16,1145
8,1146
18,1147
6,1148
7,1149
7,1150
17,1151
0,1152
2,1153
6,1154
17,1155
0,1156
10,1157
29,1158
4,1159
11,1160
13,1161
19,1162
15,1163
9,1164
28,1165
14,1166
18,1167
3,1168
8,1169
17,1170
19,1171
29,1172
26,1173
7,1174
21,1175
18,1176
26,1177
10,1178
20,1179
11,1180
0,1181
11,1182
1,1183
24,1184
2,1185
7,1186
3,1187
4,1188
28,1189
24,1190
22,1191
19,1192
27,1193
28,1194
4,1195
29,1196
13,1197
1,1198
25,1199
10,1200
24,1201
19,1202
5,1203
11,1204
2,1205
22,1206
4,1207
11,1208
7,1209
13,1210
1,1211
17,1212
25,1213
10,1214
21,1215
14,1216
19,1217
15,1218
25,1219
16,1220
4,1221
25,1222
12,1223
25,1224
23,1225
8,1226
24,1227
16,1228
19,1229
14,1230
14,1231
15,1232
6,1233
24,1234
0,1235
1,1236
19,1237
1,1238
22,1239
2,1240
5,1241
26,1242
3,1243
13,1244
1,1245
17,1246
14,1247
26,1248
6,1249
24,1250
5,1251
27,1252
9,1253
20,1254
11,1255
11,1256
21,1257
23,1258
0,1259
22,1260
2,1261
2,1262
12,1263
2,1264
18,1265
7,1266
1,1267
16,1268
2,1269
24,1270
6,1271
3,1272
6,1273
9,1274
20,1275
23,1276
0,1277
13,1278
24,1279
9,1280
22,1281
29,1282
6,1283
23,1284
4,1285
4,1286
14,1287
9,1288
4,1289
29,1290
14,1291
7,1292
28,1293
2,1294
3,1295
11,1296
2,1297
25,1298
10,1299
22,1300
13,1301
17,1302
22,1303
14,1304
11,1305
4,1306
6,1307
8,1308
6,1309
22,1310
26,1311
10,1312
0,1313
4,1314
2,1315
20,1316
8,1317
27,1318
28,1319
1,1320
14,1321
20,1322
9,1323
1,1324
0,1325
1,1326
6,1327
5,1328
23,1329
10,1330
13,1331
24,1332
17,1333
25,1334
18,1335
10,1336
28,1337
2,1338
1,1339
8,1340
25,1341
2,1342
5,1343
3,1344
28,1345
18,1346
23,1347
3,1348
8,1349
25,1350
29,1351
19,1352
11,1353
19,1354
3,1355
8,1356
19,1357
21,1358
9,1359
22,1360
25,1361
1,1362
10,1363
11,1364
10,1365
3,1366
11,1367
19,1368
9,1369
6,1370
22,1371
7,1372
20,1373
8,1374
20,1375
13,1376
10,1377
21,1378
25,1379
0,1380
28,1381
1,1382
3,1383
2,1384
10,1385
8,1386
3,1387
22,1388
20,1389
24,1390
27,1391
27,1392
4,1393
18,1394
21,1395
5,1396
27,1397
12,1398
11,1399
10,1400
24,1401
17,1402
25,1403
4,1404
22,1405
12,1406
29,1407
23,1408
26,1409
0,1410
14,1411
12,1412
11,1413
24,1414
13,1415
24,1416
1,1417
18,1418
1,1419
4,1420
18,1421
12,1422
14,1423
14,1424
9,1425
14,1426
2,1427
18,1428
17,1429
14,1430
5,1431
1,1432
23,1433
21,1434
5,1435
3,1436
8,1437
25,1438
20,1439
13,1440
20,1441
19,1442
1,1443
14,1444
3,1445
17,1446
26,1447
27,1448
20,1449
21,1450
18,1451
7,1452
3,1453
29,1454
28,1455
28,1456
22,1457
7,1458
20,1459
28,1460
1,1461
1,1462
1,1463
7,1464
8,1465
0,1466
2,1467
1,1468
29,1469
2,1470
13,1471
5,1472
4,1473
26,1474
8,1475
3,1476
13,1477
26,1478
6,1479
18,1480
26,1481
0,1482
7,1483
29,1484
10,1485
14,1486
25,1487
17,1488
26,1489
12,1490
22,1491
22,1492
11,1493
11,1494
18,1495
21,1496
10,1497
18,1498
29,1499
9,1500
28,1501
24,1502
29,1503
4,1504
10,1505
16,1506
26,1507
21,1508
0,1509
13,1510
10,1511
20,1512
1,1513
13,1514
11,1515
17,1516
16,1517
5,1518
24,1519
14,1520
20,1521
13,1522
12,1523
5,1524
7,1525
4,1526
2,1527
22,1528
13,1529
5,1530
24,1531
18,1532
17,1533
6,1534
29,1535
18,1536
14,1537
7,1538
13,1539
8,1540
20,1541
19,1542
12,1543
6,1544
3,1545
11,1546
7,1547
26,1548
29,1549
2,1550
3,1551
16,1552
4,1553
9,1554
9,1555
14,1556
8,1557
21,1558
9,1559
29,1560
29,1561
3,1562
16,1563
16,1564
10,1565
28,1566
10,1567
26,1568
27,1569
24,1570
14,1571
12,1572
5,1573
28,1574
2,1575
27,1576
11,1577
22,1578
27,1579
4,1580
28,1581
22,1582
13,1583
20,1584
1,1585
5,1586
22,1587
9,1588
2,1589
2,1590
23,1591
6,1592
20,1593
17,1594
10,1595
25,1596
18,1597
12,1598
11,1599
10,1600
1,1601
5,1602
21,1603
4,1604
21,1605
22,1606
27,1607
7,1608
1,1609
9,1610
1,1611
21,1612
9,1613
17,1614
18,1615
19,1616
7,1617
21,1618
18,1619
29,1620
14,1621
24,1622
7,1623
8,1624
20,1625
20,1626
2,1627
17,1628
12,1629
6,1630
11,1631
6,1632
9,1633
14,1634
25,1635
11,1636
10,1637
9,1638
0,1639
19,1640
1,1641
2,1642
19,1643
27,1644
2,1645
18,1646
0,1647
3,1648
19,1649
24,1650
0,1651
26,1652
9,1653
22,1654
14,1655
4,1656
20,1657
29,1658
21,1659
11,1660
17,1661
12,1662
21,1663
13,1664
17,1665
14,1666
24,1667
1,1668
1,1669
23,1670
18,1671
18,1672
28,1673
2,1674
17,1675
18,1676
22,1677
20,1678
3,1679
29,1680
19,1681
26,1682
23,1683
11,1684
0,1685
1,1686
15,1687
1,1688
27,1689
2,1690
0,1691
23,1692
17,1693
10,1694
3,1695
3,1696
6,1697
29,1698
21,1699
9,1700
24,1701
13,1702
19,1703
13,1704
15,1705
17,1706
7,1707
0,1708
28,1709
23,1710
0,1711
23,1712
1,1713
7,1714
2,1715
11,1716
25,1717
3,1718
0,1719
24,1720
22,1721
8,1722
22,1723
0,1724
10,1725
18,1726
1,1727
15,1728
3,1729
25,1730
0,1731
29,1732
22,1733
4,1734
25,1735
3,1736
3,1737
29,1738
0,1739
16,1740
18,1741
1,1742
29,1743
5,1744
20,1745
18,1746
6,1747
15,1748
24,1749
18,1750
7,1751
21,1752
7,1753
11,1754
17,1755
6,1756
8,1757
24,1758
12,1759
9,1760
14,1761
13,1762
15,1763
6,1764
17,1765
27,1766
8,1767
26,1768
2,1769
3,1770
28,1771
1,1772
7,1773
25,1774
17,1775
4,1776
8,1777
17,1778
6,1779
14,1780
3,1781
17,1782
22,1783
18,1784
29,1785
26,1786
9,1787
23,1788
2,1789
16,1790
5,1791
16,1792
1,1793
26,1794
1,1795
4,1796
12,1797
13,1798
12,1799
6,1800
14,1801
19,1802
20,1803
7,1804
19,1805
0,1806
10,1807
15,1808
7,1809
2,1810
4,1811
17,1812
4,1813
13,1814
20,1815
13,1816
24,1817
25,1818
5,1819
28,1820
25,1821
23,1822
27,1823
0,1824
6,1825
2,1826
0,1827
14,1828
1,1829
16,1830
13,1831
24,1832
9,1833
16,1834
16,1835
16,1836
10,1837
24,1838
7,1839
26,1840
2,1841
7,1842
9,1843
27,1844
29,1845
1,1846
6,1847
9,1848
13,1849
4,1850
23,1851
6,1852
6,1853
22,1854
22,1855
27,1856
22,1857
7,1858
23,1859
9,1860
17,1861
12,1862
26,1863
22,1864
0,1865
5,1866
27,1867
13,1868
7,1869
1,1870
28,1871
2,1872
28,1873
24,1874
5,1875
7,1876
0,1877
5,1878
1,1879
5,1880
19,1881
26,1882
17,1883
12,1884
4,1885
6,1886
15,1887
5,1888
16,1889
13,1890
6,1891
10,1892
29,1893
7,1894
25,1895
1,1896
12,1897
27,1898
8,1899
14,1900
3,1901
8,1902
17,1903
7,1904
20,1905
10,1906
12,1907
21,1908
23,1909
10,1910
13,1911
3,1912
9,1913
14,1914
13,1915
5,1916
16,1917
0,1918
2,1919
0,1920
21,1921
15,1922
8,1923
4,1924
12,1925
20,1926
20,1927
24,1928
9,1929
19,1930
16,1931
12,1932
13,1933
17,1934
26,1935
28,1936
29,1937
21,1938
29,1939
17,1940
14,1941
28,1942
22,1943
2,1944
29,1945
19,1946
21,1947
24,1948
21,1949
6,1950
26,1951
26,1952
11,1953
29,1954
29,1955
18,1956
7,1957
3,1958
13,1959
11,1960
29,1961
1,1962
27,1963
9,1964
17,1965
25,1966
29,1967
13,1968
29,1969
0,1970
18,1971
26,1972
1,1973
5,1974
15,1975
7,1976
21,1977
4,1978
8,1979
29,1980
13,1981
8,1982
29,1983
23,1984
9,1985
29,1986
8,1987
25,1988
12,1989
19,1990
13,1991
15,1992
4,1993
18,1994
5,1995
24,1996
5,1997
6,1998
17,1999
7,2000
27,2001
4,2002
28,2003
5,2004
19,2005
26,2006
6,2007
2,2008
7,2009
7,2010
17,2011
25,2012
26,2013
18,2014
17,2015
13,2016
17,2017
12,2018
3,2019
14,2020
0,2021
15,2022
21,2023
13,2024
13,2025
4,2026
6,2027
5,2028
0,2029
24,2030
1,2031
23,2032
2,2033
26,2034
3,2035
26,2036
18,2037
2,2038
13,2039
24,2040
17,2041
0,2042
18,2043
28,2044
28,2045
17,2046
17,2047
1,2048
19,2049
5,2050
8,2051
27,2052
3,2053
21,2054
16,2055
26,2056
14,2057
13,2058
22,2059
10,2060
9,2061
1,2062
12,2063
7,2064
7,2065
26,2066
24,2067
28,2068
20,2069
26,2070
10,2071
27,2072
25,2073
25,2074
19,2075
26,2076
15,2077
5,2078
15,2079
4,2080
27,2081
5,2082
22,2083
6,2084
13,2085
7,2086
6,2087
18,2088
26,2089
26,2090
23,2091
25,2092
11,2093
17,2094
8,2095
21,2096
9,2097
14,2098
11,2099
22,2100
14,2101
7,2102
8,2103
11,2104
27,2105
0,2106
27,2107
22,2108
12,2109
11,2110
8,2111
17,2112
17,2113
23,2114
27,2115
15,2116
12,2117
24,2118
11,2119
29,2120
15,2121
23,2122
2,2123
23,2124
14,2125
16,2126
2,2127
22,2128
25,2129
7,2130
19,2131
11,2132
17,2133
12,2134
0,2135
19,2136
11,2137
1,2138
13,2139
27,2140
2,2141
5,2142
3,2143
28,2144
20,2145
12,2146
25,2147
1,2148
0,2149
25,2150
22,2151
11,2152
2,2153
25,2154
3,2155
15,2156
10,2157
20,2158
7,2159
21,2160
8,2161
16,2162
3,2163
0,2164
3,2165
1,2166
28,2167
2,2168
19,2169
3,2170
24,2171
27,2172
14,2173
15,2174
27,2175
29,2176
25,2177
10,2178
23,2179
22,2180
1,2181
9,2182
26,2183
15,2184
19,2185
4,2186
25,2187
24,2188
20,2189
12,2190
0,2191
2,2192
15,2193
28,2194
1,2195
17,2196
27,2197
14,2198
15,2199
23,2200
9,2201
7,2202
0,2203
19,2204
23,2205
6,2206
0,2207
8,2208
1,2209
5,2210
4,2211
10,2212
13,2213
29,2214
25,2215
6,2216
26,2217
17,2218
9,2219
4,2220
4,2221
21,2222
24,2223
25,2224
5,2225
7,2226
11,2227
6,2228
24,2229
7,2230
24,2231
3,2232
26,2233
5,2234
11,2235
23,2236
25,2237
15,2238
18,2239
9,2240
19,2241
13,2242
15,2243
8,2244
15,2245
0,2246
0,2247
3,2248
1,2249
0,2250
2,2251
9,2252
17,2253
3,2254
3,2255
10,2256
24,2257
14,2258
16,2259
13,2260
21,2261
19,2262
19,2263
23,2264
16,2265
1,2266
29,2267
8,2268
20,2269
11,2270
19,2271
10,2272
14,2273
19,2274
28,2275
8,2276
29,2277
9,2278
18,2279
22,2280
5,2281
17,2282
11,2283
11,2284
21,2285
9,2286
20,2287
13,2288
5,2289
16,2290
3,2291
18,2292
13,2293
28,2294
16,2295
3,2296
26,2297
21,2298
27,2299
1,2300
16,2301
29,2302
10,2303
12,2304
2,2305
24,2306
2,2307
28,2308
13,2309
9,2310
2,2311
11,2312
14,2313
11,2314
20,2315
24,2316
14,2317
11,2318
29,2319
27,2320
7,2321
9,2322
3,2323
24,2324
6,2325
13,2326
23,2327
27,2328
19,2329
8,2330
0,2331
15,2332
29,2333
22,2334
20,2335
6,2336
3,2337
17,2338
1,2339
9,2340
2,2341
2,2342
12,2343
11,2344
15,2345
6,2346
3,2347
10,2348
29,2349
9,2350
18,2351
1,2352
24,2353
27,2354
16,2355
2,2356
13,2357
5,2358
27,2359
24,2360
7,2361
2,2362
0,2363
11,2364
1,2365
18,2366
10,2367
2,2368
10,2369
22,2370
3,2371
29,2372
3,2373
21,2374
26,2375
5,2376
17,2377
28,2378
25,2379
10,2380
6,2381
21,2382
2,2383
0,2384
25,2385
16,2386
3,2387
27,2388
15,2389
7,2390
22,2391
11,2392
9,2393
2,2394
9,2395
18,2396
20,2397
8,2398
13,2399
5,2400
17,2401
11,2402
29,2403
11,2404
12,2405
14,2406
2,2407
16,2408
2,2409
10,2410
18,2411
27,2412
12,2413
24,2414
29,2415
4,2416
3,2417
2,2418
25,2419
10,2420
27,2421
2,2422
25,2423
16,2424
6,2425
6,2426
5,2427
15,2428
19,2429
7,2430
15,2431
18,2432
16,2433
0,2434
22,2435
24,2436
14,2437
6,2438
13,2439
29,2440
17,2441
27,2442
14,2443
9,2444
21,2445
2,2446
11,2447
15,2448
16,2449
29,2450
22,2451
23,2452
7,2453
29,2454
4,2455
8,2456
9,2457
1,2458
29,2459
9,2460
26,2461
2,2462
14,2463
12,2464
3,2465
15,2466
8,2467
2,2468
14,2469
19,2470
11,2471
25,2472
16,2473
10,2474
21,2475
10,2476
12,2477
5,2478
16,2479
7,2480
20,2481
23,2482
24,2483
23,2484
22,2485
3,2486
12,2487
19,2488
21,2489
18,2490
8,2491
20,2492
0,2493
23,2494
7,2495
22,2496
12,2497
2,2498
0,2499
7,2500
8,2501
25,2502
11,2503
27,2504
9,2505
16,2506
20,2507
17,2508
9,2509
12,2510
11,2511
16,2512
28,2513
13,2514
3,2515
24,2516
25,2517
16,2518
4,2519
4,2520
15,2521
5,2522
20,2523
6,2524
28,2525
7,2526
6,2527
17,2528
13,2529
0,2530
10,2531
10,2532
10,2533
18,2534
12,2535
5,2536
28,2537
14,2538
28,2539
1,2540
12,2541
18,2542
19,2543
6,2544
24,2545
2,2546
19,2547
25,2548
18,2549
1,2550
19,2551
9,2552
28,2553
1,2554
1,2555
14,2556
27,2557
8,2558
14,2559
28,2560
20,2561
7,2562
4,2563
26,2564
18,2565
18,2566
10,2567
23,2568
28,2569
11,2570
13,2571
19,2572
9,2573
11,2574
17,2575
16,2576
17,2577
26,2578
4,2579
1,2580
9,2581
22,2582
12,2583
21,2584
14,2585
5,2586
7,2587
19,2588
21,2589
11,2590
23,2591
7,2592
2,2593
4,2594
18,2595
19,2596
21,2597
17,2598
16,2599
26,2600
8,2601
22,2602
16,2603
27,2604
9,2605
28,2606
10,2607
0,2608
26,2609
1,2610
21,2611
2,2612
29,2613
29,2614
3,2615
9,2616
13,2617
17,2618
23,2619
3,2620
3,2621
5,2622
4,2623
29,2624
5,2625
19,2626
6,2627
10,2628
7,2629
9,2630
14,2631
1,2632
2,2633
20,2634
26,2635
5,2636
23,2637
5,2638
16,2639
25,2640
10,2641
23,2642
24,2643
29,2644
10,2645
4,2646
26,2647
29,2648
0,2649
23,2650
7,2651
22,2652
0,2653
18,2654
11,2655
18,2656
11,2657
28,2658
9,2659
12,2660
2,2661
24,2662
22,2663
12,2664
22,2665
6,2666
10,2667
16,2668
8,2669
11,2670
28,2671
29,2672
17,2673
20,2674
24,2675
8,2676
9,2677
19,2678
19,2679
21,2680
23,2681
14,2682
24,2683
8,2684
16,2685
14,2686
28,2687
7,2688
6,2689
13,2690
26,2691
6,2692
8,2693
15,2694
10,2695
12,2696
18,2697
4,2698
21,2699
19,2700
5,2701
6,2702
5,2703
28,2704
10,2705
6,2706
13,2707
22,2708
7,2709
27,2710
9,2711
4,2712
7,2713
8,2714
3,2715
8,2716
5,2717
27,2718
0,2719
22,2720
2,2721
19,2722
5,2723
20,2724
7,2725
18,2726
5,2727
13,2728
3,2729
26,2730
14,2731
8,2732
10,2733
26,2734
9,2735
22,2736
27,2737
7,2738
23,2739
24,2740
27,2741
11,2742
0,2743
9,2744
8,2745
23,2746
4,2747
23,2748
24,2749
22,2750
11,2751
7,2752
18,2753
16,2754
14,2755
24,2756
17,2757
28,2758
10,2759
12,2760
24,2761
5,2762
14,2763
7,2764
13,2765
4,2766
19,2767
13,2768
5,2769
20,2770
7,2771
29,2772
15,2773
11,2774
4,2775
0,2776
13,2777
28,2778
18,2779
4,2780
7,2781
0,2782
14,2783
14,2784
3,2785
13,2786
23,2787
24,2788
19,2789
0,2790
18,2791
18,2792
6,2793
29,2794
21,2795
1,2796
18,2797
24,2798
17,2799
24,2800
22,2801
20,2802
22,2803
4,2804
23,2805
18,2806
3,2807
16,2808
3,2809
1,2810
2,2811
25,2812
26,2813
8,2814
7,2815
2,2816
2,2817
15,2818
1,2819
26,2820
14,2821
6,2822
16,2823
4,2824
17,2825
5,2826
18,2827
20,2828
11,2829
29,2830
1,2831
6,2832
12,2833
26,2834
7,2835
29,2836
16,2837
13,2838
10,2839
2,2840
24,2841
26,2842
6,2843
11,2844
28,2845
10,2846
2,2847
28,2848
2,2849
24,2850
21,2851
6,2852
13,2853
5,2854
18,2855
25,2856
21,2857
19,2858
28,2859
11,2860
16,2861
23,2862
5,2863
22,2864
15,2865
18,2866
24,2867
1,2868
22,2869
7,2870
22,2871
21,2872
29,2873
0,2874
23,2875
1,2876
15,2877
2,2878
10,2879
3,2880
22,2881
21,2882
3,2883
4,2884
21,2885
1,2886
7,2887
16,2888
0,2889
3,2890
23,2891
23,2892
1,2893
8,2894
22,2895
2,2896
2,2897
28,2898
19,2899
5,2900
3,2901
22,2902
14,2903
12,2904
3,2905
18,2906
5,2907
24,2908
2,2909
14,2910
25,2911
16,2912
1,2913
24,2914
21,2915
25,2916
24,2917
15,2918
28,2919
13,2920
4,2921
23,2922
19,2923
11,2924
25,2925
18,2926
7,2927
24,2928
4,2929
16,2930
3,2931
16,2932
21,2933
14,2934
19,2935
24,2936
3,2937
18,2938
11,2939
15,2940
13,2941
26,2942
16,2943
23,2944
5,2945
29,2946
15,2947
13,2948
18,2949
11,2950
6,2951
23,2952
14,2953
13,2954
13,2955
26,2956
27,2957
28,2958
13,2959
16,2960
19,2961
7,2962
5,2963
19,2964
2,2965
7,2966
19,2967
17,2968
4,2969
1,2970
0,2971
18,2972
5,2973
1,2974
29,2975
2,2976
7,2977
16,2978
3,2979
22,2980
16,2981
4,2982
24,2983
13,2984
18,2985
13,2986
29,2987
28,2988
2,2989
4,2990
26,2991
20,2992
24,2993
7,2994
20,2995
28,2996
1,2997
5,2998
5,2999
28,3000
0,3001
5,3002
2,3003
25,3004
22,3005
18,3006
10,3007
14,3008
0,3009
2,3010
25,3011
10,3012
17,3013
29,3014
4,3015
9,3016
22,3017
5,3018
0,3019
6,3020
9,3021
25,3022
0,3023
6,3024
7,3025
7,3026
14,3027
18,3028
23,3029
2,3030
13,3031
8,3032
3,3033
22,3034
15,3035
14,3036
11,3037
9,3038
9,3039
28,3040
0,3041
27,3042
19,3043
20,3044
1,3045
29,3046
11,3047
2,3048
8,3049
26,3050
3,3051
3,3052
14,3053
20,3054
27,3055
14,3056
23,3057
25,3058
27,3059
5,3060
4,3061
23,3062
4,3063
12,3064
21,3065
0,3066
5,3067
24,3068
0,3069
26,3070
10,3071
23,3072
5,3073
10,3074
23,3075
28,3076
10,3077
13,3078
8,3079
15,3080
23,3081
26,3082
8,3083
5,3084
1,3085
15,3086
18,3087
13,3088
28,3089
11,3090
3,3091
8,3092
22,3093
13,3094
28,3095
18,3096
28,3097
8,3098
16,3099
2,3100
1,3101
4,3102
4,3103
26,3104
0,3105
27,3106
22,3107
10,3108
29,3109
24,3110
8,3111
27,3112
3,3113
2,3114
3,3115
10,3116
11,3117
7,3118
25,3119
7,3120
29,3121
2,3122
10,3123
28,3124
13,3125
24,3126
22,3127
14,3128
16,3129
11,3130
8,3131
21,3132
28,3133
18,3134
26,3135
14,3136
4,3137
6,3138
23,3139
3,3140
13,3141
18,3142
11,3143
15,3144
4,3145
23,3146
18,3147
5,3148
11,3149
1,3150
6,3151
29,3152
11,3153
3,3154
10,3155
1,3156
26,3157
15,3158
7,3159
14,3160
6,3161
4,3162
22,3163
26,3164
9,3165
24,3166
0,3167
7,3168
23,3169
15,3170
6,3171
29,3172
15,3173
24,3174
21,3175
23,3176
28,3177
4,3178
9,3179
24,3180
19,3181
22,3182
16,3183
20,3184
22,3185
7,3186
9,3187
28,3188
12,3189
1,3190
9,3191
15,3192
8,3193
17,3194
5,3195
25,3196
27,3197
0,3198
24,3199
0,3200
20,3201
8,3202
4,3203
20,3204
2,3205
9,3206
14,3207
23,3208
28,3209
6,3210
24,3211
5,3212
13,3213
26,3214
6,3215
26,3216
10,3217
25,3218
17,3219
29,3220
3,3221
26,3222
26,3223
5,3224
9,3225
0,3226
14,3227
6,3228
20,3229
22,3230
6,3231
7,3232
22,3233
18,3234
23,3235
13,3236
17,3237
13,3238
29,3239
27,3240
27,3241
0,3242
27,3243
6,3244
22,3245
1,3246
8,3247
21,3248
7,3249
11,3250
9,3251
17,3252
7,3253
15,3254
19,3255
25,3256
29,3257
9,3258
28,3259
16,3260
26,3261
16,3262
14,3263
10,3264
1,3265
8,3266
17,3267
28,3268
11,3269
29,3270
17,3271
19,3272
22,3273
4,3274
18,3275
4,3276
0,3277
21,3278
2,3279
25,3280
0,3281
12,3282
5,3283
24,3284
16,3285
15,3286
4,3287
22,3288
5,3289
20,3290
29,3291
15,3292
6,3293
8,3294
7,3295
21,3296
18,3297
11,3298
15,3299
1,3300
23,3301
0,3302
0,3303
8,3304
1,3305
14,3306
1,3307
15,3308
2,3309
16,3310
8,3311
3,3312
18,3313
29,3314
10,3315
8,3316
16,3317
12,3318
24,3319
1,3320
29,3321
11,3322
14,3323
25,3324
21,3325
26,3326
11,3327
4,3328
13,3329
5,3330
15,3331
6,3332
16,3333
7,3334
25,3335
28,3336
16,3337
17,3338
13,3339
4,3340
3,3341
7,3342
25,3343
16,3344
2,3345
8,3346
20,3347
21,3348
1,3349
16,3350
10,3351
18,3352
15,3353
1,3354
17,3355
6,3356
20,3357
16,3358
16,3359
24,3360
12,3361
29,3362
17,3363
11,3364
17,3365
25,3366
18,3367
24,3368
28,3369
11,3370
13,3371
10,3372
17,3373
26,3374
20,3375
11,3376
1,3377
5,3378
3,3379
23,3380
11,3381
19,3382
26,3383
23,3384
18,3385
22,3386
26,3387
4,3388
8,3389
5,3390
2,3391
18,3392
6,3393
15,3394
7,3395
23,3396
7,3397
28,3398
3,3399
12,3400
15,3401
20,3402
27,3403
22,3404
7,3405
0,3406
23,3407
4,3408
17,3409
20,3410
16,3411
25,3412
8,3413
15,3414
11,3415
9,3416
23,3417
0,3418
0,3419
15,3420
29,3421
29,3422
9,3423
10,3424
10,3425
9,3426
4,3427
23,3428
15,3429
14,3430
16,3431
2,3432
11,3433
7,3434
25,3435
5,3436
5,3437
20,3438
4,3439
9,3440
17,3441
20,3442
0,3443
23,3444
2,3445
29,3446
26,3447
5,3448
4,3449
0,3450
17,3451
2,3452
26,3453
7,3454
29,3455
29,3456
17,3457
4,3458
0,3459
1,3460
20,3461
0,3462
0,3463
23,3464
9,3465
4,3466
12,3467
13,3468
5,3469
24,3470
13,3471
6,3472
13,3473
25,3474
23,3475
7,3476
11,3477
15,3478
4,3479
0,3480
7,3481
15,3482
9,3483
11,3484
24,3485
19,3486
25,3487
24,3488
22,3489
11,3490
28,3491
8,3492
0,3493
22,3494
21,3495
8,3496
1,3497
24,3498
18,3499
17,3500
23,3501
7,3502
24,3503
10,3504
16,3505
26,3506
6,3507
2,3508
9,3509
29,3510
24,3511
0,3512
2,3513
21,3514
24,3515
9,3516
4,3517
29,3518
12,3519
25,3520
4,3521
18,3522
21,3523
16,3524
12,3525
9,3526
13,3527
29,3528
16,3529
6,3530
0,3531
17,3532
8,3533
17,3534
1,3535
7,3536
22,3537
2,3538
9,3539
3,3540
9,3541
17,3542
1,3543
20,3544
12,3545
25,3546
9,3547
15,3548
4,3549
17,3550
1,3551
19,3552
13,3553
13,3554
14,3555
24,3556
29,3557
3,3558
29,3559
17,3560
29,3561
16,3562
20,3563
13,3564
29,3565
16,3566
11,3567
17,3568
24,3569
16,3570
10,3571
21,3572
23,3573
4,3574
18,3575
5,3576
29,3577
6,3578
0,3579
7,3580
6,3581
23,3582
15,3583
6,3584
14,3585
19,3586
0,3587
23,3588
17,3589
16,3590
22,3591
2,3592
26,3593
13,3594
26,3595
21,3596
13,3597
24,3598
15,3599
16,3600
4,3601
0,3602
14,3603
26,3604
26,3605
8,3606
14,3607
10,3608
9,3609
13,3610
22,3611
2,3612
22,3613
12,3614
19,3615
11,3616
18,3617
29,3618
28,3619
7,3620
2,3621
25,3622
14,3623
20,3624
14,3625
2,3626
11,3627
9,3628
27,3629
22,3630
12,3631
10,3632
9,3633
20,3634
1,3635
28,3636
11,3637
2,3638
26,3639
3,3640
13,3641
28,3642
29,3643
10,3644
2,3645
25,3646
13,3647
26,3648
16,3649
24,3650
27,3651
1,3652
3,3653
7,3654
12,3655
9,3656
17,3657
12,3658
0,3659
27,3660
14,3661
8,3662
8,3663
12,3664
8,3665
3,3666
19,3667
18,3668
27,3669
7,3670
12,3671
16,3672
13,3673
22,3674
5,3675
0,3676
14,3677
11,3678
16,3679
28,3680
0,3681
17,3682
11,3683
12,3684
1,3685
21,3686
18,3687
2,3688
3,3689
3,3690
20,3691
14,3692
2,3693
22,3694
8,3695
17,3696
13,3697
14,3698
14,3699
18,3700
28,3701
0,3702
14,3703
0,3704
6,3705
9,3706
1,3707
4,3708
2,3709
7,3710
3,3711
12,3712
19,3713
4,3714
4,3715
14,3716
27,3717
15,3718
16,3719
26,3720
12,3721
17,3722
16,3723
27,3724
21,3725
22,3726
0,3727
0,3728
1,3729
26,3730
2,3731
11,3732
3,3733
7,3734
5,3735
24,3736
3,3737
25,3738
17,3739
4,3740
25,3741
14,3742
15,3743
5,3744
1,3745
6,3746
17,3747
21,3748
7,3749
28,3750
13,3751
7,3752
4,3753
14,3754
25,3755
0,3756
19,3757
16,3758
13,3759
9,3760
22,3761
24,3762
23,3763
7,3764
12,3765
29,3766
27,3767
18,3768
22,3769
4,3770
0,3771
12,3772
1,3773
2,3774
7,3775
13,3776
2,3777
2,3778
27,3779
11,3780
24,3781
3,3782
16,3783
12,3784
17,3785
12,3786
20,3787
24,3788
15,3789
23,3790
17,3791
1,3792
14,3793
14,3794
29,3795
18,3796
26,3797
17,3798
20,3799
8,3800
21,3801
2,3802
19,3803
8,3804
16,3805
18,3806
0,3807
14,3808
9,3809
28,3810
25,3811
9,3812
22,3813
13,3814
20,3815
6,3816
13,3817
2,3818
10,3819
21,3820
21,3821
5,3822
3,3823
3,3824
8,3825
12,3826
21,3827
7,3828
18,3829
27,3830
3,3831
19,3832
3,3833
13,3834
19,3835
15,3836
17,3837
13,3838
0,3839
0,3840
20,3841
27,3842
1,3843
14,3844
2,3845
3,3846
3,3847
15,3848
21,3849
18,3850
11,3851
18,3852
14,3853
13,3854
28,3855
1,3856
22,3857
8,3858
23,3859
7,3860
15,3861
23,3862
4,3863
13,3864
7,3865
8,3866
25,3867
6,3868
16,3869
25,3870
10,3871
1,3872
1,3873
10,3874
4,3875
25,3876
21,3877
24,3878
9,3879
7,3880
0,3881
19,3882
4,3883
10,3884
5,3885
7,3886
20,3887
12,3888
6,3889
7,3890
1,3891
7,3892
23,3893
14,3894
2,3895
12,3896
29,3897
10,3898
7,3899
13,3900
17,3901
17,3902
9,3903
10,3904
23,3905
4,3906
13,3907
14,3908
24,3909
0,3910
13,3911
5,3912
16,3913
6,3914
16,3915
3,3916
7,3917
24,3918
14,3919
1,3920
23,3921
20,3922
22,3923
14,3924
3,3925
0,3926
20,3927
0,3928
2,3929
1,3930
0,3931
28,3932
2,3933
8,3934
0,3935
27,3936
3,3937
18,3938
23,3939
1,3940
14,3941
25,3942
9,3943
17,3944
16,3945
0,3946
1,3947
3,3948
14,3949
13,3950
24,3951
12,3952
26,3953
21,3954
3,3955
29,3956
5,3957
5,3958
18,3959
18,3960
16,3961
18,3962
19,3963
1,3964
25,3965
17,3966
11,3967
18,3968
9,3969
27,3970
17,3971
19,3972
5,3973
24,3974
12,3975
19,3976
23,3977
9,3978
24,3979
17,3980
25,3981
17,3982
11,3983
18,3984
20,3985
6,3986
26,3987
18,3988
0,3989
29,3990
6,3991
2,3992
1,3993
6,3994
21,3995
1,3996
21,3997
2,3998
15,3999
24,4000
17,4001
20,4002
13,4003
12,4004
25,4005
7,4006
12,4007
27,4008
18,4009
4,4010
1,4011
5,4012
11,4013
23,4014
28,4015
2,4016
13,4017
6,4018
22,4019
18,4020
2,4021
7,4022
21,4023
2,4024
14,4025
4,4026
10,4027
8,4028
5,4029
26,4030
6,4031
11,4032
7,4033
18,4034
15,4035
4,4036
22,4037
2,4038
16,4039
28,4040
17,4041
17,4042
10,4043
2,4044
27,4045
23,4046
14,4047
3,4048
8,4049
18,4050
26,4051
16,4052
24,4053
29,4054
5,4055
19,4056
27,4057
12,4058
9,4059
1,4060
17,4061
23,4062
18,4063
3,4064
27,4065
2,4066
6,4067
7,4068
13,4069
24,4070
27,4071
22,4072
22,4073
3,4074
27,4075
9,4076
23,4077
10,4078
22,4079
16,4080
18,4081
24,4082
11,4083
22,4084
24,4085
9,4086
28,4087
12,4088
18,4089
26,4090
23,4091
26,4092
3,4093
0,4094
12,4095
23,4096
13,4097
26,4098
26,4099
13,4100
22,4101
17,4102
11,4103
7,4104
5,4105
25,4106
3,4107
14,4108
14,4109
17,4110
29,4111
10,4112
12,4113
20,4114
9,4115
10,4116
21,4117
17,4118
27,4119
25,4120
20,4121
27,4122
18,4123
13,4124
29,4125
21,4126
24,4127
10,4128
6,4129
15,4130
14,4131
23,4132
12,4133
17,4134
2,4135
10,4136
19,4137
7,4138
29,4139
10,4140
3,4141
8,4142
6,4143
22,4144
20,4145
22,4146
21,4147
18,4148
1,4149
20,4150
19,4151
0,4152
7,4153
26,4154
19,4155
3,4156
26,4157
26,4158
6,4159
4,4160
16,4161
4,4162
7,4163
21,4164
22,4165
5,4166
0,4167
6,4168
6,4169
15,4170
10,4171
7,4172
23,4173
16,4174
28,4175
14,4176
26,4177
29,4178
12,4179
22,4180
27,4181
7,4182
9,4183
16,4184
25,4185
20,4186
0,4187
1,4188
1,4189
2,4190
2,4191
14,4192
3,4193
1,4194
22,4195
21,4196
2,4197
25,4198
17,4199
2,4200
8,4201
11,4202
14,4203
10,4204
8,4205
25,4206
8,4207
4,4208
22,4209
23,4210
4,4211
12,4212
4,4213
15,4214
25,4215
3,4216
21,4217
10,4218
13,4219
28,4220
23,4221
18,4222
14,4223
27,4224
5,4225
14,4226
11,4227
19,4228
19,4229
28,4230
23,4231
1,4232
0,4233
4,4234
2,4235
1,4236
0,4237
14,4238
1,4239
15,4240
24,4241
2,4242
16,4243
3,4244
17,4245
25,4246
23,4247
24,4248
7,4249
1,4250
0,4251
29,4252
7,4253
21,4254
22,4255
12,4256
23,4257
17,4258
7,4259
3,4260
18,4261
7,4262
7,4263
6,4264
9,4265
27,4266
25,4267
16,4268
2,4269
14,4270
3,4271
27,4272
3,4273
6,4274
16,4275
26,4276
4,4277
3,4278
9,4279
0,4280
23,4281
28,4282
25,4283
10,4284
16,4285
25,4286
28,4287
27,4288
24,4289
19,4290
23,4291
1,4292
11,4293
15,4294
1,4295
6,4296
22,4297
27,4298
23,4299
10,4300
7,4301
2,4302
15,4303
13,4304
6,4305
1,4306
2,4307
17,4308
8,4309
20,4310
28,4311
6,4312
19,4313
9,4314
11,4315
2,4316
27,4317
7,4318
27,4319
0,4320
9,4321
24,4322
17,4323
18,4324
6,4325
20,4326
13,4327
18,4328
12,4329
13,4330
2,4331
4,4332
3,4333
24,4334
17,4335
27,4336
5,4337
24,4338
20,4339
27,4340
14,4341
18,4342
15,4343
16,4344
11,4345
22,4346
16,4347
20,4348
25,4349
13,4350
21,4351
15,4352
3,4353
19,4354
20,4355
22,4356
9,4357
3,4358
12,4359
11,4360
17,4361
14,4362
9,4363
9,4364
27,4365
20,4366
5,4367
14,4368
22,4369
13,4370
7,4371
20,4372
20,4373
29,4374
24,4375
8,4376
4,4377
3,4378
12,4379
4,4380
21,4381
27,4382
16,4383
26,4384
22,4385
25,4386
17,4387
23,4388
20,4389
0,4390
2,4391
0,4392
26,4393
3,4394
19,4395
6,4396
3,4397
18,4398
6,4399
20,4400
28,4401
18,4402
14,4403
23,4404
3,4405
28,4406
3,4407
16,4408
18,4409
28,4410
14,4411
4,4412
9,4413
17,4414
28,4415
23,4416
17,4417
23,4418
20,4419
11,4420
18,4421
27,4422
17,4423
29,4424
4,4425
28,4426
18,4427
5,4428
15,4429
6,4430
28,4431
7,4432
5,4433
25,4434
21,4435
15,4436
14,4437
6,4438
25,4439
17,4440
4,4441
9,4442
2,4443
0,4444
11,4445
3,4446
1,4447
27,4448
18,4449
2,4450
23,4451
3,4452
26,4453
4,4454
27,4455
25,4456
24,4457
21,4458
28,4459
23,4460
21,4461
1,4462
0,4463
19,4464
15,4465
9,4466
1,4467
14,4468
4,4469
27,4470
13,4471
5,4472
25,4473
6,4474
26,4475
7,4476
16,4477
4,4478
2,4479
5,4480
28,4481
15,4482
6,4483
10,4484
6,4485
7,4486
6,4487
11,4488
13,4489
18,4490
14,4491
21,4492
20,4493
26,4494
20,4495
0,4496
16,4497
26,4498
20,4499
17,4500
18,4501
0,4502
17,4503
13,4504
1,4505
2,4506
15,4507
19,4508
12,4509
10,4510
4,4511
9,4512
4,4513
27,4514
23,4515
7,4516
28,4517
5,4518
12,4519
26,4520
21,4521
0,4522
22,4523
13,4524
1,4525
8,4526
2,4527
7,4528
3,4529
26,4530
5,4531
26,4532
27,4533
21,4534
3,4535
3,4536
6,4537
14,4538
11,4539
28,4540
13,4541
13,4542
2,4543
29,4544
17,4545
18,4546
26,4547
0,4548
13,4549
22,4550
1,4551
11,4552
21,4553
2,4554
18,4555
3,4556
11,4557
14,4558
1,4559
4,4560
14,4561
7,4562
18,4563
9,4564
18,4565
5,4566
21,4567
22,4568
13,4569
7,4570
20,4571
4,4572
23,4573
5,4574
12,4575
6,4576
25,4577
7,4578
2,4579
12,4580
6,4581
19,4582
28,4583
10,4584
12,4585
11,4586
20,4587
29,4588
25,4589
15,4590
19,4591
21,4592
22,4593
21,4594
27,4595
12,4596
19,4597
3,4598
16,4599
28,4600
9,4601
21,4602
20,4603
3,4604
12,4605
28,4606
4,4607
3,4608
21,4609
12,4610
25,4611
0,4612
15,4613
27,4614
8,4615
6,4616
3,4617
24,4618
12,4619
22,4620
25,4621
25,4622
24,4623
6,4624
28,4625
9,4626
17,4627
1,4628
7,4629
28,4630
12,4631
9,4632
26,4633
3,4634
17,4635
10,4636
6,4637
4,4638
29,4639
5,4640
25,4641
6,4642
26,4643
7,4644
3,4645
5,4646
16,4647
17,4648
0,4649
9,4650
0,4651
15,4652
25,4653
1,4654
18,4655
0,4656
1,4657
29,4658
29,4659
14,4660
10,4661
11,4662
19,4663
23,4664
10,4665
15,4666
17,4667
21,4668
26,4669
3,4670
2,4671
14,4672
0,4673
5,4674
23,4675
1,4676
1,4677
29,4678
2,4679
24,4680
3,4681
7,4682
29,4683
16,4684
17,4685
22,4686
27,4687
20,4688
25,4689
10,4690
28,4691
22,4692
28,4693
13,4694
28,4695
27,4696
3,4697
6,4698
5,4699
9,4700
22,4701
0,4702
27,4703
28,4704
25,4705
6,4706
12,4707
14,4708
11,4709
5,4710
6,4711
9,4712
10,4713
20,4714
27,4715
6,4716
15,4717
3,4718
9,4719
1,4720
0,4721
2,4722
1,4723
12,4724
2,4725
2,4726
7,4727
3,4728
4,4729
28,4730
22,4731
0,4732
4,4733
1,4734
9,4735
2,4736
13,4737
20,4738
28,4739
3,4740
6,4741
28,4742
7,4743
11,4744
1,4745
23,4746
5,4747
4,4748
23,4749
26,4750
14,4751
27,4752
17,4753
17,4754
5,4755
6,4756
7,4757
6,4758
17,4759
16,4760
12,4761
19,4762
19,4763
14,4764
15,4765
12,4766
25,4767
29,4768
11,4769
11,4770
9,4771
25,4772
16,4773
3,4774
22,4775
26,4776
6,4777
9,4778
18,4779
15,4780
25,4781
0,4782
28,4783
10,4784
1,4785
16,4786
23,4787
13,4788
14,4789
0,4790
25,4791
1,4792
19,4793
26,4794
15,4795
17,4796
2,4797
17,4798
19,4799
3,4800
15,4801
16,4802
10,4803
14,4804
2,4805
14,4806
7,4807
6,4808
22,4809
26,4810
15,4811
22,4812
12,4813
25,4814
18,4815
2,4816
4,4817
19,4818
22,4819
24,4820
11,4821
2,4822
17,4823
17,4824
10,4825
20,4826
15,4827
10,4828
26,4829
2,4830
16,4831
26,4832
15,4833
6,4834
17,4835
1,4836
8,4837
1,4838
18,4839
23,4840
2,4841
0,4842
5,4843
20,4844
26,4845
6,4846
20,4847
28,4848
1,4849
18,4850
21,4851
21,4852
18,4853
25,4854
6,4855
13,4856
19,4857
17,4858
3,4859
19,4860
12,4861
25,4862
10,4863
17,4864
10,4865
18,4866
25,4867
2,4868
6,4869
9,4870
19,4871
11,4872
26,4873
22,4874
19,4875
9,4876
18,4877
16,4878
27,4879
4,4880
25,4881
18,4882
14,4883
0,4884
1,4885
27,4886
1,4887
12,4888
14,4889
11,4890
21,4891
2,4892
18,4893
3,4894
23,4895
0,4896
12,4897
5,4898
4,4899
20,4900
20,4901
4,4902
0,4903
13,4904
21,4905
1,4906
11,4907
2,4908
27,4909
3,4910
10,4911
1,4912
20,4913
22,4914
18,4915
29,4916
28,4917
1,4918
23,4919
5,4920
10,4921
23,4922
1,4923
25,4924
26,4925
11,4926
22,4927
21,4928
10,4929
6,4930
5,4931
10,4932
23,4933
24,4934
6,4935
6,4936
14,4937
15,4938
7,4939
27,4940
5,4941
6,4942
25,4943
29,4944
14,4945
3,4946
21,4947
5,4948
27,4949
20,4950
3,4951
24,4952
7,4953
9,4954
22,4955
18,4956
19,4957
2,4958
28,4959
10,4960
16,4961
18,4962
25,4963
3,4964
23,4965
9,4966
0,4967
14,4968
19,4969
1,4970
13,4971
2,4972
13,4973
3,4974
13,4975
9,4976
23,4977
25,4978
0,4979
10,4980
15,4981
9,4982
24,4983
4,4984
14,4985
26,4986
26,4987
20,4988
23,4989
23,4990
4,4991
8,4992
8,4993
17,4994
16,4995
25,4996
25,4997
27,4998
28,4999
13,5000
25,5001
23,5002
2,5003
4,5004
10,5005
15,5006
26,5007
27,5008
8,5009
13,5010
12,5011
17,5012
12,5013
25,5014
5,5015
1,5016
27,5017
27,5018
24,5019
10,5020
28,5021
0,5022
27,5023
18,5024
23,5025
0,5026
4,5027
12,5028
3,5029
19,5030
24,5031
6,5032
3,5033
6,5034
28,5035
13,5036
20,5037
3,5038
14,5039
21,5040
9,5041
26,5042
0,5043
9,5044
1,5045
7,5046
6,5047
2,5048
13,5049
3,5050
28,5051
23,5052
25,5053
20,5054
25,5055
0,5056
2,5057
19,5058
26,5059
17,5060
11,5061
22,5062
12,5063
10,5064
11,5065
29,5066
0,5067
24,5068
13,5069
4,5070
4,5071
8,5072
6,5073
29,5074
28,5075
1,5076
11,5077
11,5078
10,5079
18,5080
0,5081
27,5082
24,5083
16,5084
24,5085
0,5086
18,5087
1,5088
21,5089
24,5090
2,5091
28,5092
29,5093
14,5094
3,5095
9,5096
15,5097
19,5098
27,5099
25,5100
11,5101
20,5102
20,5103
4,5104
3,5105
18,5106
12,5107
16,5108
5,5109
17,5110
16,5111
29,5112
4,5113
9,5114
26,5115
14,5116
5,5117
0,5118
6,5119
11,5120
21,5121
7,5122
18,5123
25,5124
6,5125
3,5126
4,5127
25,5128
1,5129
28,5130
1,5131
4,5132
9,5133
25,5134
28,5135
16,5136
25,5137
4,5138
4,5139
8,5140
2,5141
5,5142
7,5143
6,5144
7,5145
7,5146
20,5147
7,5148
4,5149
21,5150
5,5151
2,5152
24,5153
6,5154
16,5155
7,5156
4,5157
21,5158
27,5159
19,5160
18,5161
21,5162
23,5163
3,5164
5,5165
23,5166
14,5167
18,5168
3,5169
14,5170
22,5171
3,5172
21,5173
25,5174
24,5175
18,5176
25,5177
13,5178
20,5179
29,5180
4,5181
13,5182
24,5183
5,5184
4,5185
2,5186
28,5187
24,5188
9,5189
25,5190
6,5191
25,5192
7,5193
24,5194
29,5195
17,5196
19,5197
14,5198
4,5199
28,5200
19,5201
28,5202
1,5203
28,5204
17,5205
3,5206
21,5207
13,5208
28,5209
26,5210
22,5211
28,5212
5,5213
28,5214
19,5215
0,5216
11,5217
24,5218
22,5219
14,5220
9,5221
18,5222
7,5223
8,5224
26,5225
28,5226
23,5227
12,5228
28,5229
24,5230
4,5231
25,5232
23,5233
0,5234
15,5235
12,5236
5,5237
21,5238
10,5239
14,5240
2,5241
17,5242
8,5243
29,5244
26,5245
26,5246
29,5247
16,5248
6,5249
13,5250
18,5251
10,5252
4,5253
14,5254
20,5255
27,5256
29,5257
29,5258
8,5259
13,5260
8,5261
10,5262
29,5263
28,5264
12,5265
0,5266
1,5267
5,5268
1,5269
9,5270
2,5271
12,5272
9,5273
3,5274
11,5275
18,5276
17,5277
6,5278
0,5279
22,5280
3,5281
24,5282
5,5283
16,5284
25,5285
3,5286
2,5287
7,5288
27,5289
4,5290
11,5291
5,5292
18,5293
6,5294
19,5295
7,5296
11,5297
25,5298
18,5299
15,5300
0,5301
18,5302
23,5303
1,5304
13,5305
1,5306
20,5307
27,5308
18,5309
4,5310
3,5311
10,5312
29,5313
4,5314
28,5315
1,5316
16,5317
24,5318
10,5319
26,5320
11,5321
13,5322
13,5323
23,5324
28,5325
10,5326
13,5327
25,5328
29,5329
8,5330
25,5331
27,5332
19,5333
15,5334
17,5335
24,5336
22,5337
4,5338
21,5339
5,5340
1,5341
18,5342
6,5343
12,5344
24,5345
7,5346
2,5347
0,5348
18,5349
17,5350
16,5351
13,5352
20,5353
12,5354
19,5355
25,5356
3,5357
0,5358
27,5359
27,5360
20,5361
1,5362
11,5363
2,5364
27,5365
29,5366
2,5367
8,5368
3,5369
27,5370
19,5371
18,5372
28,5373
5,5374
0,5375
12,5376
24,5377
7,5378
5,5379
10,5380
20,5381
22,5382
25,5383
6,5384
14,5385
0,5386
4,5387
4,5388
1,5389
20,5390
25,5391
24,5392
10,5393
3,5394
22,5395
2,5396
0,5397
3,5398
21,5399
0,5400
20,5401
20,5402
12,5403
7,5404
25,5405
3,5406
14,5407
11,5408
19,5409
24,5410
22,5411
21,5412
22,5413
8,5414
7,5415
18,5416
8,5417
0,5418
22,5419
25,5420
28,5421
7,5422
11,5423
23,5424
12,5425
21,5426
25,5427
28,5428
19,5429
21,5430
24,5431
25,5432
21,5433
4,5434
5,5435
1,5436
17,5437
15,5438
18,5439
24,5440
9,5441
7,5442
25,5443
2,5444
29,5445
15,5446
7,5447
6,5448
12,5449
16,5450
17,5451
0,5452
4,5453
24,5454
26,5455
27,5456
5,5457
7,5458
8,5459
15,5460
6,5461
27,5462
7,5463
18,5464
3,5465
27,5466
3,5467
4,5468
18,5469
2,5470
25,5471
0,5472
19,5473
3,5474
13,5475
26,5476
1,5477
15,5478
16,5479
28,5480
2,5481
7,5482
23,5483
2,5484
12,5485
21,5486
27,5487
0,5488
6,5489
29,5490
27,5491
15,5492
15,5493
11,5494
9,5495
8,5496
12,5497
14,5498
23,5499
21,5500
3,5501
24,5502
2,5503
3,5504
22,5505
24,5506
2,5507
9,5508
20,5509
6,5510
6,5511
22,5512
21,5513
23,5514
29,5515
10,5516
29,5517
0,5518
11,5519
16,5520
0,5521
10,5522
24,5523
2,5524
14,5525
18,5526
13,5527
11,5528
9,5529
19,5530
29,5531
25,5532
11,5533
17,5534
20,5535
4,5536
19,5537
6,5538
26,5539
2,5540
14,5541
14,5542
26,5543
0,5544
18,5545
22,5546
4,5547
9,5548
23,5549
28,5550
3,5551
14,5552
21,5553
5,5554
18,5555
4,5556
8,5557
5,5558
1,5559
3,5560
16,5561
4,5562
13,5563
11,5564
21,5565
5,5566
25,5567
15,5568
19,5569
6,5570
18,5571
7,5572
0,5573
26,5574
1,5575
0,5576
8,5577
17,5578
2,5579
13,5580
22,5581
19,5582
6,5583
16,5584
4,5585
21,5586
13,5587
12,5588
5,5589
5,5590
6,5591
12,5592
7,5593
7,5594
2,5595
24,5596
7,5597
2,5598
19,5599
18,5600
15,5601
3,5602
26,5603
26,5604
21,5605
25,5606
7,5607
4,5608
4,5609
6,5610
29,5611
7,5612
5,5613
4,5614
5,5615
5,5616
5,5617
6,5618
6,5619
0,5620
22,5621
21,5622
1,5623
7,5624
7,5625
8,5626
18,5627
28,5628
7,5629
28,5630
12,5631
8,5632
22,5633
6,5634
11,5635
23,5636
15,5637
28,5638
28,5639
9,5640
10,5641
29,5642
25,5643
16,5644
21,5645
4,5646
7,5647
1,5648
0,5649
13,5650
2,5651
20,5652
16,5653
4,5654
17,5655
5,5656
3,5657
4,5658
6,5659
0,5660
7,5661
1,5662
20,5663
1,5664
28,5665
15,5666
3,5667
23,5668
20,5669
6,5670
1,5671
26,5672
25,5673
28,5674
12,5675
15,5676
19,5677
10,5678
27,5679
2,5680
19,5681
3,5682
3,5683
4,5684
7,5685
1,5686
2,5687
0,5688
8,5689
22,5690
27,5691
0,5692
1,5693
27,5694
3,5695
2,5696
11,5697
10,5698
3,5699
7,5700
15,5701
15,5702
22,5703
4,5704
5,5705
18,5706
29,5707
29,5708
5,5709
24,5710
22,5711
7,5712
21,5713
0,5714
4,5715
8,5716
9,5717
12,5718
11,5719
16,5720
16,5721
12,5722
14,5723
18,5724
19,5725
0,5726
23,5727
29,5728
19,5729
25,5730
26,5731
2,5732
0,5733
26,5734
6,5735
4,5736
23,5737
17,5738
3,5739
26,5740
8,5741
7,5742
16,5743
19,5744
7,5745
14,5746
7,5747
18,5748
11,5749
10,5750
24,5751
18,5752
14,5753
1,5754
29,5755
23,5756
5,5757
4,5758
20,5759
26,5760
18,5761
0,5762
5,5763
3,5764
6,5765
24,5766
7,5767
15,5768
8,5769
5,5770
7,5771
1,5772
26,5773
3,5774
19,5775
26,5776
27,5777
4,5778
28,5779
11,5780
1,5781
24,5782
6,5783
22,5784
20,5785
13,5786
4,5787
26,5788
12,5789
8,5790
20,5791
13,5792
1,5793
24,5794
2,5795
4,5796
1,5797
5,5798
14,5799
4,5800
6,5801
3,5802
4,5803
7,5804
7,5805
7,5806
24,5807
4,5808
2,5809
10,5810
21,5811
29,5812
25,5813
26,5814
29,5815
6,5816
20,5817
27,5818
16,5819
6,5820
0,5821
14,5822
28,5823
23,5824
29,5825
14,5826
15,5827
22,5828
29,5829
14,5830
15,5831
12,5832
24,5833
12,5834
3,5835
22,5836
27,5837
0,5838
13,5839
9,5840
9,5841
1,5842
0,5843
16,5844
11,5845
8,5846
13,5847
25,5848
10,5849
19,5850
9,5851
25,5852
10,5853
8,5854
15,5855
21,5856
20,5857
11,5858
28,5859
29,5860
19,5861
11,5862
12,5863
27,5864
21,5865
16,5866
24,5867
7,5868
27,5869
11,5870
9,5871
0,5872
14,5873
15,5874
18,5875
1,5876
29,5877
2,5878
8,5879
29,5880
3,5881
22,5882
16,5883
19,5884
3,5885
0,5886
7,5887
12,5888
15,5889
15,5890
6,5891
11,5892
21,5893
22,5894
17,5895
9,5896
29,5897
4,5898
15,5899
4,5900
25,5901
6,5902
14,5903
14,5904
5,5905
10,5906
24,5907
5,5908
6,5909
15,5910
6,5911
3,5912
25,5913
27,5914
7,5915
15,5916
28,5917
25,5918
27,5919
21,5920
23,5921
3,5922
15,5923
23,5924
2,5925
9,5926
0,5927
27,5928
23,5929
24,5930
21,5931
23,5932
11,5933
23,5934
3,5935
24,5936
24,5937
0,5938
23,5939
2,5940
2,5941
25,5942
29,5943
14,5944
1,5945
8,5946
29,5947
23,5948
9,5949
27,5950
25,5951
6,5952
6,5953
5,5954
4,5955
3,5956
5,5957
21,5958
6,5959
0,5960
7,5961
23,5962
20,5963
3,5964
14,5965
26,5966
26,5967
26,5968
18,5969
3,5970
19,5971
20,5972
22,5973
6,5974
15,5975
14,5976
12,5977
2,5978
20,5979
0,5980
17,5981
1,5982
24,5983
20,5984
2,5985
16,5986
26,5987
22,5988
3,5989
0,5990
26,5991
23,5992
8,5993
22,5994
13,5995
15,5996
11,5997
7,5998
19,5999
18,6000
23,6001
22,6002
0,6003
8,6004
10,6005
26,6006
23,6007
26,6008
5,6009
10,6010
22,6011
16,6012
4,6013
17,6014
19,6015
5,6016
1,6017
1,6018
11,6019
3,6020
29,6021
26,6022
0,6023
18,6024
3,6025
26,6026
23,6027
12,6028
29,6029
28,6030
6,6031
5,6032
1,6033
5,6034
19,6035
24,6036
8,6037
24,6038
8,6039
12,6040
18,6041
18,6042
14,6043
13,6044
6,6045
27,6046
2,6047
29,6048
26,6049
18,6050
27,6051
16,6052
6,6053
0,6054
25,6055
19,6056
20,6057
28,6058
5,6059
10,6060
18,6061
3,6062
28,6063
25,6064
13,6065
17,6066
14,6067
17,6068
13,6069
13,6070
16,6071
6,6072
9,6073
25,6074
6,6075
1,6076
8,6077
28,6078
19,6079
15,6080
8,6081
2,6082
20,6083
8,6084
12,6085
3,6086
13,6087
11,6088
20,6089
13,6090
18,6091
4,6092
26,6093
20,6094
12,6095
11,6096
29,6097
28,6098
29,6099
10,6100
0,6101
1,6102
16,6103
20,6104
1,6105
19,6106
29,6107
16,6108
14,6109
20,6110
19,6111
13,6112
26,6113
12,6114
24,6115
1,6116
13,6117
22,6118
18,6119
1,6120
16,6121
14,6122
18,6123
28,6124
29,6125
18,6126
12,6127
6,6128
14,6129
8,6130
14,6131
9,6132
22,6133
22,6134
29,6135
15,6136
1,6137
0,6138
11,6139
7,6140
3,6141
23,6142
29,6143
20,6144
4,6145
28,6146
25,6147
4,6148
15,6149
13,6150
28,6151
17,6152
0,6153
13,6154
1,6155
7,6156
5,6157
2,6158
5,6159
3,6160
26,6161
18,6162
28,6163
5,6164
8,6165
18,6166
9,6167
6,6168
16,6169
13,6170
10,6171
15,6172
11,6173
20,6174
24,6175
6,6176
0,6177
11,6178
23,6179
1,6180
7,6181
1,6182
21,6183
0,6184
15,6185
2,6186
9,6187
3,6188
11,6189
0,6190
6,6191
25,6192
1,6193
22,6194
28,6195
15,6196
2,6197
26,6198
10,6199
3,6200
27,6201
21,6202
1,6203
0,6204
26,6205
1,6206
22,6207
2,6208
29,6209
3,6210
0,6211
1,6212
19,6213
8,6214
23,6215
11,6216
9,6217
18,6218
23,6219
22,6220
13,6221
29,6222
8,6223
12,6224
11,6225
9,6226
29,6227
14,6228
5,6229
24,6230
19,6231
28,6232
4,6233
9,6234
28,6235
23,6236
0,6237
26,6238
1,6239
19,6240
2,6241
4,6242
3,6243
5,6244
1,6245
21,6246
28,6247
27,6248
19,6249
21,6250
21,6251
10,6252
10,6253
29,6254
8,6255
28,6256
3,6257
8,6258
7,6259
8,6260
1,6261
8,6262
5,6263
20,6264
29,6265
8,6266
29,6267
25,6268
10,6269
27,6270
5,6271
8,6272
17,6273
29,6274
27,6275
24,6276
0,6277
6,6278
28,6279
17,6280
29,6281
4,6282
11,6283
18,6284
12,6285
3,6286
9,6287
22,6288
22,6289
17,6290
10,6291
29,6292
15,6293
17,6294
12,6295
23,6296
12,6297
15,6298
23,6299
11,6300
13,6301
15,6302
4,6303
2,6304
19,6305
8,6306
26,6307
1,6308
29,6309
27,6310
26,6311
5,6312
18,6313
28,6314
20,6315
20,6316
26,6317
18,6318
25,6319
12,6320
14,6321
5,6322
27,6323
23,6324
14,6325
3,6326
13,6327
27,6328
7,6329
22,6330
27,6331
7,6332
24,6333
13,6334
16,6335
19,6336
17,6337
20,6338
21,6339
16,6340
18,6341
29,6342
2,6343
10,6344
27,6345
4,6346
19,6347
5,6348
8,6349
29,6350
24,6351
6,6352
29,6353
10,6354
3,6355
28,6356
16,6357
7,6358
9,6359
22,6360
0,6361
2,6362
11,6363
2,6364
17,6365
2,6366
22,6367
19,6368
25,6369
25,6370
4,6371
26,6372
7,6373
4,6374
20,6375
4,6376
0,6377
17,6378
14,6379
19,6380
19,6381
1,6382
18,6383
10,6384
0,6385
15,6386
7,6387
7,6388
24,6389
15,6390
28,6391
11,6392
15,6393
12,6394
24,6395
0,6396
6,6397
21,6398
27,6399
2,6400
13,6401
25,6402
21,6403
22,6404
11,6405
9,6406
28,6407
0,6408
7,6409
1,6410
13,6411
13,6412
2,6413
11,6414
11,6415
16,6416
3,6417
0,6418
16,6419
22,6420
14,6421
12,6422
16,6423
4,6424
23,6425
25,6426
20,6427
16,6428
13,6429
7,6430
23,6431
4,6432
0,6433
5,6434
3,6435
5,6436
25,6437
8,6438
15,6439
27,6440
20,6441
29,6442
1,6443
7,6444
6,6445
24,6446
27,6447
29,6448
5,6449
8,6450
12,6451
1,6452
16,6453
26,6454
1,6455
12,6456
4,6457
12,6458
8,6459
2,6460
10,6461
29,6462
20,6463
17,6464
3,6465
22,6466
25,6467
12,6468
18,6469
19,6470
2,6471
21,6472
10,6473
18,6474
5,6475
23,6476
13,6477
12,6478
14,6479
0,6480
14,6481
5,6482
28,6483
2,6484
12,6485
2,6486
0,6487
17,6488
26,6489
2,6490
25,6491
1,6492
4,6493
12,6494
17,6495
5,6496
2,6497
29,6498
1,6499
27,6500
12,6501
6,6502
19,6503
1,6504
7,6505
8,6506
26,6507
4,6508
7,6509
29,6510
18,6511
14,6512
1,6513
27,6514
16,6515
20,6516
15,6517
3,6518
4,6519
19,6520
26,6521
17,6522
5,6523
29,6524
6,6525
14,6526
7,6527
23,6528
29,6529
28,6530
29,6531
29,6532
23,6533
29,6534
25,6535
19,6536
25,6537
8,6538
6,6539
16,6540
7,6541
7,6542
18,6543
7,6544
0,6545
24,6546
10,6547
15,6548
2,6549
23,6550
19,6551
2,6552
12,6553
17,6554
1,6555
26,6556
5,6557
0,6558
21,6559
1,6560
1,6561
24,6562
2,6563
17,6564
3,6565
3,6566
14,6567
7,6568
2,6569
18,6570
14,6571
25,6572
19,6573
11,6574
27,6575
7,6576
15,6577
13,6578
27,6579
27,6580
16,6581
27,6582
18,6583
7,6584
21,6585
12,6586
28,6587
7,6588
28,6589
21,6590
2,6591
15,6592
10,6593
5,6594
4,6595
0,6596
17,6597
28,6598
4,6599
7,6600
13,6601
5,6602
25,6603
8,6604
6,6605
3,6606
16,6607
7,6608
29,6609
29,6610
21,6611
20,6612
4,6613
23,6614
10,6615
22,6616
11,6617
13,6618
8,6619
28,6620
14,6621
24,6622
29,6623
23,6624
8,6625
2,6626
16,6627
29,6628
26,6629
4,6630
9,6631
8,6632
14,6633
3,6634
3,6635
7,6636
1,6637
27,6638
6,6639
23,6640
1,6641
29,6642
24,6643
9,6644
20,6645
12,6646
22,6647
12,6648
19,6649
3,6650
2,6651
21,6652
2,6653
28,6654
8,6655
19,6656
1,6657
2,6658
28,6659
15,6660
17,6661
0,6662
5,6663
1,6664
1,6665
8,6666
13,6667
2,6668
4,6669
22,6670
3,6671
14,6672
4,6673
24,6674
27,6675
24,6676
5,6677
12,6678
8,6679
9,6680
26,6681
4,6682
1,6683
6,6684
23,6685
9,6686
6,6687
10,6688
13,6689
0,6690
0,6691
1,6692
1,6693
12,6694
2,6695
28,6696
3,6697
21,6698
0,6699
8,6700
14,6701
10,6702
1,6703
8,6704
5,6705
15,6706
2,6707
1,6708
26,6709
3,6710
4,6711
19,6712
24,6713
20,6714
27,6715
21,6716
4,6717
29,6718
15,6719
23,6720
5,6721
16,6722
14,6723
28,6724
2,6725
3,6726
9,6727
23,6728
17,6729
20,6730
20,6731
27,6732
26,6733
3,6734
18,6735
21,6736
0,6737
28,6738
26,6739
3,6740
3,6741
2,6742
27,6743
23,6744
4,6745
21,6746
23,6747
11,6748
14,6749
18,6750
9,6751
12,6752
11,6753
2,6754
2,6755
7,6756
18,6757
8,6758
8,6759
21,6760
5,6761
23,6762
3,6763
20,6764
20,6765
27,6766
23,6767
19,6768
18,6769
19,6770
11,6771
17,6772
13,6773
8,6774
11,6775
3,6776
20,6777
5,6778
8,6779
7,6780
6,6781
7,6782
1,6783
18,6784
11,6785
14,6786
25,6787
11,6788
0,6789
25,6790
10,6791
29,6792
13,6793
14,6794
23,6795
12,6796
1,6797
11,6798
25,6799
24,6800
11,6801
2,6802
0,6803
22,6804
23,6805
21,6806
17,6807
28,6808
28,6809
10,6810
27,6811
1,6812
11,6813
13,6814
28,6815
26,6816
20,6817
8,6818
17,6819
8,6820
7,6821
8,6822
15,6823
7,6824
0,6825
18,6826
9,6827
2,6828
17,6829
27,6830
18,6831
10,6832
13,6833
26,6834
23,6835
11,6836
15,6837
19,6838
20,6839
15,6840
13,6841
6,6842
25,6843
17,6844
8,6845
28,6846
19,6847
10,6848
11,6849
18,6850
17,6851
1,6852
8,6853
22,6854
14,6855
18,6856
20,6857
17,6858
2,6859
26,6860
15,6861
20,6862
18,6863
23,6864
28,6865
21,6866
13,6867
20,6868
17,6869
20,6870
8,6871
4,6872
2,6873
13,6874
6,6875
23,6876
14,6877
24,6878
11,6879
14,6880
13,6881
20,6882
19,6883
21,6884
2,6885
24,6886
19,6887
20,6888
6,6889
29,6890
4,6891
15,6892
7,6893
1,6894
25,6895
0,6896
26,6897
15,6898
15,6899
15,6900
8,6901
26,6902
19,6903
28,6904
15,6905
26,6906
22,6907
25,6908
1,6909
0,6910
5,6911
17,6912
18,6913
23,6914
18,6915
1,6916
9,6917
2,6918
16,6919
16,6920
3,6921
2,6922
29,6923
14,6924
20,6925
9,6926
2,6927
15,6928
23,6929
19,6930
16,6931
29,6932
23,6933
28,6934
17,6935
19,6936
0,6937
11,6938
4,6939
26,6940
1,6941
28,6942
0,6943
2,6944
2,6945
7,6946
3,6947
16,6948
9,6949
13,6950
18,6951
25,6952
9,6953
12,6954
16,6955
16,6956
15,6957
13,6958
28,6959
26,6960
1,6961
10,6962
29,6963
18,6964
15,6965
0,6966
16,6967
20,6968
2,6969
2,6970
0,6971
0,6972
12,6973
10,6974
5,6975
14,6976
14,6977
15,6978
21,6979
28,6980
1,6981
24,6982
10,6983
19,6984
1,6985
15,6986
27,6987
20,6988
27,6989
3,6990
6,6991
0,6992
21,6993
1,6994
1,6995
2,6996
23,6997
3,6998
6,6999
2,7000
20,7001
10,7002
18,7003
3,7004
29,7005
24,7006
11,7007
13,7008
19,7009
18,7010
19,7011
23,7012
6,7013
22,7014
12,7015
14,7016
6,7017
24,7018
6,7019
16,7020
15,7021
10,7022
18,7023
26,7024
18,7025
25,7026
17,7027
24,7028
5,7029
21,7030
24,7031
6,7032
12,7033
11,7034
6,7035
5,7036
21,7037
4,7038
23,7039
15,7040
5,7041
24,7042
6,7043
16,7044
7,7045
29,7046
12,7047
19,7048
27,7049
0,7050
24,7051
21,7052
17,7053
1,7054
23,7055
2,7056
11,7057
3,7058
13,7059
19,7060
25,7061
12,7062
4,7063
29,7064
5,7065
17,7066
6,7067
0,7068
19,7069
21,7070
7,7071
27,7072
1,7073
28,7074
7,7075
10,7076
28,7077
24,7078
28,7079
7,7080
9,7081
19,7082
17,7083
6,7084
24,7085
14,7086
18,7087
20,7088
27,7089
17,7090
27,7091
0,7092
8,7093
11,7094
13,7095
16,7096
11,7097
23,7098
11,7099
14,7100
29,7101
6,7102
27,7103
10,7104
1,7105
17,7106
28,7107
10,7108
11,7109
20,7110
15,7111
24,7112
22,7113
24,7114
27,7115
28,7116
26,7117
4,7118
10,7119
25,7120
24,7121
29,7122
1,7123
15,7124
0,7125
25,7126
29,7127
9,7128
5,7129
7,7130
4,7131
20,7132
2,7133
28,7134
5,7135
1,7136
25,7137
27,7138
20,7139
14,7140
10,7141
18,7142
19,7143
5,7144
14,7145
18,7146
7,7147
16,7148
0,7149
11,7150
27,7151
27,7152
12,7153
24,7154
1,7155
1,7156
21,7157
6,7158
16,7159
23,7160
4,7161
10,7162
5,7163
25,7164
6,7165
6,7166
15,7167
6,7168
7,7169
5,7170
14,7171
18,7172
15,7173
20,7174
13,7175
14,7176
21,7177
14,7178
26,7179
15,7180
15,7181
11,7182
14,7183
17,7184
3,7185
9,7186
11,7187
16,7188
15,7189
9,7190
11,7191
29,7192
2,7193
9,7194
24,7195
11,7196
16,7197
16,7198
12,7199
10,7200
8,7201
22,7202
22,7203
11,7204
11,7205
12,7206
19,7207
22,7208
17,7209
0,7210
21,7211
27,7212
28,7213
28,7214
2,7215
23,7216
19,7217
16,7218
18,7219
20,7220
13,7221
12,7222
14,7223
10,7224
20,7225
29,7226
7,7227
2,7228
24,7229
0,7230
28,7231
20,7232
8,7233
20,7234
8,7235
0,7236
21,7237
1,7238
13,7239
10,7240
28,7241
11,7242
28,7243
23,7244
3,7245
21,7246
16,7247
5,7248
1,7249
18,7250
23,7251
18,7252
28,7253
8,7254
20,7255
28,7256
9,7257
28,7258
17,7259
9,7260
1,7261
23,7262
8,7263
23,7264
8,7265
27,7266
6,7267
21,7268
5,7269
13,7270
15,7271
21,7272
29,7273
4,7274
10,7275
18,7276
4,7277
7,7278
5,7279
12,7280
15,7281
18,7282
6,7283
26,7284
29,7285
26,7286
7,7287
19,7288
20,7289
15,7290
14,7291
26,7292
14,7293
4,7294
12,7295
17,7296
7,7297
6,7298
12,7299
23,7300
19,7301
12,7302
19,7303
9,7304
17,7305
24,7306
4,7307
4,7308
23,7309
5,7310
1,7311
29,7312
6,7313
7,7314
19,7315
7,7316
29,7317
14,7318
15,7319
24,7320
27,7321
28,7322
0,7323
22,7324
29,7325
18,7326
27,7327
16,7328
3,7329
20,7330
27,7331
1,7332
15,7333
20,7334
9,7335
1,7336
8,7337
6,7338
24,7339
26,7340
25,7341
8,7342
26,7343
22,7344
23,7345
9,7346
12,7347
20,7348
6,7349
10,7350
24,7351
24,7352
27,7353
19,7354
19,7355
25,7356
0,7357
9,7358
1,7359
7,7360
2,7361
27,7362
5,7363
3,7364
6,7365
0,7366
29,7367
3,7368
7,7369
19,7370
9,7371
15,7372
22,7373
14,7374
28,7375
27,7376
3,7377
11,7378
13,7379
15,7380
4,7381
1,7382
23,7383
0,7384
8,7385
18,7386
15,7387
13,7388
0,7389
25,7390
1,7391
5,7392
3,7393
28,7394
21,7395
10,7396
2,7397
26,7398
3,7399
25,7400
13,7401
21,7402
8,7403
25,7404
0,7405
29,7406
25,7407
1,7408
23,7409
2,7410
2,7411
24,7412
3,7413
15,7414
13,7415
11,7416
19,7417
14,7418
0,7419
7,7420
8,7421
17,7422
13,7423
16,7424
16,7425
27,7426
1,7427
21,7428
2,7429
5,7430
14,7431
7,7432
3,7433
26,7434
20,7435
4,7436
29,7437
18,7438
26,7439
0,7440
19,7441
3,7442
5,7443
4,7444
6,7445
25,7446
7,7447
26,7448
10,7449
10,7450
15,7451
6,7452
18,7453
21,7454
5,7455
16,7456
17,7457
20,7458
21,7459
3,7460
6,7461
8,7462
22,7463
29,7464
15,7465
9,7466
0,7467
11,7468
15,7469
1,7470
27,7471
23,7472
2,7473
8,7474
3,7475
28,7476
16,7477
12,7478
7,7479
19,7480
17,7481
13,7482
10,7483
12,7484
7,7485
5,7486
9,7487
28,7488
29,7489
7,7490
13,7491
8,7492
16,7493
22,7494
22,7495
4,7496
9,7497
12,7498
28,7499
17,7500
17,7501
5,7502
7,7503
1,7504
2,7505
1,7506
8,7507
18,7508
11,7509
17,7510
3,7511
27,7512
14,7513
5,7514
13,7515
19,7516
0,7517
6,7518
15,7519
0,7520
6,7521
5,7522
29,7523
29,7524
12,7525
21,7526
14,7527
7,7528
11,7529
18,7530
17,7531
26,7532
7,7533
17,7534
9,7535
19,7536
26,7537
12,7538
6,7539
3,7540
21,7541
3,7542
9,7543
2,7544
18,7545
14,7546
2,7547
7,7548
20,7549
6,7550
23,7551
5,7552
24,7553
29,7554
18,7555
27,7556
24,7557
24,7558
20,7559
1,7560
29,7561
5,7562
5,7563
21,7564
8,7565
21,7566
6,7567
12,7568
18,7569
24,7570
19,7571
4,7572
2,7573
8,7574
5,7575
0,7576
6,7577
23,7578
28,7579
7,7580
28,7581
10,7582
7,7583
5,7584
25,7585
12,7586
9,7587
23,7588
2,7589
19,7590
20,7591
23,7592
1,7593
0,7594
12,7595
23,7596
14,7597
27,7598
9,7599
6,7600
14,7601
28,7602
26,7603
21,7604
24,7605
3,7606
27,7607
6,7608
6,7609
12,7610
7,7611
21,7612
3,7613
29,7614
0,7615
22,7616
1,7617
26,7618
2,7619
11,7620
2,7621
16,7622
3,7623
24,7624
1,7625
10,7626
2,7627
22,7628
25,7629
22,7630
23,7631
29,7632
4,7633
18,7634
9,7635
25,7636
5,7637
23,7638
17,7639
6,7640
8,7641
14,7642
7,7643
0,7644
29,7645
5,7646
27,7647
6,7648
14,7649
15,7650
7,7651
6,7652
1,7653
9,7654
25,7655
13,7656
5,7657
26,7658
8,7659
0,7660
24,7661
20,7662
18,7663
8,7664
11,7665
12,7666
23,7667
18,7668
9,7669
2,7670
2,7671
10,7672
2,7673
3,7674
15,7675
15,7676
22,7677
25,7678
23,7679
25,7680
4,7681
21,7682
6,7683
2,7684
27,7685
4,7686
26,7687
0,7688
19,7689
11,7690
3,7691
28,7692
15,7693
26,7694
24,7695
4,7696
17,7697
14,7698
16,7699
13,7700
21,7701
1,7702
4,7703
28,7704
24,7705
2,7706
7,7707
5,7708
2,7709
7,7710
10,7711
24,7712
9,7713
7,7714
24,7715
28,7716
15,7717
15,7718
26,7719
12,7720
17,7721
10,7722
18,7723
5,7724
23,7725
17,7726
11,7727
17,7728
29,7729
6,7730
27,7731
29,7732
9,7733
20,7734
16,7735
9,7736
8,7737
19,7738
23,7739
16,7740
12,7741
7,7742
5,7743
6,7744
23,7745
6,7746
20,7747
8,7748
16,7749
19,7750
15,7751
6,7752
29,7753
20,7754
11,7755
13,7756
3,7757
13,7758
20,7759
24,7760
13,7761
23,7762
27,7763
9,7764
9,7765
0,7766
9,7767
0,7768
2,7769
29,7770
23,7771
2,7772
10,7773
1,7774
29,7775
17,7776
29,7777
1,7778
5,7779
10,7780
19,7781
9,7782
25,7783
27,7784
24,7785
2,7786
20,7787
6,7788
28,7789
5,7790
19,7791
14,7792
7,7793
7,7794
2,7795
18,7796
10,7797
9,7798
0,7799
6,7800
28,7801
18,7802
14,7803
6,7804
26,7805
28,7806
3,7807
3,7808
29,7809
9,7810
13,7811
19,7812
2,7813
1,7814
23,7815
24,7816
17,7817
10,7818
29,7819
29,7820
2,7821
6,7822
28,7823
2,7824
9,7825
5,7826
4,7827
17,7828
23,7829
15,7830
21,7831
28,7832
5,7833
7,7834
26,7835
25,7836
24,7837
22,7838
14,7839
28,7840
2,7841
28,7842
12,7843
19,7844
10,7845
21,7846
8,7847
9,7848
10,7849
21,7850
18,7851
8,7852
27,7853
26,7854
9,7855
2,7856
12,7857
28,7858
22,7859
6,7860
20,7861
0,7862
1,7863
16,7864
24,7865
28,7866
22,7867
29,7868
23,7869
25,7870
2,7871
24,7872
9,7873
28,7874
20,7875
24,7876
17,7877
22,7878
28,7879
10,7880
3,7881
1,7882
26,7883
8,7884
2,7885
28,7886
5,7887
5,7888
12,7889
29,7890
14,7891
7,7892
3,7893
18,7894
24,7895
17,7896
2,7897
0,7898
11,7899
29,7900
19,7901
1,7902
24,7903
4,7904
6,7905
19,7906
9,7907
13,7908
28,7909
2,7910
14,7911
3,7912
0,7913
4,7914
10,7915
5,7916
17,7917
8,7918
6,7919
6,7920
7,7921
12,7922
0,7923
11,7924
9,7925
23,7926
9,7927
28,7928
13,7929
29,7930
22,7931
27,7932
13,7933
7,7934
18,7935
8,7936
25,7937
17,7938
5,7939
12,7940
12,7941
28,7942
12,7943
27,7944
22,7945
11,7946
23,7947
3,7948
6,7949
24,7950
18,7951
15,7952
1,7953
26,7954
26,7955
10,7956
7,7957
10,7958
10,7959
21,7960
26,7961
26,7962
12,7963
5,7964
2,7965
2,7966
27,7967
16,7968
24,7969
19,7970
2,7971
28,7972
0,7973
19,7974
16,7975
1,7976
28,7977
27,7978
0,7979
1,7980
1,7981
10,7982
2,7983
24,7984
14,7985
3,7986
4,7987
0,7988
11,7989
26,7990
21,7991
0,7992
16,7993
16,7994
21,7995
1,7996
16,7997
2,7998
18,7999
3,8000
29,8001
5,8002
6,8003
28,8004
18,8005
0,8006
3,8007
28,8008
24,8009
26,8010
20,8011
23,8012
1,8013
3,8014
1,8015
27,8016
6,8017
5,8018
19,8019
26,8020
2,8021
14,8022
1,8023
10,8024
18,8025
13,8026
11,8027
9,8028
29,8029
24,8030
12,8031
27,8032
28,8033
1,8034
23,8035
16,8036
13,8037
21,8038
25,8039
25,8040
25,8041
22,8042
23,8043
3,8044
24,8045
15,8046
23,8047
25,8048
21,8049
25,8050
12,8051
5,8052
26,8053
5,8054
11,8055
9,8056
20,8057
26,8058
9,8059
13,8060
14,8061
20,8062
12,8063
20,8064
10,8065
25,8066
3,8067
25,8068
17,8069
14,8070
21,8071
3,8072
7,8073
10,8074
29,8075
23,8076
19,8077
26,8078
2,8079
16,8080
1,8081
19,8082
7,8083
15,8084
16,8085
23,8086
6,8087
0,8088
9,8089
3,8090
26,8091
1,8092
22,8093
1,8094
16,8095
4,8096
28,8097
6,8098
29,8099
13,8100
16,8101
4,8102
14,8103
5,8104
4,8105
6,8106
5,8107
8,8108
7,8109
19,8110
20,8111
0,8112
19,8113
16,8114
3,8115
16,8116
14,8117
18,8118
5,8119
10,8120
11,8121
5,8122
10,8123
19,8124
7,8125
14,8126
22,8127
8,8128
8,8129
18,8130
14,8131
29,8132
29,8133
19,8134
29,8135
6,8136
0,8137
3,8138
10,8139
11,8140
3,8141
10,8142
18,8143
1,8144
5,8145
8,8146
15,8147
24,8148
2,8149
27,8150
0,8151
24,8152
13,8153
26,8154
18,8155
16,8156
17,8157
3,8158
24,8159
2,8160
4,8161
8,8162
9,8163
26,8164
7,8165
10,8166
8,8167
24,8168
9,8169
29,8170
26,8171
1,8172
21,8173
15,8174
27,8175
11,8176
15,8177
10,8178
9,8179
2,8180
6,8181
22,8182
6,8183
8,8184
6,8185
20,8186
12,8187
20,8188
23,8189
13,8190
1,8191
9,8192
14,8193
25,8194
28,8195
18,8196
7,8197
18,8198
15,8199
17,8200
24,8201
4,8202
26,8203
1,8204
8,8205
8,8206
17,8207
16,8208
2,8209
29,8210
10,8211
19,8212
29,8213
29,8214
1,8215
27,8216
22,8217
26,8218
26,8219
13,8220
26,8221
12,8222
11,8223
22,8224
3,8225
4,8226
1,8227
24,8228
16,8229
14,8230
25,8231
26,8232
19,8233
21,8234
18,8235
17,8236
29,8237
11,8238
4,8239
5,8240
23,8241
21,8242
12,8243
9,8244
21,8245
27,8246
26,8247
11,8248
27,8249
28,8250
19,8251
4,8252
20,8253
15,8254
15,8255
23,8256
27,8257
14,8258
4,8259
20,8260
8,8261
5,8262
12,8263
12,8264
6,8265
27,8266
7,8267
17,8268
28,8269
20,8270
14,8271
4,8272
19,8273
14,8274
8,8275
24,8276
20,8277
10,8278
0,8279
4,8280
28,8281
21,8282
14,8283
29,8284
26,8285
17,8286
0,8287
0,8288
17,8289
10,8290
16,8291
25,8292
8,8293
12,8294
4,8295
14,8296
21,8297
20,8298
1,8299
9,8300
0,8301
23,8302
3,8303
9,8304
8,8305
29,8306
6,8307
15,8308
17,8309
23,8310
23,8311
25,8312
1,8313
15,8314
20,8315
26,8316
21,8317
19,8318
26,8319
29,8320
4,8321
21,8322
5,8323
5,8324
28,8325
26,8326
6,8327
27,8328
7,8329
27,8330
28,8331
16,8332
20,8333
17,8334
18,8335
20,8336
23,8337
22,8338
16,8339
14,8340
8,8341
27,8342
16,8343
23,8344
29,8345
21,8346
17,8347
6,8348
17,8349
24,8350
25,8351
1,8352
27,8353
16,8354
7,8355
25,8356
8,8357
11,8358
8,8359
23,8360
27,8361
14,8362
14,8363
18,8364
27,8365
6,8366
21,8367
14,8368
3,8369
3,8370
2,8371
18,8372
18,8373
0,8374
4,8375
26,8376
5,8377
1,8378
4,8379
6,8380
28,8381
7,8382
13,8383
21,8384
25,8385
18,8386
17,8387
23,8388
25,8389
6,8390
9,8391
25,8392
3,8393
2,8394
15,8395
22,8396
2,8397
6,8398
0,8399
18,8400
15,8401
9,8402
26,8403
1,8404
8,8405
27,8406
4,8407
10,8408
24,8409
27,8410
23,8411
0,8412
17,8413
3,8414
21,8415
27,8416
19,8417
8,8418
15,8419
13,8420
16,8421
15,8422
14,8423
17,8424
10,8425
2,8426
21,8427
15,8428
8,8429
3,8430
17,8431
23,8432
7,8433
26,8434
13,8435
10,8436
13,8437
17,8438
11,8439
2,8440
22,8441
4,8442
11,8443
23,8444
19,8445
11,8446
18,8447
28,8448
16,8449
8,8450
9,8451
10,8452
12,8453
26,8454
0,8455
28,8456
1,8457
2,8458
7,8459
24,8460
2,8461
14,8462
22,8463
3,8464
9,8465
17,8466
28,8467
23,8468
6,8469
27,8470
12,8471
5,8472
16,8473
8,8474
13,8475
1,8476
12,8477
27,8478
19,8479
1,8480
29,8481
4,8482
24,8483
14,8484
24,8485
28,8486
21,8487
26,8488
25,8489
21,8490
19,8491
27,8492
2,8493
14,8494
27,8495
1,8496
10,8497
2,8498
9,8499
18,8500
21,8501
10,8502
27,8503
7,8504
6,8505
20,8506
20,8507
3,8508
15,8509
25,8510
10,8511
6,8512
23,8513
24,8514
9,8515
28,8516
27,8517
2,8518
29,8519
25,8520
0,8521
23,8522
8,8523
8,8524
23,8525
0,8526
4,8527
4,8528
5,8529
5,8530
6,8531
6,8532
2,8533
7,8534
20,8535
22,8536
16,8537
5,8538
25,8539
11,8540
23,8541
5,8542
9,8543
8,8544
11,8545
4,8546
2,8547
0,8548
17,8549
4,8550
29,8551
5,8552
11,8553
11,8554
18,8555
21,8556
25,8557
26,8558
25,8559
11,8560
7,8561
4,8562
24,8563
9,8564
13,8565
27,8566
27,8567
11,8568
27,8569
29,8570
3,8571
29,8572
29,8573
19,8574
3,8575
18,8576
16,8577
29,8578
5,8579
3,8580
5,8581
13,8582
12,8583
19,8584
24,8585
2,8586
12,8587
12,8588
20,8589
12,8590
13,8591
26,8592
5,8593
11,8594
4,8595
16,8596
2,8597
3,8598
26,8599
14,8600
1,8601
25,8602
1,8603
22,8604
22,8605
1,8606
9,8607
17,8608
17,8609
12,8610
27,8611
12,8612
1,8613
9,8614
25,8615
18,8616
27,8617
24,8618
3,8619
6,8620
24,8621
7,8622
2,8623
12,8624
4,8625
1,8626
0,8627
5,8628
9,8629
23,8630
1,8631
22,8632
2,8633
19,8634
2,8635
8,8636
10,8637
21,8638
24,8639
3,8640
29,8641
7,8642
5,8643
15,8644
18,8645
16,8646
8,8647
29,8648
25,8649
5,8650
13,8651
22,8652
8,8653
21,8654
14,8655
14,8656
3,8657
19,8658
9,8659
11,8660
5,8661
17,8662
1,8663
9,8664
15,8665
20,8666
18,8667
4,8668
23,8669
29,8670
13,8671
12,8672
28,8673
7,8674
9,8675
5,8676
22,8677
25,8678
0,8679
5,8680
1,8681
2,8682
27,8683
16,8684
6,8685
2,8686
8,8687
3,8688
27,8689
26,8690
27,8691
8,8692
27,8693
24,8694
12,8695
9,8696
13,8697
14,8698
20,8699
3,8700
13,8701
3,8702
24,8703
23,8704
15,8705
16,8706
25,8707
27,8708
8,8709
29,8710
9,8711
28,8712
29,8713
6,8714
0,8715
17,8716
4,8717
9,8718
20,8719
23,8720
26,8721
28,8722
22,8723
27,8724
8,8725
10,8726
22,8727
17,8728
17,8729
22,8730
11,8731
28,8732
21,8733
13,8734
8,8735
7,8736
16,8737
20,8738
28,8739
24,8740
6,8741
8,8742
29,8743
18,8744
12,8745
6,8746
23,8747
9,8748
6,8749
22,8750
14,8751
25,8752
3,8753
2,8754
17,8755
17,8756
11,8757
13,8758
7,8759
15,8760
26,8761
12,8762
22,8763
5,8764
13,8765
14,8766
13,8767
9,8768
5,8769
28,8770
9,8771
23,8772
25,8773
25,8774
14,8775
9,8776
28,8777
6,8778
7,8779
3,8780
2,8781
9,8782
7,8783
9,8784
25,8785
8,8786
11,8787
25,8788
4,8789
2,8790
3,8791
18,8792
29,8793
4,8794
3,8795
7,8796
23,8797
13,8798
24,8799
3,8800
14,8801
24,8802
13,8803
28,8804
0,8805
7,8806
13,8807
28,8808
8,8809
11,8810
19,8811
1,8812
12,8813
27,8814
4,8815
16,8816
17,8817
3,8818
0,8819
10,8820
20,8821
24,8822
27,8823
7,8824
15,8825
28,8826
13,8827
29,8828
18,8829
2,8830
3,8831
15,8832
0,8833
8,8834
2,8835
23,8836
24,8837
21,8838
29,8839
3,8840
19,8841
9,8842
15,8843
8,8844
29,8845
0,8846
12,8847
23,8848
21,8849
3,8850
22,8851
17,8852
7,8853
24,8854
12,8855
13,8856
9,8857
9,8858
11,8859
21,8860
16,8861
3,8862
8,8863
11,8864
13,8865
15,8866
2,8867
12,8868
27,8869
22,8870
24,8871
15,8872
5,8873
24,8874
11,8875
14,8876
28,8877
7,8878
14,8879
25,8880
4,8881
18,8882
5,8883
8,8884
19,8885
6,8886
6,8887
22,8888
7,8889
19,8890
16,8891
0,8892
7,8893
22,8894
25,8895
8,8896
3,8897
18,8898
5,8899
1,8900
3,8901
0,8902
19,8903
27,8904
1,8905
22,8906
1,8907
9,8908
11,8909
2,8910
7,8911
3,8912
20,8913
15,8914
17,8915
14,8916
2,8917
3,8918
22,8919
18,8920
18,8921
9,8922
0,8923
8,8924
1,8925
11,8926
21,8927
2,8928
20,8929
3,8930
22,8931
9,8932
25,8933
27,8934
2,8935
15,8936
6,8937
17,8938
7,8939
7,8940
11,8941
13,8942
19,8943
27,8944
25,8945
0,8946
0,8947
5,8948
8,8949
8,8950
1,8951
9,8952
2,8953
16,8954
12,8955
3,8956
17,8957
6,8958
2,8959
20,8960
29,8961
27,8962
17,8963
12,8964
9,8965
28,8966
7,8967
4,8968
25,8969
5,8970
13,8971
29,8972
3,8973
4,8974
6,8975
27,8976
16,8977
7,8978
25,8979
6,8980
4,8981
11,8982
3,8983
11,8984
12,8985
25,8986
21,8987
27,8988
8,8989
8,8990
29,8991
22,8992
6,8993
27,8994
5,8995
22,8996
2,8997
18,8998
24,8999
11,9000
7,9001
25,9002
28,9003
8,9004
21,9005
29,9006
16,9007
26,9008
23,9009
13,9010
15,9011
13,9012
24,9013
8,9014
13,9015
18,9016
12,9017
24,9018
10,9019
18,9020
11,9021
11,9022
8,9023
8,9024
20,9025
27,9026
0,9027
15,9028
19,9029
4,9030
16,9031
28,9032
5,9033
20,9034
6,9035
6,9036
5,9037
7,9038
29,9039
4,9040
29,9041
5,9042
6,9043
6,9044
29,9045
14,9046
7,9047
8,9048
6,9049
8,9050
23,9051
10,9052
21,9053
10,9054
5,9055
12,9056
21,9057
10,9058
9,9059
28,9060
14,9061
27,9062
12,9063
12,9064
12,9065
11,9066
21,9067
19,9068
9,9069
15,9070
8,9071
23,9072
18,9073
21,9074
7,9075
14,9076
0,9077
22,9078
7,9079
4,9080
13,9081
22,9082
24,9083
0,9084
7,9085
1,9086
17,9087
2,9088
8,9089
2,9090
6,9091
3,9092
3,9093
20,9094
19,9095
27,9096
17,9097
0,9098
28,9099
25,9100
1,9101
12,9102
13,9103
29,9104
1,9105
2,9106
0,9107
7,9108
3,9109
17,9110
11,9111
3,9112
10,9113
2,9114
10,9115
16,9116
19,9117
27,9118
15,9119
25,9120
26,9121
22,9122
9,9123
13,9124
16,9125
1,9126
23,9127
4,9128
29,9129
19,9130
6,9131
28,9132
27,9133
28,9134
23,9135
3,9136
14,9137
5,9138
19,9139
3,9140
8,9141
27,9142
0,9143
16,9144
15,9145
24,9146
6,9147
25,9148
6,9149
6,9150
10,9151
23,9152
20,9153
28,9154
10,9155
13,9156
8,9157
11,9158
16,9159
8,9160
29,9161
9,9162
22,9163
8,9164
10,9165
24,9166
20,9167
9,9168
8,9169
19,9170
24,9171
19,9172
11,9173
15,9174
9,9175
12,9176
9,9177
20,9178
0,9179
4,9180
13,9181
0,9182
27,9183
17,9184
10,9185
27,9186
25,9187
23,9188
19,9189
21,9190
13,9191
3,9192
10,9193
22,9194
12,9195
13,9196
6,9197
28,9198
13,9199
26,9200
23,9201
1,9202
29,9203
26,9204
3,9205
26,9206
9,9207
26,9208
15,9209
5,9210
1,9211
29,9212
19,9213
24,9214
20,9215
28,9216
4,9217
19,9218
25,9219
15,9220
22,9221
14,9222
2,9223
9,9224
18,9225
23,9226
10,9227
16,9228
21,9229
18,9230
12,9231
12,9232
14,9233
23,9234
9,9235
9,9236
9,9237
18,9238
27,9239
1,9240
9,9241
4,9242
9,9243
22,9244
5,9245
13,9246
16,9247
19,9248
22,9249
29,9250
17,9251
16,9252
0,9253
10,9254
12,9255
1,9256
17,9257
2,9258
16,9259
3,9260
27,9261
1,9262
2,9263
6,9264
25,9265
16,9266
2,9267
15,9268
5,9269
24,9270
4,9271
5,9272
16,9273
21,9274
8,9275
3,9276
25,9277
14,9278
9,9279
23,9280
21,9281
6,9282
7,9283
26,9284
4,9285
11,9286
15,9287
20,9288
10,9289
29,9290
0,9291
2,9292
15,9293
29,9294
17,9295
20,9296
3,9297
16,9298
28,9299
29,9300
25,9301
11,9302
24,9303
22,9304
13,9305
8,9306
24,9307
6,9308
18,9309
14,9310
27,9311
24,9312
27,9313
27,9314
29,9315
25,9316
23,9317
23,9318
4,9319
20,9320
6,9321
29,9322
23,9323
22,9324
11,9325
29,9326
0,9327
13,9328
1,9329
22,9330
2,9331
22,9332
13,9333
3,9334
17,9335
28,9336
1,9337
6,9338
24,9339
9,9340
21,9341
4,9342
8,9343
11,9344
4,9345
1,9346
15,9347
29,9348
19,9349
27,9350
20,9351
1,9352
22,9353
18,9354
24,9355
18,9356
13,9357
18,9358
29,9359
13,9360
20,9361
13,9362
23,9363
4,9364
6,9365
5,9366
14,9367
21,9368
7,9369
1,9370
6,9371
2,9372
9,9373
27,9374
7,9375
6,9376
29,9377
13,9378
8,9379
21,9380
16,9381
18,9382
9,9383
24,9384
18,9385
22,9386
5,9387
10,9388
16,9389
23,9390
7,9391
14,9392
17,9393
24,9394
2,9395
3,9396
0,9397
8,9398
14,9399
25,9400
7,9401
8,9402
13,9403
20,9404
5,9405
26,9406
1,9407
15,9408
13,9409
29,9410
4,9411
5,9412
14,9413
7,9414
1,9415
10,9416
12,9417
10,9418
24,9419
29,9420
2,9421
0,9422
8,9423
7,9424
19,9425
11,9426
9,9427
11,9428
13,9429
6,9430
21,9431
18,9432
13,9433
19,9434
5,9435
4,9436
20,9437
9,9438
20,9439
11,9440
5,9441
2,9442
29,9443
27,9444
15,9445
28,9446
3,9447
1,9448
16,9449
19,9450
5,9451
25,9452
28,9453
13,9454
24,9455
23,9456
15,9457
1,9458
25,9459
11,9460
22,9461
20,9462
13,9463
24,9464
17,9465
16,9466
0,9467
20,9468
10,9469
21,9470
6,9471
19,9472
15,9473
13,9474
5,9475
24,9476
26,9477
10,9478
24,9479
18,9480
26,9481
28,9482
26,9483
19,9484
17,9485
29,9486
22,9487
19,9488
18,9489
12,9490
0,9491
1,9492
1,9493
8,9494
13,9495
11,9496
7,9497
23,9498
2,9499
0,9500
21,9501
4,9502
17,9503
7,9504
12,9505
4,9506
2,9507
25,9508
6,9509
17,9510
22,9511
0,9512
24,9513
4,9514
15,9515
23,9516
13,9517
13,9518
25,9519
11,9520
28,9521
22,9522
1,9523
13,9524
16,9525
25,9526
14,9527
17,9528
27,9529
28,9530
22,9531
15,9532
14,9533
27,9534
22,9535
0,9536
16,9537
9,9538
18,9539
5,9540
21,9541
22,9542
12,9543
28,9544
23,9545
16,9546
22,9547
23,9548
4,9549
27,9550
18,9551
3,9552
13,9553
14,9554
21,9555
11,9556
7,9557
9,9558
21,9559
21,9560
12,9561
28,9562
20,9563
0,9564
1,9565
5,9566
7,9567
13,9568
2,9569
22,9570
16,9571
28,9572
25,9573
1,9574
27,9575
13,9576
19,9577
3,9578
25,9579
2,9580
3,9581
13,9582
0,9583
24,9584
29,9585
16,9586
1,9587
23,9588
7,9589
2,9590
0,9591
15,9592
3,9593
14,9594
19,9595
3,9596
24,9597
6,9598
2,9599
18,9600
5,9601
24,9602
18,9603
19,9604
9,9605
1,9606
4,9607
24,9608
14,9609
23,9610
7,9611
25,9612
9,9613
20,9614
1,9615
6,9616
10,9617
11,9618
4,9619
8,9620
14,9621
0,9622
6,9623
21,9624
26,9625
23,9626
21,9627
18,9628
21,9629
29,9630
10,9631
13,9632
20,9633
4,9634
28,9635
7,9636
18,9637
25,9638
1,9639
9,9640
16,9641
27,9642
14,9643
25,9644
24,9645
20,9646
13,9647
21,9648
15,9649
22,9650
20,9651
1,9652
3,9653
9,9654
4,9655
28,9656
5,9657
18,9658
6,9659
1,9660
7,9661
19,9662
1,9663
7,9664
26,9665
9,9666
20,9667
4,9668
12,9669
27,9670
9,9671
17,9672
5,9673
11,9674
6,9675
17,9676
7,9677
4,9678
21,9679
18,9680
13,9681
1,9682
12,9683
17,9684
16,9685
8,9686
10,9687
11,9688
17,9689
23,9690
19,9691
10,9692
20,9693
24,9694
4,9695
24,9696
21,9697
22,9698
21,9699
4,9700
11,9701
26,9702
5,9703
23,9704
0,9705
18,9706
6,9707
26,9708
7,9709
7,9710
21,9711
12,9712
26,9713
1,9714
1,9715
27,9716
11,9717
20,9718
18,9719
17,9720
26,9721
25,9722
12,9723
25,9724
14,9725
19,9726
13,9727
21,9728
20,9729
16,9730
14,9731
7,9732
16,9733
3,9734
7,9735
6,9736
24,9737
7,9738
22,9739
10,9740
21,9741
9,9742
0,9743
3,9744
12,9745
27,9746
3,9747
25,9748
11,9749
4,9750
19,9751
1,9752
3,9753
22,9754
5,9755
15,9756
27,9757
6,9758
7,9759
8,9760
7,9761
15,9762
5,9763
6,9764
3,9765
7,9766
23,9767
9,9768
23,9769
9,9770
22,9771
16,9772
13,9773
4,9774
13,9775
18,9776
29,9777
0,9778
28,9779
1,9780
14,9781
2,9782
13,9783
8,9784
3,9785
17,9786
14,9787
14,9788
29,9789
9,9790
22,9791
19,9792
0,9793
2,9794
9,9795
21,9796
27,9797
1,9798
24,9799
22,9800
4,9801
3,9802
5,9803
2,9804
27,9805
27,9806
9,9807
28,9808
3,9809
6,9810
18,9811
0,9812
27,9813
1,9814
29,9815
9,9816
2,9817
27,9818
5,9819
6,9820
23,9821
3,9822
20,9823
7,9824
22,9825
20,9826
28,9827
1,9828
26,9829
9,9830
0,9831
11,9832
24,9833
8,9834
7,9835
5,9836
3,9837
18,9838
16,9839
20,9840
11,9841
27,9842
7,9843
11,9844
7,9845
9,9846
15,9847
2,9848
11,9849
9,9850
27,9851
5,9852
17,9853
17,9854
10,9855
26,9856
2,9857
6,9858
24,9859
14,9860
26,9861
26,9862
29,9863
11,9864
24,9865
11,9866
9,9867
29,9868
13,9869
12,9870
2,9871
7,9872
5,9873
19,9874
11,9875
21,9876
1,9877
28,9878
1,9879
10,9880
28,9881
11,9882
4,9883
9,9884
26,9885
19,9886
23,9887
29,9888
4,9889
2,9890
6,9891
1,9892
28,9893
23,9894
1,9895
12,9896
7,9897
3,9898
19,9899
18,9900
11,9901
27,9902
24,9903
26,9904
3,9905
28,9906
12,9907
5,9908
4,9909
8,9910
19,9911
4,9912
17,9913
18,9914
5,9915
11,9916
6,9917
1,9918
7,9919
12,9920
2,9921
14,9922
8,9923
4,9924
6,9925
3,9926
6,9927
0,9928
24,9929
27,9930
4,9931
0,9932
16,9933
25,9934
8,9935
24,9936
6,9937
6,9938
14,9939
23,9940
10,9941
15,9942
13,9943
5,9944
2,9945
16,9946
6,9947
15,9948
26,9949
11,9950
22,9951
27,9952
8,9953
3,9954
11,9955
10,9956
22,9957
29,9958
25,9959
9,9960
11,9961
18,9962
29,9963
15,9964
7,9965
6,9966
10,9967
29,9968
17,9969
19,9970
26,9971
18,9972
23,9973
29,9974
8,9975
23,9976
18,9977
27,9978
24,9979
25,9980
1,9981
20,9982
2,9983
15,9984
22,9985
22,9986
5,9987
19,9988
18,9989
22,9990
12,9991
1,9992
15,9993
1,9994
19,9995
26,9996
2,9997
20,9998
23,9999
