3,0
11,1
9,2
19,3
0,4
6,5
5,6
7,7
1,8
6,9
18,10
19,11
11,12
6,13
8,14
19,15
18,16
13,17
7,18
13,19
3,20
16,21
5,22
2,23
11,24
14,25
15,26
3,27
17,28
12,29
17,30
2,31
12,32
19,33
13,34
11,35
6,36
19,37
17,38
4,39
13,40
9,41
11,42
9,43
14,44
9,45
1,46
19,47
2,48
13,49
10,50
6,51
14,52
1,53
9,54
18,55
16,56
12,57
1,58
18,59
12,60
4,61
3,62
17,63
2,64
1,65
10,66
16,67
15,68
11,69
18,70
4,71
6,72
0,73
17,74
8,75
2,76
0,77
10,78
4,79
12,80
9,81
14,82
2,83
11,84
12,85
2,86
2,87
14,88
1,89
3,90
11,91
2,92
9,93
1,94
6,95
14,96
2,97
16,98
13,99
11,100
9,101
9,102
12,103
17,104
12,105
15,106
10,107
9,108
6,109
6,110
0,111
1,112
2,113
0,114
4,115
2,116
17,117
2,118
0,119
19,120
3,121
7,122
10,123
10,124
11,125
7,126
6,127
11,128
10,129
10,130
6,131
9,132
6,133
6,134
7,135
14,136
18,137
4,138
0,139
2,140
11,141
15,142
11,143
15,144
7,145
10,146
11,147
6,148
6,149
3,150
16,151
4,152
8,153
19,154
0,155
18,156
17,157
16,158
5,159
10,160
2,161
9,162
5,163
9,164
15,165
16,166
16,167
4,168
13,169
16,170
5,171
15,172
7,173
6,174
12,175
5,176
14,177
11,178
4,179
16,180
7,181
4,182
17,183
17,184
13,185
14,186
3,187
8,188
6,189
12,190
9,191
6,192
12,193
7,194
16,195
19,196
11,197
12,198
10,199
8,200
4,201
11,202
8,203
9,204
10,205
10,206
13,207
7,208
19,209
12,210
2,211
11,212
1,213
17,214
9,215
19,216
14,217
8,218
16,219
3,220
15,221
11,222
4,223
1,224
12,225
16,226
15,227
6,228
2,229
19,230
13,231
1,232
6,233
18,234
19,235
8,236
2,237
12,238
14,239
14,240
2,241
9,242
17,243
4,244
16,245
16,246
18,247
2,248
10,249
11,250
19,251
12,252
15,253
14,254
1,255
19,256
15,257
16,258
11,259
13,260
7,261
18,262
3,263
16,264
10,265
11,266
9,267
6,268
12,269
5,270
2,271
1,272
16,273
13,274
13,275
9,276
2,277
14,278
18,279
10,280
6,281
5,282
15,283
5,284
9,285
10,286
16,287
5,288
14,289
13,290
12,291
14,292
15,293
6,294
0,295
6,296
3,297
6,298
7,299
11,300
1,301
17,302
13,303
12,304
19,305
11,306
17,307
4,308
11,309
1,310
8,311
6,312
3,313
4,314
15,315
14,316
18,317
10,318
3,319
3,320
10,321
9,322
16,323
0,324
7,325
1,326
15,327
6,328
9,329
16,330
17,331
11,332
0,333
8,334
4,335
1,336
0,337
4,338
8,339
12,340
14,341
8,342
5,343
15,344
8,345
19,346
15,347
10,348
18,349
16,350
0,351
9,352
11,353
1,354
10,355
14,356
4,357
7,358
14,359
16,360
15,361
1,362
19,363
11,364
15,365
10,366
9,367
18,368
0,369
6,370
0,371
8,372
18,373
11,374
2,375
1,376
12,377
7,378
3,379
2,380
15,381
16,382
4,383
12,384
13,385
0,386
8,387
12,388
4,389
4,390
1,391
17,392
16,393
10,394
18,395
8,396
5,397
15,398
14,399
7,400
8,401
3,402
7,403
13,404
0,405
1,406
3,407
3,408
8,409
6,410
4,411
6,412
14,413
13,414
13,415
9,416
5,417
5,418
0,419
11,420
6,421
6,422
9,423
18,424
1,425
15,426
0,427
19,428
0,429
11,430
17,431
18,432
4,433
6,434
4,435
9,436
4,437
11,438
3,439
17,440
5,441
1,442
8,443
1,444
9,445
10,446
10,447
12,448
8,449
1,450
3,451
13,452
8,453
19,454
8,455
5,456
2,457
17,458
6,459
9,460
16,461
2,462
12,463
13,464
19,465
13,466
16,467
8,468
8,469
11,470
6,471
18,472
13,473
1,474
19,475
9,476
5,477
9,478
11,479
19,480
17,481
11,482
19,483
3,484
4,485
7,486
5,487
9,488
14,489
16,490
10,491
14,492
19,493
2,494
2,495
0,496
19,497
9,498
6,499
18,500
5,501
11,502
1,503
18,504
1,505
5,506
1,507
0,508
14,509
5,510
1,511
11,512
7,513
1,514
3,515
16,516
2,517
19,518
5,519
4,520
17,521
13,522
18,523
9,524
5,525
16,526
17,527
15,528
6,529
7,530
13,531
7,532
8,533
14,534
1,535
0,536
8,537
7,538
6,539
0,540
19,541
16,542
4,543
16,544
0,545
6,546
14,547
8,548
16,549
7,550
4,551
3,552
7,553
19,554
6,555
16,556
10,557
12,558
2,559
19,560
17,561
4,562
6,563
11,564
19,565
19,566
14,567
7,568
6,569
0,570
9,571
17,572
19,573
16,574
11,575
6,576
7,577
10,578
2,579
11,580
18,581
12,582
16,583
5,584
15,585
10,586
3,587
2,588
3,589
17,590
4,591
6,592
19,593
13,594
1,595
5,596
7,597
5,598
4,599
4,600
16,601
3,602
4,603
2,604
18,605
2,606
8,607
8,608
17,609
1,610
5,611
16,612
2,613
11,614
13,615
18,616
15,617
17,618
1,619
19,620
9,621
18,622
2,623
16,624
7,625
10,626
19,627
17,628
9,629
11,630
1,631
4,632
19,633
1,634
0,635
11,636
0,637
16,638
12,639
12,640
10,641
5,642
18,643
1,644
5,645
15,646
9,647
14,648
18,649
9,650
7,651
12,652
17,653
10,654
14,655
13,656
9,657
19,658
5,659
1,660
5,661
0,662
14,663
17,664
9,665
7,666
10,667
12,668
13,669
14,670
11,671
5,672
1,673
19,674
15,675
4,676
1,677
0,678
3,679
2,680
12,681
11,682
8,683
15,684
17,685
12,686
1,687
3,688
10,689
1,690
16,691
15,692
0,693
1,694
12,695
8,696
2,697
3,698
19,699
19,700
14,701
4,702
9,703
14,704
2,705
5,706
11,707
16,708
0,709
5,710
9,711
11,712
15,713
11,714
5,715
4,716
9,717
16,718
1,719
19,720
16,721
4,722
9,723
8,724
9,725
1,726
10,727
8,728
13,729
9,730
7,731
10,732
8,733
11,734
1,735
17,736
15,737
15,738
0,739
7,740
3,741
7,742
12,743
7,744
13,745
4,746
1,747
6,748
5,749
18,750
8,751
1,752
7,753
6,754
15,755
9,756
1,757
0,758
5,759
15,760
17,761
0,762
3,763
17,764
17,765
0,766
10,767
2,768
13,769
5,770
11,771
17,772
13,773
18,774
3,775
9,776
6,777
6,778
2,779
10,780
6,781
9,782
14,783
16,784
4,785
1,786
11,787
11,788
9,789
14,790
19,791
11,792
8,793
11,794
18,795
19,796
12,797
10,798
9,799
12,800
7,801
14,802
15,803
8,804
0,805
8,806
7,807
7,808
9,809
13,810
9,811
0,812
10,813
1,814
0,815
4,816
8,817
3,818
19,819
17,820
10,821
7,822
19,823
0,824
13,825
17,826
13,827
9,828
19,829
11,830
5,831
19,832
18,833
6,834
15,835
17,836
9,837
15,838
6,839
19,840
7,841
2,842
1,843
9,844
1,845
6,846
13,847
17,848
9,849
19,850
18,851
3,852
7,853
9,854
11,855
12,856
0,857
5,858
17,859
17,860
9,861
3,862
7,863
2,864
7,865
19,866
9,867
14,868
18,869
6,870
5,871
9,872
12,873
15,874
14,875
13,876
12,877
14,878
11,879
19,880
2,881
10,882
5,883
10,884
13,885
16,886
10,887
10,888
1,889
13,890
6,891
0,892
13,893
19,894
14,895
19,896
9,897
5,898
7,899
3,900
16,901
2,902
14,903
13,904
9,905
3,906
15,907
8,908
4,909
11,910
1,911
18,912
8,913
9,914
3,915
5,916
1,917
2,918
6,919
19,920
15,921
13,922
12,923
9,924
11,925
5,926
14,927
2,928
11,929
19,930
10,931
6,932
10,933
2,934
10,935
14,936
11,937
0,938
8,939
5,940
7,941
10,942
2,943
8,944
13,945
18,946
12,947
8,948
2,949
14,950
15,951
12,952
1,953
2,954
8,955
19,956
12,957
8,958
4,959
1,960
6,961
7,962
7,963
5,964
3,965
16,966
5,967
11,968
10,969
9,970
19,971
7,972
10,973
2,974
10,975
14,976
16,977
4,978
3,979
0,980
19,981
8,982
5,983
1,984
11,985
16,986
9,987
10,988
5,989
1,990
14,991
3,992
11,993
4,994
8,995
3,996
17,997
13,998
5,999
9,1000
11,1001
4,1002
11,1003
4,1004
16,1005
3,1006
11,1007
17,1008
4,1009
18,1010
9,1011
19,1012
12,1013
11,1014
10,1015
12,1016
14,1017
10,1018
2,1019
15,1020
5,1021
11,1022
4,1023
9,1024
2,1025
18,1026
19,1027
14,1028
11,1029
12,1030
9,1031
2,1032
15,1033
11,1034
14,1035
8,1036
18,1037
1,1038
4,1039
1,1040
4,1041
5,1042
5,1043
11,1044
12,1045
7,1046
7,1047
9,1048
11,1049
1,1050
3,1051
11,1052
17,1053
13,1054
12,1055
14,1056
16,1057
14,1058
18,1059
15,1060
10,1061
11,1062
6,1063
19,1064
11,1065
4,1066
9,1067
12,1068
13,1069
18,1070
18,1071
15,1072
17,1073
6,1074
6,1075
19,1076
5,1077
5,1078
7,1079
2,1080
9,1081
9,1082
9,1083
6,1084
9,1085
1,1086
7,1087
2,1088
6,1089
9,1090
1,1091
5,1092
3,1093
7,1094
5,1095
15,1096
7,1097
7,1098
14,1099
4,1100
17,1101
9,1102
8,1103
17,1104
1,1105
4,1106
0,1107
6,1108
7,1109
6,1110
7,1111
19,1112
16,1113
8,1114
14,1115
2,1116
5,1117
0,1118
1,1119
3,1120
12,1121
6,1122
17,1123
7,1124
8,1125
5,1126
7,1127
2,1128
6,1129
5,1130
1,1131
2,1132
18,1133
0,1134
16,1135
16,1136
12,1137
16,1138
8,1139
3,1140
10,1141
6,1142
13,1143
19,1144
12,1145
2,1146
6,1147
18,1148
12,1149
3,1150
17,1151
4,1152
2,1153
11,1154
14,1155
15,1156
10,1157
0,1158
8,1159
10,1160
2,1161
0,1162
2,1163
15,1164
11,1165
9,1166
11,1167
7,1168
17,1169
5,1170
3,1171
7,1172
16,1173
10,1174
4,1175
0,1176
8,1177
1,1178
3,1179
7,1180
2,1181
18,1182
7,1183
16,1184
5,1185
5,1186
1,1187
7,1188
12,1189
15,1190
13,1191
6,1192
7,1193
10,1194
0,1195
1,1196
5,1197
18,1198
8,1199
14,1200
18,1201
13,1202
0,1203
13,1204
10,1205
12,1206
8,1207
2,1208
3,1209
1,1210
1,1211
11,1212
6,1213
6,1214
0,1215
8,1216
1,1217
6,1218
13,1219
18,1220
16,1221
2,1222
5,1223
14,1224
3,1225
1,1226
19,1227
15,1228
15,1229
5,1230
2,1231
9,1232
18,1233
8,1234
10,1235
19,1236
14,1237
2,1238
7,1239
16,1240
11,1241
8,1242
4,1243
11,1244
1,1245
12,1246
9,1247
10,1248
7,1249
14,1250
8,1251
11,1252
0,1253
18,1254
3,1255
19,1256
7,1257
19,1258
9,1259
10,1260
2,1261
8,1262
8,1263
6,1264
6,1265
6,1266
19,1267
2,1268
1,1269
4,1270
13,1271
12,1272
8,1273
4,1274
9,1275
0,1276
5,1277
0,1278
1,1279
12,1280
0,1281
5,1282
5,1283
14,1284
0,1285
6,1286
16,1287
0,1288
18,1289
5,1290
14,1291
19,1292
4,1293
13,1294
17,1295
11,1296
4,1297
18,1298
14,1299
10,1300
3,1301
19,1302
1,1303
18,1304
12,1305
9,1306
2,1307
14,1308
8,1309
1,1310
2,1311
11,1312
4,1313
13,1314
18,1315
11,1316
6,1317
9,1318
6,1319
7,1320
5,1321
14,1322
4,1323
17,1324
1,1325
12,1326
19,1327
0,1328
6,1329
14,1330
12,1331
11,1332
17,1333
11,1334
12,1335
11,1336
2,1337
14,1338
13,1339
6,1340
9,1341
12,1342
19,1343
16,1344
11,1345
9,1346
6,1347
6,1348
3,1349
13,1350
0,1351
14,1352
7,1353
11,1354
13,1355
17,1356
14,1357
14,1358
9,1359
5,1360
17,1361
6,1362
14,1363
1,1364
12,1365
0,1366
12,1367
13,1368
9,1369
16,1370
7,1371
0,1372
7,1373
19,1374
2,1375
10,1376
13,1377
14,1378
16,1379
7,1380
10,1381
8,1382
2,1383
5,1384
11,1385
10,1386
8,1387
16,1388
4,1389
14,1390
9,1391
2,1392
3,1393
2,1394
15,1395
6,1396
13,1397
16,1398
19,1399
16,1400
1,1401
12,1402
14,1403
11,1404
2,1405
17,1406
1,1407
12,1408
7,1409
6,1410
7,1411
4,1412
13,1413
13,1414
0,1415
19,1416
16,1417
4,1418
5,1419
15,1420
14,1421
15,1422
2,1423
9,1424
18,1425
6,1426
17,1427
14,1428
1,1429
3,1430
10,1431
15,1432
4,1433
9,1434
10,1435
18,1436
5,1437
15,1438
0,1439
11,1440
12,1441
1,1442
6,1443
4,1444
16,1445
2,1446
17,1447
11,1448
5,1449
9,1450
1,1451
18,1452
6,1453
19,1454
15,1455
8,1456
5,1457
6,1458
16,1459
6,1460
1,1461
18,1462
19,1463
13,1464
17,1465
4,1466
8,1467
16,1468
0,1469
19,1470
14,1471
8,1472
5,1473
7,1474
9,1475
8,1476
17,1477
11,1478
4,1479
4,1480
8,1481
19,1482
9,1483
1,1484
8,1485
18,1486
7,1487
2,1488
5,1489
11,1490
4,1491
9,1492
14,1493
5,1494
0,1495
14,1496
1,1497
16,1498
16,1499
14,1500
2,1501
12,1502
4,1503
2,1504
2,1505
18,1506
18,1507
12,1508
16,1509
13,1510
2,1511
18,1512
15,1513
3,1514
17,1515
1,1516
9,1517
1,1518
11,1519
1,1520
19,1521
16,1522
0,1523
16,1524
15,1525
10,1526
14,1527
4,1528
13,1529
2,1530
11,1531
9,1532
1,1533
9,1534
13,1535
5,1536
7,1537
10,1538
5,1539
0,1540
17,1541
12,1542
4,1543
18,1544
3,1545
3,1546
19,1547
8,1548
5,1549
0,1550
10,1551
8,1552
8,1553
10,1554
18,1555
8,1556
2,1557
8,1558
6,1559
12,1560
8,1561
7,1562
16,1563
14,1564
10,1565
10,1566
12,1567
15,1568
9,1569
2,1570
15,1571
5,1572
1,1573
0,1574
12,1575
6,1576
3,1577
3,1578
17,1579
19,1580
19,1581
12,1582
6,1583
18,1584
2,1585
4,1586
7,1587
15,1588
9,1589
0,1590
8,1591
19,1592
15,1593
14,1594
3,1595
18,1596
12,1597
15,1598
8,1599
8,1600
12,1601
3,1602
16,1603
2,1604
11,1605
2,1606
5,1607
0,1608
3,1609
4,1610
7,1611
10,1612
12,1613
17,1614
7,1615
1,1616
6,1617
9,1618
13,1619
9,1620
0,1621
16,1622
5,1623
9,1624
19,1625
18,1626
0,1627
10,1628
3,1629
11,1630
15,1631
11,1632
14,1633
19,1634
9,1635
13,1636
18,1637
7,1638
10,1639
8,1640
6,1641
1,1642
11,1643
13,1644
5,1645
14,1646
15,1647
4,1648
14,1649
5,1650
0,1651
1,1652
7,1653
14,1654
2,1655
14,1656
11,1657
17,1658
6,1659
19,1660
10,1661
4,1662
16,1663
17,1664
9,1665
5,1666
3,1667
11,1668
14,1669
1,1670
9,1671
14,1672
14,1673
8,1674
4,1675
4,1676
1,1677
18,1678
8,1679
11,1680
14,1681
12,1682
2,1683
11,1684
4,1685
9,1686
12,1687
4,1688
17,1689
0,1690
12,1691
3,1692
15,1693
1,1694
6,1695
17,1696
17,1697
6,1698
0,1699
16,1700
19,1701
16,1702
16,1703
19,1704
7,1705
18,1706
3,1707
9,1708
6,1709
14,1710
12,1711
4,1712
1,1713
12,1714
6,1715
9,1716
11,1717
6,1718
5,1719
11,1720
1,1721
10,1722
17,1723
9,1724
14,1725
16,1726
4,1727
16,1728
8,1729
5,1730
11,1731
14,1732
16,1733
7,1734
5,1735
18,1736
1,1737
12,1738
10,1739
10,1740
7,1741
9,1742
8,1743
16,1744
18,1745
19,1746
0,1747
19,1748
0,1749
7,1750
5,1751
17,1752
13,1753
16,1754
12,1755
8,1756
9,1757
2,1758
5,1759
3,1760
18,1761
18,1762
3,1763
15,1764
8,1765
11,1766
15,1767
8,1768
12,1769
18,1770
10,1771
14,1772
15,1773
15,1774
9,1775
2,1776
7,1777
19,1778
8,1779
12,1780
16,1781
9,1782
5,1783
3,1784
2,1785
7,1786
9,1787
16,1788
10,1789
4,1790
17,1791
14,1792
16,1793
13,1794
1,1795
17,1796
9,1797
13,1798
12,1799
3,1800
12,1801
5,1802
14,1803
3,1804
10,1805
5,1806
18,1807
8,1808
3,1809
16,1810
3,1811
11,1812
19,1813
9,1814
10,1815
11,1816
14,1817
9,1818
13,1819
0,1820
9,1821
14,1822
11,1823
4,1824
11,1825
17,1826
10,1827
0,1828
11,1829
4,1830
11,1831
8,1832
0,1833
17,1834
8,1835
2,1836
10,1837
16,1838
5,1839
7,1840
4,1841
9,1842
3,1843
18,1844
7,1845
10,1846
9,1847
14,1848
10,1849
4,1850
17,1851
17,1852
16,1853
0,1854
15,1855
2,1856
12,1857
15,1858
0,1859
16,1860
7,1861
17,1862
9,1863
17,1864
13,1865
13,1866
19,1867
3,1868
18,1869
19,1870
12,1871
5,1872
1,1873
14,1874
3,1875
3,1876
2,1877
1,1878
5,1879
0,1880
6,1881
9,1882
15,1883
10,1884
8,1885
0,1886
4,1887
12,1888
2,1889
8,1890
7,1891
7,1892
11,1893
11,1894
16,1895
16,1896
16,1897
18,1898
9,1899
7,1900
7,1901
2,1902
14,1903
19,1904
17,1905
14,1906
0,1907
8,1908
3,1909
2,1910
19,1911
14,1912
10,1913
0,1914
7,1915
13,1916
14,1917
16,1918
0,1919
11,1920
17,1921
1,1922
10,1923
18,1924
14,1925
2,1926
7,1927
13,1928
17,1929
11,1930
19,1931
10,1932
3,1933
19,1934
5,1935
11,1936
11,1937
15,1938
8,1939
7,1940
13,1941
7,1942
1,1943
9,1944
14,1945
14,1946
0,1947
6,1948
1,1949
8,1950
0,1951
19,1952
11,1953
18,1954
12,1955
0,1956
12,1957
14,1958
2,1959
9,1960
13,1961
12,1962
3,1963
17,1964
2,1965
15,1966
18,1967
10,1968
13,1969
10,1970
12,1971
16,1972
10,1973
3,1974
19,1975
3,1976
3,1977
18,1978
8,1979
3,1980
15,1981
16,1982
13,1983
8,1984
5,1985
17,1986
1,1987
6,1988
16,1989
17,1990
5,1991
3,1992
4,1993
13,1994
19,1995
0,1996
15,1997
15,1998
14,1999
19,2000
2,2001
0,2002
4,2003
7,2004
6,2005
16,2006
10,2007
11,2008
19,2009
19,2010
19,2011
3,2012
8,2013
5,2014
16,2015
12,2016
14,2017
3,2018
10,2019
1,2020
10,2021
16,2022
12,2023
15,2024
2,2025
1,2026
17,2027
8,2028
7,2029
5,2030
5,2031
9,2032
2,2033
17,2034
19,2035
14,2036
9,2037
10,2038
10,2039
2,2040
7,2041
14,2042
11,2043
4,2044
1,2045
18,2046
18,2047
10,2048
5,2049
15,2050
3,2051
12,2052
4,2053
4,2054
1,2055
12,2056
17,2057
9,2058
10,2059
8,2060
9,2061
2,2062
19,2063
15,2064
3,2065
2,2066
11,2067
17,2068
1,2069
19,2070
1,2071
3,2072
16,2073
16,2074
7,2075
11,2076
5,2077
7,2078
5,2079
7,2080
13,2081
10,2082
11,2083
6,2084
4,2085
7,2086
3,2087
17,2088
9,2089
11,2090
11,2091
0,2092
10,2093
6,2094
4,2095
1,2096
18,2097
2,2098
14,2099
4,2100
14,2101
8,2102
9,2103
3,2104
4,2105
0,2106
19,2107
19,2108
17,2109
13,2110
0,2111
18,2112
1,2113
4,2114
17,2115
4,2116
9,2117
4,2118
3,2119
4,2120
13,2121
9,2122
10,2123
4,2124
7,2125
16,2126
10,2127
10,2128
5,2129
2,2130
17,2131
13,2132
1,2133
11,2134
3,2135
8,2136
9,2137
12,2138
2,2139
8,2140
3,2141
15,2142
3,2143
7,2144
6,2145
0,2146
15,2147
12,2148
10,2149
11,2150
0,2151
9,2152
4,2153
14,2154
18,2155
1,2156
0,2157
14,2158
1,2159
4,2160
13,2161
4,2162
4,2163
11,2164
11,2165
13,2166
12,2167
15,2168
5,2169
17,2170
18,2171
7,2172
4,2173
3,2174
13,2175
9,2176
6,2177
7,2178
7,2179
10,2180
6,2181
9,2182
4,2183
5,2184
11,2185
16,2186
3,2187
8,2188
5,2189
3,2190
3,2191
4,2192
2,2193
13,2194
17,2195
6,2196
9,2197
19,2198
3,2199
2,2200
7,2201
2,2202
14,2203
16,2204
2,2205
17,2206
11,2207
10,2208
15,2209
17,2210
15,2211
0,2212
8,2213
8,2214
19,2215
11,2216
0,2217
3,2218
6,2219
16,2220
4,2221
0,2222
3,2223
4,2224
8,2225
16,2226
3,2227
4,2228
2,2229
17,2230
4,2231
8,2232
4,2233
13,2234
18,2235
15,2236
6,2237
4,2238
11,2239
6,2240
17,2241
18,2242
2,2243
5,2244
15,2245
17,2246
13,2247
16,2248
8,2249
19,2250
1,2251
7,2252
9,2253
8,2254
5,2255
14,2256
19,2257
7,2258
13,2259
11,2260
1,2261
19,2262
18,2263
3,2264
18,2265
8,2266
7,2267
13,2268
17,2269
12,2270
9,2271
6,2272
6,2273
7,2274
19,2275
16,2276
3,2277
16,2278
7,2279
6,2280
3,2281
11,2282
5,2283
1,2284
6,2285
15,2286
17,2287
13,2288
2,2289
7,2290
15,2291
11,2292
10,2293
7,2294
8,2295
14,2296
14,2297
16,2298
13,2299
0,2300
6,2301
16,2302
12,2303
10,2304
7,2305
2,2306
1,2307
17,2308
10,2309
19,2310
15,2311
3,2312
8,2313
7,2314
19,2315
19,2316
7,2317
11,2318
9,2319
6,2320
14,2321
3,2322
5,2323
13,2324
7,2325
17,2326
15,2327
8,2328
1,2329
17,2330
8,2331
12,2332
3,2333
15,2334
1,2335
9,2336
1,2337
15,2338
13,2339
10,2340
6,2341
18,2342
19,2343
17,2344
4,2345
1,2346
17,2347
2,2348
8,2349
16,2350
11,2351
0,2352
18,2353
4,2354
5,2355
16,2356
12,2357
7,2358
19,2359
11,2360
0,2361
3,2362
2,2363
9,2364
17,2365
1,2366
13,2367
14,2368
4,2369
18,2370
17,2371
8,2372
3,2373
11,2374
11,2375
1,2376
6,2377
5,2378
3,2379
4,2380
1,2381
5,2382
17,2383
17,2384
9,2385
10,2386
11,2387
5,2388
14,2389
13,2390
6,2391
15,2392
15,2393
4,2394
9,2395
5,2396
16,2397
10,2398
14,2399
10,2400
17,2401
13,2402
5,2403
19,2404
17,2405
8,2406
0,2407
2,2408
11,2409
4,2410
12,2411
12,2412
4,2413
9,2414
13,2415
3,2416
8,2417
6,2418
17,2419
13,2420
16,2421
7,2422
4,2423
9,2424
17,2425
5,2426
5,2427
1,2428
17,2429
1,2430
3,2431
3,2432
12,2433
10,2434
14,2435
19,2436
10,2437
17,2438
19,2439
2,2440
18,2441
3,2442
10,2443
18,2444
19,2445
19,2446
10,2447
18,2448
15,2449
6,2450
5,2451
15,2452
13,2453
18,2454
17,2455
16,2456
10,2457
11,2458
12,2459
8,2460
13,2461
10,2462
7,2463
1,2464
2,2465
15,2466
10,2467
10,2468
13,2469
12,2470
9,2471
3,2472
4,2473
17,2474
12,2475
14,2476
10,2477
18,2478
10,2479
10,2480
2,2481
11,2482
5,2483
7,2484
5,2485
15,2486
5,2487
18,2488
16,2489
12,2490
0,2491
1,2492
9,2493
6,2494
1,2495
1,2496
4,2497
9,2498
14,2499
16,2500
13,2501
16,2502
4,2503
8,2504
18,2505
9,2506
19,2507
14,2508
18,2509
4,2510
17,2511
18,2512
8,2513
6,2514
3,2515
8,2516
5,2517
16,2518
18,2519
18,2520
1,2521
3,2522
3,2523
2,2524
9,2525
11,2526
2,2527
7,2528
7,2529
13,2530
5,2531
0,2532
18,2533
11,2534
13,2535
12,2536
19,2537
14,2538
2,2539
14,2540
17,2541
16,2542
2,2543
11,2544
10,2545
8,2546
19,2547
17,2548
9,2549
19,2550
7,2551
18,2552
8,2553
13,2554
18,2555
13,2556
14,2557
2,2558
7,2559
19,2560
3,2561
18,2562
17,2563
19,2564
12,2565
9,2566
6,2567
19,2568
13,2569
3,2570
10,2571
10,2572
12,2573
4,2574
8,2575
14,2576
15,2577
11,2578
17,2579
4,2580
1,2581
12,2582
19,2583
9,2584
4,2585
0,2586
14,2587
0,2588
17,2589
13,2590
10,2591
8,2592
17,2593
4,2594
14,2595
11,2596
8,2597
19,2598
3,2599
2,2600
4,2601
0,2602
7,2603
14,2604
13,2605
5,2606
10,2607
18,2608
12,2609
13,2610
19,2611
9,2612
9,2613
10,2614
7,2615
5,2616
18,2617
17,2618
1,2619
0,2620
3,2621
15,2622
10,2623
10,2624
1,2625
4,2626
2,2627
3,2628
7,2629
2,2630
13,2631
9,2632
2,2633
7,2634
1,2635
19,2636
13,2637
3,2638
17,2639
2,2640
14,2641
1,2642
18,2643
17,2644
12,2645
8,2646
9,2647
8,2648
3,2649
4,2650
1,2651
19,2652
8,2653
4,2654
3,2655
4,2656
1,2657
6,2658
0,2659
10,2660
7,2661
17,2662
12,2663
14,2664
11,2665
19,2666
12,2667
19,2668
7,2669
11,2670
19,2671
11,2672
13,2673
7,2674
19,2675
3,2676
0,2677
13,2678
18,2679
7,2680
9,2681
7,2682
0,2683
4,2684
0,2685
6,2686
7,2687
11,2688
16,2689
4,2690
9,2691
6,2692
6,2693
1,2694
13,2695
13,2696
17,2697
4,2698
4,2699
2,2700
16,2701
19,2702
7,2703
2,2704
19,2705
3,2706
2,2707
16,2708
7,2709
13,2710
8,2711
17,2712
19,2713
14,2714
2,2715
9,2716
16,2717
16,2718
2,2719
9,2720
8,2721
18,2722
17,2723
14,2724
2,2725
8,2726
14,2727
16,2728
2,2729
19,2730
12,2731
16,2732
15,2733
12,2734
13,2735
7,2736
7,2737
0,2738
3,2739
2,2740
16,2741
11,2742
14,2743
3,2744
11,2745
16,2746
10,2747
2,2748
11,2749
17,2750
1,2751
19,2752
12,2753
13,2754
9,2755
6,2756
19,2757
7,2758
1,2759
16,2760
13,2761
18,2762
7,2763
11,2764
11,2765
1,2766
19,2767
15,2768
3,2769
0,2770
15,2771
10,2772
4,2773
17,2774
9,2775
10,2776
0,2777
0,2778
8,2779
7,2780
6,2781
6,2782
17,2783
16,2784
18,2785
2,2786
7,2787
2,2788
12,2789
9,2790
13,2791
2,2792
10,2793
4,2794
10,2795
10,2796
14,2797
16,2798
1,2799
6,2800
4,2801
13,2802
6,2803
6,2804
0,2805
6,2806
14,2807
7,2808
6,2809
17,2810
7,2811
1,2812
19,2813
0,2814
16,2815
18,2816
14,2817
8,2818
12,2819
16,2820
8,2821
16,2822
3,2823
15,2824
1,2825
7,2826
14,2827
18,2828
0,2829
14,2830
14,2831
19,2832
3,2833
12,2834
3,2835
10,2836
8,2837
3,2838
8,2839
9,2840
7,2841
9,2842
14,2843
14,2844
16,2845
13,2846
3,2847
8,2848
0,2849
1,2850
4,2851
0,2852
10,2853
1,2854
14,2855
1,2856
15,2857
16,2858
1,2859
14,2860
3,2861
15,2862
19,2863
19,2864
12,2865
11,2866
9,2867
15,2868
15,2869
15,2870
14,2871
13,2872
12,2873
13,2874
0,2875
6,2876
9,2877
1,2878
4,2879
2,2880
12,2881
6,2882
19,2883
17,2884
9,2885
6,2886
7,2887
6,2888
19,2889
8,2890
3,2891
8,2892
17,2893
19,2894
13,2895
2,2896
14,2897
16,2898
12,2899
18,2900
3,2901
18,2902
12,2903
11,2904
11,2905
4,2906
8,2907
8,2908
7,2909
8,2910
7,2911
5,2912
0,2913
7,2914
9,2915
11,2916
11,2917
2,2918
9,2919
7,2920
19,2921
10,2922
11,2923
4,2924
9,2925
19,2926
14,2927
17,2928
8,2929
18,2930
3,2931
19,2932
14,2933
8,2934
17,2935
19,2936
1,2937
11,2938
17,2939
4,2940
0,2941
8,2942
8,2943
7,2944
11,2945
16,2946
2,2947
12,2948
3,2949
0,2950
12,2951
0,2952
8,2953
9,2954
4,2955
1,2956
6,2957
16,2958
11,2959
5,2960
4,2961
11,2962
17,2963
12,2964
15,2965
12,2966
12,2967
13,2968
18,2969
18,2970
18,2971
13,2972
0,2973
11,2974
17,2975
4,2976
13,2977
6,2978
9,2979
7,2980
19,2981
8,2982
5,2983
11,2984
2,2985
10,2986
8,2987
4,2988
2,2989
5,2990
9,2991
14,2992
19,2993
19,2994
11,2995
14,2996
18,2997
4,2998
3,2999
5,3000
5,3001
12,3002
5,3003
12,3004
14,3005
8,3006
2,3007
11,3008
15,3009
8,3010
9,3011
2,3012
9,3013
7,3014
9,3015
14,3016
4,3017
11,3018
16,3019
6,3020
11,3021
1,3022
4,3023
1,3024
8,3025
7,3026
7,3027
13,3028
12,3029
7,3030
3,3031
2,3032
5,3033
10,3034
14,3035
4,3036
17,3037
4,3038
16,3039
11,3040
19,3041
8,3042
14,3043
19,3044
15,3045
6,3046
6,3047
18,3048
14,3049
16,3050
12,3051
0,3052
1,3053
15,3054
1,3055
19,3056
0,3057
8,3058
11,3059
13,3060
8,3061
12,3062
0,3063
11,3064
7,3065
0,3066
1,3067
6,3068
9,3069
4,3070
19,3071
3,3072
15,3073
8,3074
19,3075
2,3076
9,3077
7,3078
14,3079
15,3080
8,3081
8,3082
3,3083
7,3084
10,3085
8,3086
3,3087
13,3088
1,3089
0,3090
8,3091
5,3092
14,3093
8,3094
17,3095
6,3096
5,3097
3,3098
14,3099
15,3100
4,3101
8,3102
0,3103
17,3104
18,3105
11,3106
2,3107
17,3108
15,3109
9,3110
2,3111
5,3112
15,3113
5,3114
2,3115
12,3116
10,3117
1,3118
17,3119
1,3120
6,3121
5,3122
15,3123
15,3124
0,3125
19,3126
1,3127
12,3128
11,3129
1,3130
4,3131
9,3132
10,3133
10,3134
9,3135
13,3136
4,3137
16,3138
7,3139
17,3140
11,3141
17,3142
0,3143
9,3144
18,3145
16,3146
1,3147
10,3148
15,3149
9,3150
8,3151
17,3152
17,3153
12,3154
14,3155
2,3156
2,3157
0,3158
19,3159
2,3160
8,3161
16,3162
18,3163
6,3164
8,3165
2,3166
14,3167
1,3168
9,3169
7,3170
2,3171
19,3172
12,3173
18,3174
17,3175
1,3176
0,3177
17,3178
11,3179
3,3180
3,3181
15,3182
1,3183
2,3184
19,3185
9,3186
9,3187
2,3188
0,3189
1,3190
8,3191
2,3192
13,3193
3,3194
2,3195
11,3196
10,3197
18,3198
1,3199
9,3200
17,3201
14,3202
12,3203
16,3204
7,3205
14,3206
11,3207
2,3208
14,3209
16,3210
12,3211
2,3212
12,3213
16,3214
0,3215
17,3216
7,3217
11,3218
16,3219
14,3220
8,3221
5,3222
17,3223
2,3224
10,3225
3,3226
18,3227
0,3228
10,3229
0,3230
1,3231
6,3232
3,3233
11,3234
5,3235
16,3236
0,3237
7,3238
7,3239
10,3240
6,3241
14,3242
16,3243
1,3244
19,3245
14,3246
8,3247
9,3248
13,3249
18,3250
3,3251
19,3252
6,3253
11,3254
12,3255
19,3256
11,3257
4,3258
9,3259
12,3260
4,3261
5,3262
7,3263
13,3264
5,3265
7,3266
17,3267
18,3268
17,3269
8,3270
12,3271
9,3272
4,3273
16,3274
3,3275
19,3276
13,3277
0,3278
5,3279
6,3280
7,3281
2,3282
14,3283
2,3284
4,3285
16,3286
10,3287
4,3288
17,3289
11,3290
9,3291
14,3292
9,3293
14,3294
18,3295
12,3296
5,3297
12,3298
7,3299
4,3300
7,3301
11,3302
12,3303
2,3304
8,3305
2,3306
1,3307
2,3308
0,3309
8,3310
4,3311
8,3312
8,3313
7,3314
8,3315
7,3316
3,3317
2,3318
18,3319
19,3320
17,3321
11,3322
4,3323
11,3324
13,3325
19,3326
17,3327
11,3328
9,3329
19,3330
2,3331
14,3332
19,3333
11,3334
8,3335
13,3336
16,3337
13,3338
6,3339
7,3340
5,3341
9,3342
11,3343
19,3344
2,3345
2,3346
14,3347
10,3348
4,3349
2,3350
11,3351
18,3352
2,3353
18,3354
0,3355
19,3356
19,3357
3,3358
4,3359
18,3360
8,3361
3,3362
8,3363
16,3364
18,3365
4,3366
14,3367
18,3368
2,3369
12,3370
0,3371
6,3372
4,3373
11,3374
12,3375
14,3376
11,3377
8,3378
11,3379
10,3380
5,3381
5,3382
12,3383
12,3384
8,3385
11,3386
18,3387
12,3388
18,3389
1,3390
10,3391
14,3392
16,3393
19,3394
9,3395
11,3396
2,3397
1,3398
12,3399
10,3400
3,3401
13,3402
7,3403
13,3404
12,3405
9,3406
2,3407
9,3408
19,3409
8,3410
19,3411
19,3412
18,3413
2,3414
18,3415
16,3416
14,3417
11,3418
13,3419
1,3420
7,3421
17,3422
8,3423
7,3424
12,3425
5,3426
14,3427
9,3428
12,3429
6,3430
16,3431
0,3432
3,3433
18,3434
19,3435
18,3436
14,3437
11,3438
11,3439
8,3440
4,3441
7,3442
0,3443
7,3444
4,3445
10,3446
5,3447
13,3448
2,3449
17,3450
4,3451
1,3452
10,3453
3,3454
19,3455
3,3456
8,3457
2,3458
4,3459
16,3460
7,3461
11,3462
16,3463
11,3464
16,3465
9,3466
14,3467
15,3468
6,3469
17,3470
4,3471
5,3472
4,3473
7,3474
10,3475
15,3476
9,3477
14,3478
17,3479
3,3480
18,3481
4,3482
0,3483
10,3484
9,3485
5,3486
16,3487
12,3488
5,3489
3,3490
17,3491
11,3492
17,3493
1,3494
12,3495
4,3496
8,3497
9,3498
12,3499
10,3500
4,3501
16,3502
16,3503
15,3504
5,3505
17,3506
1,3507
14,3508
16,3509
0,3510
6,3511
14,3512
13,3513
12,3514
14,3515
19,3516
3,3517
11,3518
12,3519
3,3520
12,3521
15,3522
15,3523
8,3524
12,3525
14,3526
4,3527
13,3528
19,3529
15,3530
5,3531
5,3532
0,3533
3,3534
10,3535
17,3536
13,3537
17,3538
17,3539
4,3540
6,3541
10,3542
7,3543
11,3544
3,3545
11,3546
7,3547
13,3548
17,3549
1,3550
6,3551
19,3552
15,3553
0,3554
16,3555
1,3556
12,3557
12,3558
11,3559
17,3560
2,3561
4,3562
10,3563
3,3564
19,3565
0,3566
11,3567
19,3568
10,3569
5,3570
9,3571
1,3572
14,3573
16,3574
14,3575
11,3576
4,3577
8,3578
3,3579
11,3580
6,3581
11,3582
6,3583
15,3584
2,3585
9,3586
14,3587
3,3588
9,3589
14,3590
4,3591
19,3592
5,3593
1,3594
8,3595
7,3596
5,3597
8,3598
5,3599
15,3600
14,3601
14,3602
2,3603
16,3604
17,3605
13,3606
19,3607
18,3608
17,3609
19,3610
10,3611
6,3612
6,3613
0,3614
11,3615
1,3616
14,3617
2,3618
11,3619
4,3620
13,3621
8,3622
3,3623
8,3624
8,3625
16,3626
3,3627
13,3628
19,3629
8,3630
4,3631
19,3632
18,3633
3,3634
15,3635
19,3636
11,3637
8,3638
19,3639
9,3640
11,3641
1,3642
11,3643
12,3644
14,3645
13,3646
16,3647
2,3648
13,3649
14,3650
9,3651
11,3652
6,3653
0,3654
16,3655
10,3656
15,3657
2,3658
12,3659
10,3660
14,3661
5,3662
17,3663
1,3664
6,3665
7,3666
11,3667
5,3668
0,3669
13,3670
16,3671
1,3672
4,3673
1,3674
10,3675
11,3676
16,3677
18,3678
15,3679
14,3680
14,3681
0,3682
17,3683
7,3684
17,3685
4,3686
8,3687
18,3688
16,3689
12,3690
10,3691
7,3692
14,3693
11,3694
16,3695
10,3696
18,3697
17,3698
19,3699
10,3700
13,3701
18,3702
17,3703
18,3704
13,3705
16,3706
18,3707
1,3708
2,3709
11,3710
14,3711
10,3712
7,3713
6,3714
5,3715
9,3716
13,3717
1,3718
11,3719
16,3720
18,3721
8,3722
14,3723
8,3724
11,3725
13,3726
18,3727
1,3728
17,3729
2,3730
16,3731
4,3732
12,3733
4,3734
13,3735
19,3736
2,3737
18,3738
17,3739
1,3740
8,3741
4,3742
13,3743
16,3744
4,3745
9,3746
3,3747
16,3748
17,3749
10,3750
5,3751
7,3752
14,3753
19,3754
14,3755
11,3756
0,3757
18,3758
9,3759
14,3760
11,3761
5,3762
18,3763
7,3764
16,3765
4,3766
3,3767
16,3768
18,3769
17,3770
13,3771
9,3772
6,3773
3,3774
18,3775
2,3776
0,3777
4,3778
18,3779
0,3780
18,3781
19,3782
18,3783
18,3784
13,3785
13,3786
7,3787
6,3788
2,3789
17,3790
15,3791
10,3792
4,3793
14,3794
17,3795
12,3796
3,3797
3,3798
15,3799
14,3800
7,3801
13,3802
9,3803
5,3804
11,3805
13,3806
17,3807
9,3808
1,3809
17,3810
11,3811
10,3812
9,3813
10,3814
13,3815
12,3816
2,3817
1,3818
6,3819
1,3820
19,3821
16,3822
2,3823
10,3824
11,3825
19,3826
13,3827
12,3828
9,3829
13,3830
7,3831
14,3832
10,3833
4,3834
16,3835
5,3836
0,3837
18,3838
9,3839
11,3840
13,3841
16,3842
18,3843
1,3844
4,3845
17,3846
12,3847
4,3848
3,3849
14,3850
0,3851
7,3852
18,3853
11,3854
0,3855
17,3856
8,3857
17,3858
6,3859
9,3860
5,3861
18,3862
10,3863
14,3864
10,3865
13,3866
19,3867
17,3868
3,3869
11,3870
14,3871
3,3872
11,3873
2,3874
11,3875
3,3876
17,3877
6,3878
6,3879
12,3880
18,3881
0,3882
3,3883
8,3884
17,3885
6,3886
1,3887
6,3888
9,3889
14,3890
3,3891
18,3892
19,3893
8,3894
8,3895
9,3896
12,3897
16,3898
8,3899
12,3900
4,3901
4,3902
3,3903
6,3904
16,3905
9,3906
16,3907
8,3908
5,3909
18,3910
13,3911
0,3912
14,3913
17,3914
14,3915
15,3916
12,3917
8,3918
4,3919
7,3920
14,3921
10,3922
10,3923
0,3924
1,3925
3,3926
18,3927
10,3928
14,3929
9,3930
13,3931
10,3932
12,3933
15,3934
6,3935
0,3936
4,3937
17,3938
8,3939
9,3940
11,3941
9,3942
19,3943
10,3944
14,3945
8,3946
9,3947
15,3948
0,3949
11,3950
16,3951
1,3952
14,3953
8,3954
15,3955
3,3956
18,3957
17,3958
4,3959
5,3960
1,3961
15,3962
2,3963
16,3964
18,3965
3,3966
6,3967
10,3968
15,3969
14,3970
11,3971
8,3972
16,3973
1,3974
14,3975
13,3976
19,3977
7,3978
12,3979
16,3980
11,3981
11,3982
8,3983
18,3984
11,3985
19,3986
3,3987
4,3988
2,3989
9,3990
16,3991
7,3992
4,3993
11,3994
9,3995
1,3996
11,3997
4,3998
9,3999
14,4000
1,4001
14,4002
9,4003
7,4004
1,4005
14,4006
13,4007
12,4008
15,4009
5,4010
3,4011
17,4012
2,4013
14,4014
17,4015
10,4016
11,4017
18,4018
13,4019
2,4020
17,4021
9,4022
1,4023
18,4024
9,4025
19,4026
12,4027
12,4028
10,4029
18,4030
15,4031
9,4032
7,4033
6,4034
17,4035
11,4036
19,4037
10,4038
6,4039
16,4040
11,4041
3,4042
12,4043
11,4044
16,4045
2,4046
9,4047
2,4048
9,4049
1,4050
12,4051
9,4052
3,4053
0,4054
17,4055
2,4056
14,4057
1,4058
12,4059
10,4060
18,4061
18,4062
14,4063
17,4064
16,4065
19,4066
3,4067
11,4068
4,4069
8,4070
17,4071
2,4072
10,4073
7,4074
2,4075
8,4076
11,4077
14,4078
13,4079
10,4080
11,4081
15,4082
8,4083
0,4084
8,4085
19,4086
2,4087
5,4088
13,4089
16,4090
16,4091
0,4092
10,4093
15,4094
8,4095
18,4096
7,4097
6,4098
15,4099
19,4100
18,4101
13,4102
4,4103
14,4104
13,4105
17,4106
12,4107
7,4108
11,4109
6,4110
9,4111
11,4112
14,4113
5,4114
0,4115
3,4116
17,4117
4,4118
2,4119
0,4120
19,4121
17,4122
1,4123
4,4124
12,4125
4,4126
0,4127
18,4128
7,4129
13,4130
12,4131
4,4132
6,4133
4,4134
18,4135
9,4136
16,4137
12,4138
11,4139
13,4140
14,4141
7,4142
1,4143
6,4144
12,4145
14,4146
18,4147
7,4148
1,4149
10,4150
14,4151
8,4152
3,4153
11,4154
18,4155
7,4156
9,4157
15,4158
14,4159
15,4160
10,4161
18,4162
12,4163
5,4164
5,4165
4,4166
11,4167
19,4168
11,4169
2,4170
18,4171
1,4172
10,4173
6,4174
17,4175
16,4176
1,4177
12,4178
14,4179
16,4180
1,4181
6,4182
3,4183
16,4184
11,4185
2,4186
11,4187
5,4188
4,4189
13,4190
2,4191
17,4192
10,4193
13,4194
0,4195
17,4196
10,4197
16,4198
7,4199
15,4200
0,4201
18,4202
8,4203
12,4204
9,4205
0,4206
4,4207
11,4208
10,4209
2,4210
0,4211
1,4212
7,4213
13,4214
7,4215
14,4216
16,4217
3,4218
10,4219
7,4220
19,4221
14,4222
11,4223
17,4224
5,4225
18,4226
11,4227
16,4228
8,4229
12,4230
3,4231
10,4232
10,4233
10,4234
19,4235
8,4236
3,4237
13,4238
9,4239
15,4240
9,4241
9,4242
10,4243
9,4244
10,4245
13,4246
19,4247
17,4248
19,4249
3,4250
11,4251
17,4252
9,4253
7,4254
4,4255
4,4256
12,4257
10,4258
3,4259
5,4260
5,4261
2,4262
15,4263
1,4264
0,4265
3,4266
11,4267
9,4268
3,4269
0,4270
15,4271
8,4272
1,4273
18,4274
4,4275
7,4276
19,4277
0,4278
7,4279
19,4280
13,4281
2,4282
14,4283
11,4284
19,4285
7,4286
5,4287
0,4288
17,4289
4,4290
12,4291
9,4292
2,4293
13,4294
9,4295
13,4296
6,4297
10,4298
1,4299
19,4300
18,4301
4,4302
6,4303
6,4304
17,4305
13,4306
9,4307
16,4308
0,4309
7,4310
2,4311
4,4312
8,4313
2,4314
0,4315
7,4316
13,4317
6,4318
6,4319
6,4320
5,4321
10,4322
4,4323
17,4324
1,4325
6,4326
7,4327
14,4328
15,4329
15,4330
16,4331
13,4332
7,4333
6,4334
19,4335
4,4336
3,4337
8,4338
17,4339
10,4340
16,4341
3,4342
16,4343
10,4344
11,4345
2,4346
18,4347
0,4348
11,4349
15,4350
2,4351
13,4352
7,4353
13,4354
13,4355
1,4356
12,4357
9,4358
6,4359
11,4360
6,4361
6,4362
5,4363
0,4364
5,4365
0,4366
15,4367
9,4368
11,4369
14,4370
8,4371
1,4372
5,4373
14,4374
15,4375
15,4376
8,4377
12,4378
14,4379
15,4380
14,4381
0,4382
5,4383
4,4384
19,4385
14,4386
14,4387
5,4388
3,4389
8,4390
0,4391
6,4392
7,4393
10,4394
18,4395
16,4396
4,4397
2,4398
7,4399
18,4400
3,4401
15,4402
15,4403
2,4404
1,4405
4,4406
18,4407
4,4408
7,4409
13,4410
7,4411
13,4412
1,4413
18,4414
2,4415
15,4416
7,4417
13,4418
6,4419
12,4420
7,4421
11,4422
14,4423
9,4424
2,4425
18,4426
3,4427
18,4428
4,4429
2,4430
9,4431
16,4432
7,4433
13,4434
12,4435
2,4436
12,4437
8,4438
17,4439
11,4440
1,4441
7,4442
13,4443
9,4444
14,4445
11,4446
1,4447
6,4448
8,4449
7,4450
19,4451
18,4452
8,4453
7,4454
14,4455
10,4456
1,4457
12,4458
8,4459
15,4460
10,4461
6,4462
2,4463
13,4464
0,4465
19,4466
19,4467
10,4468
8,4469
19,4470
12,4471
19,4472
7,4473
13,4474
7,4475
3,4476
6,4477
12,4478
4,4479
17,4480
15,4481
14,4482
3,4483
19,4484
10,4485
3,4486
4,4487
17,4488
13,4489
19,4490
7,4491
9,4492
4,4493
1,4494
18,4495
11,4496
18,4497
1,4498
5,4499
1,4500
14,4501
16,4502
19,4503
9,4504
13,4505
1,4506
12,4507
14,4508
10,4509
11,4510
13,4511
18,4512
2,4513
4,4514
3,4515
17,4516
14,4517
5,4518
7,4519
4,4520
11,4521
1,4522
11,4523
11,4524
4,4525
0,4526
2,4527
11,4528
19,4529
14,4530
14,4531
14,4532
5,4533
0,4534
1,4535
0,4536
1,4537
11,4538
4,4539
15,4540
16,4541
15,4542
9,4543
14,4544
1,4545
4,4546
16,4547
0,4548
1,4549
13,4550
3,4551
12,4552
3,4553
7,4554
14,4555
12,4556
16,4557
16,4558
17,4559
2,4560
11,4561
5,4562
0,4563
14,4564
2,4565
16,4566
1,4567
4,4568
16,4569
5,4570
0,4571
15,4572
16,4573
2,4574
1,4575
18,4576
10,4577
6,4578
7,4579
6,4580
0,4581
9,4582
2,4583
19,4584
9,4585
0,4586
3,4587
17,4588
12,4589
5,4590
11,4591
17,4592
1,4593
8,4594
9,4595
14,4596
16,4597
11,4598
18,4599
4,4600
1,4601
12,4602
10,4603
0,4604
4,4605
18,4606
11,4607
1,4608
19,4609
12,4610
13,4611
19,4612
13,4613
5,4614
9,4615
4,4616
0,4617
12,4618
19,4619
14,4620
9,4621
0,4622
1,4623
4,4624
12,4625
13,4626
12,4627
0,4628
10,4629
6,4630
6,4631
3,4632
11,4633
5,4634
2,4635
14,4636
19,4637
7,4638
14,4639
8,4640
8,4641
4,4642
7,4643
13,4644
18,4645
18,4646
4,4647
0,4648
2,4649
8,4650
13,4651
12,4652
14,4653
16,4654
6,4655
19,4656
17,4657
4,4658
11,4659
2,4660
1,4661
6,4662
7,4663
19,4664
9,4665
5,4666
9,4667
4,4668
9,4669
11,4670
19,4671
17,4672
11,4673
1,4674
4,4675
11,4676
0,4677
18,4678
1,4679
7,4680
2,4681
4,4682
2,4683
5,4684
10,4685
7,4686
16,4687
10,4688
17,4689
5,4690
3,4691
19,4692
17,4693
1,4694
6,4695
9,4696
19,4697
18,4698
16,4699
1,4700
11,4701
6,4702
5,4703
3,4704
15,4705
15,4706
15,4707
1,4708
7,4709
4,4710
9,4711
0,4712
11,4713
9,4714
13,4715
19,4716
17,4717
8,4718
19,4719
2,4720
18,4721
3,4722
19,4723
9,4724
14,4725
13,4726
10,4727
10,4728
18,4729
4,4730
11,4731
4,4732
11,4733
14,4734
17,4735
3,4736
2,4737
3,4738
12,4739
11,4740
19,4741
11,4742
3,4743
11,4744
5,4745
15,4746
12,4747
8,4748
2,4749
13,4750
15,4751
0,4752
1,4753
1,4754
12,4755
17,4756
9,4757
6,4758
16,4759
16,4760
8,4761
19,4762
4,4763
4,4764
17,4765
4,4766
5,4767
5,4768
3,4769
0,4770
9,4771
11,4772
13,4773
3,4774
4,4775
14,4776
8,4777
7,4778
16,4779
2,4780
10,4781
2,4782
17,4783
9,4784
0,4785
13,4786
15,4787
16,4788
16,4789
2,4790
2,4791
5,4792
13,4793
1,4794
12,4795
16,4796
8,4797
18,4798
1,4799
12,4800
5,4801
9,4802
7,4803
11,4804
17,4805
16,4806
11,4807
14,4808
1,4809
8,4810
2,4811
7,4812
1,4813
17,4814
19,4815
1,4816
4,4817
11,4818
9,4819
16,4820
8,4821
7,4822
7,4823
7,4824
9,4825
6,4826
7,4827
11,4828
11,4829
11,4830
12,4831
0,4832
4,4833
1,4834
5,4835
11,4836
8,4837
4,4838
16,4839
5,4840
2,4841
8,4842
7,4843
16,4844
19,4845
7,4846
17,4847
18,4848
1,4849
15,4850
1,4851
6,4852
19,4853
0,4854
2,4855
1,4856
2,4857
1,4858
12,4859
1,4860
7,4861
12,4862
10,4863
10,4864
14,4865
13,4866
18,4867
18,4868
18,4869
15,4870
19,4871
10,4872
1,4873
2,4874
18,4875
10,4876
0,4877
11,4878
15,4879
17,4880
11,4881
3,4882
17,4883
1,4884
3,4885
15,4886
15,4887
1,4888
7,4889
16,4890
7,4891
13,4892
1,4893
8,4894
3,4895
0,4896
17,4897
14,4898
5,4899
14,4900
18,4901
8,4902
14,4903
5,4904
7,4905
11,4906
9,4907
7,4908
13,4909
19,4910
8,4911
12,4912
7,4913
19,4914
4,4915
9,4916
5,4917
11,4918
5,4919
9,4920
13,4921
8,4922
10,4923
19,4924
19,4925
14,4926
15,4927
6,4928
19,4929
3,4930
8,4931
16,4932
17,4933
6,4934
7,4935
9,4936
9,4937
5,4938
15,4939
9,4940
5,4941
17,4942
9,4943
0,4944
1,4945
4,4946
0,4947
13,4948
12,4949
12,4950
12,4951
12,4952
16,4953
19,4954
7,4955
19,4956
4,4957
8,4958
1,4959
0,4960
8,4961
19,4962
16,4963
10,4964
5,4965
16,4966
7,4967
11,4968
12,4969
15,4970
9,4971
5,4972
13,4973
12,4974
7,4975
4,4976
3,4977
2,4978
17,4979
16,4980
9,4981
6,4982
1,4983
8,4984
7,4985
19,4986
3,4987
7,4988
16,4989
19,4990
11,4991
6,4992
15,4993
15,4994
2,4995
7,4996
16,4997
2,4998
15,4999
1,5000
10,5001
2,5002
0,5003
8,5004
12,5005
5,5006
15,5007
2,5008
7,5009
5,5010
13,5011
7,5012
5,5013
14,5014
0,5015
8,5016
13,5017
18,5018
7,5019
2,5020
1,5021
11,5022
7,5023
19,5024
2,5025
5,5026
1,5027
6,5028
3,5029
3,5030
2,5031
10,5032
13,5033
10,5034
14,5035
5,5036
3,5037
1,5038
13,5039
14,5040
4,5041
14,5042
15,5043
8,5044
0,5045
3,5046
19,5047
16,5048
12,5049
4,5050
3,5051
5,5052
1,5053
17,5054
4,5055
18,5056
9,5057
13,5058
0,5059
12,5060
16,5061
19,5062
16,5063
19,5064
0,5065
11,5066
16,5067
4,5068
18,5069
16,5070
15,5071
14,5072
13,5073
8,5074
5,5075
14,5076
6,5077
1,5078
14,5079
7,5080
7,5081
17,5082
12,5083
19,5084
15,5085
8,5086
14,5087
3,5088
5,5089
4,5090
11,5091
5,5092
5,5093
10,5094
9,5095
10,5096
8,5097
5,5098
7,5099
1,5100
13,5101
9,5102
10,5103
13,5104
12,5105
8,5106
3,5107
8,5108
9,5109
11,5110
16,5111
5,5112
15,5113
4,5114
9,5115
6,5116
18,5117
7,5118
8,5119
12,5120
3,5121
7,5122
13,5123
17,5124
8,5125
0,5126
19,5127
5,5128
17,5129
13,5130
17,5131
6,5132
11,5133
16,5134
4,5135
8,5136
19,5137
7,5138
17,5139
10,5140
4,5141
11,5142
8,5143
19,5144
1,5145
4,5146
6,5147
6,5148
3,5149
3,5150
18,5151
4,5152
6,5153
18,5154
0,5155
8,5156
16,5157
10,5158
11,5159
18,5160
4,5161
15,5162
4,5163
10,5164
9,5165
0,5166
9,5167
10,5168
5,5169
1,5170
17,5171
5,5172
7,5173
2,5174
4,5175
9,5176
2,5177
18,5178
16,5179
18,5180
8,5181
9,5182
19,5183
15,5184
15,5185
0,5186
15,5187
17,5188
13,5189
1,5190
12,5191
15,5192
17,5193
6,5194
2,5195
19,5196
17,5197
7,5198
19,5199
9,5200
16,5201
18,5202
5,5203
6,5204
1,5205
18,5206
2,5207
0,5208
19,5209
0,5210
13,5211
14,5212
17,5213
2,5214
11,5215
4,5216
0,5217
9,5218
14,5219
0,5220
3,5221
6,5222
12,5223
0,5224
10,5225
16,5226
2,5227
10,5228
4,5229
5,5230
5,5231
1,5232
11,5233
17,5234
18,5235
9,5236
1,5237
2,5238
5,5239
10,5240
19,5241
14,5242
14,5243
6,5244
2,5245
17,5246
13,5247
4,5248
8,5249
9,5250
2,5251
10,5252
11,5253
12,5254
15,5255
10,5256
13,5257
1,5258
8,5259
7,5260
13,5261
0,5262
18,5263
16,5264
8,5265
0,5266
8,5267
17,5268
15,5269
18,5270
4,5271
17,5272
12,5273
0,5274
13,5275
9,5276
15,5277
11,5278
15,5279
14,5280
14,5281
3,5282
17,5283
6,5284
3,5285
11,5286
2,5287
1,5288
5,5289
7,5290
3,5291
12,5292
5,5293
16,5294
10,5295
10,5296
14,5297
16,5298
4,5299
2,5300
18,5301
1,5302
17,5303
15,5304
17,5305
15,5306
10,5307
7,5308
1,5309
19,5310
0,5311
11,5312
16,5313
5,5314
8,5315
5,5316
17,5317
11,5318
14,5319
3,5320
7,5321
7,5322
6,5323
8,5324
7,5325
17,5326
13,5327
17,5328
18,5329
12,5330
19,5331
9,5332
10,5333
7,5334
19,5335
18,5336
14,5337
8,5338
2,5339
19,5340
18,5341
19,5342
1,5343
15,5344
18,5345
17,5346
16,5347
4,5348
8,5349
3,5350
14,5351
15,5352
9,5353
18,5354
14,5355
11,5356
13,5357
11,5358
5,5359
14,5360
17,5361
4,5362
17,5363
14,5364
14,5365
16,5366
3,5367
6,5368
19,5369
17,5370
13,5371
12,5372
14,5373
2,5374
9,5375
0,5376
1,5377
0,5378
14,5379
10,5380
1,5381
7,5382
11,5383
0,5384
4,5385
10,5386
8,5387
5,5388
15,5389
0,5390
4,5391
15,5392
15,5393
19,5394
5,5395
11,5396
14,5397
10,5398
10,5399
11,5400
5,5401
19,5402
17,5403
8,5404
11,5405
2,5406
2,5407
18,5408
7,5409
14,5410
7,5411
9,5412
14,5413
13,5414
10,5415
12,5416
8,5417
3,5418
14,5419
2,5420
9,5421
5,5422
0,5423
16,5424
10,5425
11,5426
18,5427
19,5428
5,5429
5,5430
0,5431
8,5432
19,5433
17,5434
2,5435
14,5436
15,5437
2,5438
7,5439
10,5440
14,5441
11,5442
3,5443
11,5444
10,5445
11,5446
0,5447
6,5448
19,5449
7,5450
12,5451
14,5452
2,5453
12,5454
2,5455
15,5456
12,5457
15,5458
0,5459
1,5460
2,5461
7,5462
14,5463
5,5464
0,5465
6,5466
3,5467
11,5468
8,5469
9,5470
17,5471
8,5472
8,5473
3,5474
11,5475
4,5476
16,5477
9,5478
4,5479
8,5480
4,5481
4,5482
1,5483
9,5484
3,5485
1,5486
18,5487
7,5488
5,5489
18,5490
15,5491
7,5492
17,5493
11,5494
7,5495
19,5496
14,5497
8,5498
6,5499
16,5500
11,5501
8,5502
17,5503
12,5504
12,5505
15,5506
6,5507
0,5508
2,5509
10,5510
2,5511
14,5512
16,5513
7,5514
16,5515
1,5516
18,5517
12,5518
2,5519
3,5520
17,5521
10,5522
14,5523
1,5524
9,5525
19,5526
13,5527
17,5528
17,5529
12,5530
17,5531
8,5532
17,5533
2,5534
14,5535
17,5536
1,5537
0,5538
12,5539
7,5540
11,5541
19,5542
9,5543
11,5544
6,5545
8,5546
5,5547
10,5548
6,5549
11,5550
10,5551
16,5552
15,5553
15,5554
1,5555
1,5556
7,5557
2,5558
0,5559
19,5560
3,5561
2,5562
17,5563
1,5564
7,5565
9,5566
16,5567
3,5568
6,5569
15,5570
3,5571
11,5572
17,5573
2,5574
2,5575
5,5576
9,5577
18,5578
12,5579
19,5580
3,5581
4,5582
13,5583
18,5584
11,5585
5,5586
15,5587
16,5588
12,5589
14,5590
16,5591
4,5592
13,5593
10,5594
5,5595
1,5596
3,5597
17,5598
11,5599
12,5600
7,5601
10,5602
4,5603
18,5604
3,5605
17,5606
8,5607
2,5608
2,5609
7,5610
18,5611
2,5612
13,5613
0,5614
4,5615
9,5616
2,5617
13,5618
12,5619
9,5620
10,5621
13,5622
17,5623
15,5624
11,5625
7,5626
15,5627
8,5628
6,5629
12,5630
8,5631
1,5632
14,5633
8,5634
8,5635
4,5636
18,5637
3,5638
11,5639
15,5640
12,5641
3,5642
15,5643
9,5644
17,5645
18,5646
2,5647
3,5648
4,5649
4,5650
14,5651
18,5652
10,5653
4,5654
19,5655
18,5656
17,5657
2,5658
13,5659
4,5660
13,5661
18,5662
18,5663
8,5664
3,5665
2,5666
1,5667
11,5668
1,5669
1,5670
18,5671
10,5672
2,5673
17,5674
13,5675
19,5676
13,5677
19,5678
10,5679
18,5680
3,5681
17,5682
19,5683
15,5684
5,5685
4,5686
14,5687
13,5688
1,5689
17,5690
4,5691
4,5692
18,5693
11,5694
17,5695
12,5696
0,5697
19,5698
9,5699
4,5700
6,5701
5,5702
14,5703
17,5704
9,5705
15,5706
1,5707
17,5708
1,5709
12,5710
12,5711
14,5712
16,5713
8,5714
8,5715
17,5716
4,5717
6,5718
17,5719
12,5720
11,5721
14,5722
15,5723
9,5724
13,5725
16,5726
1,5727
10,5728
5,5729
9,5730
19,5731
13,5732
12,5733
13,5734
19,5735
16,5736
6,5737
13,5738
18,5739
17,5740
1,5741
19,5742
13,5743
7,5744
3,5745
10,5746
10,5747
14,5748
12,5749
0,5750
5,5751
14,5752
11,5753
19,5754
18,5755
9,5756
4,5757
18,5758
3,5759
4,5760
16,5761
19,5762
18,5763
10,5764
8,5765
2,5766
1,5767
0,5768
18,5769
14,5770
16,5771
7,5772
17,5773
6,5774
3,5775
11,5776
5,5777
14,5778
12,5779
6,5780
2,5781
14,5782
10,5783
6,5784
11,5785
6,5786
6,5787
12,5788
0,5789
1,5790
2,5791
10,5792
14,5793
16,5794
11,5795
14,5796
2,5797
1,5798
3,5799
13,5800
12,5801
10,5802
16,5803
14,5804
10,5805
12,5806
19,5807
12,5808
3,5809
8,5810
14,5811
9,5812
9,5813
18,5814
4,5815
1,5816
1,5817
0,5818
1,5819
14,5820
8,5821
4,5822
9,5823
11,5824
0,5825
11,5826
13,5827
19,5828
13,5829
18,5830
12,5831
9,5832
3,5833
11,5834
0,5835
10,5836
6,5837
7,5838
11,5839
16,5840
11,5841
17,5842
2,5843
6,5844
3,5845
9,5846
13,5847
4,5848
9,5849
11,5850
11,5851
12,5852
2,5853
17,5854
9,5855
10,5856
9,5857
14,5858
19,5859
13,5860
18,5861
19,5862
7,5863
13,5864
0,5865
11,5866
5,5867
4,5868
5,5869
5,5870
12,5871
12,5872
16,5873
16,5874
4,5875
7,5876
9,5877
5,5878
0,5879
4,5880
15,5881
1,5882
7,5883
8,5884
18,5885
2,5886
18,5887
19,5888
14,5889
0,5890
8,5891
1,5892
15,5893
0,5894
11,5895
11,5896
8,5897
3,5898
18,5899
7,5900
3,5901
19,5902
16,5903
11,5904
8,5905
11,5906
16,5907
11,5908
16,5909
19,5910
7,5911
13,5912
9,5913
4,5914
2,5915
1,5916
16,5917
12,5918
2,5919
13,5920
10,5921
2,5922
8,5923
5,5924
0,5925
17,5926
2,5927
2,5928
0,5929
3,5930
4,5931
3,5932
9,5933
17,5934
16,5935
4,5936
11,5937
6,5938
7,5939
6,5940
3,5941
5,5942
9,5943
2,5944
14,5945
13,5946
18,5947
4,5948
9,5949
7,5950
19,5951
12,5952
15,5953
1,5954
19,5955
3,5956
16,5957
9,5958
1,5959
7,5960
3,5961
2,5962
11,5963
17,5964
9,5965
14,5966
16,5967
5,5968
19,5969
2,5970
7,5971
1,5972
19,5973
6,5974
19,5975
7,5976
4,5977
10,5978
2,5979
0,5980
1,5981
19,5982
18,5983
7,5984
13,5985
9,5986
7,5987
13,5988
10,5989
19,5990
8,5991
13,5992
12,5993
13,5994
5,5995
4,5996
13,5997
8,5998
17,5999
16,6000
7,6001
17,6002
1,6003
19,6004
2,6005
2,6006
18,6007
3,6008
2,6009
19,6010
18,6011
15,6012
2,6013
10,6014
9,6015
7,6016
16,6017
10,6018
4,6019
4,6020
5,6021
3,6022
1,6023
3,6024
9,6025
1,6026
1,6027
7,6028
16,6029
10,6030
4,6031
7,6032
0,6033
10,6034
11,6035
13,6036
1,6037
1,6038
18,6039
15,6040
17,6041
1,6042
3,6043
11,6044
17,6045
10,6046
18,6047
10,6048
16,6049
1,6050
12,6051
8,6052
19,6053
9,6054
11,6055
17,6056
4,6057
3,6058
4,6059
2,6060
19,6061
1,6062
1,6063
11,6064
16,6065
9,6066
8,6067
9,6068
7,6069
13,6070
10,6071
6,6072
3,6073
19,6074
15,6075
8,6076
12,6077
8,6078
19,6079
18,6080
10,6081
14,6082
1,6083
9,6084
0,6085
2,6086
17,6087
9,6088
14,6089
3,6090
13,6091
1,6092
11,6093
6,6094
17,6095
12,6096
4,6097
10,6098
12,6099
2,6100
8,6101
9,6102
11,6103
13,6104
9,6105
18,6106
18,6107
12,6108
18,6109
4,6110
4,6111
1,6112
8,6113
17,6114
9,6115
2,6116
10,6117
12,6118
11,6119
0,6120
8,6121
19,6122
9,6123
14,6124
13,6125
7,6126
7,6127
17,6128
13,6129
16,6130
12,6131
19,6132
10,6133
19,6134
13,6135
12,6136
3,6137
18,6138
1,6139
10,6140
17,6141
2,6142
11,6143
4,6144
17,6145
1,6146
7,6147
9,6148
14,6149
11,6150
6,6151
5,6152
16,6153
5,6154
2,6155
15,6156
8,6157
3,6158
17,6159
0,6160
7,6161
2,6162
17,6163
9,6164
13,6165
14,6166
10,6167
4,6168
11,6169
17,6170
1,6171
3,6172
17,6173
13,6174
17,6175
2,6176
7,6177
19,6178
17,6179
12,6180
19,6181
16,6182
12,6183
1,6184
18,6185
7,6186
4,6187
9,6188
9,6189
10,6190
6,6191
5,6192
12,6193
7,6194
5,6195
7,6196
6,6197
4,6198
9,6199
3,6200
16,6201
18,6202
12,6203
14,6204
8,6205
5,6206
16,6207
2,6208
5,6209
0,6210
4,6211
15,6212
0,6213
1,6214
3,6215
8,6216
1,6217
3,6218
19,6219
8,6220
11,6221
19,6222
18,6223
18,6224
17,6225
0,6226
16,6227
19,6228
19,6229
12,6230
0,6231
2,6232
9,6233
7,6234
11,6235
9,6236
19,6237
3,6238
1,6239
10,6240
19,6241
10,6242
7,6243
14,6244
8,6245
14,6246
15,6247
11,6248
4,6249
15,6250
17,6251
14,6252
5,6253
17,6254
7,6255
13,6256
1,6257
4,6258
6,6259
18,6260
12,6261
12,6262
10,6263
10,6264
7,6265
2,6266
18,6267
14,6268
19,6269
18,6270
19,6271
15,6272
16,6273
8,6274
5,6275
3,6276
9,6277
8,6278
8,6279
15,6280
6,6281
0,6282
4,6283
12,6284
6,6285
14,6286
4,6287
14,6288
5,6289
7,6290
9,6291
4,6292
14,6293
10,6294
13,6295
0,6296
14,6297
13,6298
16,6299
10,6300
10,6301
4,6302
4,6303
6,6304
13,6305
1,6306
5,6307
9,6308
6,6309
17,6310
13,6311
2,6312
15,6313
1,6314
12,6315
9,6316
16,6317
19,6318
17,6319
4,6320
8,6321
19,6322
7,6323
5,6324
10,6325
12,6326
14,6327
10,6328
15,6329
4,6330
11,6331
4,6332
9,6333
14,6334
15,6335
18,6336
12,6337
2,6338
7,6339
7,6340
14,6341
10,6342
5,6343
10,6344
4,6345
5,6346
8,6347
12,6348
16,6349
17,6350
0,6351
8,6352
2,6353
8,6354
7,6355
19,6356
2,6357
10,6358
7,6359
9,6360
9,6361
18,6362
1,6363
18,6364
12,6365
8,6366
2,6367
11,6368
11,6369
4,6370
13,6371
15,6372
8,6373
3,6374
15,6375
17,6376
12,6377
13,6378
12,6379
13,6380
10,6381
9,6382
10,6383
9,6384
7,6385
1,6386
19,6387
10,6388
0,6389
18,6390
17,6391
2,6392
7,6393
19,6394
17,6395
15,6396
12,6397
4,6398
1,6399
7,6400
8,6401
17,6402
18,6403
2,6404
19,6405
8,6406
7,6407
4,6408
5,6409
9,6410
5,6411
4,6412
16,6413
11,6414
6,6415
5,6416
7,6417
5,6418
4,6419
7,6420
1,6421
4,6422
6,6423
3,6424
2,6425
18,6426
2,6427
2,6428
13,6429
0,6430
6,6431
12,6432
11,6433
6,6434
12,6435
15,6436
17,6437
11,6438
4,6439
11,6440
5,6441
1,6442
14,6443
17,6444
4,6445
16,6446
7,6447
18,6448
3,6449
19,6450
15,6451
15,6452
0,6453
3,6454
3,6455
11,6456
1,6457
4,6458
1,6459
6,6460
5,6461
15,6462
15,6463
14,6464
13,6465
18,6466
0,6467
11,6468
12,6469
8,6470
7,6471
2,6472
9,6473
5,6474
8,6475
18,6476
14,6477
13,6478
12,6479
3,6480
2,6481
18,6482
19,6483
11,6484
1,6485
12,6486
3,6487
11,6488
8,6489
1,6490
18,6491
18,6492
2,6493
9,6494
14,6495
14,6496
1,6497
10,6498
19,6499
7,6500
12,6501
8,6502
12,6503
11,6504
12,6505
6,6506
19,6507
17,6508
6,6509
19,6510
12,6511
3,6512
16,6513
9,6514
11,6515
13,6516
19,6517
11,6518
6,6519
17,6520
4,6521
14,6522
8,6523
19,6524
12,6525
7,6526
10,6527
15,6528
18,6529
7,6530
1,6531
13,6532
14,6533
13,6534
19,6535
18,6536
3,6537
5,6538
3,6539
19,6540
6,6541
10,6542
14,6543
9,6544
1,6545
7,6546
16,6547
17,6548
10,6549
19,6550
16,6551
0,6552
18,6553
7,6554
5,6555
0,6556
19,6557
3,6558
2,6559
9,6560
14,6561
10,6562
1,6563
1,6564
1,6565
4,6566
4,6567
9,6568
11,6569
19,6570
9,6571
7,6572
14,6573
17,6574
7,6575
14,6576
5,6577
2,6578
12,6579
14,6580
5,6581
9,6582
2,6583
13,6584
10,6585
13,6586
9,6587
7,6588
7,6589
6,6590
3,6591
15,6592
17,6593
11,6594
8,6595
12,6596
4,6597
4,6598
14,6599
11,6600
10,6601
9,6602
19,6603
7,6604
4,6605
3,6606
17,6607
15,6608
16,6609
2,6610
0,6611
13,6612
10,6613
15,6614
8,6615
7,6616
7,6617
6,6618
6,6619
1,6620
0,6621
18,6622
7,6623
10,6624
8,6625
4,6626
0,6627
2,6628
18,6629
7,6630
1,6631
4,6632
7,6633
3,6634
8,6635
8,6636
3,6637
18,6638
1,6639
12,6640
14,6641
8,6642
8,6643
2,6644
2,6645
3,6646
7,6647
17,6648
11,6649
13,6650
12,6651
2,6652
15,6653
11,6654
17,6655
18,6656
19,6657
13,6658
6,6659
19,6660
19,6661
10,6662
2,6663
14,6664
16,6665
6,6666
2,6667
11,6668
16,6669
15,6670
6,6671
0,6672
4,6673
17,6674
13,6675
1,6676
6,6677
13,6678
18,6679
19,6680
5,6681
0,6682
18,6683
1,6684
6,6685
1,6686
4,6687
17,6688
2,6689
0,6690
11,6691
17,6692
1,6693
5,6694
18,6695
3,6696
10,6697
8,6698
2,6699
1,6700
3,6701
4,6702
11,6703
19,6704
18,6705
12,6706
8,6707
8,6708
17,6709
1,6710
4,6711
16,6712
13,6713
8,6714
1,6715
11,6716
4,6717
8,6718
19,6719
4,6720
11,6721
10,6722
10,6723
3,6724
7,6725
0,6726
15,6727
8,6728
1,6729
6,6730
0,6731
11,6732
7,6733
9,6734
8,6735
9,6736
4,6737
2,6738
7,6739
4,6740
10,6741
5,6742
17,6743
4,6744
2,6745
9,6746
2,6747
12,6748
1,6749
4,6750
0,6751
4,6752
11,6753
11,6754
15,6755
4,6756
9,6757
14,6758
13,6759
10,6760
2,6761
5,6762
9,6763
2,6764
14,6765
8,6766
5,6767
2,6768
14,6769
10,6770
10,6771
0,6772
14,6773
13,6774
12,6775
8,6776
3,6777
2,6778
11,6779
11,6780
14,6781
9,6782
11,6783
19,6784
13,6785
1,6786
18,6787
5,6788
8,6789
19,6790
12,6791
4,6792
6,6793
19,6794
12,6795
19,6796
9,6797
1,6798
18,6799
8,6800
17,6801
9,6802
10,6803
4,6804
9,6805
2,6806
18,6807
13,6808
19,6809
3,6810
2,6811
4,6812
11,6813
6,6814
6,6815
3,6816
8,6817
12,6818
3,6819
17,6820
2,6821
13,6822
5,6823
3,6824
19,6825
14,6826
19,6827
11,6828
6,6829
19,6830
12,6831
3,6832
3,6833
12,6834
4,6835
8,6836
8,6837
15,6838
2,6839
19,6840
14,6841
5,6842
15,6843
8,6844
4,6845
5,6846
17,6847
9,6848
13,6849
18,6850
8,6851
8,6852
8,6853
12,6854
3,6855
4,6856
14,6857
15,6858
3,6859
3,6860
5,6861
0,6862
18,6863
8,6864
1,6865
2,6866
7,6867
2,6868
2,6869
5,6870
5,6871
19,6872
16,6873
3,6874
6,6875
16,6876
19,6877
8,6878
19,6879
17,6880
9,6881
6,6882
14,6883
16,6884
3,6885
12,6886
4,6887
2,6888
14,6889
19,6890
9,6891
11,6892
0,6893
18,6894
19,6895
0,6896
3,6897
1,6898
17,6899
4,6900
16,6901
9,6902
14,6903
2,6904
10,6905
3,6906
4,6907
1,6908
2,6909
2,6910
10,6911
4,6912
4,6913
18,6914
7,6915
13,6916
9,6917
4,6918
0,6919
1,6920
3,6921
15,6922
6,6923
16,6924
6,6925
17,6926
2,6927
17,6928
12,6929
11,6930
4,6931
7,6932
19,6933
8,6934
17,6935
13,6936
10,6937
16,6938
8,6939
19,6940
12,6941
9,6942
4,6943
5,6944
7,6945
1,6946
3,6947
17,6948
16,6949
1,6950
6,6951
6,6952
7,6953
10,6954
4,6955
12,6956
5,6957
5,6958
11,6959
19,6960
6,6961
8,6962
1,6963
6,6964
3,6965
18,6966
17,6967
9,6968
13,6969
15,6970
14,6971
7,6972
15,6973
8,6974
5,6975
4,6976
9,6977
11,6978
14,6979
9,6980
14,6981
16,6982
12,6983
18,6984
19,6985
1,6986
5,6987
12,6988
6,6989
14,6990
15,6991
6,6992
19,6993
10,6994
7,6995
15,6996
15,6997
14,6998
3,6999
1,7000
8,7001
15,7002
12,7003
4,7004
0,7005
18,7006
9,7007
9,7008
14,7009
13,7010
8,7011
10,7012
12,7013
5,7014
4,7015
16,7016
4,7017
9,7018
8,7019
9,7020
17,7021
4,7022
0,7023
19,7024
18,7025
1,7026
10,7027
2,7028
13,7029
0,7030
5,7031
18,7032
14,7033
12,7034
7,7035
17,7036
2,7037
0,7038
11,7039
4,7040
2,7041
14,7042
16,7043
19,7044
7,7045
13,7046
11,7047
17,7048
2,7049
6,7050
15,7051
13,7052
4,7053
7,7054
14,7055
19,7056
0,7057
8,7058
8,7059
8,7060
13,7061
17,7062
18,7063
7,7064
18,7065
7,7066
2,7067
12,7068
2,7069
12,7070
3,7071
8,7072
14,7073
8,7074
11,7075
6,7076
3,7077
9,7078
14,7079
16,7080
10,7081
2,7082
0,7083
15,7084
1,7085
4,7086
13,7087
13,7088
10,7089
10,7090
11,7091
15,7092
10,7093
19,7094
12,7095
12,7096
0,7097
7,7098
1,7099
5,7100
13,7101
15,7102
8,7103
2,7104
18,7105
13,7106
10,7107
8,7108
17,7109
13,7110
16,7111
19,7112
16,7113
14,7114
17,7115
14,7116
18,7117
13,7118
5,7119
0,7120
4,7121
15,7122
0,7123
14,7124
13,7125
16,7126
9,7127
14,7128
15,7129
11,7130
13,7131
18,7132
15,7133
6,7134
5,7135
12,7136
10,7137
4,7138
5,7139
6,7140
6,7141
6,7142
11,7143
12,7144
12,7145
2,7146
8,7147
8,7148
12,7149
0,7150
6,7151
19,7152
19,7153
19,7154
12,7155
8,7156
12,7157
15,7158
19,7159
0,7160
0,7161
17,7162
4,7163
5,7164
5,7165
7,7166
19,7167
14,7168
8,7169
10,7170
1,7171
8,7172
16,7173
17,7174
10,7175
5,7176
13,7177
18,7178
9,7179
6,7180
8,7181
19,7182
15,7183
10,7184
19,7185
9,7186
12,7187
14,7188
15,7189
16,7190
19,7191
0,7192
19,7193
0,7194
11,7195
3,7196
8,7197
11,7198
1,7199
1,7200
4,7201
1,7202
17,7203
8,7204
0,7205
19,7206
14,7207
16,7208
4,7209
2,7210
2,7211
18,7212
15,7213
9,7214
7,7215
16,7216
4,7217
4,7218
8,7219
2,7220
9,7221
6,7222
7,7223
10,7224
2,7225
12,7226
1,7227
14,7228
13,7229
19,7230
0,7231
17,7232
13,7233
2,7234
7,7235
5,7236
12,7237
4,7238
12,7239
9,7240
16,7241
10,7242
6,7243
8,7244
19,7245
12,7246
0,7247
0,7248
0,7249
0,7250
1,7251
17,7252
16,7253
7,7254
16,7255
19,7256
2,7257
10,7258
13,7259
18,7260
5,7261
0,7262
0,7263
19,7264
12,7265
11,7266
9,7267
10,7268
12,7269
5,7270
3,7271
5,7272
7,7273
11,7274
4,7275
17,7276
9,7277
7,7278
0,7279
6,7280
2,7281
10,7282
5,7283
7,7284
16,7285
10,7286
10,7287
0,7288
19,7289
16,7290
2,7291
5,7292
1,7293
12,7294
5,7295
10,7296
7,7297
14,7298
10,7299
15,7300
5,7301
1,7302
1,7303
12,7304
3,7305
16,7306
19,7307
17,7308
13,7309
7,7310
6,7311
0,7312
6,7313
12,7314
8,7315
5,7316
15,7317
12,7318
6,7319
14,7320
1,7321
16,7322
5,7323
5,7324
15,7325
4,7326
9,7327
3,7328
11,7329
14,7330
15,7331
6,7332
5,7333
1,7334
6,7335
15,7336
9,7337
15,7338
1,7339
2,7340
9,7341
6,7342
2,7343
13,7344
8,7345
7,7346
0,7347
17,7348
1,7349
4,7350
16,7351
18,7352
15,7353
8,7354
8,7355
10,7356
13,7357
9,7358
19,7359
17,7360
9,7361
17,7362
14,7363
13,7364
14,7365
13,7366
9,7367
6,7368
15,7369
13,7370
4,7371
15,7372
15,7373
12,7374
11,7375
3,7376
8,7377
15,7378
5,7379
1,7380
1,7381
17,7382
18,7383
2,7384
7,7385
3,7386
3,7387
8,7388
9,7389
13,7390
5,7391
10,7392
19,7393
13,7394
0,7395
13,7396
1,7397
5,7398
10,7399
10,7400
2,7401
17,7402
0,7403
11,7404
5,7405
2,7406
5,7407
9,7408
13,7409
18,7410
13,7411
12,7412
11,7413
4,7414
7,7415
14,7416
13,7417
18,7418
9,7419
10,7420
7,7421
1,7422
4,7423
11,7424
12,7425
5,7426
14,7427
18,7428
0,7429
7,7430
11,7431
1,7432
4,7433
8,7434
2,7435
18,7436
3,7437
11,7438
17,7439
19,7440
3,7441
11,7442
16,7443
1,7444
13,7445
9,7446
7,7447
8,7448
1,7449
14,7450
2,7451
8,7452
8,7453
9,7454
10,7455
9,7456
4,7457
6,7458
13,7459
6,7460
6,7461
11,7462
12,7463
18,7464
3,7465
11,7466
10,7467
6,7468
10,7469
19,7470
19,7471
4,7472
0,7473
1,7474
11,7475
10,7476
4,7477
9,7478
8,7479
13,7480
2,7481
5,7482
1,7483
2,7484
14,7485
13,7486
5,7487
10,7488
2,7489
13,7490
12,7491
17,7492
2,7493
12,7494
10,7495
5,7496
0,7497
18,7498
2,7499
5,7500
8,7501
13,7502
19,7503
10,7504
11,7505
9,7506
13,7507
6,7508
13,7509
8,7510
15,7511
8,7512
18,7513
17,7514
14,7515
9,7516
13,7517
1,7518
13,7519
18,7520
2,7521
12,7522
1,7523
0,7524
6,7525
9,7526
11,7527
14,7528
14,7529
19,7530
13,7531
9,7532
18,7533
8,7534
17,7535
11,7536
4,7537
12,7538
0,7539
12,7540
19,7541
9,7542
2,7543
19,7544
17,7545
15,7546
3,7547
4,7548
4,7549
10,7550
13,7551
17,7552
13,7553
3,7554
18,7555
7,7556
11,7557
8,7558
2,7559
10,7560
7,7561
1,7562
17,7563
16,7564
0,7565
10,7566
10,7567
10,7568
0,7569
5,7570
15,7571
18,7572
16,7573
11,7574
4,7575
6,7576
17,7577
18,7578
14,7579
1,7580
2,7581
5,7582
17,7583
0,7584
9,7585
14,7586
10,7587
3,7588
11,7589
19,7590
13,7591
13,7592
16,7593
11,7594
15,7595
1,7596
4,7597
3,7598
2,7599
12,7600
14,7601
10,7602
13,7603
0,7604
3,7605
16,7606
7,7607
17,7608
16,7609
3,7610
7,7611
10,7612
16,7613
5,7614
18,7615
17,7616
12,7617
15,7618
14,7619
12,7620
4,7621
17,7622
6,7623
3,7624
12,7625
14,7626
15,7627
10,7628
11,7629
16,7630
7,7631
18,7632
10,7633
6,7634
8,7635
5,7636
7,7637
19,7638
15,7639
17,7640
19,7641
2,7642
10,7643
1,7644
18,7645
8,7646
0,7647
17,7648
9,7649
12,7650
18,7651
11,7652
8,7653
6,7654
7,7655
16,7656
5,7657
7,7658
12,7659
19,7660
18,7661
2,7662
14,7663
11,7664
19,7665
3,7666
4,7667
11,7668
5,7669
9,7670
6,7671
6,7672
5,7673
3,7674
17,7675
4,7676
2,7677
5,7678
16,7679
7,7680
11,7681
4,7682
14,7683
1,7684
4,7685
14,7686
2,7687
9,7688
17,7689
11,7690
2,7691
5,7692
4,7693
9,7694
12,7695
6,7696
19,7697
8,7698
15,7699
7,7700
7,7701
13,7702
19,7703
15,7704
10,7705
6,7706
1,7707
6,7708
17,7709
16,7710
14,7711
15,7712
10,7713
3,7714
7,7715
13,7716
9,7717
7,7718
3,7719
10,7720
7,7721
7,7722
9,7723
2,7724
3,7725
16,7726
2,7727
2,7728
17,7729
8,7730
16,7731
4,7732
11,7733
6,7734
4,7735
14,7736
15,7737
15,7738
3,7739
2,7740
17,7741
9,7742
19,7743
5,7744
17,7745
17,7746
12,7747
10,7748
13,7749
0,7750
16,7751
5,7752
14,7753
3,7754
3,7755
18,7756
18,7757
16,7758
5,7759
1,7760
4,7761
14,7762
7,7763
1,7764
1,7765
5,7766
8,7767
12,7768
15,7769
14,7770
18,7771
15,7772
3,7773
11,7774
0,7775
12,7776
14,7777
16,7778
7,7779
5,7780
5,7781
15,7782
16,7783
14,7784
16,7785
9,7786
6,7787
9,7788
2,7789
16,7790
13,7791
8,7792
2,7793
0,7794
4,7795
11,7796
0,7797
13,7798
9,7799
11,7800
6,7801
2,7802
8,7803
10,7804
14,7805
3,7806
14,7807
13,7808
10,7809
2,7810
0,7811
11,7812
5,7813
0,7814
19,7815
18,7816
15,7817
15,7818
12,7819
9,7820
6,7821
7,7822
14,7823
8,7824
13,7825
0,7826
17,7827
0,7828
9,7829
16,7830
13,7831
3,7832
0,7833
1,7834
8,7835
7,7836
9,7837
19,7838
16,7839
15,7840
10,7841
18,7842
10,7843
13,7844
9,7845
16,7846
13,7847
18,7848
18,7849
4,7850
17,7851
12,7852
12,7853
19,7854
9,7855
4,7856
2,7857
18,7858
15,7859
16,7860
13,7861
11,7862
9,7863
11,7864
18,7865
9,7866
14,7867
3,7868
8,7869
7,7870
13,7871
1,7872
4,7873
11,7874
11,7875
8,7876
4,7877
12,7878
6,7879
17,7880
9,7881
11,7882
1,7883
4,7884
16,7885
3,7886
18,7887
11,7888
16,7889
6,7890
3,7891
7,7892
7,7893
9,7894
12,7895
5,7896
17,7897
2,7898
3,7899
8,7900
7,7901
6,7902
3,7903
8,7904
11,7905
16,7906
7,7907
14,7908
4,7909
7,7910
12,7911
11,7912
16,7913
19,7914
5,7915
13,7916
12,7917
4,7918
8,7919
1,7920
0,7921
1,7922
9,7923
16,7924
10,7925
0,7926
6,7927
7,7928
9,7929
10,7930
5,7931
0,7932
3,7933
12,7934
14,7935
13,7936
10,7937
5,7938
19,7939
13,7940
1,7941
12,7942
7,7943
1,7944
7,7945
14,7946
2,7947
9,7948
4,7949
6,7950
14,7951
10,7952
7,7953
7,7954
5,7955
1,7956
14,7957
8,7958
3,7959
19,7960
8,7961
3,7962
10,7963
11,7964
2,7965
8,7966
11,7967
9,7968
14,7969
16,7970
6,7971
0,7972
11,7973
7,7974
1,7975
2,7976
1,7977
14,7978
19,7979
3,7980
1,7981
18,7982
19,7983
17,7984
12,7985
8,7986
7,7987
5,7988
18,7989
5,7990
8,7991
9,7992
16,7993
11,7994
16,7995
12,7996
6,7997
11,7998
1,7999
18,8000
13,8001
8,8002
17,8003
11,8004
6,8005
17,8006
2,8007
11,8008
16,8009
6,8010
7,8011
15,8012
7,8013
2,8014
3,8015
17,8016
9,8017
14,8018
10,8019
17,8020
12,8021
15,8022
12,8023
10,8024
1,8025
8,8026
17,8027
8,8028
0,8029
15,8030
14,8031
11,8032
19,8033
17,8034
1,8035
2,8036
10,8037
11,8038
6,8039
8,8040
4,8041
14,8042
16,8043
9,8044
14,8045
4,8046
12,8047
0,8048
16,8049
16,8050
13,8051
7,8052
7,8053
13,8054
18,8055
2,8056
11,8057
14,8058
13,8059
12,8060
1,8061
0,8062
8,8063
5,8064
9,8065
6,8066
0,8067
7,8068
19,8069
5,8070
2,8071
5,8072
3,8073
11,8074
8,8075
5,8076
0,8077
19,8078
16,8079
0,8080
4,8081
4,8082
2,8083
14,8084
13,8085
19,8086
16,8087
17,8088
19,8089
14,8090
17,8091
10,8092
12,8093
8,8094
3,8095
10,8096
16,8097
7,8098
6,8099
19,8100
11,8101
1,8102
4,8103
1,8104
10,8105
18,8106
19,8107
2,8108
4,8109
14,8110
15,8111
1,8112
4,8113
16,8114
9,8115
6,8116
19,8117
18,8118
8,8119
11,8120
17,8121
11,8122
17,8123
4,8124
8,8125
12,8126
5,8127
10,8128
8,8129
14,8130
3,8131
8,8132
7,8133
17,8134
12,8135
10,8136
4,8137
9,8138
14,8139
11,8140
5,8141
2,8142
9,8143
19,8144
9,8145
10,8146
10,8147
10,8148
5,8149
2,8150
13,8151
3,8152
18,8153
1,8154
1,8155
6,8156
12,8157
19,8158
11,8159
9,8160
0,8161
9,8162
4,8163
9,8164
10,8165
3,8166
15,8167
5,8168
8,8169
8,8170
0,8171
6,8172
11,8173
4,8174
9,8175
13,8176
9,8177
7,8178
10,8179
2,8180
1,8181
4,8182
12,8183
5,8184
2,8185
13,8186
16,8187
1,8188
19,8189
3,8190
11,8191
5,8192
2,8193
5,8194
9,8195
10,8196
9,8197
1,8198
4,8199
10,8200
10,8201
11,8202
5,8203
11,8204
4,8205
5,8206
3,8207
17,8208
7,8209
6,8210
4,8211
12,8212
13,8213
0,8214
18,8215
9,8216
1,8217
12,8218
13,8219
12,8220
7,8221
1,8222
17,8223
2,8224
17,8225
4,8226
3,8227
14,8228
9,8229
3,8230
6,8231
0,8232
4,8233
8,8234
7,8235
2,8236
10,8237
18,8238
5,8239
12,8240
19,8241
19,8242
11,8243
6,8244
17,8245
18,8246
19,8247
0,8248
11,8249
9,8250
8,8251
0,8252
11,8253
14,8254
11,8255
5,8256
10,8257
9,8258
5,8259
0,8260
4,8261
0,8262
3,8263
19,8264
16,8265
11,8266
1,8267
4,8268
6,8269
13,8270
18,8271
9,8272
10,8273
3,8274
19,8275
17,8276
15,8277
1,8278
13,8279
1,8280
7,8281
11,8282
13,8283
19,8284
8,8285
11,8286
6,8287
14,8288
5,8289
11,8290
17,8291
4,8292
2,8293
12,8294
0,8295
3,8296
10,8297
8,8298
17,8299
9,8300
7,8301
2,8302
17,8303
4,8304
19,8305
16,8306
19,8307
5,8308
3,8309
3,8310
7,8311
2,8312
9,8313
6,8314
16,8315
19,8316
2,8317
16,8318
9,8319
5,8320
11,8321
12,8322
15,8323
1,8324
8,8325
12,8326
18,8327
7,8328
7,8329
13,8330
17,8331
9,8332
8,8333
12,8334
13,8335
14,8336
12,8337
17,8338
14,8339
16,8340
9,8341
12,8342
8,8343
10,8344
4,8345
13,8346
0,8347
19,8348
12,8349
16,8350
9,8351
17,8352
7,8353
19,8354
2,8355
11,8356
10,8357
0,8358
5,8359
16,8360
0,8361
7,8362
10,8363
2,8364
10,8365
12,8366
10,8367
1,8368
17,8369
9,8370
10,8371
14,8372
19,8373
13,8374
2,8375
5,8376
2,8377
13,8378
18,8379
17,8380
6,8381
0,8382
6,8383
0,8384
10,8385
10,8386
1,8387
18,8388
9,8389
11,8390
0,8391
19,8392
13,8393
18,8394
12,8395
18,8396
6,8397
6,8398
18,8399
15,8400
13,8401
16,8402
15,8403
6,8404
14,8405
5,8406
0,8407
0,8408
7,8409
13,8410
18,8411
8,8412
1,8413
14,8414
13,8415
15,8416
18,8417
17,8418
14,8419
12,8420
11,8421
6,8422
3,8423
11,8424
0,8425
1,8426
1,8427
3,8428
7,8429
4,8430
10,8431
6,8432
12,8433
14,8434
1,8435
17,8436
9,8437
2,8438
0,8439
10,8440
2,8441
3,8442
11,8443
16,8444
6,8445
6,8446
3,8447
4,8448
13,8449
1,8450
3,8451
14,8452
19,8453
0,8454
2,8455
17,8456
0,8457
9,8458
16,8459
5,8460
3,8461
2,8462
9,8463
1,8464
11,8465
8,8466
13,8467
5,8468
16,8469
10,8470
19,8471
9,8472
9,8473
16,8474
7,8475
18,8476
0,8477
16,8478
7,8479
5,8480
2,8481
3,8482
15,8483
9,8484
7,8485
11,8486
5,8487
5,8488
0,8489
3,8490
17,8491
13,8492
17,8493
14,8494
4,8495
13,8496
2,8497
12,8498
4,8499
13,8500
1,8501
5,8502
1,8503
14,8504
17,8505
13,8506
10,8507
18,8508
3,8509
2,8510
9,8511
14,8512
16,8513
2,8514
3,8515
8,8516
11,8517
13,8518
17,8519
9,8520
10,8521
4,8522
13,8523
17,8524
10,8525
6,8526
19,8527
17,8528
2,8529
3,8530
11,8531
19,8532
3,8533
3,8534
12,8535
7,8536
7,8537
9,8538
0,8539
9,8540
18,8541
12,8542
14,8543
16,8544
5,8545
1,8546
12,8547
9,8548
5,8549
11,8550
7,8551
13,8552
16,8553
18,8554
12,8555
15,8556
5,8557
13,8558
9,8559
10,8560
10,8561
14,8562
17,8563
13,8564
1,8565
17,8566
6,8567
7,8568
13,8569
18,8570
17,8571
12,8572
19,8573
14,8574
9,8575
11,8576
13,8577
13,8578
19,8579
8,8580
19,8581
9,8582
9,8583
6,8584
1,8585
9,8586
16,8587
0,8588
17,8589
2,8590
14,8591
3,8592
15,8593
9,8594
6,8595
6,8596
11,8597
11,8598
6,8599
19,8600
11,8601
13,8602
12,8603
10,8604
3,8605
4,8606
7,8607
2,8608
9,8609
15,8610
12,8611
4,8612
2,8613
12,8614
3,8615
19,8616
19,8617
2,8618
4,8619
13,8620
7,8621
8,8622
19,8623
9,8624
4,8625
13,8626
14,8627
11,8628
4,8629
8,8630
19,8631
13,8632
19,8633
12,8634
11,8635
14,8636
19,8637
18,8638
2,8639
10,8640
18,8641
8,8642
9,8643
10,8644
0,8645
7,8646
14,8647
10,8648
11,8649
16,8650
12,8651
10,8652
2,8653
17,8654
4,8655
10,8656
11,8657
6,8658
4,8659
16,8660
2,8661
14,8662
18,8663
19,8664
5,8665
0,8666
15,8667
15,8668
9,8669
11,8670
4,8671
6,8672
6,8673
17,8674
12,8675
8,8676
2,8677
14,8678
8,8679
3,8680
10,8681
10,8682
1,8683
12,8684
5,8685
16,8686
3,8687
7,8688
19,8689
0,8690
8,8691
3,8692
16,8693
19,8694
13,8695
1,8696
9,8697
15,8698
15,8699
9,8700
7,8701
4,8702
12,8703
7,8704
15,8705
5,8706
2,8707
8,8708
16,8709
8,8710
7,8711
0,8712
9,8713
14,8714
2,8715
3,8716
18,8717
17,8718
2,8719
16,8720
16,8721
7,8722
5,8723
1,8724
4,8725
0,8726
6,8727
6,8728
7,8729
19,8730
0,8731
18,8732
6,8733
0,8734
8,8735
8,8736
9,8737
7,8738
13,8739
17,8740
4,8741
12,8742
10,8743
18,8744
14,8745
3,8746
16,8747
2,8748
15,8749
3,8750
11,8751
3,8752
2,8753
5,8754
11,8755
18,8756
4,8757
11,8758
4,8759
9,8760
7,8761
13,8762
9,8763
11,8764
1,8765
15,8766
14,8767
19,8768
19,8769
0,8770
1,8771
0,8772
17,8773
4,8774
8,8775
13,8776
12,8777
15,8778
11,8779
14,8780
9,8781
9,8782
1,8783
6,8784
10,8785
6,8786
5,8787
3,8788
19,8789
15,8790
9,8791
16,8792
11,8793
19,8794
2,8795
13,8796
9,8797
14,8798
15,8799
14,8800
18,8801
18,8802
9,8803
15,8804
16,8805
3,8806
11,8807
13,8808
18,8809
4,8810
11,8811
19,8812
4,8813
8,8814
17,8815
19,8816
8,8817
14,8818
17,8819
4,8820
18,8821
8,8822
7,8823
19,8824
12,8825
10,8826
2,8827
2,8828
12,8829
5,8830
8,8831
5,8832
0,8833
3,8834
6,8835
11,8836
8,8837
7,8838
13,8839
18,8840
17,8841
19,8842
12,8843
1,8844
9,8845
2,8846
1,8847
1,8848
7,8849
17,8850
11,8851
3,8852
19,8853
3,8854
2,8855
6,8856
12,8857
8,8858
2,8859
5,8860
6,8861
7,8862
13,8863
16,8864
12,8865
11,8866
14,8867
16,8868
11,8869
2,8870
14,8871
4,8872
18,8873
3,8874
11,8875
14,8876
2,8877
8,8878
17,8879
14,8880
1,8881
4,8882
13,8883
17,8884
2,8885
3,8886
11,8887
11,8888
16,8889
1,8890
17,8891
8,8892
5,8893
7,8894
5,8895
8,8896
1,8897
4,8898
8,8899
7,8900
4,8901
1,8902
10,8903
3,8904
6,8905
17,8906
1,8907
18,8908
13,8909
12,8910
11,8911
9,8912
12,8913
14,8914
8,8915
19,8916
17,8917
10,8918
18,8919
5,8920
0,8921
3,8922
17,8923
10,8924
8,8925
5,8926
7,8927
7,8928
13,8929
17,8930
16,8931
9,8932
18,8933
15,8934
15,8935
14,8936
10,8937
0,8938
6,8939
7,8940
14,8941
13,8942
10,8943
2,8944
16,8945
5,8946
9,8947
14,8948
11,8949
14,8950
13,8951
1,8952
10,8953
10,8954
16,8955
8,8956
9,8957
11,8958
16,8959
1,8960
7,8961
5,8962
17,8963
18,8964
9,8965
11,8966
19,8967
11,8968
14,8969
14,8970
8,8971
17,8972
13,8973
19,8974
11,8975
4,8976
4,8977
0,8978
16,8979
4,8980
4,8981
5,8982
16,8983
17,8984
9,8985
0,8986
11,8987
6,8988
6,8989
17,8990
10,8991
2,8992
10,8993
16,8994
0,8995
11,8996
10,8997
17,8998
16,8999
5,9000
18,9001
15,9002
6,9003
11,9004
4,9005
13,9006
7,9007
10,9008
5,9009
15,9010
18,9011
8,9012
6,9013
10,9014
4,9015
11,9016
14,9017
11,9018
18,9019
1,9020
18,9021
0,9022
18,9023
17,9024
2,9025
2,9026
12,9027
16,9028
5,9029
4,9030
1,9031
4,9032
3,9033
14,9034
7,9035
1,9036
12,9037
11,9038
6,9039
9,9040
19,9041
10,9042
19,9043
18,9044
3,9045
11,9046
5,9047
0,9048
18,9049
10,9050
9,9051
18,9052
3,9053
8,9054
13,9055
8,9056
12,9057
0,9058
18,9059
15,9060
0,9061
8,9062
13,9063
4,9064
12,9065
19,9066
9,9067
11,9068
4,9069
17,9070
6,9071
4,9072
0,9073
6,9074
17,9075
18,9076
17,9077
10,9078
13,9079
10,9080
10,9081
19,9082
3,9083
18,9084
2,9085
12,9086
14,9087
12,9088
0,9089
7,9090
18,9091
6,9092
12,9093
4,9094
8,9095
3,9096
8,9097
9,9098
10,9099
10,9100
11,9101
15,9102
17,9103
2,9104
12,9105
15,9106
16,9107
19,9108
10,9109
10,9110
1,9111
2,9112
14,9113
13,9114
12,9115
13,9116
2,9117
4,9118
9,9119
19,9120
12,9121
15,9122
14,9123
15,9124
6,9125
9,9126
6,9127
9,9128
7,9129
16,9130
19,9131
11,9132
14,9133
11,9134
16,9135
19,9136
16,9137
14,9138
5,9139
15,9140
19,9141
14,9142
15,9143
1,9144
17,9145
2,9146
9,9147
7,9148
14,9149
18,9150
15,9151
5,9152
18,9153
14,9154
19,9155
10,9156
13,9157
14,9158
15,9159
17,9160
14,9161
15,9162
8,9163
13,9164
1,9165
10,9166
10,9167
4,9168
17,9169
11,9170
19,9171
0,9172
18,9173
8,9174
17,9175
19,9176
5,9177
9,9178
4,9179
0,9180
15,9181
3,9182
11,9183
16,9184
13,9185
6,9186
19,9187
15,9188
6,9189
8,9190
15,9191
19,9192
0,9193
3,9194
10,9195
1,9196
1,9197
12,9198
9,9199
16,9200
9,9201
6,9202
13,9203
17,9204
13,9205
13,9206
17,9207
4,9208
0,9209
19,9210
9,9211
6,9212
14,9213
11,9214
3,9215
16,9216
10,9217
11,9218
16,9219
15,9220
6,9221
7,9222
1,9223
4,9224
6,9225
3,9226
0,9227
6,9228
0,9229
3,9230
17,9231
17,9232
5,9233
3,9234
17,9235
7,9236
9,9237
6,9238
19,9239
12,9240
2,9241
12,9242
4,9243
0,9244
3,9245
19,9246
15,9247
4,9248
8,9249
13,9250
19,9251
9,9252
18,9253
13,9254
12,9255
9,9256
12,9257
15,9258
2,9259
15,9260
11,9261
3,9262
2,9263
10,9264
10,9265
3,9266
7,9267
2,9268
14,9269
19,9270
8,9271
5,9272
1,9273
5,9274
8,9275
5,9276
0,9277
19,9278
12,9279
2,9280
5,9281
3,9282
11,9283
4,9284
0,9285
3,9286
11,9287
5,9288
11,9289
2,9290
12,9291
19,9292
12,9293
15,9294
1,9295
4,9296
9,9297
15,9298
6,9299
16,9300
19,9301
3,9302
11,9303
1,9304
17,9305
4,9306
11,9307
0,9308
17,9309
4,9310
19,9311
5,9312
9,9313
1,9314
3,9315
13,9316
5,9317
14,9318
17,9319
1,9320
12,9321
4,9322
2,9323
18,9324
10,9325
10,9326
11,9327
19,9328
14,9329
19,9330
10,9331
19,9332
14,9333
5,9334
7,9335
14,9336
11,9337
9,9338
2,9339
9,9340
11,9341
16,9342
11,9343
19,9344
2,9345
12,9346
14,9347
3,9348
11,9349
17,9350
2,9351
10,9352
12,9353
1,9354
6,9355
12,9356
3,9357
2,9358
9,9359
18,9360
4,9361
8,9362
17,9363
8,9364
8,9365
8,9366
19,9367
3,9368
7,9369
19,9370
0,9371
9,9372
1,9373
6,9374
19,9375
19,9376
3,9377
17,9378
2,9379
9,9380
10,9381
10,9382
4,9383
14,9384
18,9385
3,9386
0,9387
3,9388
12,9389
17,9390
14,9391
3,9392
2,9393
17,9394
6,9395
6,9396
5,9397
18,9398
13,9399
5,9400
18,9401
0,9402
19,9403
0,9404
12,9405
3,9406
7,9407
12,9408
18,9409
15,9410
17,9411
7,9412
4,9413
2,9414
17,9415
16,9416
5,9417
10,9418
6,9419
16,9420
11,9421
12,9422
9,9423
2,9424
18,9425
16,9426
2,9427
9,9428
14,9429
16,9430
7,9431
4,9432
2,9433
5,9434
14,9435
18,9436
12,9437
3,9438
19,9439
17,9440
14,9441
7,9442
14,9443
19,9444
11,9445
11,9446
2,9447
11,9448
8,9449
8,9450
17,9451
15,9452
17,9453
15,9454
8,9455
11,9456
4,9457
5,9458
10,9459
4,9460
0,9461
12,9462
11,9463
0,9464
19,9465
8,9466
7,9467
14,9468
7,9469
0,9470
14,9471
3,9472
7,9473
9,9474
11,9475
2,9476
9,9477
14,9478
3,9479
13,9480
1,9481
14,9482
3,9483
7,9484
13,9485
5,9486
3,9487
3,9488
2,9489
7,9490
11,9491
11,9492
2,9493
17,9494
2,9495
9,9496
1,9497
18,9498
14,9499
8,9500
4,9501
0,9502
4,9503
17,9504
16,9505
17,9506
18,9507
2,9508
4,9509
5,9510
7,9511
2,9512
4,9513
15,9514
4,9515
14,9516
13,9517
6,9518
1,9519
4,9520
19,9521
15,9522
14,9523
18,9524
10,9525
5,9526
11,9527
11,9528
14,9529
15,9530
0,9531
1,9532
16,9533
12,9534
16,9535
19,9536
9,9537
6,9538
9,9539
6,9540
0,9541
6,9542
14,9543
13,9544
19,9545
5,9546
11,9547
12,9548
9,9549
11,9550
19,9551
18,9552
8,9553
1,9554
19,9555
3,9556
7,9557
19,9558
2,9559
9,9560
12,9561
0,9562
11,9563
13,9564
9,9565
0,9566
6,9567
14,9568
3,9569
12,9570
3,9571
16,9572
8,9573
17,9574
19,9575
19,9576
0,9577
7,9578
7,9579
14,9580
2,9581
6,9582
0,9583
14,9584
1,9585
18,9586
19,9587
0,9588
8,9589
2,9590
17,9591
0,9592
17,9593
9,9594
12,9595
7,9596
17,9597
13,9598
0,9599
17,9600
10,9601
16,9602
19,9603
2,9604
18,9605
10,9606
13,9607
7,9608
1,9609
7,9610
17,9611
4,9612
5,9613
9,9614
5,9615
3,9616
7,9617
11,9618
17,9619
13,9620
8,9621
8,9622
7,9623
11,9624
4,9625
14,9626
16,9627
10,9628
6,9629
2,9630
1,9631
12,9632
3,9633
11,9634
8,9635
0,9636
15,9637
8,9638
5,9639
4,9640
19,9641
11,9642
0,9643
12,9644
7,9645
13,9646
4,9647
0,9648
1,9649
19,9650
7,9651
13,9652
0,9653
4,9654
0,9655
10,9656
18,9657
14,9658
9,9659
11,9660
14,9661
5,9662
4,9663
14,9664
11,9665
16,9666
14,9667
3,9668
2,9669
6,9670
0,9671
10,9672
1,9673
6,9674
0,9675
1,9676
18,9677
18,9678
8,9679
4,9680
9,9681
19,9682
17,9683
4,9684
12,9685
14,9686
8,9687
10,9688
15,9689
16,9690
7,9691
10,9692
9,9693
12,9694
5,9695
5,9696
1,9697
18,9698
0,9699
3,9700
0,9701
4,9702
1,9703
3,9704
15,9705
10,9706
2,9707
19,9708
18,9709
1,9710
12,9711
16,9712
1,9713
12,9714
19,9715
9,9716
15,9717
6,9718
4,9719
11,9720
2,9721
14,9722
11,9723
13,9724
8,9725
5,9726
10,9727
16,9728
8,9729
19,9730
18,9731
18,9732
4,9733
0,9734
10,9735
10,9736
9,9737
7,9738
4,9739
8,9740
17,9741
5,9742
9,9743
7,9744
6,9745
4,9746
13,9747
14,9748
11,9749
14,9750
7,9751
7,9752
4,9753
14,9754
13,9755
0,9756
9,9757
14,9758
8,9759
4,9760
1,9761
12,9762
4,9763
11,9764
15,9765
17,9766
11,9767
13,9768
5,9769
1,9770
10,9771
10,9772
18,9773
13,9774
2,9775
18,9776
17,9777
17,9778
2,9779
10,9780
1,9781
6,9782
6,9783
0,9784
15,9785
4,9786
11,9787
2,9788
15,9789
12,9790
19,9791
18,9792
19,9793
0,9794
7,9795
11,9796
11,9797
14,9798
13,9799
14,9800
15,9801
4,9802
9,9803
1,9804
3,9805
19,9806
9,9807
11,9808
1,9809
15,9810
16,9811
12,9812
1,9813
4,9814
14,9815
11,9816
16,9817
19,9818
11,9819
4,9820
4,9821
8,9822
3,9823
19,9824
18,9825
2,9826
5,9827
4,9828
9,9829
2,9830
11,9831
14,9832
1,9833
12,9834
12,9835
11,9836
15,9837
17,9838
19,9839
3,9840
5,9841
0,9842
5,9843
10,9844
2,9845
17,9846
12,9847
19,9848
18,9849
16,9850
19,9851
0,9852
4,9853
14,9854
3,9855
6,9856
14,9857
8,9858
19,9859
18,9860
9,9861
12,9862
5,9863
19,9864
19,9865
0,9866
19,9867
3,9868
7,9869
7,9870
7,9871
17,9872
7,9873
13,9874
5,9875
3,9876
4,9877
3,9878
2,9879
15,9880
0,9881
11,9882
15,9883
8,9884
17,9885
12,9886
19,9887
3,9888
13,9889
5,9890
3,9891
16,9892
9,9893
0,9894
11,9895
12,9896
18,9897
9,9898
12,9899
5,9900
14,9901
9,9902
4,9903
3,9904
16,9905
18,9906
1,9907
3,9908
1,9909
16,9910
7,9911
11,9912
14,9913
8,9914
18,9915
1,9916
19,9917
1,9918
3,9919
10,9920
10,9921
14,9922
12,9923
12,9924
2,9925
11,9926
2,9927
18,9928
4,9929
2,9930
12,9931
1,9932
18,9933
13,9934
12,9935
3,9936
11,9937
4,9938
3,9939
11,9940
9,9941
13,9942
12,9943
16,9944
17,9945
18,9946
1,9947
12,9948
14,9949
11,9950
12,9951
8,9952
8,9953
19,9954
7,9955
7,9956
0,9957
19,9958
6,9959
17,9960
2,9961
7,9962
2,9963
14,9964
19,9965
1,9966
7,9967
13,9968
19,9969
17,9970
19,9971
14,9972
12,9973
9,9974
4,9975
1,9976
4,9977
1,9978
8,9979
4,9980
16,9981
4,9982
6,9983
12,9984
5,9985
9,9986
7,9987
11,9988
10,9989
18,9990
4,9991
17,9992
12,9993
12,9994
15,9995
15,9996
16,9997
4,9998
1,9999
