28,0
28,1
29,2
7,3
28,4
11,5
29,6
28,7
29,8
7,9
11,10
7,11
11,12
28,13
11,14
11,15
28,16
7,17
7,18
29,19
28,20
6,21
26,22
6,23
21,24
10,25
26,26
10,27
6,28
10,29
10,30
21,31
21,32
21,33
26,34
21,35
10,36
2,37
26,38
10,39
10,40
10,41
2,42
10,43
10,44
2,45
21,46
10,47
10,48
10,49
10,50
10,51
21,52
10,53
21,54
2,55
2,56
26,57
21,58
26,59
2,60
10,61
10,62
26,63
6,64
25,65
16,66
16,67
16,68
12,69
12,70
3,71
3,72
12,73
3,74
12,75
27,76
3,77
27,78
27,79
27,80
3,81
27,82
3,83
27,84
12,85
12,86
3,87
27,88
12,89
27,90
12,91
3,92
3,93
12,94
27,95
3,96
3,97
27,98
12,99
27,100
3,101
12,102
22,103
22,104
9,105
0,106
23,107
20,108
20,109
20,110
20,111
9,112
24,113
22,114
23,115
0,116
9,117
0,118
23,119
9,120
9,121
22,122
0,123
0,124
0,125
23,126
24,127
24,128
23,129
24,130
24,131
9,132
0,133
24,134
0,135
24,136
20,137
22,138
9,139
20,140
22,141
0,142
23,143
22,144
22,145
9,146
24,147
0,148
23,149
0,150
20,151
24,152
20,153
23,154
0,155
20,156
23,157
22,158
0,159
9,160
23,161
0,162
24,163
20,164
23,165
22,166
23,167
9,168
0,169
22,170
22,171
23,172
9,173
24,174
20,175
20,176
22,177
24,178
20,179
22,180
23,181
9,182
23,183
0,184
24,185
20,186
0,187
22,188
20,189
24,190
23,191
23,192
22,193
23,194
22,195
22,196
0,197
22,198
0,199
23,200
20,201
9,202
22,203
20,204
9,205
0,206
0,207
24,208
22,209
22,210
14,211
5,212
17,213
19,214
4,215
4,216
17,217
4,218
17,219
5,220
14,221
14,222
5,223
19,224
14,225
14,226
5,227
19,228
5,229
17,230
17,231
19,232
5,233
19,234
17,235
5,236
5,237
5,238
14,239
19,240
8,241
18,242
8,243
8,244
1,245
18,246
15,247
8,248
11,249
7,250
11,251
28,252
11,253
29,254
28,255
6,256
10,257
2,258
10,259
26,260
26,261
21,262
21,263
2,264
2,265
6,266
26,267
26,268
2,269
6,270
2,271
21,272
2,273
10,274
10,275
2,276
10,277
2,278
6,279
25,280
16,281
16,282
13,283
25,284
16,285
12,286
27,287
3,288
27,289
27,290
3,291
12,292
22,293
9,294
22,295
24,296
23,297
24,298
0,299
22,300
20,301
20,302
24,303
20,304
22,305
14,306
5,307
17,308
14,309
5,310
17,311
19,312
8,313
1,314
8,315
18,316
18,317
18,318
1,319
18,320
18,321
15,322
1,323
8,324
8,325
18,326
15,327
8,328
18,329
15,330
8,331
8,332
1,333
18,334
8,335
1,336
15,337
8,338
15,339
15,340
18,341
18,342
8,343
11,344
11,345
28,346
6,347
25,348
13,349
13,350
16,351
13,352
25,353
16,354
12,355
22,356
14,357
14,358
19,359
14,360
5,361
4,362
14,363
17,364
5,365
14,366
5,367
17,368
14,369
5,370
14,371
14,372
19,373
14,374
5,375
14,376
14,377
14,378
14,379
14,380
19,381
17,382
19,383
19,384
8,385
15,386
18,387
15,388
8,389
8,390
1,391
8,392
18,393
15,394
8,395
15,396
18,397
1,398
15,399
18,400
1,401
8,402
1,403
8,404
1,405
1,406
15,407
15,408
15,409
18,410
15,411
8,412
11,413
7,414
29,415
29,416
7,417
11,418
11,419
11,420
29,421
28,422
28,423
7,424
28,425
29,426
11,427
28,428
6,429
10,430
6,431
26,432
26,433
10,434
6,435
21,436
6,437
6,438
10,439
2,440
10,441
26,442
6,443
21,444
26,445
26,446
21,447
2,448
26,449
26,450
2,451
6,452
6,453
10,454
10,455
21,456
6,457
26,458
2,459
2,460
21,461
6,462
2,463
26,464
2,465
26,466
26,467
6,468
6,469
10,470
6,471
21,472
6,473
10,474
10,475
2,476
21,477
21,478
6,479
25,480
13,481
16,482
25,483
13,484
13,485
16,486
13,487
25,488
25,489
13,490
25,491
13,492
16,493
13,494
25,495
16,496
25,497
25,498
25,499
16,500
12,501
27,502
12,503
22,504
14,505
4,506
4,507
5,508
19,509
8,510
1,511
15,512
15,513
15,514
8,515
8,516
8,517
1,518
8,519
8,520
11,521
7,522
11,523
29,524
11,525
11,526
7,527
28,528
6,529
10,530
26,531
21,532
10,533
2,534
10,535
10,536
26,537
21,538
6,539
21,540
21,541
2,542
2,543
26,544
2,545
10,546
2,547
2,548
6,549
6,550
25,551
16,552
13,553
16,554
16,555
16,556
13,557
16,558
16,559
12,560
12,561
3,562
3,563
27,564
3,565
3,566
27,567
12,568
3,569
12,570
12,571
12,572
22,573
23,574
0,575
0,576
22,577
22,578
23,579
20,580
23,581
9,582
23,583
22,584
14,585
4,586
5,587
17,588
19,589
14,590
4,591
17,592
17,593
4,594
19,595
4,596
17,597
17,598
19,599
19,600
5,601
4,602
14,603
19,604
14,605
19,606
8,607
15,608
15,609
8,610
15,611
15,612
15,613
18,614
15,615
18,616
1,617
18,618
18,619
15,620
18,621
15,622
8,623
15,624
15,625
18,626
18,627
1,628
8,629
11,630
28,631
29,632
11,633
29,634
28,635
28,636
29,637
29,638
11,639
29,640
7,641
29,642
28,643
28,644
28,645
6,646
26,647
2,648
6,649
25,650
13,651
13,652
13,653
13,654
13,655
25,656
16,657
12,658
27,659
12,660
3,661
3,662
12,663
12,664
22,665
24,666
22,667
14,668
17,669
14,670
5,671
5,672
5,673
19,674
5,675
5,676
17,677
4,678
19,679
5,680
14,681
5,682
17,683
14,684
14,685
19,686
4,687
19,688
17,689
17,690
19,691
8,692
1,693
1,694
8,695
8,696
8,697
11,698
11,699
7,700
28,701
11,702
7,703
29,704
7,705
11,706
11,707
11,708
28,709
28,710
6,711
6,712
25,713
25,714
25,715
25,716
16,717
25,718
13,719
13,720
16,721
25,722
16,723
13,724
16,725
25,726
13,727
16,728
12,729
22,730
24,731
23,732
20,733
0,734
24,735
24,736
23,737
22,738
14,739
4,740
5,741
4,742
4,743
4,744
19,745
8,746
1,747
8,748
1,749
1,750
1,751
15,752
18,753
8,754
11,755
29,756
29,757
29,758
11,759
7,760
11,761
28,762
28,763
6,764
21,765
6,766
25,767
16,768
25,769
13,770
16,771
12,772
12,773
3,774
12,775
22,776
0,777
23,778
23,779
22,780
20,781
22,782
24,783
0,784
22,785
24,786
23,787
0,788
24,789
24,790
9,791
23,792
22,793
14,794
19,795
17,796
14,797
4,798
14,799
14,800
14,801
5,802
17,803
17,804
17,805
4,806
14,807
17,808
19,809
5,810
19,811
19,812
4,813
14,814
17,815
17,816
17,817
4,818
5,819
14,820
14,821
14,822
17,823
19,824
14,825
5,826
17,827
19,828
5,829
17,830
5,831
5,832
19,833
8,834
15,835
8,836
15,837
15,838
8,839
8,840
18,841
8,842
18,843
8,844
11,845
7,846
28,847
29,848
11,849
11,850
29,851
29,852
11,853
28,854
11,855
29,856
28,857
11,858
11,859
11,860
28,861
11,862
11,863
29,864
7,865
7,866
29,867
11,868
29,869
7,870
28,871
29,872
28,873
29,874
11,875
7,876
7,877
29,878
7,879
7,880
29,881
11,882
28,883
6,884
25,885
16,886
25,887
25,888
13,889
25,890
16,891
13,892
25,893
13,894
16,895
13,896
16,897
25,898
16,899
16,900
25,901
16,902
25,903
25,904
13,905
25,906
25,907
13,908
13,909
13,910
16,911
25,912
25,913
16,914
16,915
12,916
22,917
9,918
0,919
9,920
22,921
9,922
23,923
0,924
23,925
23,926
20,927
0,928
24,929
9,930
20,931
9,932
23,933
9,934
20,935
0,936
20,937
0,938
20,939
0,940
9,941
0,942
9,943
9,944
23,945
22,946
0,947
0,948
0,949
23,950
9,951
9,952
20,953
20,954
22,955
9,956
0,957
20,958
23,959
22,960
14,961
14,962
19,963
4,964
17,965
4,966
14,967
19,968
19,969
19,970
8,971
1,972
1,973
15,974
18,975
15,976
15,977
18,978
1,979
18,980
1,981
15,982
1,983
8,984
8,985
1,986
18,987
15,988
1,989
18,990
8,991
18,992
15,993
18,994
18,995
18,996
15,997
8,998
8,999
1,1000
15,1001
15,1002
8,1003
18,1004
8,1005
8,1006
11,1007
7,1008
29,1009
29,1010
28,1011
28,1012
11,1013
28,1014
28,1015
29,1016
29,1017
28,1018
6,1019
26,1020
6,1021
6,1022
21,1023
6,1024
21,1025
21,1026
10,1027
10,1028
6,1029
2,1030
6,1031
26,1032
26,1033
2,1034
26,1035
2,1036
21,1037
2,1038
26,1039
6,1040
2,1041
21,1042
10,1043
6,1044
26,1045
10,1046
6,1047
10,1048
6,1049
26,1050
2,1051
21,1052
26,1053
2,1054
10,1055
10,1056
26,1057
2,1058
10,1059
21,1060
10,1061
6,1062
25,1063
16,1064
16,1065
12,1066
22,1067
20,1068
24,1069
23,1070
0,1071
23,1072
0,1073
0,1074
22,1075
22,1076
14,1077
14,1078
5,1079
5,1080
4,1081
4,1082
19,1083
19,1084
4,1085
5,1086
19,1087
17,1088
19,1089
5,1090
14,1091
5,1092
19,1093
17,1094
4,1095
5,1096
4,1097
17,1098
4,1099
5,1100
17,1101
4,1102
5,1103
5,1104
4,1105
19,1106
5,1107
5,1108
19,1109
17,1110
19,1111
8,1112
11,1113
29,1114
7,1115
28,1116
11,1117
29,1118
7,1119
29,1120
11,1121
11,1122
29,1123
29,1124
7,1125
29,1126
29,1127
7,1128
11,1129
29,1130
7,1131
28,1132
6,1133
6,1134
26,1135
2,1136
6,1137
25,1138
13,1139
16,1140
12,1141
12,1142
3,1143
27,1144
27,1145
12,1146
27,1147
27,1148
3,1149
3,1150
27,1151
12,1152
12,1153
12,1154
22,1155
9,1156
23,1157
22,1158
22,1159
23,1160
23,1161
22,1162
9,1163
22,1164
24,1165
22,1166
23,1167
9,1168
24,1169
22,1170
22,1171
9,1172
20,1173
20,1174
0,1175
0,1176
23,1177
20,1178
22,1179
20,1180
20,1181
0,1182
0,1183
23,1184
20,1185
20,1186
0,1187
9,1188
22,1189
0,1190
24,1191
0,1192
20,1193
22,1194
20,1195
0,1196
23,1197
0,1198
24,1199
22,1200
22,1201
9,1202
20,1203
20,1204
22,1205
14,1206
17,1207
5,1208
14,1209
5,1210
4,1211
5,1212
17,1213
14,1214
17,1215
14,1216
4,1217
5,1218
4,1219
5,1220
17,1221
5,1222
14,1223
14,1224
4,1225
4,1226
17,1227
5,1228
19,1229
5,1230
19,1231
14,1232
17,1233
5,1234
17,1235
4,1236
17,1237
19,1238
4,1239
14,1240
4,1241
4,1242
4,1243
4,1244
14,1245
17,1246
19,1247
4,1248
17,1249
5,1250
4,1251
5,1252
14,1253
19,1254
19,1255
19,1256
5,1257
14,1258
17,1259
17,1260
14,1261
17,1262
5,1263
5,1264
14,1265
4,1266
19,1267
14,1268
14,1269
14,1270
19,1271
4,1272
14,1273
5,1274
4,1275
14,1276
19,1277
4,1278
14,1279
4,1280
5,1281
4,1282
14,1283
5,1284
4,1285
5,1286
14,1287
14,1288
19,1289
4,1290
14,1291
5,1292
17,1293
17,1294
19,1295
19,1296
4,1297
5,1298
19,1299
5,1300
14,1301
17,1302
19,1303
4,1304
17,1305
5,1306
5,1307
5,1308
14,1309
4,1310
17,1311
4,1312
17,1313
4,1314
19,1315
4,1316
14,1317
17,1318
17,1319
19,1320
4,1321
14,1322
17,1323
14,1324
4,1325
17,1326
19,1327
4,1328
14,1329
4,1330
19,1331
8,1332
15,1333
1,1334
15,1335
1,1336
18,1337
8,1338
1,1339
15,1340
1,1341
18,1342
8,1343
8,1344
18,1345
8,1346
15,1347
18,1348
18,1349
15,1350
8,1351
1,1352
15,1353
8,1354
1,1355
18,1356
15,1357
15,1358
15,1359
18,1360
15,1361
18,1362
18,1363
8,1364
11,1365
7,1366
7,1367
28,1368
6,1369
6,1370
2,1371
6,1372
25,1373
13,1374
25,1375
13,1376
16,1377
16,1378
13,1379
25,1380
13,1381
16,1382
25,1383
13,1384
13,1385
13,1386
13,1387
25,1388
16,1389
16,1390
25,1391
13,1392
25,1393
25,1394
13,1395
16,1396
12,1397
22,1398
20,1399
20,1400
9,1401
9,1402
20,1403
23,1404
23,1405
20,1406
0,1407
23,1408
22,1409
14,1410
17,1411
5,1412
14,1413
14,1414
4,1415
4,1416
5,1417
4,1418
17,1419
4,1420
5,1421
17,1422
4,1423
5,1424
4,1425
4,1426
4,1427
19,1428
4,1429
17,1430
5,1431
4,1432
17,1433
14,1434
17,1435
5,1436
17,1437
5,1438
5,1439
19,1440
17,1441
19,1442
4,1443
5,1444
14,1445
19,1446
19,1447
5,1448
19,1449
8,1450
15,1451
15,1452
18,1453
15,1454
1,1455
8,1456
18,1457
8,1458
15,1459
15,1460
8,1461
8,1462
8,1463
11,1464
28,1465
29,1466
28,1467
7,1468
7,1469
29,1470
11,1471
28,1472
6,1473
21,1474
21,1475
26,1476
21,1477
6,1478
6,1479
26,1480
2,1481
10,1482
21,1483
10,1484
26,1485
2,1486
2,1487
21,1488
21,1489
2,1490
26,1491
26,1492
6,1493
25,1494
13,1495
16,1496
16,1497
16,1498
12,1499
12,1500
27,1501
27,1502
12,1503
3,1504
27,1505
27,1506
27,1507
12,1508
22,1509
22,1510
9,1511
23,1512
9,1513
23,1514
9,1515
22,1516
0,1517
9,1518
9,1519
0,1520
23,1521
22,1522
20,1523
0,1524
22,1525
0,1526
0,1527
20,1528
23,1529
22,1530
24,1531
24,1532
9,1533
22,1534
14,1535
5,1536
19,1537
17,1538
4,1539
5,1540
19,1541
14,1542
4,1543
19,1544
4,1545
14,1546
4,1547
5,1548
4,1549
14,1550
5,1551
4,1552
14,1553
14,1554
19,1555
4,1556
5,1557
5,1558
5,1559
17,1560
17,1561
5,1562
17,1563
17,1564
17,1565
19,1566
14,1567
14,1568
5,1569
17,1570
17,1571
4,1572
17,1573
5,1574
14,1575
14,1576
14,1577
19,1578
4,1579
14,1580
4,1581
14,1582
17,1583
14,1584
19,1585
17,1586
4,1587
17,1588
5,1589
14,1590
5,1591
17,1592
14,1593
17,1594
5,1595
14,1596
19,1597
14,1598
4,1599
17,1600
19,1601
4,1602
14,1603
17,1604
4,1605
14,1606
5,1607
14,1608
4,1609
17,1610
19,1611
4,1612
19,1613
14,1614
5,1615
5,1616
17,1617
5,1618
19,1619
8,1620
18,1621
1,1622
1,1623
1,1624
18,1625
8,1626
18,1627
1,1628
15,1629
1,1630
8,1631
11,1632
7,1633
7,1634
7,1635
7,1636
28,1637
6,1638
25,1639
16,1640
25,1641
25,1642
16,1643
16,1644
12,1645
22,1646
9,1647
23,1648
22,1649
14,1650
17,1651
5,1652
17,1653
19,1654
5,1655
5,1656
14,1657
17,1658
4,1659
5,1660
4,1661
4,1662
14,1663
14,1664
4,1665
4,1666
4,1667
14,1668
17,1669
5,1670
5,1671
14,1672
14,1673
19,1674
19,1675
17,1676
5,1677
4,1678
17,1679
14,1680
5,1681
19,1682
19,1683
5,1684
5,1685
17,1686
4,1687
4,1688
5,1689
14,1690
17,1691
14,1692
14,1693
4,1694
14,1695
14,1696
17,1697
14,1698
19,1699
5,1700
19,1701
5,1702
4,1703
5,1704
17,1705
5,1706
14,1707
19,1708
19,1709
19,1710
5,1711
14,1712
4,1713
19,1714
17,1715
5,1716
5,1717
19,1718
8,1719
15,1720
18,1721
18,1722
18,1723
1,1724
15,1725
8,1726
11,1727
28,1728
6,1729
25,1730
13,1731
25,1732
16,1733
12,1734
27,1735
3,1736
3,1737
3,1738
3,1739
3,1740
12,1741
27,1742
12,1743
27,1744
12,1745
22,1746
9,1747
20,1748
20,1749
20,1750
20,1751
23,1752
22,1753
14,1754
17,1755
19,1756
14,1757
5,1758
14,1759
4,1760
19,1761
5,1762
5,1763
17,1764
17,1765
17,1766
5,1767
17,1768
17,1769
5,1770
5,1771
17,1772
14,1773
17,1774
17,1775
14,1776
17,1777
17,1778
14,1779
14,1780
4,1781
4,1782
17,1783
19,1784
17,1785
17,1786
17,1787
19,1788
4,1789
14,1790
4,1791
4,1792
17,1793
4,1794
14,1795
17,1796
14,1797
19,1798
14,1799
19,1800
14,1801
19,1802
19,1803
19,1804
17,1805
14,1806
17,1807
19,1808
8,1809
1,1810
1,1811
18,1812
8,1813
11,1814
7,1815
7,1816
11,1817
11,1818
28,1819
29,1820
29,1821
29,1822
11,1823
29,1824
29,1825
28,1826
6,1827
21,1828
21,1829
26,1830
2,1831
21,1832
10,1833
21,1834
26,1835
6,1836
25,1837
25,1838
16,1839
16,1840
12,1841
22,1842
0,1843
20,1844
9,1845
9,1846
22,1847
23,1848
0,1849
20,1850
0,1851
20,1852
22,1853
24,1854
24,1855
23,1856
23,1857
22,1858
20,1859
22,1860
20,1861
20,1862
9,1863
9,1864
24,1865
23,1866
24,1867
0,1868
22,1869
0,1870
24,1871
9,1872
20,1873
0,1874
9,1875
22,1876
0,1877
22,1878
23,1879
0,1880
23,1881
22,1882
9,1883
23,1884
23,1885
9,1886
9,1887
0,1888
24,1889
22,1890
14,1891
14,1892
17,1893
19,1894
5,1895
17,1896
19,1897
5,1898
14,1899
17,1900
4,1901
5,1902
17,1903
5,1904
19,1905
17,1906
19,1907
5,1908
4,1909
19,1910
5,1911
14,1912
14,1913
5,1914
17,1915
17,1916
5,1917
19,1918
8,1919
11,1920
29,1921
29,1922
11,1923
11,1924
28,1925
6,1926
25,1927
25,1928
13,1929
25,1930
13,1931
13,1932
25,1933
13,1934
25,1935
13,1936
16,1937
25,1938
13,1939
25,1940
16,1941
16,1942
16,1943
13,1944
16,1945
25,1946
25,1947
25,1948
16,1949
25,1950
13,1951
25,1952
25,1953
25,1954
13,1955
13,1956
25,1957
16,1958
13,1959
13,1960
16,1961
12,1962
3,1963
12,1964
3,1965
27,1966
3,1967
27,1968
12,1969
22,1970
24,1971
24,1972
22,1973
23,1974
20,1975
22,1976
22,1977
24,1978
23,1979
20,1980
22,1981
23,1982
0,1983
0,1984
24,1985
22,1986
14,1987
5,1988
17,1989
14,1990
5,1991
14,1992
19,1993
4,1994
17,1995
19,1996
14,1997
17,1998
4,1999
19,2000
17,2001
5,2002
14,2003
19,2004
14,2005
5,2006
5,2007
5,2008
4,2009
4,2010
4,2011
19,2012
14,2013
17,2014
14,2015
14,2016
19,2017
4,2018
4,2019
19,2020
19,2021
19,2022
14,2023
17,2024
17,2025
14,2026
14,2027
17,2028
14,2029
19,2030
5,2031
4,2032
14,2033
14,2034
4,2035
19,2036
17,2037
17,2038
17,2039
14,2040
5,2041
17,2042
5,2043
19,2044
5,2045
5,2046
14,2047
14,2048
14,2049
4,2050
14,2051
5,2052
5,2053
17,2054
19,2055
19,2056
8,2057
8,2058
8,2059
8,2060
15,2061
18,2062
1,2063
8,2064
1,2065
15,2066
18,2067
18,2068
15,2069
15,2070
18,2071
18,2072
1,2073
18,2074
1,2075
8,2076
11,2077
7,2078
29,2079
11,2080
7,2081
7,2082
28,2083
29,2084
29,2085
29,2086
11,2087
7,2088
11,2089
11,2090
11,2091
28,2092
6,2093
2,2094
6,2095
2,2096
21,2097
21,2098
26,2099
21,2100
6,2101
25,2102
25,2103
13,2104
16,2105
25,2106
25,2107
25,2108
13,2109
25,2110
16,2111
13,2112
16,2113
12,2114
22,2115
14,2116
5,2117
19,2118
14,2119
5,2120
4,2121
17,2122
17,2123
5,2124
17,2125
17,2126
19,2127
19,2128
14,2129
17,2130
19,2131
14,2132
14,2133
19,2134
8,2135
11,2136
28,2137
11,2138
7,2139
28,2140
29,2141
7,2142
29,2143
11,2144
11,2145
29,2146
28,2147
11,2148
7,2149
7,2150
7,2151
11,2152
29,2153
28,2154
6,2155
21,2156
2,2157
26,2158
26,2159
10,2160
10,2161
2,2162
26,2163
26,2164
26,2165
26,2166
2,2167
6,2168
10,2169
10,2170
2,2171
26,2172
26,2173
21,2174
26,2175
26,2176
6,2177
2,2178
10,2179
26,2180
10,2181
6,2182
10,2183
6,2184
25,2185
25,2186
16,2187
25,2188
25,2189
25,2190
25,2191
25,2192
16,2193
12,2194
12,2195
3,2196
12,2197
12,2198
3,2199
3,2200
27,2201
12,2202
3,2203
3,2204
27,2205
3,2206
12,2207
22,2208
14,2209
4,2210
17,2211
19,2212
14,2213
19,2214
17,2215
19,2216
8,2217
18,2218
18,2219
15,2220
1,2221
15,2222
15,2223
18,2224
8,2225
11,2226
11,2227
7,2228
11,2229
7,2230
11,2231
28,2232
28,2233
28,2234
6,2235
6,2236
26,2237
10,2238
6,2239
26,2240
2,2241
6,2242
21,2243
26,2244
10,2245
26,2246
21,2247
6,2248
6,2249
26,2250
2,2251
21,2252
10,2253
26,2254
21,2255
2,2256
2,2257
21,2258
21,2259
2,2260
21,2261
26,2262
6,2263
2,2264
26,2265
21,2266
10,2267
26,2268
21,2269
6,2270
6,2271
10,2272
10,2273
10,2274
21,2275
21,2276
6,2277
2,2278
10,2279
2,2280
6,2281
6,2282
25,2283
16,2284
12,2285
27,2286
3,2287
12,2288
27,2289
3,2290
3,2291
12,2292
3,2293
12,2294
3,2295
12,2296
3,2297
12,2298
27,2299
27,2300
12,2301
12,2302
22,2303
22,2304
24,2305
20,2306
9,2307
20,2308
0,2309
22,2310
9,2311
24,2312
20,2313
0,2314
20,2315
22,2316
20,2317
0,2318
24,2319
24,2320
9,2321
23,2322
0,2323
0,2324
22,2325
24,2326
20,2327
9,2328
23,2329
22,2330
9,2331
9,2332
22,2333
20,2334
20,2335
20,2336
9,2337
24,2338
9,2339
9,2340
0,2341
23,2342
9,2343
9,2344
20,2345
0,2346
0,2347
9,2348
9,2349
24,2350
24,2351
24,2352
20,2353
9,2354
9,2355
9,2356
24,2357
22,2358
20,2359
0,2360
23,2361
9,2362
24,2363
0,2364
0,2365
23,2366
23,2367
0,2368
24,2369
24,2370
24,2371
0,2372
24,2373
23,2374
20,2375
0,2376
9,2377
23,2378
0,2379
24,2380
23,2381
0,2382
9,2383
0,2384
23,2385
22,2386
0,2387
20,2388
9,2389
9,2390
22,2391
22,2392
24,2393
9,2394
23,2395
9,2396
22,2397
20,2398
23,2399
23,2400
20,2401
24,2402
9,2403
20,2404
23,2405
0,2406
22,2407
14,2408
5,2409
17,2410
19,2411
19,2412
19,2413
5,2414
19,2415
8,2416
8,2417
18,2418
18,2419
18,2420
15,2421
1,2422
15,2423
8,2424
18,2425
15,2426
8,2427
1,2428
18,2429
1,2430
15,2431
8,2432
1,2433
15,2434
1,2435
8,2436
15,2437
18,2438
1,2439
15,2440
8,2441
1,2442
8,2443
15,2444
18,2445
1,2446
15,2447
18,2448
15,2449
18,2450
18,2451
15,2452
15,2453
18,2454
1,2455
15,2456
1,2457
8,2458
15,2459
18,2460
8,2461
18,2462
8,2463
18,2464
1,2465
8,2466
1,2467
15,2468
15,2469
8,2470
1,2471
1,2472
8,2473
8,2474
11,2475
28,2476
28,2477
7,2478
28,2479
29,2480
7,2481
11,2482
29,2483
29,2484
29,2485
11,2486
11,2487
11,2488
28,2489
6,2490
10,2491
21,2492
2,2493
10,2494
21,2495
21,2496
26,2497
21,2498
6,2499
21,2500
2,2501
10,2502
2,2503
26,2504
2,2505
21,2506
6,2507
10,2508
21,2509
2,2510
10,2511
10,2512
21,2513
21,2514
21,2515
6,2516
21,2517
26,2518
6,2519
25,2520
25,2521
13,2522
16,2523
25,2524
25,2525
13,2526
13,2527
16,2528
13,2529
16,2530
12,2531
27,2532
3,2533
3,2534
27,2535
12,2536
3,2537
3,2538
12,2539
3,2540
12,2541
27,2542
27,2543
12,2544
3,2545
27,2546
3,2547
3,2548
12,2549
3,2550
27,2551
12,2552
12,2553
3,2554
3,2555
3,2556
12,2557
22,2558
24,2559
9,2560
20,2561
23,2562
24,2563
22,2564
22,2565
14,2566
19,2567
5,2568
19,2569
5,2570
4,2571
17,2572
4,2573
14,2574
14,2575
4,2576
14,2577
14,2578
19,2579
17,2580
5,2581
17,2582
14,2583
19,2584
4,2585
19,2586
19,2587
8,2588
8,2589
11,2590
29,2591
29,2592
29,2593
29,2594
11,2595
11,2596
29,2597
11,2598
29,2599
29,2600
7,2601
29,2602
28,2603
6,2604
21,2605
6,2606
26,2607
26,2608
21,2609
21,2610
2,2611
6,2612
2,2613
2,2614
26,2615
21,2616
21,2617
2,2618
26,2619
26,2620
10,2621
10,2622
6,2623
6,2624
6,2625
26,2626
26,2627
21,2628
6,2629
26,2630
6,2631
21,2632
21,2633
10,2634
26,2635
6,2636
10,2637
2,2638
26,2639
6,2640
21,2641
6,2642
6,2643
2,2644
21,2645
26,2646
2,2647
10,2648
2,2649
2,2650
6,2651
26,2652
6,2653
2,2654
21,2655
6,2656
21,2657
21,2658
10,2659
2,2660
2,2661
21,2662
26,2663
21,2664
2,2665
26,2666
2,2667
21,2668
26,2669
10,2670
21,2671
10,2672
6,2673
25,2674
25,2675
25,2676
25,2677
16,2678
13,2679
13,2680
13,2681
13,2682
16,2683
16,2684
16,2685
25,2686
13,2687
16,2688
13,2689
16,2690
16,2691
16,2692
25,2693
25,2694
13,2695
25,2696
25,2697
25,2698
16,2699
25,2700
25,2701
16,2702
25,2703
16,2704
25,2705
13,2706
13,2707
13,2708
16,2709
12,2710
12,2711
27,2712
3,2713
3,2714
27,2715
3,2716
3,2717
3,2718
3,2719
12,2720
22,2721
24,2722
9,2723
20,2724
0,2725
0,2726
0,2727
20,2728
9,2729
20,2730
22,2731
14,2732
4,2733
17,2734
19,2735
5,2736
4,2737
19,2738
5,2739
5,2740
17,2741
14,2742
5,2743
14,2744
4,2745
17,2746
4,2747
19,2748
4,2749
14,2750
5,2751
4,2752
19,2753
4,2754
4,2755
14,2756
5,2757
17,2758
5,2759
19,2760
19,2761
14,2762
5,2763
19,2764
8,2765
18,2766
1,2767
1,2768
1,2769
1,2770
15,2771
18,2772
8,2773
11,2774
29,2775
7,2776
29,2777
11,2778
7,2779
29,2780
11,2781
11,2782
28,2783
29,2784
11,2785
11,2786
7,2787
11,2788
11,2789
28,2790
6,2791
2,2792
21,2793
26,2794
21,2795
10,2796
2,2797
2,2798
6,2799
26,2800
6,2801
26,2802
21,2803
26,2804
10,2805
2,2806
21,2807
6,2808
10,2809
6,2810
6,2811
26,2812
6,2813
6,2814
10,2815
2,2816
26,2817
2,2818
26,2819
6,2820
6,2821
2,2822
10,2823
6,2824
26,2825
21,2826
2,2827
26,2828
10,2829
26,2830
2,2831
26,2832
2,2833
26,2834
26,2835
2,2836
6,2837
25,2838
25,2839
25,2840
16,2841
13,2842
25,2843
16,2844
12,2845
12,2846
3,2847
3,2848
3,2849
27,2850
3,2851
3,2852
12,2853
22,2854
23,2855
23,2856
24,2857
22,2858
22,2859
24,2860
0,2861
23,2862
24,2863
0,2864
0,2865
9,2866
22,2867
14,2868
19,2869
5,2870
17,2871
14,2872
5,2873
4,2874
14,2875
4,2876
5,2877
19,2878
14,2879
17,2880
19,2881
17,2882
19,2883
14,2884
14,2885
19,2886
4,2887
5,2888
4,2889
14,2890
14,2891
4,2892
5,2893
4,2894
17,2895
14,2896
4,2897
17,2898
17,2899
14,2900
17,2901
5,2902
14,2903
5,2904
17,2905
19,2906
4,2907
14,2908
17,2909
4,2910
4,2911
5,2912
17,2913
14,2914
5,2915
19,2916
4,2917
4,2918
5,2919
14,2920
14,2921
19,2922
5,2923
19,2924
14,2925
5,2926
17,2927
5,2928
19,2929
5,2930
5,2931
14,2932
14,2933
5,2934
14,2935
17,2936
5,2937
17,2938
17,2939
4,2940
4,2941
17,2942
14,2943
4,2944
5,2945
19,2946
14,2947
17,2948
4,2949
14,2950
17,2951
17,2952
14,2953
17,2954
19,2955
8,2956
11,2957
11,2958
29,2959
7,2960
11,2961
29,2962
11,2963
28,2964
29,2965
11,2966
28,2967
7,2968
29,2969
7,2970
7,2971
28,2972
28,2973
11,2974
7,2975
29,2976
11,2977
7,2978
28,2979
29,2980
29,2981
29,2982
28,2983
7,2984
11,2985
11,2986
11,2987
29,2988
28,2989
6,2990
2,2991
26,2992
6,2993
25,2994
13,2995
13,2996
25,2997
16,2998
16,2999
25,3000
13,3001
25,3002
16,3003
13,3004
13,3005
16,3006
16,3007
25,3008
16,3009
12,3010
12,3011
27,3012
12,3013
3,3014
3,3015
3,3016
12,3017
27,3018
12,3019
27,3020
3,3021
27,3022
12,3023
27,3024
12,3025
27,3026
3,3027
12,3028
22,3029
24,3030
9,3031
23,3032
0,3033
22,3034
14,3035
5,3036
5,3037
4,3038
17,3039
4,3040
4,3041
19,3042
8,3043
11,3044
11,3045
29,3046
28,3047
7,3048
11,3049
7,3050
29,3051
7,3052
11,3053
29,3054
7,3055
7,3056
29,3057
7,3058
29,3059
11,3060
28,3061
11,3062
11,3063
28,3064
29,3065
28,3066
29,3067
7,3068
29,3069
7,3070
29,3071
7,3072
11,3073
29,3074
7,3075
7,3076
29,3077
11,3078
28,3079
6,3080
6,3081
26,3082
26,3083
21,3084
6,3085
26,3086
6,3087
6,3088
2,3089
2,3090
21,3091
26,3092
26,3093
26,3094
6,3095
25,3096
13,3097
16,3098
12,3099
27,3100
3,3101
3,3102
27,3103
27,3104
12,3105
22,3106
9,3107
24,3108
24,3109
9,3110
24,3111
20,3112
9,3113
22,3114
9,3115
9,3116
22,3117
22,3118
14,3119
17,3120
4,3121
19,3122
17,3123
19,3124
8,3125
18,3126
8,3127
18,3128
8,3129
1,3130
18,3131
18,3132
18,3133
1,3134
1,3135
18,3136
8,3137
15,3138
15,3139
8,3140
8,3141
8,3142
8,3143
15,3144
18,3145
18,3146
15,3147
15,3148
18,3149
18,3150
8,3151
18,3152
1,3153
1,3154
18,3155
8,3156
18,3157
1,3158
15,3159
15,3160
8,3161
1,3162
1,3163
8,3164
15,3165
1,3166
8,3167
1,3168
1,3169
1,3170
8,3171
18,3172
18,3173
15,3174
1,3175
1,3176
8,3177
15,3178
1,3179
8,3180
8,3181
18,3182
1,3183
1,3184
8,3185
1,3186
18,3187
8,3188
15,3189
1,3190
15,3191
8,3192
11,3193
11,3194
29,3195
28,3196
6,3197
6,3198
2,3199
10,3200
2,3201
10,3202
10,3203
26,3204
2,3205
2,3206
2,3207
6,3208
26,3209
2,3210
10,3211
26,3212
2,3213
21,3214
6,3215
26,3216
6,3217
25,3218
16,3219
12,3220
22,3221
14,3222
17,3223
4,3224
4,3225
14,3226
5,3227
5,3228
5,3229
14,3230
5,3231
14,3232
5,3233
4,3234
4,3235
17,3236
5,3237
17,3238
17,3239
17,3240
17,3241
19,3242
8,3243
8,3244
1,3245
1,3246
8,3247
15,3248
18,3249
1,3250
8,3251
1,3252
1,3253
1,3254
8,3255
1,3256
8,3257
11,3258
7,3259
7,3260
11,3261
7,3262
11,3263
28,3264
6,3265
21,3266
26,3267
26,3268
21,3269
2,3270
21,3271
21,3272
10,3273
10,3274
26,3275
10,3276
2,3277
2,3278
26,3279
21,3280
26,3281
6,3282
21,3283
26,3284
26,3285
6,3286
6,3287
25,3288
25,3289
16,3290
16,3291
13,3292
16,3293
25,3294
13,3295
25,3296
13,3297
16,3298
16,3299
12,3300
22,3301
0,3302
22,3303
22,3304
0,3305
23,3306
9,3307
23,3308
22,3309
0,3310
22,3311
14,3312
4,3313
17,3314
4,3315
5,3316
19,3317
5,3318
14,3319
19,3320
4,3321
17,3322
19,3323
19,3324
14,3325
5,3326
14,3327
14,3328
19,3329
8,3330
15,3331
15,3332
8,3333
1,3334
1,3335
15,3336
15,3337
18,3338
15,3339
18,3340
18,3341
8,3342
11,3343
7,3344
11,3345
28,3346
11,3347
7,3348
29,3349
11,3350
28,3351
11,3352
11,3353
28,3354
29,3355
11,3356
29,3357
11,3358
7,3359
11,3360
11,3361
11,3362
28,3363
6,3364
26,3365
6,3366
2,3367
10,3368
10,3369
10,3370
6,3371
6,3372
6,3373
2,3374
26,3375
6,3376
25,3377
13,3378
25,3379
16,3380
13,3381
13,3382
25,3383
25,3384
25,3385
16,3386
12,3387
27,3388
3,3389
3,3390
3,3391
12,3392
3,3393
3,3394
3,3395
3,3396
3,3397
27,3398
12,3399
12,3400
27,3401
3,3402
12,3403
27,3404
27,3405
12,3406
27,3407
12,3408
12,3409
12,3410
27,3411
3,3412
3,3413
27,3414
12,3415
3,3416
3,3417
27,3418
12,3419
3,3420
27,3421
12,3422
12,3423
12,3424
12,3425
3,3426
12,3427
3,3428
3,3429
12,3430
27,3431
3,3432
3,3433
12,3434
27,3435
27,3436
12,3437
22,3438
22,3439
23,3440
20,3441
20,3442
23,3443
24,3444
20,3445
9,3446
9,3447
23,3448
0,3449
0,3450
24,3451
22,3452
20,3453
0,3454
22,3455
20,3456
0,3457
20,3458
22,3459
20,3460
20,3461
20,3462
0,3463
22,3464
24,3465
24,3466
20,3467
9,3468
24,3469
9,3470
24,3471
23,3472
24,3473
23,3474
24,3475
20,3476
22,3477
0,3478
20,3479
9,3480
0,3481
9,3482
20,3483
22,3484
9,3485
20,3486
9,3487
24,3488
24,3489
24,3490
20,3491
23,3492
20,3493
0,3494
20,3495
23,3496
22,3497
14,3498
17,3499
17,3500
5,3501
17,3502
19,3503
4,3504
14,3505
14,3506
17,3507
4,3508
14,3509
17,3510
14,3511
5,3512
4,3513
19,3514
17,3515
17,3516
4,3517
4,3518
19,3519
5,3520
4,3521
4,3522
19,3523
5,3524
4,3525
14,3526
5,3527
17,3528
5,3529
14,3530
17,3531
5,3532
19,3533
8,3534
1,3535
15,3536
8,3537
15,3538
1,3539
1,3540
8,3541
15,3542
18,3543
8,3544
11,3545
7,3546
29,3547
7,3548
11,3549
11,3550
29,3551
7,3552
29,3553
28,3554
28,3555
7,3556
28,3557
7,3558
7,3559
7,3560
7,3561
29,3562
7,3563
7,3564
28,3565
6,3566
25,3567
13,3568
13,3569
16,3570
25,3571
13,3572
25,3573
16,3574
25,3575
13,3576
25,3577
16,3578
16,3579
25,3580
13,3581
25,3582
25,3583
16,3584
12,3585
27,3586
3,3587
27,3588
27,3589
3,3590
3,3591
12,3592
27,3593
12,3594
27,3595
12,3596
22,3597
24,3598
0,3599
23,3600
0,3601
20,3602
20,3603
0,3604
22,3605
20,3606
23,3607
20,3608
9,3609
24,3610
24,3611
22,3612
20,3613
24,3614
9,3615
9,3616
24,3617
22,3618
23,3619
23,3620
23,3621
0,3622
20,3623
0,3624
20,3625
9,3626
0,3627
9,3628
22,3629
9,3630
22,3631
14,3632
17,3633
14,3634
14,3635
17,3636
19,3637
19,3638
14,3639
4,3640
19,3641
4,3642
19,3643
19,3644
14,3645
19,3646
17,3647
5,3648
4,3649
5,3650
17,3651
4,3652
14,3653
17,3654
5,3655
14,3656
4,3657
19,3658
17,3659
17,3660
14,3661
19,3662
19,3663
19,3664
4,3665
17,3666
4,3667
14,3668
4,3669
5,3670
14,3671
14,3672
17,3673
14,3674
14,3675
5,3676
5,3677
5,3678
14,3679
14,3680
4,3681
14,3682
4,3683
17,3684
19,3685
4,3686
4,3687
19,3688
19,3689
8,3690
8,3691
18,3692
8,3693
15,3694
8,3695
18,3696
1,3697
8,3698
11,3699
28,3700
11,3701
7,3702
7,3703
11,3704
28,3705
11,3706
11,3707
28,3708
29,3709
28,3710
29,3711
28,3712
6,3713
2,3714
21,3715
10,3716
2,3717
10,3718
10,3719
6,3720
25,3721
13,3722
13,3723
25,3724
25,3725
25,3726
13,3727
13,3728
25,3729
25,3730
25,3731
16,3732
12,3733
22,3734
23,3735
24,3736
0,3737
23,3738
20,3739
22,3740
24,3741
24,3742
22,3743
23,3744
23,3745
0,3746
9,3747
23,3748
9,3749
0,3750
0,3751
0,3752
0,3753
24,3754
24,3755
22,3756
24,3757
20,3758
23,3759
20,3760
24,3761
9,3762
9,3763
23,3764
22,3765
9,3766
24,3767
23,3768
24,3769
24,3770
24,3771
9,3772
0,3773
24,3774
23,3775
24,3776
0,3777
0,3778
9,3779
22,3780
14,3781
17,3782
17,3783
17,3784
17,3785
17,3786
4,3787
17,3788
14,3789
4,3790
14,3791
5,3792
5,3793
5,3794
17,3795
14,3796
5,3797
5,3798
19,3799
14,3800
5,3801
4,3802
5,3803
19,3804
4,3805
4,3806
4,3807
4,3808
17,3809
14,3810
17,3811
5,3812
14,3813
17,3814
14,3815
5,3816
17,3817
4,3818
5,3819
14,3820
14,3821
4,3822
5,3823
17,3824
4,3825
17,3826
4,3827
14,3828
5,3829
4,3830
4,3831
19,3832
5,3833
17,3834
19,3835
5,3836
4,3837
19,3838
17,3839
5,3840
4,3841
17,3842
5,3843
17,3844
19,3845
8,3846
8,3847
8,3848
1,3849
8,3850
11,3851
11,3852
7,3853
29,3854
7,3855
7,3856
11,3857
29,3858
29,3859
28,3860
7,3861
11,3862
29,3863
29,3864
28,3865
11,3866
28,3867
6,3868
26,3869
21,3870
21,3871
2,3872
21,3873
10,3874
26,3875
6,3876
10,3877
26,3878
21,3879
21,3880
21,3881
2,3882
2,3883
26,3884
10,3885
21,3886
6,3887
21,3888
21,3889
10,3890
26,3891
10,3892
6,3893
2,3894
10,3895
2,3896
10,3897
21,3898
21,3899
2,3900
21,3901
10,3902
6,3903
26,3904
2,3905
21,3906
26,3907
2,3908
2,3909
26,3910
6,3911
26,3912
26,3913
26,3914
10,3915
21,3916
21,3917
26,3918
6,3919
21,3920
2,3921
10,3922
6,3923
10,3924
21,3925
10,3926
6,3927
25,3928
16,3929
25,3930
13,3931
25,3932
16,3933
13,3934
16,3935
13,3936
16,3937
25,3938
25,3939
25,3940
25,3941
25,3942
25,3943
25,3944
13,3945
13,3946
16,3947
12,3948
22,3949
9,3950
24,3951
0,3952
0,3953
24,3954
22,3955
22,3956
23,3957
24,3958
24,3959
23,3960
20,3961
22,3962
23,3963
23,3964
22,3965
22,3966
9,3967
9,3968
23,3969
9,3970
20,3971
0,3972
24,3973
23,3974
0,3975
22,3976
20,3977
22,3978
14,3979
19,3980
8,3981
18,3982
18,3983
8,3984
11,3985
28,3986
29,3987
28,3988
7,3989
7,3990
11,3991
7,3992
29,3993
11,3994
11,3995
29,3996
11,3997
11,3998
28,3999
11,4000
29,4001
7,4002
28,4003
11,4004
7,4005
11,4006
11,4007
28,4008
11,4009
28,4010
29,4011
11,4012
7,4013
29,4014
7,4015
29,4016
7,4017
7,4018
28,4019
7,4020
7,4021
7,4022
28,4023
6,4024
10,4025
2,4026
26,4027
26,4028
10,4029
6,4030
26,4031
21,4032
21,4033
10,4034
21,4035
2,4036
26,4037
26,4038
2,4039
10,4040
10,4041
21,4042
10,4043
21,4044
21,4045
6,4046
2,4047
10,4048
6,4049
21,4050
21,4051
21,4052
21,4053
10,4054
21,4055
26,4056
2,4057
2,4058
10,4059
21,4060
26,4061
26,4062
10,4063
21,4064
2,4065
10,4066
6,4067
26,4068
6,4069
6,4070
25,4071
13,4072
16,4073
12,4074
22,4075
22,4076
24,4077
9,4078
24,4079
22,4080
24,4081
24,4082
23,4083
9,4084
23,4085
0,4086
24,4087
22,4088
24,4089
24,4090
23,4091
23,4092
9,4093
23,4094
24,4095
0,4096
9,4097
9,4098
9,4099
23,4100
9,4101
23,4102
0,4103
20,4104
0,4105
9,4106
24,4107
22,4108
24,4109
9,4110
0,4111
0,4112
23,4113
24,4114
24,4115
24,4116
20,4117
0,4118
9,4119
20,4120
0,4121
9,4122
24,4123
23,4124
23,4125
0,4126
22,4127
20,4128
0,4129
23,4130
24,4131
24,4132
20,4133
20,4134
22,4135
9,4136
22,4137
22,4138
14,4139
17,4140
17,4141
4,4142
19,4143
14,4144
17,4145
14,4146
4,4147
5,4148
14,4149
4,4150
19,4151
5,4152
5,4153
17,4154
14,4155
17,4156
4,4157
14,4158
17,4159
19,4160
19,4161
4,4162
4,4163
4,4164
17,4165
5,4166
14,4167
17,4168
17,4169
5,4170
17,4171
17,4172
5,4173
14,4174
17,4175
4,4176
19,4177
5,4178
4,4179
5,4180
17,4181
19,4182
14,4183
19,4184
14,4185
19,4186
19,4187
19,4188
5,4189
4,4190
17,4191
17,4192
14,4193
14,4194
5,4195
14,4196
4,4197
14,4198
14,4199
4,4200
5,4201
19,4202
19,4203
5,4204
5,4205
14,4206
4,4207
17,4208
17,4209
5,4210
14,4211
19,4212
19,4213
19,4214
19,4215
19,4216
19,4217
5,4218
4,4219
4,4220
17,4221
14,4222
17,4223
4,4224
4,4225
5,4226
4,4227
4,4228
17,4229
5,4230
17,4231
19,4232
17,4233
19,4234
4,4235
4,4236
14,4237
5,4238
19,4239
4,4240
5,4241
19,4242
14,4243
14,4244
4,4245
17,4246
14,4247
4,4248
4,4249
19,4250
17,4251
17,4252
19,4253
17,4254
17,4255
5,4256
14,4257
4,4258
4,4259
17,4260
19,4261
4,4262
19,4263
4,4264
5,4265
17,4266
19,4267
19,4268
17,4269
5,4270
14,4271
17,4272
19,4273
4,4274
4,4275
4,4276
17,4277
5,4278
19,4279
14,4280
5,4281
5,4282
17,4283
19,4284
19,4285
5,4286
4,4287
4,4288
5,4289
19,4290
8,4291
15,4292
8,4293
18,4294
1,4295
18,4296
8,4297
8,4298
15,4299
1,4300
8,4301
1,4302
18,4303
8,4304
11,4305
7,4306
7,4307
7,4308
7,4309
29,4310
7,4311
11,4312
7,4313
29,4314
7,4315
28,4316
6,4317
2,4318
2,4319
10,4320
21,4321
26,4322
10,4323
10,4324
10,4325
26,4326
10,4327
21,4328
21,4329
10,4330
2,4331
10,4332
21,4333
21,4334
26,4335
2,4336
2,4337
21,4338
21,4339
2,4340
2,4341
26,4342
6,4343
6,4344
21,4345
10,4346
26,4347
2,4348
2,4349
10,4350
2,4351
26,4352
6,4353
21,4354
6,4355
6,4356
10,4357
2,4358
21,4359
6,4360
10,4361
6,4362
25,4363
13,4364
13,4365
25,4366
13,4367
25,4368
25,4369
13,4370
16,4371
16,4372
25,4373
16,4374
16,4375
25,4376
25,4377
25,4378
25,4379
13,4380
16,4381
12,4382
22,4383
0,4384
24,4385
20,4386
20,4387
9,4388
24,4389
23,4390
23,4391
0,4392
20,4393
0,4394
0,4395
24,4396
24,4397
20,4398
22,4399
24,4400
22,4401
14,4402
19,4403
14,4404
17,4405
4,4406
4,4407
17,4408
17,4409
19,4410
19,4411
4,4412
5,4413
19,4414
17,4415
17,4416
4,4417
4,4418
5,4419
5,4420
17,4421
5,4422
14,4423
17,4424
19,4425
8,4426
18,4427
15,4428
18,4429
8,4430
8,4431
18,4432
15,4433
18,4434
15,4435
8,4436
11,4437
29,4438
11,4439
29,4440
11,4441
7,4442
7,4443
11,4444
29,4445
7,4446
11,4447
11,4448
29,4449
28,4450
28,4451
6,4452
21,4453
6,4454
6,4455
6,4456
25,4457
13,4458
13,4459
16,4460
13,4461
13,4462
16,4463
12,4464
12,4465
22,4466
0,4467
22,4468
22,4469
0,4470
9,4471
9,4472
20,4473
9,4474
23,4475
0,4476
9,4477
24,4478
24,4479
0,4480
9,4481
9,4482
22,4483
22,4484
0,4485
0,4486
23,4487
9,4488
9,4489
9,4490
23,4491
9,4492
20,4493
9,4494
0,4495
0,4496
0,4497
20,4498
22,4499
0,4500
20,4501
9,4502
0,4503
0,4504
24,4505
9,4506
23,4507
20,4508
24,4509
20,4510
9,4511
20,4512
9,4513
9,4514
24,4515
9,4516
0,4517
24,4518
9,4519
23,4520
22,4521
24,4522
24,4523
20,4524
24,4525
22,4526
23,4527
20,4528
0,4529
20,4530
24,4531
20,4532
20,4533
24,4534
24,4535
24,4536
24,4537
20,4538
22,4539
0,4540
20,4541
24,4542
22,4543
14,4544
17,4545
17,4546
19,4547
8,4548
8,4549
11,4550
29,4551
7,4552
29,4553
11,4554
11,4555
28,4556
29,4557
29,4558
7,4559
28,4560
7,4561
7,4562
29,4563
28,4564
7,4565
11,4566
28,4567
28,4568
7,4569
11,4570
28,4571
29,4572
28,4573
28,4574
6,4575
2,4576
21,4577
6,4578
10,4579
10,4580
2,4581
2,4582
21,4583
26,4584
10,4585
21,4586
26,4587
2,4588
10,4589
2,4590
21,4591
6,4592
10,4593
2,4594
26,4595
26,4596
2,4597
2,4598
6,4599
25,4600
16,4601
16,4602
12,4603
12,4604
22,4605
0,4606
0,4607
23,4608
22,4609
14,4610
5,4611
17,4612
19,4613
14,4614
19,4615
4,4616
4,4617
19,4618
14,4619
17,4620
14,4621
17,4622
17,4623
17,4624
19,4625
8,4626
18,4627
15,4628
8,4629
1,4630
18,4631
15,4632
18,4633
8,4634
1,4635
18,4636
18,4637
18,4638
18,4639
1,4640
8,4641
15,4642
1,4643
18,4644
15,4645
18,4646
18,4647
15,4648
8,4649
8,4650
18,4651
8,4652
1,4653
8,4654
18,4655
1,4656
18,4657
8,4658
18,4659
18,4660
15,4661
8,4662
8,4663
1,4664
8,4665
8,4666
15,4667
8,4668
11,4669
29,4670
7,4671
29,4672
7,4673
7,4674
28,4675
7,4676
29,4677
29,4678
28,4679
7,4680
7,4681
28,4682
29,4683
11,4684
29,4685
28,4686
11,4687
7,4688
7,4689
29,4690
7,4691
29,4692
11,4693
29,4694
29,4695
7,4696
7,4697
7,4698
28,4699
11,4700
7,4701
28,4702
7,4703
11,4704
11,4705
11,4706
11,4707
28,4708
28,4709
29,4710
28,4711
7,4712
28,4713
11,4714
11,4715
29,4716
7,4717
7,4718
28,4719
7,4720
7,4721
11,4722
28,4723
28,4724
29,4725
28,4726
6,4727
26,4728
21,4729
26,4730
6,4731
26,4732
6,4733
26,4734
21,4735
26,4736
21,4737
10,4738
10,4739
26,4740
21,4741
26,4742
6,4743
6,4744
6,4745
10,4746
21,4747
2,4748
21,4749
21,4750
6,4751
2,4752
10,4753
2,4754
2,4755
10,4756
26,4757
21,4758
10,4759
21,4760
6,4761
2,4762
21,4763
2,4764
26,4765
2,4766
26,4767
26,4768
2,4769
26,4770
21,4771
6,4772
26,4773
10,4774
6,4775
21,4776
10,4777
2,4778
21,4779
10,4780
10,4781
6,4782
25,4783
25,4784
25,4785
13,4786
16,4787
13,4788
13,4789
13,4790
25,4791
16,4792
16,4793
25,4794
13,4795
13,4796
25,4797
16,4798
16,4799
12,4800
22,4801
14,4802
19,4803
8,4804
8,4805
1,4806
8,4807
18,4808
15,4809
18,4810
15,4811
8,4812
1,4813
18,4814
15,4815
15,4816
18,4817
8,4818
15,4819
15,4820
15,4821
15,4822
15,4823
1,4824
1,4825
8,4826
8,4827
15,4828
1,4829
15,4830
15,4831
1,4832
18,4833
18,4834
8,4835
1,4836
15,4837
18,4838
1,4839
18,4840
8,4841
11,4842
11,4843
7,4844
11,4845
29,4846
29,4847
28,4848
28,4849
6,4850
2,4851
6,4852
10,4853
26,4854
6,4855
10,4856
26,4857
6,4858
2,4859
21,4860
10,4861
10,4862
26,4863
10,4864
21,4865
2,4866
6,4867
26,4868
2,4869
10,4870
21,4871
21,4872
10,4873
2,4874
21,4875
2,4876
21,4877
21,4878
26,4879
6,4880
21,4881
6,4882
25,4883
16,4884
16,4885
16,4886
12,4887
3,4888
3,4889
12,4890
12,4891
3,4892
3,4893
3,4894
3,4895
12,4896
3,4897
3,4898
3,4899
12,4900
22,4901
14,4902
4,4903
19,4904
5,4905
5,4906
19,4907
8,4908
1,4909
18,4910
1,4911
18,4912
1,4913
18,4914
15,4915
1,4916
8,4917
11,4918
11,4919
29,4920
28,4921
11,4922
29,4923
7,4924
28,4925
7,4926
29,4927
28,4928
7,4929
28,4930
6,4931
26,4932
6,4933
21,4934
6,4935
25,4936
13,4937
25,4938
13,4939
13,4940
13,4941
16,4942
12,4943
12,4944
27,4945
3,4946
12,4947
3,4948
12,4949
27,4950
3,4951
27,4952
27,4953
3,4954
12,4955
22,4956
22,4957
9,4958
24,4959
23,4960
0,4961
23,4962
24,4963
22,4964
22,4965
0,4966
9,4967
20,4968
22,4969
22,4970
0,4971
23,4972
24,4973
23,4974
24,4975
23,4976
24,4977
23,4978
0,4979
0,4980
24,4981
24,4982
20,4983
0,4984
20,4985
22,4986
14,4987
17,4988
14,4989
19,4990
17,4991
14,4992
19,4993
8,4994
8,4995
11,4996
29,4997
7,4998
29,4999
7,5000
11,5001
29,5002
28,5003
7,5004
7,5005
7,5006
7,5007
11,5008
28,5009
7,5010
28,5011
7,5012
28,5013
7,5014
7,5015
29,5016
11,5017
29,5018
11,5019
28,5020
28,5021
7,5022
28,5023
29,5024
28,5025
7,5026
7,5027
11,5028
7,5029
11,5030
29,5031
7,5032
7,5033
28,5034
29,5035
11,5036
28,5037
11,5038
28,5039
11,5040
28,5041
11,5042
7,5043
28,5044
7,5045
28,5046
11,5047
28,5048
29,5049
28,5050
7,5051
29,5052
11,5053
7,5054
28,5055
28,5056
11,5057
7,5058
11,5059
11,5060
29,5061
28,5062
28,5063
29,5064
7,5065
28,5066
11,5067
29,5068
11,5069
29,5070
11,5071
29,5072
29,5073
7,5074
11,5075
29,5076
7,5077
11,5078
11,5079
11,5080
29,5081
28,5082
28,5083
7,5084
11,5085
29,5086
11,5087
11,5088
28,5089
7,5090
7,5091
28,5092
6,5093
2,5094
10,5095
26,5096
6,5097
25,5098
13,5099
25,5100
16,5101
12,5102
3,5103
27,5104
3,5105
3,5106
12,5107
22,5108
24,5109
0,5110
24,5111
22,5112
14,5113
17,5114
4,5115
14,5116
5,5117
17,5118
14,5119
19,5120
5,5121
14,5122
5,5123
17,5124
14,5125
4,5126
4,5127
14,5128
19,5129
5,5130
14,5131
17,5132
19,5133
4,5134
19,5135
8,5136
11,5137
29,5138
7,5139
7,5140
28,5141
7,5142
7,5143
29,5144
11,5145
29,5146
11,5147
11,5148
28,5149
6,5150
26,5151
6,5152
2,5153
2,5154
6,5155
26,5156
2,5157
26,5158
10,5159
6,5160
26,5161
6,5162
10,5163
6,5164
25,5165
13,5166
13,5167
25,5168
13,5169
16,5170
12,5171
12,5172
27,5173
3,5174
27,5175
27,5176
3,5177
3,5178
3,5179
27,5180
12,5181
3,5182
12,5183
3,5184
27,5185
27,5186
27,5187
3,5188
3,5189
27,5190
3,5191
3,5192
3,5193
3,5194
12,5195
22,5196
23,5197
0,5198
23,5199
20,5200
23,5201
23,5202
23,5203
22,5204
14,5205
4,5206
14,5207
17,5208
14,5209
17,5210
19,5211
5,5212
19,5213
19,5214
8,5215
8,5216
18,5217
1,5218
18,5219
8,5220
1,5221
18,5222
18,5223
1,5224
1,5225
18,5226
1,5227
1,5228
8,5229
15,5230
1,5231
1,5232
1,5233
8,5234
18,5235
1,5236
8,5237
15,5238
15,5239
15,5240
8,5241
18,5242
1,5243
8,5244
11,5245
29,5246
7,5247
29,5248
7,5249
7,5250
11,5251
7,5252
11,5253
7,5254
11,5255
28,5256
7,5257
29,5258
7,5259
11,5260
11,5261
11,5262
7,5263
29,5264
29,5265
11,5266
11,5267
11,5268
28,5269
28,5270
6,5271
2,5272
10,5273
21,5274
26,5275
6,5276
6,5277
21,5278
10,5279
10,5280
10,5281
2,5282
6,5283
10,5284
10,5285
10,5286
6,5287
21,5288
21,5289
21,5290
10,5291
10,5292
10,5293
21,5294
2,5295
10,5296
21,5297
26,5298
21,5299
26,5300
21,5301
26,5302
6,5303
10,5304
6,5305
25,5306
13,5307
16,5308
12,5309
12,5310
3,5311
12,5312
3,5313
3,5314
27,5315
12,5316
3,5317
27,5318
3,5319
3,5320
12,5321
22,5322
14,5323
4,5324
14,5325
19,5326
5,5327
4,5328
14,5329
5,5330
4,5331
4,5332
19,5333
14,5334
17,5335
4,5336
17,5337
19,5338
5,5339
14,5340
14,5341
4,5342
17,5343
17,5344
17,5345
4,5346
17,5347
5,5348
14,5349
5,5350
19,5351
14,5352
14,5353
19,5354
8,5355
18,5356
15,5357
18,5358
15,5359
15,5360
8,5361
1,5362
15,5363
18,5364
15,5365
8,5366
11,5367
28,5368
7,5369
11,5370
11,5371
11,5372
7,5373
11,5374
11,5375
29,5376
7,5377
28,5378
6,5379
6,5380
6,5381
26,5382
2,5383
10,5384
10,5385
26,5386
26,5387
6,5388
2,5389
6,5390
2,5391
21,5392
2,5393
26,5394
10,5395
6,5396
26,5397
2,5398
10,5399
26,5400
26,5401
2,5402
21,5403
21,5404
2,5405
26,5406
6,5407
21,5408
21,5409
21,5410
26,5411
26,5412
21,5413
6,5414
2,5415
2,5416
6,5417
26,5418
21,5419
6,5420
6,5421
25,5422
13,5423
16,5424
25,5425
16,5426
12,5427
22,5428
14,5429
4,5430
5,5431
19,5432
5,5433
19,5434
19,5435
5,5436
19,5437
4,5438
14,5439
19,5440
14,5441
4,5442
5,5443
4,5444
19,5445
14,5446
17,5447
19,5448
14,5449
5,5450
17,5451
17,5452
17,5453
17,5454
17,5455
14,5456
17,5457
17,5458
17,5459
5,5460
19,5461
19,5462
4,5463
5,5464
14,5465
5,5466
4,5467
5,5468
4,5469
19,5470
4,5471
17,5472
4,5473
5,5474
5,5475
5,5476
14,5477
4,5478
19,5479
5,5480
14,5481
4,5482
17,5483
4,5484
5,5485
5,5486
14,5487
17,5488
14,5489
14,5490
4,5491
5,5492
5,5493
17,5494
17,5495
5,5496
4,5497
14,5498
17,5499
14,5500
5,5501
14,5502
14,5503
4,5504
17,5505
19,5506
5,5507
4,5508
14,5509
19,5510
17,5511
19,5512
19,5513
4,5514
17,5515
5,5516
4,5517
4,5518
14,5519
19,5520
8,5521
11,5522
29,5523
29,5524
7,5525
7,5526
29,5527
28,5528
6,5529
26,5530
21,5531
2,5532
2,5533
26,5534
26,5535
2,5536
2,5537
10,5538
2,5539
26,5540
10,5541
6,5542
10,5543
26,5544
26,5545
10,5546
6,5547
2,5548
10,5549
2,5550
2,5551
10,5552
2,5553
10,5554
2,5555
6,5556
25,5557
25,5558
16,5559
12,5560
3,5561
12,5562
3,5563
3,5564
12,5565
22,5566
14,5567
4,5568
5,5569
19,5570
19,5571
19,5572
4,5573
14,5574
17,5575
19,5576
5,5577
4,5578
19,5579
4,5580
17,5581
5,5582
17,5583
17,5584
4,5585
5,5586
14,5587
14,5588
17,5589
14,5590
19,5591
8,5592
18,5593
18,5594
8,5595
1,5596
1,5597
18,5598
1,5599
8,5600
8,5601
18,5602
15,5603
15,5604
1,5605
1,5606
1,5607
15,5608
8,5609
15,5610
18,5611
1,5612
1,5613
8,5614
18,5615
8,5616
15,5617
1,5618
15,5619
18,5620
15,5621
18,5622
8,5623
11,5624
29,5625
28,5626
28,5627
11,5628
7,5629
7,5630
28,5631
11,5632
28,5633
28,5634
6,5635
6,5636
10,5637
6,5638
2,5639
10,5640
2,5641
6,5642
2,5643
21,5644
26,5645
2,5646
10,5647
2,5648
10,5649
26,5650
10,5651
2,5652
2,5653
2,5654
26,5655
2,5656
10,5657
10,5658
6,5659
26,5660
26,5661
21,5662
26,5663
6,5664
10,5665
2,5666
10,5667
6,5668
25,5669
25,5670
13,5671
16,5672
16,5673
25,5674
25,5675
25,5676
13,5677
13,5678
25,5679
16,5680
16,5681
13,5682
16,5683
16,5684
13,5685
16,5686
12,5687
12,5688
12,5689
27,5690
12,5691
12,5692
3,5693
12,5694
3,5695
12,5696
27,5697
12,5698
3,5699
27,5700
12,5701
22,5702
0,5703
22,5704
20,5705
22,5706
9,5707
23,5708
22,5709
22,5710
22,5711
22,5712
22,5713
0,5714
9,5715
23,5716
24,5717
9,5718
20,5719
0,5720
23,5721
0,5722
9,5723
24,5724
23,5725
9,5726
24,5727
0,5728
22,5729
23,5730
0,5731
23,5732
24,5733
24,5734
22,5735
20,5736
0,5737
20,5738
9,5739
0,5740
9,5741
23,5742
0,5743
0,5744
9,5745
24,5746
20,5747
20,5748
20,5749
0,5750
23,5751
20,5752
23,5753
9,5754
9,5755
0,5756
23,5757
20,5758
0,5759
24,5760
22,5761
20,5762
23,5763
23,5764
0,5765
24,5766
0,5767
20,5768
9,5769
24,5770
0,5771
23,5772
23,5773
9,5774
24,5775
24,5776
9,5777
22,5778
22,5779
0,5780
9,5781
23,5782
23,5783
20,5784
22,5785
14,5786
17,5787
5,5788
17,5789
19,5790
14,5791
4,5792
14,5793
4,5794
4,5795
14,5796
19,5797
5,5798
4,5799
14,5800
4,5801
14,5802
19,5803
4,5804
4,5805
4,5806
5,5807
14,5808
17,5809
19,5810
17,5811
17,5812
5,5813
4,5814
5,5815
5,5816
19,5817
14,5818
17,5819
5,5820
5,5821
5,5822
17,5823
19,5824
4,5825
14,5826
14,5827
14,5828
4,5829
4,5830
14,5831
5,5832
4,5833
5,5834
5,5835
5,5836
4,5837
14,5838
4,5839
17,5840
5,5841
4,5842
4,5843
19,5844
8,5845
11,5846
11,5847
7,5848
11,5849
7,5850
7,5851
7,5852
28,5853
6,5854
10,5855
2,5856
2,5857
21,5858
6,5859
10,5860
10,5861
21,5862
2,5863
26,5864
2,5865
2,5866
2,5867
10,5868
6,5869
2,5870
10,5871
10,5872
10,5873
21,5874
6,5875
10,5876
26,5877
26,5878
10,5879
10,5880
2,5881
21,5882
26,5883
21,5884
6,5885
21,5886
26,5887
2,5888
10,5889
21,5890
6,5891
6,5892
25,5893
25,5894
25,5895
16,5896
12,5897
27,5898
3,5899
27,5900
27,5901
27,5902
3,5903
12,5904
27,5905
3,5906
27,5907
27,5908
3,5909
12,5910
12,5911
22,5912
20,5913
0,5914
23,5915
20,5916
0,5917
23,5918
22,5919
22,5920
22,5921
0,5922
24,5923
9,5924
20,5925
9,5926
20,5927
20,5928
9,5929
20,5930
20,5931
23,5932
20,5933
20,5934
22,5935
9,5936
24,5937
24,5938
9,5939
9,5940
22,5941
20,5942
24,5943
9,5944
23,5945
22,5946
23,5947
0,5948
22,5949
20,5950
0,5951
0,5952
24,5953
9,5954
23,5955
23,5956
22,5957
23,5958
22,5959
20,5960
22,5961
9,5962
24,5963
24,5964
0,5965
22,5966
22,5967
0,5968
0,5969
23,5970
24,5971
0,5972
22,5973
23,5974
24,5975
9,5976
0,5977
22,5978
22,5979
24,5980
23,5981
20,5982
0,5983
24,5984
20,5985
20,5986
0,5987
23,5988
20,5989
22,5990
22,5991
23,5992
9,5993
9,5994
23,5995
23,5996
0,5997
9,5998
23,5999
0,6000
9,6001
20,6002
22,6003
0,6004
24,6005
23,6006
20,6007
23,6008
22,6009
24,6010
0,6011
22,6012
20,6013
23,6014
0,6015
22,6016
20,6017
0,6018
0,6019
9,6020
22,6021
22,6022
22,6023
24,6024
20,6025
0,6026
23,6027
22,6028
24,6029
23,6030
0,6031
24,6032
23,6033
20,6034
9,6035
0,6036
20,6037
24,6038
0,6039
22,6040
0,6041
23,6042
23,6043
23,6044
22,6045
23,6046
20,6047
24,6048
24,6049
9,6050
20,6051
23,6052
24,6053
22,6054
23,6055
9,6056
24,6057
9,6058
22,6059
14,6060
17,6061
5,6062
4,6063
4,6064
5,6065
4,6066
14,6067
19,6068
4,6069
5,6070
19,6071
17,6072
19,6073
19,6074
8,6075
15,6076
8,6077
1,6078
1,6079
1,6080
1,6081
18,6082
18,6083
15,6084
8,6085
11,6086
7,6087
28,6088
28,6089
11,6090
28,6091
29,6092
11,6093
11,6094
29,6095
7,6096
28,6097
28,6098
11,6099
11,6100
11,6101
11,6102
11,6103
29,6104
7,6105
7,6106
7,6107
7,6108
11,6109
11,6110
28,6111
6,6112
25,6113
16,6114
13,6115
16,6116
25,6117
16,6118
13,6119
13,6120
25,6121
16,6122
12,6123
27,6124
12,6125
12,6126
22,6127
24,6128
0,6129
20,6130
9,6131
9,6132
23,6133
0,6134
20,6135
22,6136
22,6137
23,6138
23,6139
20,6140
22,6141
9,6142
20,6143
20,6144
9,6145
24,6146
9,6147
9,6148
9,6149
22,6150
9,6151
23,6152
0,6153
22,6154
14,6155
19,6156
4,6157
5,6158
5,6159
14,6160
17,6161
14,6162
5,6163
17,6164
17,6165
4,6166
14,6167
4,6168
4,6169
19,6170
14,6171
17,6172
17,6173
19,6174
14,6175
14,6176
14,6177
4,6178
17,6179
5,6180
19,6181
8,6182
15,6183
18,6184
1,6185
18,6186
8,6187
1,6188
15,6189
1,6190
8,6191
8,6192
18,6193
1,6194
18,6195
1,6196
8,6197
15,6198
1,6199
15,6200
15,6201
1,6202
1,6203
8,6204
1,6205
15,6206
15,6207
1,6208
18,6209
18,6210
18,6211
1,6212
18,6213
15,6214
1,6215
18,6216
1,6217
18,6218
18,6219
18,6220
1,6221
1,6222
1,6223
1,6224
8,6225
8,6226
15,6227
15,6228
8,6229
1,6230
1,6231
18,6232
15,6233
1,6234
15,6235
18,6236
8,6237
8,6238
8,6239
1,6240
18,6241
15,6242
1,6243
18,6244
18,6245
15,6246
18,6247
18,6248
18,6249
15,6250
8,6251
1,6252
1,6253
1,6254
1,6255
8,6256
1,6257
1,6258
15,6259
15,6260
18,6261
18,6262
1,6263
1,6264
18,6265
15,6266
15,6267
15,6268
1,6269
1,6270
1,6271
15,6272
1,6273
15,6274
15,6275
15,6276
8,6277
15,6278
15,6279
15,6280
8,6281
8,6282
8,6283
1,6284
1,6285
15,6286
15,6287
8,6288
15,6289
18,6290
8,6291
18,6292
15,6293
18,6294
1,6295
1,6296
18,6297
1,6298
18,6299
18,6300
1,6301
15,6302
8,6303
1,6304
8,6305
11,6306
29,6307
28,6308
11,6309
7,6310
11,6311
28,6312
7,6313
28,6314
6,6315
25,6316
16,6317
12,6318
27,6319
12,6320
3,6321
3,6322
3,6323
3,6324
3,6325
3,6326
3,6327
12,6328
27,6329
12,6330
27,6331
3,6332
3,6333
3,6334
27,6335
3,6336
12,6337
22,6338
0,6339
24,6340
20,6341
24,6342
24,6343
23,6344
22,6345
20,6346
9,6347
24,6348
24,6349
24,6350
9,6351
23,6352
24,6353
24,6354
23,6355
24,6356
23,6357
20,6358
9,6359
0,6360
24,6361
24,6362
23,6363
22,6364
9,6365
20,6366
0,6367
9,6368
9,6369
22,6370
0,6371
23,6372
24,6373
0,6374
9,6375
9,6376
20,6377
20,6378
23,6379
23,6380
0,6381
20,6382
24,6383
20,6384
9,6385
9,6386
23,6387
24,6388
0,6389
9,6390
24,6391
0,6392
22,6393
0,6394
22,6395
9,6396
20,6397
20,6398
22,6399
20,6400
20,6401
20,6402
23,6403
24,6404
24,6405
22,6406
20,6407
9,6408
9,6409
23,6410
23,6411
22,6412
14,6413
17,6414
14,6415
14,6416
4,6417
4,6418
4,6419
5,6420
5,6421
17,6422
17,6423
5,6424
14,6425
17,6426
14,6427
14,6428
14,6429
5,6430
5,6431
19,6432
5,6433
4,6434
4,6435
19,6436
19,6437
14,6438
5,6439
4,6440
5,6441
4,6442
4,6443
17,6444
14,6445
4,6446
19,6447
14,6448
17,6449
4,6450
14,6451
14,6452
17,6453
17,6454
5,6455
19,6456
19,6457
8,6458
18,6459
8,6460
8,6461
18,6462
8,6463
11,6464
29,6465
11,6466
11,6467
28,6468
28,6469
6,6470
2,6471
2,6472
26,6473
2,6474
2,6475
6,6476
26,6477
21,6478
2,6479
21,6480
2,6481
2,6482
26,6483
21,6484
21,6485
26,6486
26,6487
2,6488
6,6489
26,6490
21,6491
10,6492
26,6493
2,6494
2,6495
21,6496
26,6497
21,6498
26,6499
26,6500
21,6501
2,6502
2,6503
26,6504
21,6505
10,6506
10,6507
10,6508
26,6509
10,6510
10,6511
6,6512
10,6513
2,6514
6,6515
26,6516
2,6517
10,6518
26,6519
6,6520
21,6521
26,6522
6,6523
6,6524
2,6525
10,6526
21,6527
6,6528
26,6529
10,6530
6,6531
21,6532
2,6533
2,6534
6,6535
2,6536
10,6537
21,6538
21,6539
21,6540
26,6541
6,6542
10,6543
10,6544
6,6545
2,6546
2,6547
6,6548
2,6549
26,6550
21,6551
2,6552
2,6553
21,6554
26,6555
2,6556
10,6557
2,6558
10,6559
2,6560
6,6561
6,6562
21,6563
10,6564
6,6565
2,6566
6,6567
10,6568
21,6569
6,6570
25,6571
25,6572
13,6573
13,6574
13,6575
25,6576
16,6577
13,6578
13,6579
13,6580
13,6581
13,6582
13,6583
16,6584
13,6585
16,6586
13,6587
13,6588
25,6589
25,6590
16,6591
16,6592
12,6593
12,6594
12,6595
12,6596
22,6597
22,6598
22,6599
22,6600
23,6601
0,6602
0,6603
23,6604
0,6605
23,6606
0,6607
20,6608
22,6609
0,6610
9,6611
20,6612
9,6613
0,6614
23,6615
20,6616
0,6617
20,6618
20,6619
22,6620
23,6621
24,6622
22,6623
9,6624
20,6625
20,6626
22,6627
0,6628
24,6629
9,6630
23,6631
23,6632
22,6633
9,6634
20,6635
22,6636
9,6637
23,6638
23,6639
23,6640
22,6641
0,6642
23,6643
20,6644
23,6645
23,6646
9,6647
9,6648
0,6649
22,6650
23,6651
22,6652
24,6653
20,6654
22,6655
20,6656
9,6657
22,6658
20,6659
9,6660
9,6661
24,6662
20,6663
9,6664
20,6665
20,6666
9,6667
23,6668
20,6669
20,6670
23,6671
0,6672
20,6673
9,6674
22,6675
0,6676
24,6677
22,6678
23,6679
23,6680
20,6681
0,6682
22,6683
23,6684
20,6685
23,6686
23,6687
9,6688
9,6689
24,6690
9,6691
0,6692
20,6693
0,6694
0,6695
23,6696
20,6697
20,6698
20,6699
20,6700
0,6701
24,6702
20,6703
23,6704
20,6705
23,6706
23,6707
0,6708
22,6709
14,6710
4,6711
19,6712
14,6713
5,6714
19,6715
4,6716
19,6717
17,6718
14,6719
5,6720
17,6721
5,6722
4,6723
4,6724
14,6725
19,6726
5,6727
4,6728
17,6729
17,6730
14,6731
17,6732
4,6733
19,6734
19,6735
14,6736
14,6737
19,6738
17,6739
19,6740
4,6741
4,6742
4,6743
17,6744
5,6745
4,6746
14,6747
4,6748
4,6749
14,6750
14,6751
5,6752
14,6753
5,6754
5,6755
14,6756
17,6757
4,6758
5,6759
14,6760
4,6761
17,6762
19,6763
4,6764
4,6765
4,6766
14,6767
17,6768
19,6769
14,6770
19,6771
8,6772
18,6773
1,6774
8,6775
11,6776
7,6777
11,6778
29,6779
11,6780
7,6781
29,6782
29,6783
29,6784
29,6785
29,6786
7,6787
11,6788
11,6789
29,6790
7,6791
7,6792
28,6793
6,6794
25,6795
25,6796
16,6797
13,6798
16,6799
25,6800
25,6801
13,6802
25,6803
16,6804
16,6805
12,6806
22,6807
9,6808
23,6809
20,6810
20,6811
22,6812
0,6813
23,6814
9,6815
24,6816
24,6817
22,6818
9,6819
23,6820
9,6821
24,6822
23,6823
9,6824
24,6825
22,6826
22,6827
9,6828
0,6829
9,6830
9,6831
20,6832
23,6833
22,6834
22,6835
9,6836
20,6837
23,6838
23,6839
22,6840
22,6841
20,6842
9,6843
23,6844
20,6845
23,6846
23,6847
24,6848
20,6849
20,6850
22,6851
20,6852
20,6853
9,6854
22,6855
0,6856
24,6857
20,6858
22,6859
20,6860
23,6861
9,6862
24,6863
9,6864
20,6865
9,6866
9,6867
0,6868
22,6869
14,6870
17,6871
14,6872
14,6873
17,6874
4,6875
5,6876
17,6877
17,6878
4,6879
4,6880
14,6881
17,6882
14,6883
5,6884
17,6885
14,6886
4,6887
17,6888
17,6889
14,6890
5,6891
4,6892
19,6893
19,6894
19,6895
4,6896
14,6897
19,6898
8,6899
1,6900
1,6901
1,6902
8,6903
8,6904
1,6905
18,6906
18,6907
15,6908
1,6909
8,6910
11,6911
28,6912
6,6913
26,6914
6,6915
6,6916
25,6917
25,6918
16,6919
25,6920
13,6921
25,6922
16,6923
12,6924
22,6925
0,6926
24,6927
23,6928
0,6929
20,6930
23,6931
23,6932
22,6933
24,6934
24,6935
0,6936
20,6937
22,6938
22,6939
23,6940
9,6941
24,6942
24,6943
20,6944
0,6945
24,6946
20,6947
24,6948
9,6949
22,6950
0,6951
0,6952
20,6953
0,6954
23,6955
9,6956
24,6957
23,6958
22,6959
24,6960
22,6961
9,6962
9,6963
22,6964
0,6965
9,6966
9,6967
0,6968
0,6969
20,6970
0,6971
9,6972
0,6973
24,6974
24,6975
22,6976
20,6977
22,6978
22,6979
9,6980
24,6981
24,6982
24,6983
9,6984
9,6985
0,6986
24,6987
23,6988
20,6989
0,6990
24,6991
24,6992
24,6993
23,6994
23,6995
22,6996
24,6997
23,6998
23,6999
20,7000
23,7001
9,7002
9,7003
23,7004
23,7005
0,7006
20,7007
20,7008
22,7009
23,7010
0,7011
0,7012
22,7013
22,7014
24,7015
23,7016
24,7017
0,7018
22,7019
0,7020
24,7021
0,7022
0,7023
20,7024
9,7025
24,7026
24,7027
22,7028
14,7029
14,7030
5,7031
4,7032
17,7033
5,7034
19,7035
5,7036
17,7037
4,7038
19,7039
19,7040
14,7041
17,7042
19,7043
17,7044
17,7045
19,7046
14,7047
5,7048
14,7049
14,7050
19,7051
19,7052
14,7053
17,7054
5,7055
4,7056
17,7057
14,7058
4,7059
5,7060
17,7061
14,7062
19,7063
8,7064
1,7065
15,7066
15,7067
18,7068
18,7069
15,7070
1,7071
15,7072
1,7073
1,7074
18,7075
8,7076
8,7077
8,7078
8,7079
18,7080
18,7081
18,7082
1,7083
1,7084
15,7085
15,7086
1,7087
18,7088
18,7089
8,7090
18,7091
15,7092
1,7093
15,7094
8,7095
1,7096
1,7097
8,7098
1,7099
8,7100
18,7101
18,7102
18,7103
15,7104
18,7105
15,7106
15,7107
18,7108
15,7109
18,7110
18,7111
8,7112
15,7113
1,7114
1,7115
15,7116
8,7117
11,7118
28,7119
7,7120
28,7121
6,7122
6,7123
25,7124
13,7125
25,7126
25,7127
13,7128
25,7129
13,7130
13,7131
16,7132
25,7133
13,7134
16,7135
13,7136
25,7137
16,7138
13,7139
16,7140
12,7141
27,7142
12,7143
22,7144
22,7145
0,7146
24,7147
23,7148
20,7149
22,7150
23,7151
20,7152
20,7153
23,7154
9,7155
24,7156
0,7157
9,7158
23,7159
23,7160
0,7161
0,7162
20,7163
23,7164
20,7165
23,7166
24,7167
23,7168
22,7169
9,7170
22,7171
0,7172
23,7173
9,7174
23,7175
0,7176
22,7177
0,7178
0,7179
0,7180
22,7181
24,7182
22,7183
22,7184
9,7185
24,7186
23,7187
9,7188
20,7189
0,7190
24,7191
20,7192
24,7193
24,7194
24,7195
22,7196
0,7197
24,7198
0,7199
24,7200
0,7201
24,7202
24,7203
20,7204
24,7205
0,7206
20,7207
0,7208
22,7209
9,7210
20,7211
23,7212
0,7213
23,7214
23,7215
22,7216
9,7217
20,7218
0,7219
20,7220
9,7221
22,7222
9,7223
24,7224
22,7225
24,7226
20,7227
22,7228
22,7229
23,7230
9,7231
9,7232
9,7233
24,7234
23,7235
9,7236
20,7237
24,7238
20,7239
22,7240
20,7241
22,7242
20,7243
0,7244
23,7245
0,7246
20,7247
22,7248
24,7249
22,7250
23,7251
22,7252
0,7253
9,7254
22,7255
9,7256
9,7257
24,7258
20,7259
0,7260
9,7261
23,7262
0,7263
22,7264
22,7265
14,7266
19,7267
8,7268
8,7269
1,7270
15,7271
15,7272
8,7273
15,7274
1,7275
18,7276
1,7277
8,7278
8,7279
15,7280
1,7281
1,7282
1,7283
1,7284
1,7285
8,7286
11,7287
7,7288
28,7289
28,7290
28,7291
29,7292
28,7293
7,7294
11,7295
28,7296
28,7297
29,7298
11,7299
7,7300
28,7301
6,7302
2,7303
21,7304
26,7305
6,7306
26,7307
21,7308
2,7309
21,7310
26,7311
26,7312
2,7313
2,7314
2,7315
6,7316
26,7317
21,7318
10,7319
10,7320
26,7321
26,7322
10,7323
2,7324
21,7325
6,7326
6,7327
6,7328
26,7329
6,7330
6,7331
21,7332
6,7333
10,7334
21,7335
6,7336
2,7337
6,7338
25,7339
16,7340
25,7341
16,7342
16,7343
25,7344
13,7345
13,7346
16,7347
12,7348
12,7349
3,7350
3,7351
12,7352
27,7353
3,7354
3,7355
27,7356
12,7357
22,7358
0,7359
23,7360
20,7361
24,7362
20,7363
20,7364
22,7365
23,7366
0,7367
23,7368
23,7369
20,7370
20,7371
22,7372
0,7373
0,7374
22,7375
24,7376
24,7377
24,7378
9,7379
9,7380
9,7381
0,7382
9,7383
9,7384
23,7385
9,7386
9,7387
20,7388
23,7389
22,7390
22,7391
23,7392
20,7393
24,7394
9,7395
24,7396
22,7397
9,7398
20,7399
20,7400
23,7401
24,7402
9,7403
24,7404
23,7405
9,7406
24,7407
20,7408
22,7409
24,7410
23,7411
20,7412
24,7413
0,7414
20,7415
22,7416
0,7417
24,7418
22,7419
23,7420
0,7421
20,7422
23,7423
22,7424
14,7425
19,7426
17,7427
14,7428
4,7429
14,7430
19,7431
5,7432
17,7433
14,7434
19,7435
19,7436
8,7437
15,7438
1,7439
1,7440
15,7441
1,7442
18,7443
18,7444
8,7445
11,7446
7,7447
11,7448
28,7449
11,7450
29,7451
29,7452
28,7453
11,7454
28,7455
7,7456
29,7457
11,7458
28,7459
6,7460
21,7461
6,7462
10,7463
21,7464
6,7465
2,7466
6,7467
25,7468
16,7469
16,7470
12,7471
12,7472
22,7473
0,7474
24,7475
20,7476
9,7477
20,7478
22,7479
14,7480
5,7481
19,7482
4,7483
14,7484
19,7485
4,7486
14,7487
14,7488
5,7489
17,7490
5,7491
14,7492
4,7493
14,7494
17,7495
4,7496
4,7497
14,7498
19,7499
14,7500
4,7501
17,7502
14,7503
5,7504
17,7505
14,7506
19,7507
5,7508
14,7509
17,7510
14,7511
19,7512
4,7513
4,7514
19,7515
17,7516
17,7517
5,7518
5,7519
4,7520
17,7521
5,7522
4,7523
19,7524
14,7525
14,7526
14,7527
4,7528
14,7529
4,7530
17,7531
19,7532
14,7533
5,7534
4,7535
19,7536
8,7537
11,7538
29,7539
28,7540
6,7541
10,7542
10,7543
26,7544
6,7545
2,7546
26,7547
10,7548
10,7549
21,7550
2,7551
10,7552
21,7553
6,7554
21,7555
26,7556
10,7557
21,7558
2,7559
6,7560
21,7561
2,7562
2,7563
6,7564
2,7565
2,7566
21,7567
10,7568
6,7569
25,7570
13,7571
25,7572
16,7573
12,7574
12,7575
27,7576
3,7577
3,7578
12,7579
22,7580
23,7581
22,7582
14,7583
14,7584
17,7585
17,7586
5,7587
5,7588
17,7589
5,7590
14,7591
4,7592
17,7593
4,7594
17,7595
4,7596
19,7597
8,7598
15,7599
1,7600
15,7601
1,7602
15,7603
18,7604
8,7605
1,7606
1,7607
1,7608
8,7609
18,7610
8,7611
8,7612
8,7613
18,7614
8,7615
8,7616
15,7617
18,7618
1,7619
18,7620
1,7621
15,7622
18,7623
8,7624
15,7625
15,7626
18,7627
18,7628
8,7629
1,7630
1,7631
8,7632
1,7633
1,7634
15,7635
18,7636
1,7637
8,7638
1,7639
8,7640
15,7641
1,7642
1,7643
8,7644
11,7645
29,7646
28,7647
11,7648
11,7649
7,7650
7,7651
7,7652
11,7653
29,7654
29,7655
11,7656
7,7657
29,7658
28,7659
6,7660
26,7661
10,7662
2,7663
26,7664
26,7665
26,7666
26,7667
21,7668
6,7669
10,7670
21,7671
6,7672
25,7673
16,7674
13,7675
25,7676
13,7677
13,7678
16,7679
25,7680
25,7681
16,7682
12,7683
27,7684
12,7685
22,7686
14,7687
4,7688
19,7689
14,7690
5,7691
19,7692
19,7693
5,7694
14,7695
19,7696
14,7697
4,7698
19,7699
5,7700
4,7701
5,7702
4,7703
5,7704
19,7705
17,7706
17,7707
14,7708
5,7709
5,7710
14,7711
5,7712
19,7713
14,7714
4,7715
19,7716
8,7717
1,7718
15,7719
18,7720
18,7721
1,7722
18,7723
1,7724
8,7725
11,7726
7,7727
29,7728
11,7729
28,7730
6,7731
25,7732
25,7733
16,7734
16,7735
25,7736
25,7737
16,7738
12,7739
3,7740
12,7741
12,7742
3,7743
12,7744
27,7745
3,7746
3,7747
27,7748
12,7749
22,7750
23,7751
20,7752
24,7753
23,7754
23,7755
24,7756
23,7757
22,7758
20,7759
9,7760
0,7761
23,7762
24,7763
9,7764
22,7765
24,7766
24,7767
20,7768
22,7769
20,7770
20,7771
9,7772
0,7773
24,7774
23,7775
20,7776
20,7777
22,7778
20,7779
20,7780
22,7781
0,7782
0,7783
22,7784
24,7785
9,7786
20,7787
22,7788
14,7789
17,7790
19,7791
8,7792
18,7793
18,7794
8,7795
18,7796
1,7797
15,7798
18,7799
15,7800
18,7801
18,7802
18,7803
8,7804
18,7805
15,7806
8,7807
11,7808
28,7809
7,7810
11,7811
11,7812
29,7813
11,7814
29,7815
28,7816
6,7817
6,7818
6,7819
6,7820
6,7821
25,7822
25,7823
16,7824
12,7825
12,7826
3,7827
3,7828
3,7829
12,7830
27,7831
27,7832
27,7833
3,7834
12,7835
22,7836
24,7837
9,7838
20,7839
23,7840
24,7841
22,7842
23,7843
24,7844
0,7845
9,7846
24,7847
22,7848
0,7849
9,7850
22,7851
14,7852
19,7853
4,7854
17,7855
17,7856
17,7857
17,7858
14,7859
17,7860
4,7861
14,7862
5,7863
17,7864
19,7865
14,7866
14,7867
19,7868
14,7869
14,7870
19,7871
5,7872
17,7873
5,7874
14,7875
14,7876
4,7877
5,7878
5,7879
4,7880
14,7881
5,7882
17,7883
14,7884
5,7885
19,7886
14,7887
17,7888
5,7889
17,7890
19,7891
5,7892
17,7893
5,7894
17,7895
19,7896
4,7897
17,7898
5,7899
19,7900
14,7901
17,7902
14,7903
4,7904
14,7905
19,7906
8,7907
11,7908
28,7909
28,7910
29,7911
29,7912
29,7913
29,7914
11,7915
29,7916
7,7917
28,7918
28,7919
7,7920
28,7921
11,7922
7,7923
7,7924
11,7925
29,7926
11,7927
11,7928
28,7929
7,7930
28,7931
28,7932
28,7933
29,7934
28,7935
7,7936
11,7937
11,7938
11,7939
28,7940
28,7941
11,7942
7,7943
7,7944
7,7945
28,7946
11,7947
29,7948
7,7949
29,7950
7,7951
28,7952
29,7953
28,7954
28,7955
11,7956
11,7957
7,7958
29,7959
29,7960
29,7961
7,7962
28,7963
28,7964
7,7965
29,7966
28,7967
6,7968
10,7969
21,7970
2,7971
10,7972
10,7973
6,7974
2,7975
21,7976
21,7977
2,7978
26,7979
2,7980
21,7981
26,7982
21,7983
21,7984
2,7985
26,7986
6,7987
25,7988
25,7989
13,7990
16,7991
13,7992
16,7993
25,7994
13,7995
25,7996
13,7997
13,7998
25,7999
13,8000
25,8001
16,8002
25,8003
13,8004
16,8005
13,8006
25,8007
16,8008
16,8009
12,8010
12,8011
3,8012
3,8013
27,8014
12,8015
12,8016
22,8017
20,8018
0,8019
9,8020
9,8021
9,8022
20,8023
23,8024
9,8025
22,8026
14,8027
17,8028
5,8029
14,8030
5,8031
17,8032
19,8033
14,8034
19,8035
4,8036
19,8037
14,8038
4,8039
4,8040
4,8041
5,8042
14,8043
4,8044
14,8045
4,8046
4,8047
19,8048
4,8049
5,8050
14,8051
17,8052
19,8053
5,8054
5,8055
14,8056
19,8057
19,8058
19,8059
19,8060
8,8061
18,8062
1,8063
1,8064
1,8065
1,8066
8,8067
15,8068
15,8069
15,8070
8,8071
11,8072
7,8073
7,8074
11,8075
11,8076
11,8077
28,8078
6,8079
25,8080
13,8081
16,8082
13,8083
25,8084
13,8085
25,8086
13,8087
25,8088
13,8089
16,8090
16,8091
25,8092
25,8093
13,8094
16,8095
16,8096
13,8097
13,8098
25,8099
25,8100
25,8101
16,8102
12,8103
12,8104
3,8105
12,8106
12,8107
3,8108
12,8109
22,8110
14,8111
5,8112
14,8113
19,8114
19,8115
4,8116
19,8117
4,8118
17,8119
14,8120
4,8121
14,8122
5,8123
19,8124
8,8125
18,8126
15,8127
1,8128
8,8129
1,8130
8,8131
15,8132
8,8133
8,8134
1,8135
18,8136
15,8137
1,8138
1,8139
15,8140
8,8141
11,8142
29,8143
7,8144
7,8145
28,8146
7,8147
11,8148
28,8149
6,8150
6,8151
26,8152
10,8153
21,8154
2,8155
10,8156
6,8157
25,8158
13,8159
25,8160
16,8161
16,8162
13,8163
13,8164
16,8165
13,8166
25,8167
25,8168
13,8169
16,8170
16,8171
12,8172
22,8173
24,8174
20,8175
9,8176
20,8177
22,8178
0,8179
0,8180
22,8181
22,8182
9,8183
0,8184
0,8185
22,8186
9,8187
9,8188
23,8189
9,8190
9,8191
9,8192
23,8193
22,8194
22,8195
9,8196
24,8197
9,8198
24,8199
0,8200
24,8201
20,8202
22,8203
22,8204
0,8205
20,8206
0,8207
0,8208
24,8209
0,8210
20,8211
22,8212
0,8213
22,8214
9,8215
22,8216
23,8217
0,8218
9,8219
9,8220
22,8221
20,8222
23,8223
23,8224
23,8225
9,8226
0,8227
9,8228
20,8229
9,8230
0,8231
9,8232
24,8233
20,8234
9,8235
9,8236
23,8237
20,8238
20,8239
9,8240
9,8241
24,8242
20,8243
22,8244
9,8245
20,8246
20,8247
23,8248
24,8249
24,8250
24,8251
20,8252
22,8253
20,8254
22,8255
9,8256
0,8257
9,8258
23,8259
24,8260
23,8261
0,8262
23,8263
9,8264
22,8265
20,8266
22,8267
22,8268
22,8269
24,8270
20,8271
23,8272
24,8273
9,8274
24,8275
22,8276
24,8277
9,8278
20,8279
9,8280
23,8281
0,8282
0,8283
22,8284
14,8285
4,8286
4,8287
17,8288
5,8289
14,8290
5,8291
19,8292
8,8293
18,8294
15,8295
1,8296
15,8297
1,8298
8,8299
18,8300
1,8301
18,8302
1,8303
18,8304
18,8305
1,8306
18,8307
18,8308
8,8309
11,8310
28,8311
6,8312
25,8313
16,8314
13,8315
25,8316
16,8317
12,8318
3,8319
27,8320
3,8321
12,8322
3,8323
12,8324
3,8325
12,8326
22,8327
22,8328
9,8329
20,8330
9,8331
24,8332
23,8333
22,8334
9,8335
9,8336
20,8337
24,8338
9,8339
24,8340
9,8341
0,8342
22,8343
22,8344
14,8345
4,8346
4,8347
19,8348
14,8349
19,8350
8,8351
1,8352
15,8353
8,8354
11,8355
7,8356
7,8357
11,8358
11,8359
29,8360
7,8361
11,8362
7,8363
11,8364
29,8365
29,8366
28,8367
28,8368
6,8369
2,8370
2,8371
26,8372
21,8373
10,8374
6,8375
26,8376
21,8377
6,8378
21,8379
10,8380
26,8381
21,8382
10,8383
10,8384
21,8385
26,8386
10,8387
6,8388
2,8389
2,8390
21,8391
21,8392
21,8393
26,8394
10,8395
10,8396
10,8397
2,8398
2,8399
10,8400
6,8401
21,8402
10,8403
10,8404
26,8405
21,8406
2,8407
10,8408
2,8409
2,8410
21,8411
6,8412
25,8413
25,8414
16,8415
16,8416
13,8417
16,8418
25,8419
13,8420
25,8421
13,8422
25,8423
16,8424
16,8425
25,8426
16,8427
13,8428
25,8429
16,8430
25,8431
16,8432
13,8433
25,8434
13,8435
13,8436
13,8437
25,8438
16,8439
13,8440
25,8441
13,8442
13,8443
16,8444
12,8445
27,8446
27,8447
3,8448
12,8449
3,8450
12,8451
12,8452
22,8453
24,8454
9,8455
24,8456
24,8457
0,8458
24,8459
24,8460
0,8461
23,8462
24,8463
20,8464
0,8465
0,8466
24,8467
22,8468
9,8469
23,8470
9,8471
9,8472
20,8473
24,8474
23,8475
23,8476
24,8477
20,8478
20,8479
22,8480
0,8481
0,8482
22,8483
14,8484
17,8485
4,8486
5,8487
5,8488
14,8489
17,8490
17,8491
5,8492
5,8493
14,8494
19,8495
5,8496
17,8497
4,8498
14,8499
4,8500
19,8501
8,8502
15,8503
15,8504
1,8505
18,8506
8,8507
11,8508
29,8509
11,8510
29,8511
29,8512
7,8513
28,8514
29,8515
7,8516
29,8517
28,8518
11,8519
11,8520
7,8521
7,8522
7,8523
11,8524
28,8525
6,8526
6,8527
25,8528
13,8529
16,8530
25,8531
16,8532
12,8533
22,8534
24,8535
0,8536
0,8537
23,8538
20,8539
9,8540
9,8541
9,8542
9,8543
23,8544
20,8545
9,8546
23,8547
22,8548
24,8549
0,8550
22,8551
9,8552
20,8553
23,8554
22,8555
20,8556
0,8557
9,8558
0,8559
0,8560
23,8561
9,8562
9,8563
22,8564
22,8565
20,8566
9,8567
9,8568
24,8569
0,8570
24,8571
0,8572
22,8573
9,8574
22,8575
22,8576
24,8577
24,8578
9,8579
9,8580
23,8581
20,8582
0,8583
20,8584
23,8585
9,8586
20,8587
20,8588
0,8589
23,8590
20,8591
0,8592
22,8593
0,8594
24,8595
20,8596
20,8597
0,8598
24,8599
24,8600
23,8601
0,8602
0,8603
9,8604
22,8605
14,8606
17,8607
4,8608
4,8609
4,8610
5,8611
5,8612
14,8613
19,8614
17,8615
4,8616
14,8617
17,8618
19,8619
19,8620
4,8621
19,8622
19,8623
4,8624
17,8625
4,8626
4,8627
14,8628
14,8629
4,8630
19,8631
14,8632
14,8633
17,8634
17,8635
5,8636
19,8637
5,8638
5,8639
4,8640
5,8641
14,8642
4,8643
5,8644
19,8645
4,8646
17,8647
19,8648
17,8649
4,8650
4,8651
4,8652
17,8653
4,8654
5,8655
5,8656
5,8657
5,8658
17,8659
5,8660
17,8661
19,8662
19,8663
19,8664
14,8665
17,8666
17,8667
5,8668
17,8669
17,8670
17,8671
4,8672
17,8673
19,8674
8,8675
8,8676
11,8677
7,8678
29,8679
29,8680
29,8681
11,8682
11,8683
29,8684
11,8685
11,8686
28,8687
28,8688
29,8689
11,8690
7,8691
29,8692
7,8693
11,8694
7,8695
29,8696
29,8697
7,8698
11,8699
11,8700
11,8701
7,8702
7,8703
11,8704
11,8705
11,8706
7,8707
29,8708
28,8709
6,8710
26,8711
2,8712
21,8713
21,8714
10,8715
10,8716
26,8717
26,8718
2,8719
6,8720
6,8721
10,8722
26,8723
26,8724
6,8725
10,8726
21,8727
10,8728
21,8729
6,8730
25,8731
25,8732
16,8733
12,8734
12,8735
22,8736
23,8737
9,8738
0,8739
9,8740
22,8741
9,8742
24,8743
20,8744
20,8745
0,8746
23,8747
0,8748
20,8749
9,8750
9,8751
9,8752
22,8753
20,8754
0,8755
23,8756
24,8757
24,8758
9,8759
20,8760
22,8761
0,8762
20,8763
22,8764
14,8765
14,8766
19,8767
5,8768
19,8769
19,8770
5,8771
5,8772
17,8773
17,8774
14,8775
4,8776
14,8777
5,8778
4,8779
4,8780
19,8781
5,8782
5,8783
14,8784
4,8785
4,8786
17,8787
14,8788
4,8789
4,8790
14,8791
19,8792
14,8793
14,8794
19,8795
17,8796
17,8797
14,8798
4,8799
5,8800
4,8801
14,8802
14,8803
14,8804
17,8805
19,8806
17,8807
5,8808
17,8809
17,8810
19,8811
5,8812
5,8813
4,8814
4,8815
17,8816
17,8817
5,8818
5,8819
4,8820
17,8821
19,8822
19,8823
17,8824
14,8825
19,8826
14,8827
14,8828
17,8829
17,8830
17,8831
5,8832
5,8833
5,8834
19,8835
8,8836
8,8837
15,8838
15,8839
18,8840
15,8841
15,8842
18,8843
1,8844
18,8845
18,8846
8,8847
11,8848
11,8849
29,8850
11,8851
29,8852
28,8853
28,8854
29,8855
7,8856
29,8857
28,8858
11,8859
29,8860
29,8861
29,8862
29,8863
11,8864
11,8865
7,8866
29,8867
7,8868
11,8869
29,8870
29,8871
7,8872
7,8873
7,8874
11,8875
28,8876
7,8877
29,8878
28,8879
29,8880
28,8881
6,8882
2,8883
2,8884
21,8885
10,8886
26,8887
10,8888
26,8889
6,8890
2,8891
21,8892
2,8893
26,8894
21,8895
2,8896
26,8897
2,8898
6,8899
26,8900
10,8901
21,8902
6,8903
25,8904
25,8905
13,8906
13,8907
25,8908
25,8909
16,8910
12,8911
12,8912
27,8913
12,8914
22,8915
22,8916
24,8917
23,8918
22,8919
20,8920
22,8921
0,8922
23,8923
22,8924
0,8925
24,8926
22,8927
24,8928
0,8929
20,8930
0,8931
23,8932
23,8933
23,8934
20,8935
0,8936
9,8937
20,8938
0,8939
24,8940
23,8941
20,8942
20,8943
9,8944
22,8945
0,8946
20,8947
23,8948
24,8949
24,8950
24,8951
9,8952
23,8953
20,8954
9,8955
23,8956
22,8957
0,8958
24,8959
20,8960
22,8961
22,8962
14,8963
19,8964
17,8965
17,8966
4,8967
14,8968
17,8969
5,8970
19,8971
5,8972
4,8973
19,8974
17,8975
19,8976
19,8977
19,8978
5,8979
14,8980
19,8981
5,8982
4,8983
19,8984
17,8985
17,8986
5,8987
4,8988
17,8989
14,8990
17,8991
14,8992
5,8993
5,8994
14,8995
14,8996
14,8997
19,8998
5,8999
4,9000
19,9001
17,9002
4,9003
17,9004
4,9005
17,9006
17,9007
14,9008
14,9009
14,9010
19,9011
14,9012
17,9013
19,9014
4,9015
14,9016
17,9017
19,9018
14,9019
14,9020
5,9021
5,9022
4,9023
19,9024
17,9025
14,9026
14,9027
4,9028
5,9029
5,9030
5,9031
19,9032
5,9033
4,9034
19,9035
17,9036
5,9037
19,9038
19,9039
14,9040
19,9041
14,9042
17,9043
19,9044
14,9045
4,9046
19,9047
8,9048
8,9049
18,9050
1,9051
1,9052
15,9053
1,9054
18,9055
15,9056
1,9057
8,9058
1,9059
8,9060
18,9061
1,9062
18,9063
15,9064
15,9065
1,9066
15,9067
1,9068
1,9069
1,9070
8,9071
18,9072
8,9073
15,9074
1,9075
8,9076
8,9077
1,9078
8,9079
18,9080
8,9081
15,9082
1,9083
15,9084
1,9085
15,9086
15,9087
8,9088
18,9089
8,9090
18,9091
18,9092
15,9093
1,9094
18,9095
15,9096
8,9097
1,9098
15,9099
15,9100
15,9101
18,9102
8,9103
1,9104
15,9105
8,9106
15,9107
8,9108
11,9109
7,9110
29,9111
7,9112
11,9113
28,9114
7,9115
7,9116
7,9117
7,9118
29,9119
28,9120
6,9121
25,9122
13,9123
25,9124
25,9125
13,9126
25,9127
16,9128
12,9129
3,9130
3,9131
12,9132
3,9133
27,9134
12,9135
27,9136
12,9137
3,9138
3,9139
27,9140
3,9141
3,9142
27,9143
27,9144
12,9145
12,9146
3,9147
3,9148
12,9149
22,9150
14,9151
5,9152
17,9153
17,9154
5,9155
4,9156
19,9157
4,9158
17,9159
14,9160
14,9161
5,9162
17,9163
4,9164
19,9165
19,9166
5,9167
17,9168
17,9169
4,9170
14,9171
19,9172
8,9173
1,9174
8,9175
15,9176
8,9177
18,9178
1,9179
15,9180
15,9181
8,9182
15,9183
1,9184
15,9185
1,9186
18,9187
18,9188
8,9189
18,9190
8,9191
11,9192
11,9193
11,9194
11,9195
7,9196
7,9197
29,9198
29,9199
7,9200
11,9201
28,9202
28,9203
7,9204
11,9205
28,9206
6,9207
6,9208
6,9209
25,9210
13,9211
16,9212
16,9213
16,9214
13,9215
13,9216
16,9217
25,9218
25,9219
25,9220
25,9221
13,9222
25,9223
16,9224
16,9225
25,9226
13,9227
13,9228
13,9229
13,9230
16,9231
13,9232
25,9233
25,9234
25,9235
16,9236
13,9237
16,9238
16,9239
13,9240
13,9241
13,9242
25,9243
13,9244
16,9245
16,9246
16,9247
16,9248
12,9249
22,9250
14,9251
17,9252
19,9253
17,9254
14,9255
19,9256
19,9257
4,9258
19,9259
19,9260
14,9261
5,9262
5,9263
19,9264
5,9265
4,9266
14,9267
4,9268
14,9269
17,9270
5,9271
19,9272
17,9273
19,9274
8,9275
18,9276
15,9277
8,9278
11,9279
28,9280
29,9281
11,9282
7,9283
28,9284
6,9285
2,9286
2,9287
21,9288
21,9289
2,9290
10,9291
26,9292
10,9293
21,9294
6,9295
2,9296
10,9297
2,9298
2,9299
10,9300
10,9301
6,9302
10,9303
26,9304
21,9305
10,9306
21,9307
21,9308
10,9309
10,9310
2,9311
26,9312
6,9313
26,9314
21,9315
26,9316
26,9317
26,9318
10,9319
21,9320
6,9321
26,9322
10,9323
21,9324
10,9325
2,9326
10,9327
2,9328
6,9329
2,9330
26,9331
2,9332
10,9333
2,9334
26,9335
2,9336
26,9337
6,9338
2,9339
21,9340
21,9341
26,9342
2,9343
10,9344
21,9345
10,9346
6,9347
6,9348
21,9349
10,9350
10,9351
2,9352
21,9353
10,9354
2,9355
21,9356
2,9357
2,9358
26,9359
6,9360
21,9361
10,9362
26,9363
6,9364
25,9365
16,9366
25,9367
25,9368
25,9369
25,9370
25,9371
13,9372
16,9373
13,9374
16,9375
25,9376
16,9377
16,9378
25,9379
13,9380
13,9381
16,9382
12,9383
3,9384
27,9385
12,9386
22,9387
22,9388
24,9389
24,9390
24,9391
22,9392
14,9393
14,9394
5,9395
17,9396
5,9397
5,9398
5,9399
5,9400
4,9401
14,9402
5,9403
19,9404
4,9405
5,9406
17,9407
14,9408
14,9409
14,9410
19,9411
8,9412
8,9413
18,9414
8,9415
18,9416
15,9417
1,9418
1,9419
1,9420
18,9421
18,9422
1,9423
18,9424
18,9425
15,9426
18,9427
1,9428
1,9429
8,9430
11,9431
28,9432
6,9433
6,9434
10,9435
2,9436
2,9437
21,9438
10,9439
10,9440
26,9441
2,9442
10,9443
2,9444
2,9445
21,9446
10,9447
6,9448
25,9449
13,9450
16,9451
12,9452
22,9453
0,9454
22,9455
24,9456
9,9457
0,9458
24,9459
24,9460
23,9461
9,9462
9,9463
0,9464
23,9465
9,9466
24,9467
9,9468
9,9469
20,9470
0,9471
0,9472
0,9473
0,9474
0,9475
22,9476
9,9477
22,9478
9,9479
23,9480
9,9481
9,9482
9,9483
22,9484
0,9485
9,9486
9,9487
0,9488
22,9489
24,9490
22,9491
0,9492
9,9493
23,9494
0,9495
0,9496
20,9497
23,9498
20,9499
24,9500
0,9501
23,9502
22,9503
23,9504
22,9505
24,9506
20,9507
24,9508
23,9509
24,9510
22,9511
22,9512
0,9513
9,9514
0,9515
23,9516
20,9517
0,9518
0,9519
0,9520
23,9521
23,9522
22,9523
23,9524
9,9525
24,9526
9,9527
22,9528
9,9529
23,9530
23,9531
24,9532
23,9533
9,9534
22,9535
14,9536
17,9537
5,9538
5,9539
17,9540
17,9541
14,9542
14,9543
19,9544
19,9545
14,9546
14,9547
17,9548
19,9549
19,9550
8,9551
1,9552
15,9553
1,9554
8,9555
1,9556
18,9557
18,9558
15,9559
8,9560
18,9561
15,9562
18,9563
18,9564
18,9565
8,9566
1,9567
18,9568
8,9569
8,9570
8,9571
11,9572
11,9573
11,9574
28,9575
7,9576
11,9577
29,9578
28,9579
29,9580
7,9581
28,9582
7,9583
11,9584
7,9585
11,9586
11,9587
7,9588
11,9589
11,9590
29,9591
7,9592
29,9593
28,9594
11,9595
7,9596
11,9597
11,9598
28,9599
6,9600
10,9601
21,9602
2,9603
2,9604
2,9605
26,9606
21,9607
2,9608
10,9609
6,9610
25,9611
25,9612
25,9613
13,9614
16,9615
12,9616
3,9617
3,9618
27,9619
27,9620
3,9621
3,9622
12,9623
3,9624
12,9625
12,9626
22,9627
22,9628
14,9629
14,9630
4,9631
17,9632
17,9633
19,9634
5,9635
19,9636
4,9637
19,9638
8,9639
8,9640
11,9641
7,9642
29,9643
29,9644
7,9645
29,9646
29,9647
11,9648
28,9649
7,9650
7,9651
28,9652
11,9653
29,9654
28,9655
7,9656
29,9657
28,9658
29,9659
11,9660
7,9661
7,9662
29,9663
7,9664
28,9665
11,9666
28,9667
6,9668
25,9669
13,9670
16,9671
12,9672
27,9673
3,9674
12,9675
22,9676
22,9677
22,9678
24,9679
9,9680
9,9681
23,9682
23,9683
0,9684
0,9685
9,9686
23,9687
20,9688
0,9689
9,9690
22,9691
22,9692
23,9693
20,9694
24,9695
0,9696
20,9697
0,9698
20,9699
20,9700
9,9701
24,9702
22,9703
0,9704
9,9705
0,9706
0,9707
24,9708
20,9709
20,9710
23,9711
22,9712
9,9713
22,9714
0,9715
9,9716
24,9717
20,9718
24,9719
20,9720
0,9721
0,9722
9,9723
9,9724
9,9725
20,9726
0,9727
23,9728
22,9729
0,9730
23,9731
20,9732
9,9733
0,9734
20,9735
22,9736
0,9737
22,9738
9,9739
24,9740
20,9741
22,9742
23,9743
20,9744
0,9745
0,9746
23,9747
0,9748
9,9749
9,9750
20,9751
22,9752
20,9753
0,9754
20,9755
20,9756
22,9757
9,9758
9,9759
9,9760
22,9761
14,9762
4,9763
14,9764
4,9765
5,9766
4,9767
14,9768
4,9769
17,9770
19,9771
8,9772
18,9773
1,9774
8,9775
11,9776
7,9777
28,9778
6,9779
26,9780
10,9781
10,9782
6,9783
6,9784
26,9785
2,9786
6,9787
21,9788
6,9789
6,9790
25,9791
13,9792
25,9793
16,9794
13,9795
13,9796
16,9797
12,9798
27,9799
27,9800
3,9801
12,9802
22,9803
24,9804
0,9805
24,9806
9,9807
22,9808
22,9809
23,9810
22,9811
9,9812
0,9813
0,9814
22,9815
14,9816
14,9817
17,9818
4,9819
19,9820
8,9821
15,9822
8,9823
8,9824
18,9825
18,9826
8,9827
11,9828
11,9829
11,9830
11,9831
28,9832
29,9833
29,9834
7,9835
7,9836
29,9837
11,9838
7,9839
29,9840
7,9841
11,9842
11,9843
28,9844
28,9845
11,9846
29,9847
11,9848
28,9849
29,9850
11,9851
11,9852
29,9853
7,9854
11,9855
11,9856
28,9857
28,9858
7,9859
11,9860
29,9861
29,9862
29,9863
11,9864
7,9865
7,9866
29,9867
11,9868
7,9869
11,9870
29,9871
28,9872
28,9873
6,9874
10,9875
10,9876
21,9877
26,9878
21,9879
21,9880
2,9881
21,9882
10,9883
10,9884
10,9885
6,9886
6,9887
25,9888
16,9889
12,9890
3,9891
27,9892
12,9893
27,9894
12,9895
3,9896
27,9897
12,9898
3,9899
12,9900
22,9901
22,9902
24,9903
0,9904
24,9905
0,9906
0,9907
9,9908
20,9909
23,9910
9,9911
24,9912
20,9913
20,9914
22,9915
22,9916
9,9917
9,9918
22,9919
14,9920
19,9921
17,9922
14,9923
14,9924
5,9925
4,9926
14,9927
14,9928
17,9929
4,9930
19,9931
14,9932
14,9933
19,9934
4,9935
4,9936
17,9937
14,9938
4,9939
17,9940
5,9941
4,9942
17,9943
5,9944
4,9945
17,9946
4,9947
14,9948
19,9949
8,9950
8,9951
18,9952
15,9953
15,9954
18,9955
8,9956
8,9957
15,9958
15,9959
15,9960
1,9961
8,9962
18,9963
18,9964
1,9965
18,9966
18,9967
15,9968
8,9969
8,9970
8,9971
15,9972
1,9973
18,9974
15,9975
15,9976
18,9977
15,9978
15,9979
15,9980
8,9981
11,9982
11,9983
7,9984
11,9985
7,9986
11,9987
11,9988
29,9989
28,9990
29,9991
11,9992
29,9993
28,9994
28,9995
6,9996
25,9997
25,9998
13,9999
