10,0
27,1
9,2
0,3
9,4
7,5
18,6
10,7
16,8
0,9
16,10
23,11
29,12
7,13
9,14
9,15
13,16
2,17
1,18
13,19
29,20
4,21
19,22
16,23
0,24
1,25
1,26
24,27
9,28
20,29
27,30
9,31
5,32
2,33
24,34
16,35
18,36
12,37
21,38
10,39
24,40
17,41
19,42
26,43
18,44
9,45
29,46
6,47
29,48
28,49
13,50
29,51
26,52
24,53
5,54
0,55
16,56
11,57
6,58
26,59
27,60
11,61
18,62
16,63
28,64
5,65
0,66
4,67
23,68
2,69
29,70
0,71
16,72
16,73
14,74
9,75
19,76
11,77
26,78
0,79
1,80
17,81
0,82
20,83
15,84
4,85
3,86
8,87
26,88
18,89
21,90
5,91
18,92
3,93
15,94
6,95
3,96
25,97
7,98
16,99
14,100
8,101
9,102
19,103
23,104
15,105
29,106
2,107
24,108
14,109
8,110
21,111
14,112
10,113
0,114
18,115
22,116
6,117
7,118
6,119
8,120
2,121
23,122
22,123
21,124
14,125
25,126
24,127
14,128
29,129
26,130
4,131
10,132
28,133
20,134
5,135
3,136
18,137
17,138
9,139
16,140
25,141
28,142
12,143
8,144
5,145
3,146
0,147
4,148
7,149
4,150
10,151
1,152
13,153
25,154
17,155
20,156
28,157
12,158
27,159
20,160
25,161
10,162
1,163
6,164
21,165
25,166
3,167
0,168
23,169
4,170
23,171
24,172
0,173
7,174
20,175
4,176
19,177
14,178
6,179
21,180
2,181
8,182
5,183
16,184
25,185
1,186
1,187
15,188
29,189
19,190
5,191
13,192
7,193
19,194
25,195
6,196
12,197
13,198
2,199
14,200
21,201
7,202
11,203
5,204
14,205
25,206
0,207
9,208
10,209
16,210
2,211
3,212
22,213
0,214
18,215
25,216
15,217
0,218
18,219
12,220
7,221
4,222
20,223
10,224
29,225
9,226
27,227
0,228
29,229
21,230
28,231
16,232
16,233
17,234
28,235
22,236
1,237
12,238
24,239
1,240
17,241
26,242
3,243
10,244
25,245
10,246
15,247
22,248
6,249
6,250
29,251
1,252
14,253
16,254
7,255
3,256
10,257
20,258
19,259
10,260
14,261
28,262
8,263
15,264
23,265
0,266
8,267
12,268
1,269
29,270
29,271
15,272
18,273
20,274
4,275
4,276
0,277
3,278
20,279
28,280
13,281
24,282
6,283
2,284
14,285
4,286
16,287
2,288
1,289
28,290
19,291
27,292
17,293
0,294
17,295
18,296
4,297
16,298
16,299
25,300
22,301
20,302
6,303
29,304
0,305
1,306
1,307
7,308
20,309
14,310
24,311
6,312
6,313
23,314
6,315
6,316
2,317
22,318
24,319
22,320
27,321
7,322
17,323
18,324
26,325
21,326
22,327
24,328
29,329
3,330
19,331
9,332
13,333
25,334
8,335
5,336
7,337
24,338
4,339
12,340
11,341
15,342
23,343
22,344
13,345
10,346
26,347
21,348
16,349
5,350
1,351
2,352
12,353
17,354
8,355
7,356
17,357
5,358
5,359
7,360
14,361
23,362
23,363
28,364
14,365
20,366
17,367
5,368
17,369
29,370
16,371
13,372
9,373
2,374
21,375
16,376
26,377
4,378
25,379
21,380
21,381
20,382
13,383
21,384
18,385
21,386
26,387
25,388
1,389
17,390
8,391
13,392
26,393
24,394
9,395
21,396
1,397
1,398
0,399
2,400
15,401
18,402
21,403
11,404
21,405
23,406
21,407
4,408
16,409
11,410
13,411
2,412
17,413
5,414
1,415
18,416
20,417
13,418
12,419
24,420
4,421
27,422
6,423
7,424
8,425
8,426
24,427
17,428
3,429
1,430
18,431
6,432
9,433
29,434
4,435
11,436
11,437
2,438
12,439
15,440
11,441
17,442
14,443
21,444
14,445
12,446
14,447
20,448
27,449
12,450
19,451
14,452
5,453
26,454
3,455
9,456
29,457
9,458
29,459
8,460
22,461
13,462
26,463
11,464
23,465
7,466
9,467
29,468
25,469
16,470
26,471
18,472
2,473
22,474
22,475
23,476
28,477
15,478
0,479
7,480
4,481
27,482
29,483
2,484
14,485
20,486
4,487
3,488
7,489
13,490
10,491
0,492
3,493
23,494
2,495
4,496
6,497
6,498
27,499
15,500
6,501
1,502
21,503
24,504
26,505
21,506
8,507
19,508
29,509
22,510
22,511
4,512
24,513
28,514
5,515
9,516
12,517
2,518
0,519
27,520
27,521
27,522
17,523
5,524
15,525
5,526
19,527
11,528
0,529
21,530
18,531
28,532
27,533
18,534
18,535
15,536
1,537
19,538
29,539
6,540
2,541
13,542
16,543
2,544
19,545
6,546
19,547
9,548
28,549
15,550
13,551
12,552
20,553
4,554
27,555
24,556
9,557
17,558
15,559
17,560
0,561
6,562
25,563
26,564
11,565
6,566
22,567
14,568
23,569
6,570
21,571
29,572
10,573
0,574
2,575
21,576
7,577
26,578
22,579
13,580
4,581
3,582
1,583
22,584
1,585
12,586
27,587
20,588
16,589
26,590
6,591
12,592
11,593
19,594
21,595
20,596
19,597
18,598
2,599
2,600
18,601
23,602
13,603
29,604
1,605
4,606
25,607
15,608
13,609
2,610
0,611
3,612
16,613
12,614
21,615
2,616
10,617
14,618
29,619
25,620
17,621
8,622
8,623
18,624
26,625
15,626
9,627
26,628
16,629
16,630
8,631
3,632
7,633
28,634
4,635
20,636
11,637
10,638
5,639
23,640
3,641
27,642
13,643
29,644
16,645
13,646
0,647
24,648
7,649
21,650
1,651
11,652
0,653
26,654
23,655
3,656
15,657
29,658
15,659
10,660
0,661
22,662
16,663
10,664
8,665
24,666
13,667
29,668
25,669
16,670
5,671
0,672
11,673
11,674
9,675
9,676
16,677
16,678
27,679
6,680
14,681
28,682
29,683
13,684
25,685
0,686
27,687
19,688
18,689
3,690
20,691
17,692
12,693
21,694
19,695
4,696
4,697
20,698
22,699
14,700
6,701
12,702
18,703
26,704
17,705
7,706
15,707
9,708
10,709
14,710
22,711
3,712
5,713
1,714
26,715
24,716
21,717
6,718
17,719
6,720
6,721
26,722
16,723
25,724
22,725
21,726
28,727
13,728
29,729
25,730
6,731
10,732
20,733
5,734
23,735
21,736
2,737
16,738
6,739
18,740
1,741
11,742
26,743
27,744
21,745
8,746
26,747
29,748
16,749
28,750
7,751
25,752
24,753
0,754
8,755
15,756
0,757
7,758
18,759
3,760
9,761
23,762
2,763
14,764
16,765
27,766
22,767
4,768
18,769
0,770
27,771
15,772
21,773
21,774
18,775
4,776
24,777
11,778
9,779
16,780
15,781
15,782
17,783
3,784
0,785
20,786
29,787
22,788
29,789
26,790
17,791
19,792
21,793
7,794
1,795
18,796
20,797
18,798
16,799
6,800
26,801
10,802
8,803
19,804
29,805
8,806
13,807
4,808
4,809
1,810
11,811
0,812
23,813
14,814
17,815
16,816
17,817
24,818
26,819
28,820
26,821
25,822
0,823
14,824
21,825
18,826
27,827
20,828
6,829
17,830
22,831
10,832
25,833
23,834
12,835
12,836
14,837
10,838
5,839
7,840
23,841
26,842
21,843
28,844
11,845
1,846
13,847
19,848
1,849
18,850
7,851
2,852
25,853
17,854
29,855
25,856
18,857
23,858
25,859
28,860
28,861
1,862
21,863
18,864
24,865
16,866
10,867
25,868
11,869
18,870
14,871
25,872
11,873
7,874
8,875
17,876
2,877
13,878
4,879
26,880
2,881
4,882
15,883
11,884
23,885
26,886
9,887
10,888
16,889
4,890
0,891
2,892
29,893
10,894
22,895
20,896
17,897
15,898
29,899
6,900
26,901
21,902
6,903
5,904
29,905
3,906
25,907
21,908
24,909
8,910
6,911
11,912
22,913
13,914
0,915
4,916
6,917
7,918
13,919
10,920
17,921
24,922
28,923
4,924
29,925
27,926
9,927
5,928
8,929
17,930
17,931
5,932
13,933
25,934
14,935
11,936
3,937
26,938
25,939
26,940
21,941
5,942
4,943
4,944
27,945
10,946
27,947
23,948
26,949
17,950
21,951
19,952
8,953
0,954
21,955
5,956
12,957
27,958
13,959
28,960
22,961
12,962
29,963
1,964
12,965
7,966
12,967
10,968
11,969
5,970
23,971
15,972
6,973
0,974
8,975
17,976
13,977
12,978
27,979
6,980
29,981
6,982
5,983
13,984
24,985
28,986
7,987
7,988
20,989
1,990
13,991
18,992
16,993
14,994
2,995
26,996
22,997
3,998
23,999
15,1000
12,1001
25,1002
9,1003
21,1004
13,1005
22,1006
11,1007
15,1008
24,1009
12,1010
10,1011
7,1012
15,1013
6,1014
29,1015
23,1016
23,1017
28,1018
14,1019
25,1020
14,1021
27,1022
23,1023
5,1024
18,1025
0,1026
17,1027
12,1028
21,1029
16,1030
21,1031
20,1032
21,1033
7,1034
28,1035
21,1036
5,1037
8,1038
22,1039
16,1040
13,1041
2,1042
21,1043
25,1044
22,1045
28,1046
23,1047
9,1048
20,1049
20,1050
23,1051
3,1052
0,1053
17,1054
23,1055
20,1056
16,1057
20,1058
29,1059
9,1060
23,1061
29,1062
1,1063
12,1064
28,1065
23,1066
18,1067
0,1068
27,1069
22,1070
20,1071
4,1072
29,1073
0,1074
3,1075
4,1076
3,1077
28,1078
17,1079
12,1080
9,1081
10,1082
10,1083
22,1084
4,1085
15,1086
22,1087
23,1088
3,1089
17,1090
5,1091
18,1092
15,1093
24,1094
14,1095
13,1096
20,1097
21,1098
9,1099
18,1100
1,1101
6,1102
11,1103
18,1104
16,1105
16,1106
1,1107
28,1108
12,1109
10,1110
24,1111
23,1112
26,1113
17,1114
14,1115
2,1116
6,1117
6,1118
8,1119
28,1120
6,1121
15,1122
18,1123
0,1124
23,1125
7,1126
11,1127
20,1128
29,1129
23,1130
26,1131
1,1132
17,1133
19,1134
20,1135
9,1136
27,1137
6,1138
29,1139
21,1140
14,1141
22,1142
1,1143
3,1144
7,1145
8,1146
18,1147
6,1148
24,1149
4,1150
9,1151
23,1152
29,1153
29,1154
0,1155
6,1156
24,1157
4,1158
4,1159
9,1160
19,1161
13,1162
28,1163
20,1164
27,1165
24,1166
28,1167
23,1168
28,1169
14,1170
14,1171
19,1172
17,1173
8,1174
9,1175
23,1176
3,1177
29,1178
1,1179
8,1180
19,1181
3,1182
21,1183
8,1184
20,1185
11,1186
6,1187
19,1188
22,1189
11,1190
26,1191
9,1192
15,1193
21,1194
24,1195
7,1196
26,1197
25,1198
23,1199
29,1200
9,1201
14,1202
12,1203
23,1204
15,1205
9,1206
16,1207
5,1208
6,1209
20,1210
16,1211
13,1212
26,1213
18,1214
6,1215
15,1216
3,1217
7,1218
19,1219
25,1220
3,1221
11,1222
15,1223
12,1224
4,1225
7,1226
8,1227
18,1228
27,1229
4,1230
4,1231
28,1232
18,1233
18,1234
20,1235
6,1236
27,1237
24,1238
1,1239
2,1240
25,1241
0,1242
27,1243
23,1244
22,1245
28,1246
25,1247
1,1248
4,1249
24,1250
4,1251
14,1252
12,1253
10,1254
22,1255
14,1256
21,1257
1,1258
1,1259
23,1260
20,1261
10,1262
27,1263
15,1264
3,1265
6,1266
26,1267
9,1268
1,1269
1,1270
29,1271
4,1272
20,1273
28,1274
20,1275
23,1276
24,1277
29,1278
19,1279
17,1280
26,1281
25,1282
28,1283
1,1284
13,1285
14,1286
4,1287
16,1288
12,1289
22,1290
13,1291
19,1292
18,1293
14,1294
22,1295
0,1296
27,1297
18,1298
21,1299
0,1300
22,1301
20,1302
3,1303
13,1304
29,1305
0,1306
7,1307
13,1308
29,1309
16,1310
12,1311
5,1312
9,1313
28,1314
8,1315
6,1316
16,1317
12,1318
26,1319
10,1320
12,1321
10,1322
27,1323
1,1324
12,1325
13,1326
13,1327
6,1328
19,1329
3,1330
29,1331
14,1332
21,1333
11,1334
20,1335
3,1336
8,1337
7,1338
15,1339
16,1340
1,1341
12,1342
5,1343
5,1344
1,1345
10,1346
14,1347
10,1348
23,1349
2,1350
15,1351
11,1352
29,1353
3,1354
17,1355
9,1356
6,1357
2,1358
15,1359
15,1360
29,1361
0,1362
27,1363
10,1364
13,1365
17,1366
17,1367
27,1368
19,1369
20,1370
2,1371
13,1372
27,1373
5,1374
22,1375
10,1376
28,1377
11,1378
25,1379
14,1380
5,1381
5,1382
14,1383
5,1384
7,1385
5,1386
16,1387
10,1388
24,1389
8,1390
21,1391
28,1392
9,1393
2,1394
26,1395
29,1396
14,1397
3,1398
9,1399
9,1400
21,1401
23,1402
27,1403
9,1404
25,1405
17,1406
29,1407
27,1408
13,1409
13,1410
25,1411
24,1412
27,1413
7,1414
19,1415
29,1416
29,1417
9,1418
28,1419
16,1420
1,1421
0,1422
10,1423
14,1424
9,1425
12,1426
6,1427
0,1428
1,1429
9,1430
19,1431
23,1432
26,1433
26,1434
8,1435
18,1436
11,1437
3,1438
29,1439
12,1440
25,1441
26,1442
20,1443
18,1444
1,1445
4,1446
4,1447
24,1448
0,1449
9,1450
9,1451
4,1452
6,1453
10,1454
9,1455
29,1456
29,1457
19,1458
17,1459
26,1460
25,1461
10,1462
20,1463
25,1464
21,1465
27,1466
19,1467
22,1468
3,1469
3,1470
29,1471
11,1472
28,1473
15,1474
10,1475
10,1476
11,1477
23,1478
11,1479
24,1480
4,1481
3,1482
8,1483
2,1484
16,1485
19,1486
22,1487
9,1488
10,1489
9,1490
11,1491
18,1492
22,1493
14,1494
19,1495
17,1496
2,1497
24,1498
8,1499
16,1500
5,1501
28,1502
5,1503
19,1504
22,1505
26,1506
22,1507
14,1508
0,1509
16,1510
2,1511
9,1512
28,1513
23,1514
19,1515
19,1516
25,1517
8,1518
6,1519
21,1520
26,1521
29,1522
22,1523
23,1524
27,1525
19,1526
23,1527
21,1528
5,1529
10,1530
25,1531
23,1532
4,1533
15,1534
4,1535
28,1536
1,1537
20,1538
14,1539
3,1540
9,1541
13,1542
22,1543
24,1544
13,1545
29,1546
19,1547
29,1548
27,1549
18,1550
28,1551
14,1552
22,1553
16,1554
16,1555
8,1556
23,1557
13,1558
1,1559
13,1560
7,1561
25,1562
5,1563
17,1564
17,1565
7,1566
20,1567
20,1568
15,1569
4,1570
13,1571
6,1572
2,1573
27,1574
23,1575
20,1576
4,1577
2,1578
1,1579
24,1580
17,1581
28,1582
17,1583
18,1584
28,1585
28,1586
11,1587
25,1588
22,1589
17,1590
1,1591
16,1592
20,1593
6,1594
8,1595
16,1596
22,1597
3,1598
6,1599
9,1600
7,1601
13,1602
8,1603
7,1604
12,1605
25,1606
26,1607
23,1608
15,1609
16,1610
21,1611
6,1612
5,1613
2,1614
4,1615
29,1616
0,1617
4,1618
20,1619
27,1620
24,1621
15,1622
10,1623
14,1624
21,1625
15,1626
12,1627
19,1628
22,1629
5,1630
25,1631
14,1632
18,1633
24,1634
14,1635
14,1636
29,1637
10,1638
10,1639
0,1640
18,1641
17,1642
10,1643
14,1644
5,1645
0,1646
3,1647
20,1648
25,1649
15,1650
29,1651
17,1652
0,1653
3,1654
13,1655
2,1656
13,1657
28,1658
2,1659
28,1660
7,1661
21,1662
7,1663
15,1664
18,1665
23,1666
23,1667
23,1668
12,1669
17,1670
26,1671
28,1672
25,1673
26,1674
25,1675
28,1676
28,1677
13,1678
1,1679
8,1680
5,1681
3,1682
6,1683
23,1684
7,1685
11,1686
25,1687
8,1688
1,1689
21,1690
28,1691
0,1692
13,1693
2,1694
0,1695
2,1696
29,1697
29,1698
10,1699
14,1700
27,1701
24,1702
27,1703
13,1704
17,1705
27,1706
9,1707
28,1708
28,1709
4,1710
3,1711
29,1712
24,1713
4,1714
15,1715
18,1716
25,1717
7,1718
18,1719
10,1720
28,1721
20,1722
13,1723
18,1724
0,1725
3,1726
25,1727
23,1728
0,1729
12,1730
16,1731
6,1732
18,1733
14,1734
10,1735
6,1736
8,1737
9,1738
29,1739
8,1740
10,1741
21,1742
6,1743
29,1744
10,1745
22,1746
3,1747
3,1748
19,1749
5,1750
27,1751
4,1752
19,1753
9,1754
2,1755
21,1756
17,1757
22,1758
18,1759
9,1760
3,1761
26,1762
29,1763
2,1764
4,1765
13,1766
12,1767
24,1768
14,1769
12,1770
27,1771
17,1772
2,1773
29,1774
16,1775
23,1776
13,1777
29,1778
9,1779
29,1780
16,1781
28,1782
22,1783
29,1784
24,1785
9,1786
7,1787
17,1788
21,1789
12,1790
26,1791
9,1792
26,1793
16,1794
24,1795
4,1796
15,1797
2,1798
1,1799
29,1800
23,1801
18,1802
21,1803
26,1804
10,1805
18,1806
20,1807
17,1808
3,1809
19,1810
29,1811
23,1812
24,1813
19,1814
18,1815
19,1816
3,1817
20,1818
6,1819
27,1820
1,1821
27,1822
6,1823
28,1824
12,1825
8,1826
16,1827
18,1828
15,1829
7,1830
10,1831
8,1832
19,1833
26,1834
11,1835
23,1836
5,1837
3,1838
7,1839
14,1840
18,1841
28,1842
12,1843
27,1844
7,1845
13,1846
6,1847
2,1848
7,1849
14,1850
1,1851
6,1852
24,1853
1,1854
17,1855
20,1856
2,1857
5,1858
2,1859
3,1860
14,1861
1,1862
28,1863
7,1864
28,1865
26,1866
10,1867
26,1868
4,1869
14,1870
4,1871
4,1872
22,1873
4,1874
15,1875
22,1876
19,1877
14,1878
22,1879
13,1880
16,1881
13,1882
29,1883
29,1884
17,1885
14,1886
28,1887
5,1888
24,1889
11,1890
20,1891
12,1892
17,1893
17,1894
7,1895
29,1896
11,1897
27,1898
9,1899
8,1900
18,1901
18,1902
15,1903
3,1904
5,1905
5,1906
23,1907
18,1908
21,1909
15,1910
18,1911
0,1912
27,1913
28,1914
1,1915
15,1916
18,1917
22,1918
23,1919
22,1920
22,1921
3,1922
12,1923
16,1924
25,1925
12,1926
4,1927
23,1928
14,1929
11,1930
4,1931
3,1932
15,1933
9,1934
3,1935
18,1936
0,1937
16,1938
16,1939
21,1940
23,1941
16,1942
16,1943
0,1944
26,1945
14,1946
16,1947
6,1948
14,1949
22,1950
22,1951
28,1952
8,1953
23,1954
7,1955
9,1956
29,1957
4,1958
15,1959
29,1960
29,1961
22,1962
17,1963
14,1964
15,1965
3,1966
22,1967
1,1968
5,1969
27,1970
12,1971
25,1972
21,1973
1,1974
28,1975
1,1976
11,1977
28,1978
15,1979
7,1980
4,1981
21,1982
11,1983
25,1984
12,1985
16,1986
14,1987
2,1988
12,1989
6,1990
21,1991
11,1992
29,1993
22,1994
8,1995
21,1996
6,1997
23,1998
25,1999
2,2000
0,2001
21,2002
24,2003
2,2004
25,2005
1,2006
12,2007
25,2008
2,2009
1,2010
6,2011
29,2012
16,2013
26,2014
12,2015
15,2016
20,2017
5,2018
2,2019
22,2020
17,2021
4,2022
29,2023
20,2024
4,2025
14,2026
20,2027
13,2028
5,2029
24,2030
28,2031
29,2032
10,2033
12,2034
10,2035
29,2036
3,2037
5,2038
3,2039
1,2040
9,2041
29,2042
10,2043
21,2044
6,2045
13,2046
23,2047
22,2048
11,2049
1,2050
25,2051
3,2052
26,2053
1,2054
29,2055
23,2056
2,2057
4,2058
29,2059
6,2060
25,2061
2,2062
15,2063
17,2064
0,2065
28,2066
20,2067
11,2068
4,2069
7,2070
22,2071
21,2072
23,2073
29,2074
15,2075
9,2076
8,2077
20,2078
9,2079
20,2080
19,2081
3,2082
23,2083
14,2084
3,2085
26,2086
19,2087
17,2088
18,2089
26,2090
5,2091
3,2092
28,2093
0,2094
15,2095
25,2096
7,2097
15,2098
29,2099
22,2100
17,2101
18,2102
14,2103
20,2104
25,2105
5,2106
9,2107
15,2108
4,2109
23,2110
25,2111
26,2112
26,2113
28,2114
5,2115
16,2116
26,2117
1,2118
21,2119
7,2120
21,2121
5,2122
9,2123
17,2124
28,2125
2,2126
18,2127
14,2128
21,2129
18,2130
12,2131
18,2132
14,2133
23,2134
16,2135
26,2136
17,2137
24,2138
24,2139
29,2140
24,2141
4,2142
29,2143
17,2144
26,2145
18,2146
9,2147
16,2148
7,2149
3,2150
5,2151
27,2152
10,2153
21,2154
0,2155
1,2156
8,2157
18,2158
7,2159
2,2160
13,2161
18,2162
26,2163
7,2164
12,2165
18,2166
12,2167
29,2168
9,2169
9,2170
18,2171
16,2172
13,2173
2,2174
1,2175
8,2176
24,2177
4,2178
6,2179
29,2180
21,2181
15,2182
11,2183
14,2184
25,2185
14,2186
25,2187
24,2188
6,2189
9,2190
28,2191
25,2192
0,2193
9,2194
25,2195
12,2196
22,2197
0,2198
21,2199
14,2200
29,2201
5,2202
10,2203
8,2204
24,2205
21,2206
5,2207
6,2208
13,2209
26,2210
21,2211
21,2212
5,2213
27,2214
8,2215
6,2216
20,2217
15,2218
18,2219
9,2220
26,2221
0,2222
13,2223
22,2224
16,2225
24,2226
3,2227
27,2228
20,2229
25,2230
8,2231
23,2232
18,2233
3,2234
22,2235
21,2236
10,2237
1,2238
18,2239
26,2240
10,2241
26,2242
6,2243
29,2244
9,2245
10,2246
19,2247
8,2248
19,2249
29,2250
15,2251
8,2252
13,2253
19,2254
8,2255
10,2256
29,2257
2,2258
18,2259
9,2260
26,2261
21,2262
12,2263
28,2264
0,2265
9,2266
29,2267
23,2268
22,2269
7,2270
5,2271
19,2272
7,2273
27,2274
18,2275
25,2276
1,2277
28,2278
8,2279
18,2280
7,2281
5,2282
14,2283
20,2284
5,2285
4,2286
15,2287
29,2288
17,2289
2,2290
26,2291
10,2292
14,2293
25,2294
0,2295
9,2296
9,2297
3,2298
7,2299
24,2300
14,2301
29,2302
29,2303
29,2304
25,2305
12,2306
13,2307
24,2308
28,2309
3,2310
19,2311
24,2312
23,2313
2,2314
29,2315
2,2316
7,2317
1,2318
23,2319
20,2320
29,2321
20,2322
29,2323
20,2324
9,2325
4,2326
2,2327
11,2328
13,2329
2,2330
17,2331
14,2332
16,2333
2,2334
18,2335
13,2336
7,2337
2,2338
29,2339
8,2340
17,2341
0,2342
16,2343
24,2344
19,2345
3,2346
18,2347
11,2348
27,2349
17,2350
11,2351
20,2352
28,2353
16,2354
19,2355
10,2356
10,2357
23,2358
19,2359
12,2360
22,2361
20,2362
22,2363
6,2364
11,2365
8,2366
10,2367
2,2368
12,2369
6,2370
0,2371
26,2372
20,2373
15,2374
25,2375
23,2376
25,2377
6,2378
21,2379
27,2380
15,2381
29,2382
27,2383
21,2384
18,2385
13,2386
5,2387
9,2388
10,2389
12,2390
27,2391
17,2392
13,2393
21,2394
16,2395
12,2396
2,2397
28,2398
16,2399
9,2400
12,2401
2,2402
4,2403
24,2404
17,2405
9,2406
17,2407
21,2408
28,2409
21,2410
0,2411
8,2412
4,2413
6,2414
1,2415
19,2416
13,2417
10,2418
15,2419
2,2420
2,2421
6,2422
6,2423
28,2424
23,2425
17,2426
22,2427
7,2428
20,2429
0,2430
16,2431
11,2432
29,2433
3,2434
7,2435
21,2436
9,2437
12,2438
5,2439
7,2440
1,2441
29,2442
21,2443
24,2444
21,2445
1,2446
22,2447
3,2448
17,2449
24,2450
20,2451
4,2452
25,2453
3,2454
27,2455
10,2456
6,2457
1,2458
9,2459
8,2460
24,2461
7,2462
24,2463
27,2464
20,2465
23,2466
26,2467
3,2468
26,2469
4,2470
20,2471
6,2472
10,2473
3,2474
16,2475
2,2476
9,2477
21,2478
1,2479
25,2480
29,2481
16,2482
0,2483
18,2484
18,2485
23,2486
7,2487
10,2488
1,2489
15,2490
29,2491
12,2492
21,2493
24,2494
7,2495
27,2496
13,2497
5,2498
20,2499
13,2500
18,2501
1,2502
0,2503
27,2504
9,2505
11,2506
15,2507
23,2508
22,2509
17,2510
3,2511
10,2512
25,2513
9,2514
29,2515
8,2516
12,2517
26,2518
0,2519
16,2520
0,2521
23,2522
15,2523
17,2524
22,2525
26,2526
3,2527
8,2528
7,2529
12,2530
0,2531
4,2532
20,2533
16,2534
17,2535
2,2536
8,2537
6,2538
5,2539
18,2540
18,2541
9,2542
19,2543
14,2544
2,2545
15,2546
16,2547
12,2548
11,2549
20,2550
3,2551
7,2552
13,2553
28,2554
23,2555
19,2556
5,2557
2,2558
29,2559
21,2560
16,2561
17,2562
7,2563
15,2564
17,2565
8,2566
7,2567
19,2568
15,2569
21,2570
27,2571
17,2572
3,2573
20,2574
15,2575
12,2576
19,2577
29,2578
15,2579
9,2580
8,2581
21,2582
27,2583
1,2584
18,2585
13,2586
18,2587
14,2588
18,2589
5,2590
20,2591
19,2592
23,2593
2,2594
25,2595
3,2596
7,2597
17,2598
20,2599
15,2600
1,2601
0,2602
13,2603
23,2604
16,2605
8,2606
3,2607
26,2608
26,2609
0,2610
3,2611
24,2612
1,2613
17,2614
16,2615
20,2616
21,2617
24,2618
23,2619
20,2620
11,2621
20,2622
19,2623
13,2624
4,2625
24,2626
0,2627
21,2628
2,2629
22,2630
28,2631
26,2632
3,2633
25,2634
28,2635
26,2636
22,2637
27,2638
21,2639
23,2640
24,2641
6,2642
3,2643
28,2644
27,2645
27,2646
1,2647
22,2648
2,2649
15,2650
14,2651
10,2652
3,2653
4,2654
17,2655
16,2656
29,2657
25,2658
24,2659
26,2660
21,2661
29,2662
26,2663
2,2664
14,2665
19,2666
5,2667
10,2668
0,2669
22,2670
0,2671
23,2672
0,2673
9,2674
29,2675
29,2676
25,2677
5,2678
6,2679
14,2680
11,2681
18,2682
18,2683
4,2684
16,2685
7,2686
20,2687
13,2688
0,2689
16,2690
4,2691
23,2692
3,2693
18,2694
1,2695
17,2696
6,2697
0,2698
8,2699
17,2700
5,2701
12,2702
24,2703
9,2704
0,2705
18,2706
24,2707
23,2708
2,2709
8,2710
18,2711
17,2712
15,2713
29,2714
26,2715
7,2716
5,2717
2,2718
9,2719
0,2720
14,2721
11,2722
23,2723
11,2724
0,2725
20,2726
5,2727
4,2728
1,2729
22,2730
20,2731
7,2732
23,2733
25,2734
14,2735
23,2736
9,2737
19,2738
23,2739
23,2740
28,2741
20,2742
2,2743
11,2744
11,2745
14,2746
17,2747
17,2748
9,2749
22,2750
22,2751
10,2752
29,2753
17,2754
17,2755
2,2756
15,2757
29,2758
22,2759
20,2760
10,2761
10,2762
17,2763
22,2764
5,2765
3,2766
5,2767
14,2768
21,2769
26,2770
27,2771
21,2772
6,2773
27,2774
24,2775
13,2776
28,2777
0,2778
0,2779
13,2780
6,2781
29,2782
4,2783
12,2784
24,2785
5,2786
12,2787
11,2788
4,2789
2,2790
0,2791
27,2792
6,2793
14,2794
3,2795
0,2796
1,2797
16,2798
18,2799
18,2800
26,2801
22,2802
27,2803
18,2804
25,2805
27,2806
5,2807
24,2808
19,2809
25,2810
3,2811
8,2812
7,2813
20,2814
22,2815
8,2816
11,2817
10,2818
22,2819
10,2820
23,2821
15,2822
15,2823
29,2824
29,2825
16,2826
7,2827
3,2828
29,2829
23,2830
14,2831
10,2832
19,2833
0,2834
25,2835
1,2836
24,2837
16,2838
12,2839
12,2840
0,2841
20,2842
12,2843
2,2844
24,2845
12,2846
24,2847
12,2848
25,2849
29,2850
19,2851
23,2852
6,2853
27,2854
20,2855
12,2856
8,2857
1,2858
19,2859
22,2860
29,2861
25,2862
15,2863
5,2864
16,2865
15,2866
19,2867
28,2868
14,2869
22,2870
0,2871
27,2872
11,2873
23,2874
11,2875
28,2876
7,2877
1,2878
21,2879
16,2880
8,2881
0,2882
7,2883
24,2884
0,2885
7,2886
21,2887
21,2888
3,2889
20,2890
29,2891
24,2892
7,2893
22,2894
9,2895
18,2896
7,2897
6,2898
22,2899
7,2900
13,2901
20,2902
29,2903
25,2904
28,2905
25,2906
2,2907
16,2908
18,2909
17,2910
22,2911
9,2912
29,2913
10,2914
29,2915
14,2916
21,2917
21,2918
22,2919
3,2920
8,2921
5,2922
28,2923
7,2924
8,2925
2,2926
12,2927
26,2928
25,2929
13,2930
24,2931
14,2932
29,2933
5,2934
22,2935
1,2936
12,2937
8,2938
4,2939
27,2940
20,2941
22,2942
12,2943
22,2944
27,2945
23,2946
7,2947
0,2948
15,2949
11,2950
6,2951
26,2952
28,2953
11,2954
27,2955
27,2956
21,2957
20,2958
24,2959
27,2960
11,2961
27,2962
5,2963
26,2964
22,2965
11,2966
21,2967
18,2968
5,2969
16,2970
22,2971
20,2972
11,2973
17,2974
29,2975
0,2976
15,2977
6,2978
17,2979
0,2980
4,2981
28,2982
11,2983
8,2984
8,2985
14,2986
8,2987
24,2988
23,2989
1,2990
14,2991
6,2992
15,2993
15,2994
28,2995
16,2996
6,2997
14,2998
8,2999
21,3000
6,3001
15,3002
1,3003
11,3004
19,3005
25,3006
2,3007
0,3008
23,3009
6,3010
10,3011
27,3012
29,3013
22,3014
9,3015
29,3016
19,3017
17,3018
13,3019
19,3020
5,3021
7,3022
25,3023
1,3024
27,3025
28,3026
7,3027
24,3028
3,3029
20,3030
23,3031
12,3032
5,3033
6,3034
21,3035
27,3036
19,3037
19,3038
25,3039
24,3040
0,3041
14,3042
23,3043
27,3044
9,3045
0,3046
23,3047
6,3048
24,3049
11,3050
13,3051
25,3052
29,3053
13,3054
9,3055
15,3056
0,3057
4,3058
2,3059
13,3060
13,3061
24,3062
1,3063
25,3064
3,3065
7,3066
26,3067
23,3068
23,3069
25,3070
1,3071
28,3072
14,3073
21,3074
0,3075
2,3076
4,3077
27,3078
22,3079
11,3080
4,3081
12,3082
4,3083
23,3084
21,3085
6,3086
29,3087
15,3088
21,3089
27,3090
28,3091
16,3092
24,3093
7,3094
29,3095
6,3096
14,3097
25,3098
27,3099
10,3100
23,3101
5,3102
21,3103
15,3104
24,3105
3,3106
7,3107
15,3108
9,3109
3,3110
29,3111
15,3112
27,3113
21,3114
13,3115
9,3116
29,3117
26,3118
9,3119
14,3120
26,3121
18,3122
14,3123
5,3124
6,3125
15,3126
24,3127
7,3128
3,3129
20,3130
27,3131
8,3132
10,3133
2,3134
22,3135
19,3136
17,3137
17,3138
16,3139
16,3140
16,3141
17,3142
2,3143
25,3144
5,3145
23,3146
1,3147
21,3148
18,3149
20,3150
8,3151
19,3152
3,3153
22,3154
6,3155
14,3156
15,3157
20,3158
15,3159
18,3160
22,3161
24,3162
19,3163
0,3164
15,3165
0,3166
15,3167
16,3168
4,3169
20,3170
16,3171
27,3172
17,3173
16,3174
0,3175
19,3176
16,3177
22,3178
0,3179
17,3180
0,3181
2,3182
17,3183
16,3184
7,3185
22,3186
16,3187
24,3188
2,3189
8,3190
24,3191
27,3192
19,3193
14,3194
17,3195
17,3196
22,3197
29,3198
23,3199
0,3200
27,3201
18,3202
17,3203
16,3204
7,3205
24,3206
19,3207
8,3208
28,3209
24,3210
22,3211
1,3212
17,3213
0,3214
16,3215
2,3216
5,3217
26,3218
18,3219
15,3220
21,3221
7,3222
21,3223
3,3224
11,3225
5,3226
1,3227
15,3228
3,3229
28,3230
5,3231
12,3232
24,3233
18,3234
0,3235
21,3236
21,3237
26,3238
9,3239
29,3240
15,3241
21,3242
10,3243
14,3244
17,3245
27,3246
10,3247
19,3248
4,3249
15,3250
6,3251
25,3252
5,3253
15,3254
7,3255
16,3256
8,3257
17,3258
2,3259
7,3260
3,3261
27,3262
17,3263
2,3264
28,3265
14,3266
13,3267
5,3268
9,3269
12,3270
23,3271
3,3272
25,3273
13,3274
1,3275
4,3276
14,3277
25,3278
0,3279
18,3280
7,3281
29,3282
25,3283
8,3284
24,3285
7,3286
8,3287
14,3288
19,3289
12,3290
18,3291
4,3292
20,3293
1,3294
23,3295
5,3296
29,3297
15,3298
2,3299
20,3300
16,3301
26,3302
25,3303
11,3304
0,3305
1,3306
11,3307
23,3308
27,3309
3,3310
28,3311
16,3312
7,3313
7,3314
7,3315
0,3316
14,3317
5,3318
27,3319
0,3320
26,3321
27,3322
6,3323
5,3324
9,3325
23,3326
24,3327
26,3328
18,3329
21,3330
1,3331
19,3332
29,3333
22,3334
24,3335
5,3336
19,3337
29,3338
23,3339
28,3340
29,3341
19,3342
23,3343
7,3344
3,3345
28,3346
29,3347
13,3348
29,3349
7,3350
14,3351
18,3352
28,3353
2,3354
5,3355
24,3356
7,3357
20,3358
28,3359
8,3360
22,3361
26,3362
18,3363
24,3364
12,3365
6,3366
10,3367
16,3368
25,3369
7,3370
1,3371
27,3372
0,3373
19,3374
17,3375
0,3376
4,3377
6,3378
5,3379
25,3380
3,3381
23,3382
10,3383
3,3384
17,3385
9,3386
11,3387
17,3388
12,3389
15,3390
17,3391
17,3392
17,3393
17,3394
2,3395
0,3396
25,3397
7,3398
27,3399
2,3400
4,3401
13,3402
10,3403
25,3404
28,3405
24,3406
15,3407
1,3408
16,3409
22,3410
3,3411
13,3412
12,3413
17,3414
24,3415
21,3416
3,3417
26,3418
2,3419
29,3420
6,3421
20,3422
23,3423
7,3424
15,3425
28,3426
18,3427
3,3428
2,3429
24,3430
11,3431
8,3432
0,3433
8,3434
22,3435
2,3436
16,3437
6,3438
5,3439
3,3440
13,3441
13,3442
16,3443
9,3444
0,3445
9,3446
19,3447
29,3448
3,3449
4,3450
21,3451
26,3452
0,3453
24,3454
0,3455
10,3456
19,3457
22,3458
9,3459
16,3460
0,3461
3,3462
10,3463
10,3464
12,3465
18,3466
6,3467
3,3468
20,3469
23,3470
6,3471
15,3472
24,3473
10,3474
22,3475
27,3476
28,3477
21,3478
6,3479
17,3480
24,3481
15,3482
8,3483
9,3484
18,3485
20,3486
27,3487
29,3488
9,3489
0,3490
20,3491
2,3492
16,3493
25,3494
9,3495
29,3496
24,3497
29,3498
20,3499
21,3500
7,3501
29,3502
0,3503
3,3504
17,3505
29,3506
2,3507
1,3508
27,3509
23,3510
26,3511
20,3512
3,3513
29,3514
29,3515
23,3516
24,3517
17,3518
5,3519
26,3520
7,3521
28,3522
27,3523
18,3524
9,3525
9,3526
11,3527
12,3528
24,3529
1,3530
7,3531
0,3532
1,3533
15,3534
24,3535
28,3536
13,3537
10,3538
12,3539
2,3540
24,3541
26,3542
20,3543
20,3544
16,3545
17,3546
17,3547
7,3548
27,3549
19,3550
6,3551
8,3552
5,3553
6,3554
12,3555
25,3556
25,3557
24,3558
12,3559
15,3560
2,3561
29,3562
8,3563
6,3564
3,3565
28,3566
6,3567
18,3568
27,3569
1,3570
10,3571
9,3572
25,3573
26,3574
5,3575
1,3576
27,3577
23,3578
28,3579
7,3580
4,3581
15,3582
8,3583
12,3584
27,3585
23,3586
16,3587
14,3588
22,3589
16,3590
28,3591
26,3592
29,3593
9,3594
8,3595
5,3596
19,3597
3,3598
15,3599
23,3600
19,3601
10,3602
29,3603
6,3604
12,3605
8,3606
21,3607
15,3608
2,3609
29,3610
26,3611
9,3612
3,3613
3,3614
1,3615
2,3616
22,3617
10,3618
18,3619
16,3620
7,3621
10,3622
11,3623
22,3624
22,3625
3,3626
25,3627
4,3628
18,3629
15,3630
19,3631
4,3632
3,3633
0,3634
25,3635
5,3636
6,3637
19,3638
29,3639
17,3640
0,3641
17,3642
27,3643
11,3644
12,3645
10,3646
26,3647
13,3648
1,3649
9,3650
25,3651
4,3652
7,3653
1,3654
16,3655
7,3656
26,3657
29,3658
8,3659
18,3660
4,3661
26,3662
0,3663
16,3664
6,3665
25,3666
1,3667
19,3668
23,3669
18,3670
24,3671
6,3672
15,3673
21,3674
17,3675
12,3676
9,3677
11,3678
21,3679
14,3680
28,3681
3,3682
7,3683
27,3684
25,3685
12,3686
19,3687
17,3688
15,3689
0,3690
21,3691
5,3692
5,3693
28,3694
23,3695
6,3696
13,3697
25,3698
15,3699
8,3700
1,3701
10,3702
29,3703
19,3704
0,3705
13,3706
2,3707
28,3708
16,3709
3,3710
29,3711
16,3712
7,3713
28,3714
15,3715
7,3716
21,3717
22,3718
14,3719
22,3720
18,3721
26,3722
22,3723
25,3724
5,3725
19,3726
11,3727
6,3728
20,3729
29,3730
9,3731
24,3732
2,3733
9,3734
11,3735
25,3736
10,3737
9,3738
29,3739
26,3740
17,3741
12,3742
17,3743
6,3744
10,3745
9,3746
16,3747
8,3748
16,3749
20,3750
3,3751
28,3752
19,3753
22,3754
5,3755
6,3756
24,3757
5,3758
29,3759
15,3760
4,3761
11,3762
25,3763
9,3764
17,3765
3,3766
1,3767
21,3768
11,3769
7,3770
15,3771
20,3772
19,3773
29,3774
7,3775
20,3776
29,3777
23,3778
27,3779
28,3780
11,3781
4,3782
29,3783
25,3784
16,3785
0,3786
1,3787
6,3788
10,3789
27,3790
29,3791
4,3792
14,3793
9,3794
14,3795
29,3796
16,3797
10,3798
12,3799
19,3800
20,3801
16,3802
1,3803
24,3804
4,3805
4,3806
23,3807
19,3808
24,3809
27,3810
4,3811
3,3812
23,3813
20,3814
28,3815
24,3816
26,3817
3,3818
20,3819
29,3820
17,3821
16,3822
29,3823
3,3824
10,3825
0,3826
15,3827
8,3828
18,3829
10,3830
2,3831
6,3832
26,3833
15,3834
15,3835
16,3836
9,3837
0,3838
19,3839
5,3840
20,3841
11,3842
25,3843
5,3844
0,3845
23,3846
25,3847
28,3848
27,3849
17,3850
25,3851
24,3852
5,3853
12,3854
5,3855
18,3856
27,3857
3,3858
6,3859
20,3860
1,3861
10,3862
1,3863
12,3864
1,3865
0,3866
10,3867
15,3868
24,3869
17,3870
21,3871
27,3872
20,3873
27,3874
11,3875
11,3876
26,3877
17,3878
14,3879
10,3880
24,3881
25,3882
4,3883
16,3884
20,3885
23,3886
4,3887
14,3888
1,3889
12,3890
19,3891
17,3892
28,3893
25,3894
29,3895
8,3896
3,3897
7,3898
23,3899
23,3900
14,3901
0,3902
7,3903
12,3904
10,3905
1,3906
21,3907
28,3908
7,3909
14,3910
6,3911
17,3912
22,3913
22,3914
10,3915
22,3916
5,3917
4,3918
10,3919
4,3920
0,3921
16,3922
8,3923
17,3924
8,3925
24,3926
22,3927
14,3928
8,3929
9,3930
29,3931
7,3932
27,3933
25,3934
18,3935
21,3936
15,3937
21,3938
16,3939
13,3940
17,3941
0,3942
7,3943
24,3944
9,3945
7,3946
6,3947
3,3948
7,3949
8,3950
1,3951
17,3952
10,3953
29,3954
17,3955
3,3956
2,3957
0,3958
9,3959
19,3960
19,3961
0,3962
6,3963
29,3964
19,3965
13,3966
10,3967
25,3968
5,3969
13,3970
10,3971
17,3972
19,3973
13,3974
10,3975
1,3976
16,3977
18,3978
24,3979
1,3980
21,3981
11,3982
14,3983
20,3984
11,3985
24,3986
29,3987
4,3988
11,3989
20,3990
7,3991
13,3992
18,3993
2,3994
28,3995
20,3996
10,3997
28,3998
7,3999
26,4000
20,4001
3,4002
9,4003
9,4004
12,4005
15,4006
14,4007
22,4008
18,4009
17,4010
24,4011
6,4012
21,4013
3,4014
13,4015
17,4016
4,4017
14,4018
20,4019
10,4020
0,4021
13,4022
10,4023
29,4024
6,4025
2,4026
25,4027
6,4028
3,4029
1,4030
20,4031
19,4032
6,4033
8,4034
7,4035
1,4036
4,4037
3,4038
29,4039
25,4040
6,4041
20,4042
16,4043
24,4044
14,4045
12,4046
21,4047
26,4048
24,4049
15,4050
29,4051
26,4052
25,4053
20,4054
29,4055
6,4056
2,4057
24,4058
5,4059
8,4060
25,4061
2,4062
17,4063
0,4064
11,4065
23,4066
7,4067
19,4068
6,4069
10,4070
23,4071
29,4072
0,4073
24,4074
10,4075
13,4076
15,4077
2,4078
25,4079
3,4080
3,4081
23,4082
24,4083
22,4084
25,4085
29,4086
12,4087
18,4088
15,4089
29,4090
12,4091
5,4092
10,4093
2,4094
12,4095
6,4096
22,4097
16,4098
10,4099
0,4100
20,4101
14,4102
25,4103
0,4104
9,4105
20,4106
18,4107
28,4108
2,4109
25,4110
11,4111
9,4112
20,4113
24,4114
1,4115
10,4116
20,4117
6,4118
10,4119
5,4120
11,4121
23,4122
23,4123
24,4124
20,4125
29,4126
25,4127
29,4128
20,4129
2,4130
8,4131
21,4132
25,4133
12,4134
17,4135
23,4136
6,4137
7,4138
3,4139
13,4140
5,4141
29,4142
29,4143
21,4144
20,4145
21,4146
27,4147
4,4148
12,4149
2,4150
13,4151
1,4152
8,4153
21,4154
11,4155
15,4156
16,4157
12,4158
8,4159
25,4160
12,4161
28,4162
21,4163
17,4164
2,4165
17,4166
26,4167
25,4168
20,4169
0,4170
23,4171
14,4172
28,4173
18,4174
5,4175
5,4176
15,4177
18,4178
13,4179
2,4180
4,4181
12,4182
29,4183
1,4184
13,4185
16,4186
5,4187
27,4188
21,4189
8,4190
5,4191
1,4192
29,4193
25,4194
20,4195
29,4196
8,4197
1,4198
8,4199
13,4200
24,4201
17,4202
7,4203
15,4204
21,4205
21,4206
18,4207
16,4208
3,4209
25,4210
8,4211
6,4212
21,4213
5,4214
22,4215
1,4216
3,4217
10,4218
19,4219
8,4220
27,4221
18,4222
20,4223
25,4224
0,4225
8,4226
18,4227
11,4228
27,4229
11,4230
12,4231
28,4232
22,4233
16,4234
7,4235
1,4236
8,4237
18,4238
18,4239
15,4240
23,4241
20,4242
0,4243
15,4244
15,4245
2,4246
4,4247
7,4248
28,4249
9,4250
19,4251
17,4252
25,4253
0,4254
27,4255
9,4256
12,4257
21,4258
6,4259
3,4260
11,4261
20,4262
7,4263
11,4264
6,4265
9,4266
0,4267
10,4268
17,4269
16,4270
3,4271
14,4272
23,4273
0,4274
27,4275
18,4276
17,4277
14,4278
7,4279
7,4280
29,4281
2,4282
9,4283
22,4284
14,4285
5,4286
17,4287
3,4288
18,4289
27,4290
7,4291
6,4292
15,4293
24,4294
12,4295
14,4296
26,4297
24,4298
0,4299
12,4300
23,4301
26,4302
10,4303
4,4304
29,4305
5,4306
29,4307
10,4308
14,4309
22,4310
14,4311
21,4312
14,4313
14,4314
10,4315
10,4316
21,4317
20,4318
8,4319
1,4320
21,4321
28,4322
25,4323
29,4324
2,4325
15,4326
2,4327
22,4328
0,4329
8,4330
19,4331
2,4332
12,4333
27,4334
17,4335
4,4336
14,4337
28,4338
29,4339
9,4340
14,4341
28,4342
6,4343
24,4344
6,4345
25,4346
8,4347
10,4348
29,4349
1,4350
12,4351
26,4352
1,4353
25,4354
24,4355
8,4356
3,4357
7,4358
23,4359
27,4360
19,4361
19,4362
5,4363
5,4364
15,4365
25,4366
5,4367
13,4368
17,4369
26,4370
16,4371
29,4372
29,4373
21,4374
8,4375
0,4376
8,4377
12,4378
9,4379
9,4380
16,4381
0,4382
15,4383
21,4384
24,4385
12,4386
4,4387
20,4388
20,4389
29,4390
15,4391
15,4392
27,4393
10,4394
20,4395
6,4396
7,4397
5,4398
13,4399
29,4400
29,4401
6,4402
5,4403
22,4404
4,4405
9,4406
23,4407
15,4408
23,4409
15,4410
8,4411
24,4412
15,4413
23,4414
17,4415
6,4416
17,4417
25,4418
25,4419
12,4420
22,4421
18,4422
28,4423
12,4424
25,4425
26,4426
15,4427
29,4428
6,4429
14,4430
14,4431
18,4432
13,4433
16,4434
18,4435
26,4436
25,4437
26,4438
20,4439
18,4440
9,4441
29,4442
25,4443
8,4444
21,4445
18,4446
4,4447
29,4448
5,4449
7,4450
1,4451
22,4452
8,4453
1,4454
17,4455
12,4456
19,4457
7,4458
9,4459
1,4460
10,4461
13,4462
15,4463
27,4464
10,4465
23,4466
6,4467
25,4468
2,4469
20,4470
11,4471
9,4472
19,4473
3,4474
29,4475
10,4476
12,4477
18,4478
17,4479
27,4480
11,4481
13,4482
9,4483
25,4484
10,4485
4,4486
20,4487
20,4488
20,4489
0,4490
22,4491
0,4492
16,4493
26,4494
11,4495
23,4496
6,4497
29,4498
10,4499
11,4500
26,4501
9,4502
28,4503
21,4504
14,4505
18,4506
0,4507
21,4508
5,4509
20,4510
17,4511
27,4512
1,4513
7,4514
13,4515
7,4516
9,4517
3,4518
5,4519
8,4520
25,4521
21,4522
29,4523
29,4524
26,4525
12,4526
8,4527
5,4528
20,4529
2,4530
28,4531
5,4532
26,4533
16,4534
27,4535
27,4536
17,4537
2,4538
18,4539
20,4540
11,4541
15,4542
2,4543
29,4544
15,4545
10,4546
19,4547
25,4548
22,4549
13,4550
6,4551
20,4552
18,4553
3,4554
5,4555
16,4556
22,4557
15,4558
22,4559
11,4560
26,4561
4,4562
28,4563
2,4564
19,4565
22,4566
9,4567
9,4568
21,4569
12,4570
17,4571
21,4572
20,4573
25,4574
1,4575
7,4576
1,4577
9,4578
0,4579
19,4580
0,4581
9,4582
2,4583
25,4584
7,4585
25,4586
2,4587
27,4588
24,4589
13,4590
26,4591
5,4592
13,4593
6,4594
3,4595
27,4596
7,4597
14,4598
1,4599
29,4600
16,4601
13,4602
13,4603
24,4604
28,4605
12,4606
16,4607
22,4608
25,4609
14,4610
6,4611
29,4612
3,4613
7,4614
16,4615
12,4616
7,4617
7,4618
14,4619
19,4620
25,4621
25,4622
21,4623
18,4624
17,4625
26,4626
29,4627
20,4628
14,4629
26,4630
20,4631
7,4632
5,4633
3,4634
4,4635
10,4636
1,4637
27,4638
28,4639
0,4640
2,4641
21,4642
7,4643
8,4644
13,4645
26,4646
13,4647
22,4648
6,4649
6,4650
23,4651
0,4652
4,4653
1,4654
28,4655
15,4656
2,4657
29,4658
27,4659
11,4660
0,4661
1,4662
11,4663
0,4664
9,4665
27,4666
9,4667
26,4668
8,4669
20,4670
8,4671
13,4672
18,4673
25,4674
21,4675
5,4676
8,4677
19,4678
8,4679
3,4680
8,4681
8,4682
11,4683
4,4684
25,4685
17,4686
8,4687
23,4688
16,4689
20,4690
5,4691
0,4692
24,4693
28,4694
14,4695
1,4696
1,4697
9,4698
29,4699
6,4700
5,4701
29,4702
4,4703
15,4704
11,4705
22,4706
28,4707
19,4708
27,4709
23,4710
0,4711
10,4712
11,4713
4,4714
1,4715
22,4716
18,4717
9,4718
20,4719
12,4720
5,4721
26,4722
11,4723
21,4724
25,4725
0,4726
20,4727
22,4728
5,4729
15,4730
29,4731
29,4732
14,4733
7,4734
0,4735
5,4736
9,4737
1,4738
18,4739
15,4740
6,4741
10,4742
28,4743
2,4744
29,4745
29,4746
16,4747
2,4748
14,4749
1,4750
11,4751
20,4752
4,4753
14,4754
2,4755
29,4756
10,4757
29,4758
19,4759
18,4760
24,4761
6,4762
9,4763
4,4764
17,4765
25,4766
12,4767
20,4768
12,4769
21,4770
20,4771
15,4772
6,4773
15,4774
18,4775
10,4776
13,4777
6,4778
6,4779
14,4780
8,4781
25,4782
5,4783
2,4784
17,4785
13,4786
29,4787
9,4788
16,4789
29,4790
10,4791
7,4792
7,4793
28,4794
0,4795
2,4796
3,4797
12,4798
29,4799
16,4800
9,4801
15,4802
2,4803
11,4804
19,4805
14,4806
17,4807
13,4808
10,4809
21,4810
11,4811
18,4812
25,4813
3,4814
17,4815
6,4816
8,4817
23,4818
19,4819
26,4820
9,4821
25,4822
10,4823
27,4824
27,4825
29,4826
18,4827
17,4828
6,4829
8,4830
20,4831
6,4832
29,4833
0,4834
23,4835
13,4836
16,4837
15,4838
6,4839
11,4840
20,4841
1,4842
27,4843
14,4844
25,4845
2,4846
0,4847
29,4848
0,4849
18,4850
20,4851
18,4852
8,4853
18,4854
3,4855
1,4856
29,4857
9,4858
18,4859
8,4860
3,4861
28,4862
27,4863
27,4864
10,4865
8,4866
24,4867
5,4868
28,4869
21,4870
5,4871
25,4872
23,4873
5,4874
28,4875
8,4876
20,4877
7,4878
11,4879
21,4880
0,4881
0,4882
16,4883
12,4884
6,4885
24,4886
1,4887
10,4888
0,4889
23,4890
2,4891
7,4892
12,4893
26,4894
9,4895
29,4896
23,4897
7,4898
21,4899
12,4900
12,4901
25,4902
15,4903
9,4904
12,4905
10,4906
6,4907
5,4908
19,4909
20,4910
29,4911
7,4912
27,4913
7,4914
16,4915
18,4916
0,4917
6,4918
0,4919
27,4920
23,4921
4,4922
7,4923
22,4924
25,4925
5,4926
9,4927
17,4928
26,4929
14,4930
23,4931
6,4932
5,4933
0,4934
1,4935
7,4936
8,4937
22,4938
20,4939
10,4940
25,4941
2,4942
5,4943
0,4944
23,4945
24,4946
3,4947
4,4948
14,4949
3,4950
16,4951
18,4952
6,4953
10,4954
10,4955
13,4956
24,4957
9,4958
26,4959
4,4960
24,4961
2,4962
29,4963
10,4964
29,4965
25,4966
20,4967
28,4968
17,4969
22,4970
25,4971
8,4972
24,4973
29,4974
23,4975
8,4976
13,4977
16,4978
14,4979
25,4980
2,4981
2,4982
13,4983
1,4984
4,4985
22,4986
9,4987
17,4988
17,4989
24,4990
20,4991
24,4992
13,4993
25,4994
23,4995
26,4996
20,4997
0,4998
18,4999
5,5000
10,5001
3,5002
1,5003
3,5004
8,5005
19,5006
23,5007
19,5008
3,5009
16,5010
16,5011
13,5012
0,5013
23,5014
13,5015
0,5016
16,5017
11,5018
1,5019
4,5020
1,5021
24,5022
1,5023
12,5024
26,5025
4,5026
4,5027
3,5028
7,5029
27,5030
7,5031
0,5032
7,5033
29,5034
7,5035
15,5036
13,5037
5,5038
3,5039
17,5040
28,5041
12,5042
29,5043
25,5044
11,5045
13,5046
18,5047
20,5048
19,5049
11,5050
20,5051
0,5052
11,5053
5,5054
7,5055
24,5056
8,5057
12,5058
2,5059
1,5060
16,5061
6,5062
7,5063
21,5064
18,5065
13,5066
12,5067
28,5068
20,5069
5,5070
25,5071
7,5072
18,5073
0,5074
15,5075
12,5076
14,5077
17,5078
13,5079
13,5080
15,5081
29,5082
4,5083
1,5084
4,5085
7,5086
22,5087
18,5088
18,5089
9,5090
21,5091
1,5092
25,5093
21,5094
8,5095
3,5096
0,5097
16,5098
16,5099
24,5100
22,5101
12,5102
10,5103
3,5104
5,5105
17,5106
15,5107
0,5108
17,5109
6,5110
0,5111
10,5112
17,5113
26,5114
9,5115
14,5116
26,5117
13,5118
11,5119
24,5120
2,5121
13,5122
27,5123
9,5124
18,5125
10,5126
10,5127
4,5128
20,5129
27,5130
7,5131
28,5132
1,5133
0,5134
8,5135
18,5136
5,5137
5,5138
16,5139
7,5140
5,5141
7,5142
24,5143
11,5144
8,5145
26,5146
4,5147
28,5148
26,5149
11,5150
13,5151
0,5152
11,5153
25,5154
17,5155
19,5156
26,5157
4,5158
17,5159
29,5160
25,5161
13,5162
14,5163
25,5164
16,5165
17,5166
24,5167
10,5168
2,5169
28,5170
12,5171
2,5172
19,5173
3,5174
20,5175
28,5176
22,5177
17,5178
24,5179
28,5180
12,5181
2,5182
14,5183
20,5184
20,5185
26,5186
21,5187
18,5188
23,5189
0,5190
9,5191
14,5192
15,5193
29,5194
22,5195
13,5196
6,5197
12,5198
7,5199
11,5200
20,5201
7,5202
0,5203
14,5204
10,5205
21,5206
7,5207
14,5208
5,5209
23,5210
22,5211
10,5212
24,5213
4,5214
5,5215
17,5216
5,5217
6,5218
19,5219
21,5220
1,5221
22,5222
15,5223
15,5224
19,5225
29,5226
15,5227
3,5228
28,5229
14,5230
22,5231
8,5232
3,5233
16,5234
13,5235
20,5236
9,5237
9,5238
27,5239
1,5240
28,5241
17,5242
25,5243
17,5244
21,5245
20,5246
6,5247
24,5248
12,5249
8,5250
21,5251
0,5252
1,5253
29,5254
0,5255
23,5256
6,5257
2,5258
29,5259
0,5260
26,5261
11,5262
6,5263
3,5264
19,5265
14,5266
24,5267
26,5268
2,5269
4,5270
11,5271
5,5272
3,5273
7,5274
15,5275
13,5276
5,5277
5,5278
7,5279
19,5280
4,5281
0,5282
23,5283
0,5284
7,5285
12,5286
4,5287
27,5288
11,5289
22,5290
4,5291
12,5292
13,5293
18,5294
27,5295
21,5296
6,5297
28,5298
7,5299
20,5300
7,5301
18,5302
3,5303
11,5304
16,5305
18,5306
4,5307
4,5308
12,5309
13,5310
23,5311
26,5312
28,5313
3,5314
22,5315
27,5316
29,5317
9,5318
29,5319
6,5320
2,5321
29,5322
2,5323
0,5324
24,5325
21,5326
28,5327
15,5328
10,5329
19,5330
9,5331
19,5332
8,5333
6,5334
21,5335
22,5336
23,5337
24,5338
4,5339
24,5340
11,5341
8,5342
4,5343
15,5344
3,5345
19,5346
5,5347
3,5348
15,5349
28,5350
5,5351
5,5352
29,5353
4,5354
13,5355
15,5356
6,5357
21,5358
11,5359
16,5360
3,5361
23,5362
6,5363
20,5364
22,5365
26,5366
28,5367
17,5368
6,5369
7,5370
2,5371
0,5372
2,5373
29,5374
14,5375
9,5376
16,5377
24,5378
19,5379
29,5380
19,5381
10,5382
1,5383
0,5384
9,5385
25,5386
18,5387
5,5388
20,5389
22,5390
24,5391
29,5392
6,5393
9,5394
20,5395
22,5396
9,5397
21,5398
22,5399
1,5400
6,5401
14,5402
19,5403
27,5404
6,5405
10,5406
5,5407
1,5408
17,5409
0,5410
11,5411
1,5412
7,5413
15,5414
22,5415
22,5416
3,5417
29,5418
21,5419
2,5420
15,5421
10,5422
8,5423
23,5424
13,5425
9,5426
29,5427
18,5428
5,5429
18,5430
14,5431
9,5432
20,5433
16,5434
6,5435
1,5436
18,5437
15,5438
16,5439
15,5440
6,5441
29,5442
10,5443
7,5444
27,5445
11,5446
1,5447
21,5448
19,5449
15,5450
1,5451
11,5452
29,5453
21,5454
23,5455
8,5456
7,5457
26,5458
17,5459
24,5460
8,5461
8,5462
6,5463
21,5464
9,5465
27,5466
11,5467
29,5468
15,5469
23,5470
17,5471
12,5472
19,5473
5,5474
25,5475
29,5476
0,5477
14,5478
3,5479
22,5480
16,5481
11,5482
5,5483
28,5484
2,5485
29,5486
8,5487
23,5488
6,5489
17,5490
2,5491
14,5492
15,5493
0,5494
13,5495
4,5496
10,5497
29,5498
29,5499
4,5500
14,5501
11,5502
11,5503
28,5504
3,5505
1,5506
11,5507
18,5508
1,5509
11,5510
0,5511
25,5512
11,5513
28,5514
16,5515
1,5516
15,5517
2,5518
12,5519
18,5520
10,5521
4,5522
3,5523
6,5524
23,5525
6,5526
29,5527
22,5528
14,5529
29,5530
4,5531
23,5532
23,5533
2,5534
1,5535
19,5536
3,5537
2,5538
25,5539
26,5540
16,5541
2,5542
6,5543
17,5544
29,5545
10,5546
12,5547
13,5548
17,5549
12,5550
6,5551
23,5552
22,5553
6,5554
29,5555
13,5556
22,5557
0,5558
20,5559
2,5560
10,5561
21,5562
8,5563
5,5564
24,5565
29,5566
28,5567
28,5568
13,5569
11,5570
7,5571
29,5572
22,5573
12,5574
9,5575
15,5576
15,5577
22,5578
22,5579
12,5580
13,5581
14,5582
9,5583
0,5584
3,5585
8,5586
22,5587
22,5588
17,5589
10,5590
29,5591
29,5592
15,5593
21,5594
6,5595
19,5596
4,5597
4,5598
9,5599
7,5600
14,5601
14,5602
0,5603
21,5604
11,5605
24,5606
17,5607
16,5608
12,5609
25,5610
2,5611
13,5612
27,5613
10,5614
14,5615
23,5616
11,5617
17,5618
22,5619
5,5620
10,5621
2,5622
17,5623
8,5624
19,5625
4,5626
1,5627
19,5628
22,5629
16,5630
7,5631
21,5632
5,5633
28,5634
23,5635
14,5636
8,5637
6,5638
19,5639
27,5640
22,5641
9,5642
13,5643
28,5644
29,5645
24,5646
4,5647
4,5648
7,5649
9,5650
28,5651
18,5652
4,5653
11,5654
26,5655
0,5656
21,5657
6,5658
17,5659
3,5660
23,5661
19,5662
24,5663
7,5664
19,5665
14,5666
9,5667
4,5668
11,5669
24,5670
8,5671
8,5672
21,5673
27,5674
11,5675
1,5676
11,5677
27,5678
2,5679
15,5680
17,5681
23,5682
14,5683
25,5684
8,5685
4,5686
21,5687
3,5688
15,5689
17,5690
7,5691
7,5692
6,5693
12,5694
12,5695
16,5696
16,5697
11,5698
29,5699
28,5700
5,5701
15,5702
18,5703
25,5704
1,5705
2,5706
0,5707
22,5708
26,5709
4,5710
15,5711
27,5712
17,5713
8,5714
23,5715
11,5716
29,5717
9,5718
7,5719
28,5720
29,5721
25,5722
13,5723
12,5724
16,5725
6,5726
0,5727
24,5728
19,5729
26,5730
0,5731
2,5732
13,5733
5,5734
0,5735
22,5736
2,5737
21,5738
7,5739
14,5740
16,5741
22,5742
6,5743
3,5744
8,5745
26,5746
17,5747
25,5748
3,5749
4,5750
2,5751
29,5752
27,5753
24,5754
1,5755
12,5756
29,5757
16,5758
13,5759
12,5760
10,5761
29,5762
19,5763
6,5764
9,5765
14,5766
22,5767
26,5768
26,5769
26,5770
13,5771
29,5772
4,5773
24,5774
11,5775
29,5776
24,5777
21,5778
6,5779
17,5780
17,5781
2,5782
6,5783
7,5784
23,5785
26,5786
1,5787
8,5788
5,5789
24,5790
11,5791
13,5792
7,5793
11,5794
15,5795
11,5796
29,5797
23,5798
1,5799
9,5800
9,5801
3,5802
15,5803
6,5804
26,5805
28,5806
3,5807
8,5808
17,5809
4,5810
13,5811
16,5812
4,5813
21,5814
27,5815
13,5816
0,5817
25,5818
14,5819
10,5820
2,5821
16,5822
20,5823
14,5824
11,5825
17,5826
6,5827
29,5828
7,5829
13,5830
7,5831
5,5832
27,5833
28,5834
24,5835
12,5836
25,5837
20,5838
13,5839
4,5840
3,5841
2,5842
7,5843
28,5844
14,5845
23,5846
22,5847
24,5848
0,5849
18,5850
11,5851
4,5852
25,5853
27,5854
26,5855
27,5856
16,5857
7,5858
12,5859
27,5860
13,5861
20,5862
14,5863
3,5864
14,5865
23,5866
21,5867
16,5868
0,5869
1,5870
6,5871
19,5872
22,5873
14,5874
3,5875
17,5876
17,5877
23,5878
14,5879
23,5880
9,5881
15,5882
2,5883
28,5884
15,5885
10,5886
20,5887
7,5888
29,5889
10,5890
23,5891
25,5892
7,5893
21,5894
15,5895
11,5896
29,5897
15,5898
0,5899
1,5900
28,5901
26,5902
24,5903
27,5904
17,5905
24,5906
12,5907
13,5908
24,5909
13,5910
16,5911
28,5912
20,5913
17,5914
1,5915
18,5916
24,5917
19,5918
12,5919
8,5920
8,5921
18,5922
26,5923
20,5924
0,5925
4,5926
8,5927
2,5928
1,5929
1,5930
14,5931
13,5932
27,5933
28,5934
12,5935
24,5936
25,5937
7,5938
29,5939
9,5940
29,5941
28,5942
22,5943
23,5944
18,5945
11,5946
25,5947
24,5948
7,5949
10,5950
28,5951
13,5952
22,5953
14,5954
10,5955
5,5956
21,5957
11,5958
6,5959
20,5960
5,5961
2,5962
12,5963
18,5964
5,5965
28,5966
10,5967
29,5968
16,5969
9,5970
18,5971
16,5972
9,5973
21,5974
24,5975
26,5976
7,5977
29,5978
25,5979
21,5980
8,5981
22,5982
18,5983
6,5984
23,5985
1,5986
15,5987
22,5988
18,5989
8,5990
18,5991
2,5992
13,5993
15,5994
8,5995
19,5996
25,5997
4,5998
13,5999
21,6000
2,6001
17,6002
20,6003
3,6004
8,6005
8,6006
23,6007
7,6008
28,6009
18,6010
8,6011
10,6012
10,6013
23,6014
2,6015
4,6016
13,6017
28,6018
15,6019
18,6020
21,6021
2,6022
28,6023
7,6024
21,6025
7,6026
18,6027
25,6028
28,6029
12,6030
26,6031
25,6032
4,6033
4,6034
23,6035
2,6036
12,6037
0,6038
26,6039
15,6040
3,6041
22,6042
6,6043
25,6044
11,6045
27,6046
17,6047
17,6048
7,6049
14,6050
2,6051
9,6052
11,6053
15,6054
5,6055
1,6056
3,6057
25,6058
9,6059
3,6060
19,6061
26,6062
11,6063
5,6064
25,6065
13,6066
28,6067
2,6068
0,6069
14,6070
26,6071
13,6072
20,6073
19,6074
26,6075
0,6076
3,6077
20,6078
4,6079
26,6080
11,6081
29,6082
7,6083
23,6084
11,6085
22,6086
22,6087
2,6088
1,6089
15,6090
4,6091
21,6092
1,6093
8,6094
24,6095
29,6096
18,6097
1,6098
7,6099
29,6100
10,6101
28,6102
20,6103
19,6104
23,6105
19,6106
10,6107
29,6108
4,6109
10,6110
21,6111
0,6112
20,6113
3,6114
13,6115
5,6116
1,6117
10,6118
9,6119
14,6120
29,6121
0,6122
15,6123
29,6124
8,6125
5,6126
11,6127
18,6128
2,6129
15,6130
17,6131
9,6132
23,6133
7,6134
22,6135
20,6136
5,6137
1,6138
23,6139
20,6140
6,6141
20,6142
13,6143
1,6144
12,6145
9,6146
29,6147
26,6148
23,6149
22,6150
25,6151
15,6152
2,6153
24,6154
21,6155
20,6156
19,6157
6,6158
3,6159
27,6160
0,6161
16,6162
24,6163
25,6164
12,6165
8,6166
25,6167
14,6168
25,6169
1,6170
17,6171
15,6172
22,6173
6,6174
8,6175
22,6176
18,6177
1,6178
26,6179
28,6180
29,6181
20,6182
18,6183
23,6184
18,6185
0,6186
11,6187
29,6188
15,6189
24,6190
15,6191
8,6192
17,6193
14,6194
25,6195
0,6196
1,6197
1,6198
18,6199
22,6200
19,6201
2,6202
0,6203
12,6204
18,6205
11,6206
26,6207
9,6208
2,6209
29,6210
19,6211
12,6212
6,6213
23,6214
19,6215
18,6216
15,6217
26,6218
9,6219
23,6220
12,6221
7,6222
26,6223
1,6224
11,6225
20,6226
29,6227
2,6228
16,6229
6,6230
25,6231
3,6232
9,6233
21,6234
23,6235
14,6236
11,6237
27,6238
28,6239
17,6240
18,6241
12,6242
7,6243
7,6244
19,6245
13,6246
20,6247
20,6248
25,6249
23,6250
4,6251
12,6252
18,6253
24,6254
7,6255
0,6256
27,6257
19,6258
26,6259
6,6260
23,6261
8,6262
21,6263
28,6264
1,6265
27,6266
10,6267
3,6268
27,6269
1,6270
12,6271
28,6272
3,6273
14,6274
3,6275
27,6276
10,6277
10,6278
7,6279
11,6280
17,6281
1,6282
29,6283
24,6284
23,6285
2,6286
18,6287
25,6288
14,6289
17,6290
19,6291
26,6292
13,6293
5,6294
9,6295
13,6296
3,6297
29,6298
3,6299
27,6300
17,6301
6,6302
14,6303
21,6304
10,6305
17,6306
3,6307
26,6308
12,6309
22,6310
17,6311
27,6312
25,6313
26,6314
9,6315
25,6316
23,6317
10,6318
11,6319
6,6320
27,6321
8,6322
27,6323
20,6324
25,6325
15,6326
11,6327
25,6328
3,6329
17,6330
25,6331
8,6332
26,6333
12,6334
7,6335
24,6336
27,6337
28,6338
25,6339
28,6340
21,6341
0,6342
9,6343
29,6344
26,6345
25,6346
21,6347
1,6348
6,6349
7,6350
23,6351
21,6352
2,6353
0,6354
3,6355
8,6356
1,6357
13,6358
26,6359
0,6360
16,6361
21,6362
28,6363
27,6364
18,6365
12,6366
21,6367
28,6368
28,6369
23,6370
3,6371
15,6372
18,6373
25,6374
14,6375
26,6376
8,6377
12,6378
27,6379
26,6380
26,6381
14,6382
23,6383
26,6384
15,6385
29,6386
8,6387
26,6388
14,6389
29,6390
15,6391
21,6392
1,6393
24,6394
14,6395
26,6396
3,6397
14,6398
21,6399
11,6400
1,6401
17,6402
19,6403
26,6404
10,6405
11,6406
12,6407
23,6408
20,6409
1,6410
17,6411
12,6412
1,6413
2,6414
12,6415
27,6416
17,6417
16,6418
0,6419
13,6420
4,6421
7,6422
5,6423
22,6424
22,6425
24,6426
14,6427
24,6428
27,6429
12,6430
25,6431
23,6432
8,6433
10,6434
13,6435
6,6436
11,6437
28,6438
23,6439
20,6440
0,6441
4,6442
17,6443
26,6444
27,6445
1,6446
0,6447
10,6448
22,6449
11,6450
17,6451
6,6452
1,6453
16,6454
11,6455
5,6456
29,6457
10,6458
10,6459
10,6460
22,6461
11,6462
13,6463
24,6464
21,6465
14,6466
17,6467
23,6468
17,6469
6,6470
19,6471
6,6472
24,6473
8,6474
9,6475
24,6476
27,6477
15,6478
3,6479
5,6480
0,6481
2,6482
13,6483
28,6484
20,6485
17,6486
10,6487
16,6488
20,6489
1,6490
1,6491
26,6492
26,6493
22,6494
7,6495
17,6496
25,6497
9,6498
0,6499
14,6500
29,6501
2,6502
16,6503
4,6504
9,6505
29,6506
1,6507
12,6508
7,6509
1,6510
7,6511
5,6512
6,6513
9,6514
26,6515
26,6516
10,6517
18,6518
1,6519
4,6520
18,6521
22,6522
15,6523
12,6524
18,6525
18,6526
15,6527
21,6528
18,6529
9,6530
29,6531
17,6532
1,6533
29,6534
19,6535
22,6536
29,6537
25,6538
13,6539
6,6540
7,6541
19,6542
29,6543
1,6544
1,6545
29,6546
8,6547
3,6548
16,6549
12,6550
20,6551
11,6552
0,6553
9,6554
2,6555
9,6556
20,6557
22,6558
29,6559
14,6560
21,6561
29,6562
14,6563
18,6564
23,6565
17,6566
18,6567
14,6568
16,6569
29,6570
0,6571
19,6572
7,6573
11,6574
18,6575
12,6576
15,6577
14,6578
4,6579
0,6580
24,6581
1,6582
21,6583
19,6584
22,6585
3,6586
12,6587
18,6588
21,6589
10,6590
17,6591
15,6592
10,6593
11,6594
10,6595
10,6596
20,6597
13,6598
7,6599
23,6600
15,6601
23,6602
3,6603
25,6604
9,6605
18,6606
3,6607
25,6608
27,6609
20,6610
29,6611
6,6612
14,6613
1,6614
21,6615
12,6616
4,6617
7,6618
11,6619
19,6620
13,6621
29,6622
16,6623
2,6624
18,6625
0,6626
10,6627
27,6628
21,6629
19,6630
6,6631
26,6632
12,6633
29,6634
29,6635
9,6636
9,6637
2,6638
17,6639
7,6640
23,6641
22,6642
12,6643
18,6644
10,6645
26,6646
22,6647
20,6648
18,6649
23,6650
14,6651
17,6652
15,6653
15,6654
4,6655
1,6656
27,6657
15,6658
22,6659
0,6660
8,6661
14,6662
17,6663
20,6664
23,6665
24,6666
9,6667
21,6668
2,6669
11,6670
28,6671
3,6672
29,6673
17,6674
27,6675
27,6676
16,6677
2,6678
0,6679
25,6680
26,6681
26,6682
26,6683
4,6684
2,6685
29,6686
0,6687
13,6688
22,6689
3,6690
4,6691
23,6692
29,6693
26,6694
10,6695
9,6696
17,6697
17,6698
4,6699
0,6700
23,6701
2,6702
4,6703
3,6704
6,6705
23,6706
19,6707
22,6708
25,6709
0,6710
18,6711
8,6712
13,6713
4,6714
14,6715
21,6716
11,6717
28,6718
15,6719
4,6720
8,6721
7,6722
6,6723
6,6724
24,6725
18,6726
0,6727
19,6728
28,6729
9,6730
28,6731
6,6732
22,6733
23,6734
22,6735
21,6736
21,6737
14,6738
4,6739
26,6740
4,6741
5,6742
19,6743
29,6744
29,6745
16,6746
18,6747
4,6748
21,6749
2,6750
19,6751
13,6752
2,6753
0,6754
15,6755
5,6756
24,6757
20,6758
1,6759
17,6760
9,6761
3,6762
20,6763
1,6764
4,6765
10,6766
11,6767
17,6768
25,6769
16,6770
23,6771
19,6772
29,6773
17,6774
10,6775
14,6776
11,6777
17,6778
13,6779
11,6780
12,6781
18,6782
1,6783
11,6784
27,6785
1,6786
12,6787
26,6788
0,6789
23,6790
23,6791
15,6792
25,6793
6,6794
0,6795
3,6796
12,6797
23,6798
15,6799
4,6800
1,6801
24,6802
5,6803
21,6804
13,6805
0,6806
9,6807
20,6808
25,6809
5,6810
28,6811
6,6812
26,6813
27,6814
15,6815
29,6816
25,6817
29,6818
8,6819
8,6820
4,6821
25,6822
20,6823
25,6824
13,6825
14,6826
16,6827
14,6828
0,6829
17,6830
16,6831
7,6832
16,6833
20,6834
22,6835
4,6836
18,6837
23,6838
18,6839
6,6840
25,6841
23,6842
6,6843
1,6844
28,6845
10,6846
15,6847
18,6848
23,6849
7,6850
0,6851
14,6852
9,6853
3,6854
24,6855
13,6856
5,6857
29,6858
14,6859
17,6860
26,6861
21,6862
4,6863
6,6864
1,6865
14,6866
1,6867
27,6868
26,6869
14,6870
27,6871
28,6872
5,6873
10,6874
2,6875
16,6876
16,6877
7,6878
17,6879
29,6880
4,6881
16,6882
4,6883
11,6884
14,6885
29,6886
15,6887
11,6888
28,6889
17,6890
0,6891
13,6892
1,6893
29,6894
24,6895
9,6896
8,6897
0,6898
28,6899
18,6900
3,6901
18,6902
22,6903
16,6904
4,6905
15,6906
5,6907
15,6908
22,6909
3,6910
25,6911
27,6912
7,6913
1,6914
0,6915
6,6916
23,6917
22,6918
9,6919
29,6920
10,6921
24,6922
16,6923
20,6924
24,6925
10,6926
23,6927
1,6928
24,6929
21,6930
19,6931
23,6932
2,6933
10,6934
19,6935
4,6936
28,6937
10,6938
9,6939
29,6940
19,6941
2,6942
29,6943
17,6944
6,6945
12,6946
13,6947
12,6948
10,6949
3,6950
17,6951
23,6952
6,6953
10,6954
20,6955
5,6956
7,6957
17,6958
29,6959
0,6960
25,6961
11,6962
29,6963
4,6964
4,6965
11,6966
4,6967
27,6968
25,6969
1,6970
21,6971
22,6972
21,6973
24,6974
2,6975
15,6976
9,6977
15,6978
13,6979
6,6980
0,6981
10,6982
24,6983
6,6984
25,6985
25,6986
11,6987
5,6988
6,6989
23,6990
12,6991
4,6992
4,6993
29,6994
14,6995
0,6996
4,6997
0,6998
10,6999
3,7000
18,7001
13,7002
20,7003
8,7004
1,7005
14,7006
5,7007
10,7008
15,7009
10,7010
2,7011
24,7012
19,7013
22,7014
26,7015
24,7016
16,7017
5,7018
25,7019
29,7020
26,7021
26,7022
14,7023
9,7024
23,7025
26,7026
27,7027
13,7028
9,7029
15,7030
26,7031
20,7032
27,7033
25,7034
9,7035
21,7036
4,7037
10,7038
24,7039
26,7040
3,7041
7,7042
17,7043
15,7044
21,7045
11,7046
8,7047
22,7048
1,7049
17,7050
6,7051
24,7052
8,7053
5,7054
27,7055
6,7056
19,7057
29,7058
18,7059
12,7060
10,7061
5,7062
0,7063
5,7064
11,7065
18,7066
28,7067
15,7068
4,7069
29,7070
1,7071
12,7072
19,7073
10,7074
21,7075
25,7076
7,7077
28,7078
12,7079
2,7080
27,7081
8,7082
18,7083
4,7084
5,7085
29,7086
5,7087
13,7088
10,7089
13,7090
27,7091
4,7092
25,7093
4,7094
13,7095
12,7096
25,7097
12,7098
14,7099
19,7100
0,7101
3,7102
28,7103
7,7104
29,7105
19,7106
4,7107
15,7108
20,7109
5,7110
6,7111
29,7112
10,7113
22,7114
21,7115
26,7116
22,7117
11,7118
20,7119
7,7120
1,7121
5,7122
23,7123
4,7124
13,7125
24,7126
11,7127
2,7128
0,7129
26,7130
22,7131
26,7132
5,7133
0,7134
24,7135
11,7136
25,7137
29,7138
10,7139
11,7140
18,7141
1,7142
2,7143
14,7144
15,7145
9,7146
18,7147
20,7148
1,7149
19,7150
24,7151
27,7152
1,7153
21,7154
10,7155
20,7156
19,7157
0,7158
16,7159
9,7160
20,7161
29,7162
18,7163
13,7164
8,7165
16,7166
10,7167
0,7168
0,7169
18,7170
9,7171
19,7172
10,7173
9,7174
29,7175
21,7176
27,7177
8,7178
18,7179
8,7180
23,7181
4,7182
10,7183
13,7184
0,7185
15,7186
16,7187
4,7188
6,7189
21,7190
3,7191
17,7192
16,7193
11,7194
2,7195
3,7196
1,7197
6,7198
14,7199
18,7200
7,7201
17,7202
5,7203
4,7204
24,7205
17,7206
12,7207
6,7208
15,7209
14,7210
8,7211
14,7212
5,7213
25,7214
5,7215
15,7216
6,7217
2,7218
28,7219
25,7220
24,7221
14,7222
17,7223
26,7224
8,7225
0,7226
18,7227
11,7228
20,7229
13,7230
17,7231
22,7232
23,7233
23,7234
2,7235
26,7236
23,7237
2,7238
0,7239
17,7240
24,7241
18,7242
13,7243
5,7244
0,7245
1,7246
1,7247
26,7248
28,7249
0,7250
18,7251
8,7252
28,7253
23,7254
22,7255
26,7256
0,7257
18,7258
13,7259
18,7260
16,7261
26,7262
1,7263
24,7264
4,7265
26,7266
11,7267
14,7268
8,7269
8,7270
3,7271
11,7272
15,7273
20,7274
6,7275
12,7276
9,7277
12,7278
22,7279
3,7280
26,7281
10,7282
10,7283
2,7284
10,7285
21,7286
2,7287
29,7288
11,7289
25,7290
28,7291
4,7292
17,7293
3,7294
28,7295
1,7296
22,7297
3,7298
29,7299
6,7300
14,7301
26,7302
20,7303
15,7304
29,7305
9,7306
21,7307
4,7308
25,7309
29,7310
5,7311
25,7312
3,7313
0,7314
25,7315
21,7316
23,7317
18,7318
24,7319
24,7320
11,7321
14,7322
29,7323
23,7324
15,7325
10,7326
25,7327
24,7328
21,7329
2,7330
17,7331
5,7332
10,7333
14,7334
17,7335
17,7336
21,7337
4,7338
11,7339
23,7340
4,7341
21,7342
6,7343
26,7344
14,7345
20,7346
11,7347
14,7348
28,7349
6,7350
14,7351
4,7352
1,7353
10,7354
5,7355
1,7356
28,7357
9,7358
26,7359
24,7360
10,7361
21,7362
7,7363
26,7364
12,7365
5,7366
19,7367
29,7368
8,7369
22,7370
17,7371
20,7372
28,7373
3,7374
13,7375
21,7376
15,7377
9,7378
9,7379
20,7380
29,7381
20,7382
7,7383
29,7384
1,7385
0,7386
28,7387
23,7388
14,7389
1,7390
29,7391
10,7392
27,7393
27,7394
0,7395
16,7396
12,7397
22,7398
4,7399
27,7400
26,7401
25,7402
9,7403
11,7404
3,7405
28,7406
24,7407
6,7408
8,7409
21,7410
24,7411
13,7412
2,7413
21,7414
6,7415
29,7416
15,7417
19,7418
12,7419
6,7420
17,7421
6,7422
27,7423
4,7424
20,7425
27,7426
29,7427
7,7428
22,7429
13,7430
10,7431
6,7432
9,7433
20,7434
9,7435
27,7436
5,7437
29,7438
13,7439
9,7440
2,7441
29,7442
21,7443
7,7444
1,7445
29,7446
25,7447
3,7448
12,7449
26,7450
9,7451
11,7452
25,7453
24,7454
23,7455
0,7456
4,7457
0,7458
19,7459
29,7460
3,7461
29,7462
10,7463
10,7464
25,7465
8,7466
22,7467
17,7468
11,7469
17,7470
13,7471
7,7472
27,7473
20,7474
6,7475
14,7476
27,7477
29,7478
1,7479
13,7480
25,7481
2,7482
12,7483
2,7484
18,7485
2,7486
15,7487
17,7488
18,7489
28,7490
28,7491
25,7492
22,7493
21,7494
28,7495
29,7496
6,7497
29,7498
16,7499
12,7500
23,7501
11,7502
13,7503
5,7504
14,7505
24,7506
14,7507
7,7508
17,7509
29,7510
20,7511
13,7512
15,7513
21,7514
22,7515
23,7516
4,7517
1,7518
27,7519
7,7520
13,7521
2,7522
17,7523
20,7524
13,7525
26,7526
5,7527
16,7528
16,7529
17,7530
29,7531
2,7532
25,7533
8,7534
5,7535
20,7536
5,7537
25,7538
24,7539
26,7540
28,7541
16,7542
4,7543
26,7544
2,7545
18,7546
6,7547
7,7548
9,7549
29,7550
9,7551
27,7552
17,7553
4,7554
11,7555
17,7556
26,7557
26,7558
22,7559
10,7560
10,7561
15,7562
14,7563
13,7564
8,7565
0,7566
6,7567
14,7568
29,7569
25,7570
23,7571
11,7572
20,7573
4,7574
2,7575
25,7576
3,7577
4,7578
12,7579
14,7580
3,7581
17,7582
0,7583
17,7584
8,7585
4,7586
25,7587
5,7588
11,7589
25,7590
15,7591
20,7592
16,7593
17,7594
24,7595
22,7596
25,7597
13,7598
27,7599
26,7600
12,7601
6,7602
17,7603
29,7604
22,7605
17,7606
15,7607
6,7608
2,7609
0,7610
13,7611
25,7612
5,7613
4,7614
26,7615
27,7616
26,7617
11,7618
6,7619
25,7620
18,7621
24,7622
9,7623
29,7624
15,7625
2,7626
1,7627
20,7628
13,7629
21,7630
14,7631
19,7632
14,7633
11,7634
6,7635
8,7636
25,7637
1,7638
23,7639
5,7640
25,7641
29,7642
16,7643
23,7644
16,7645
22,7646
11,7647
16,7648
12,7649
6,7650
13,7651
1,7652
15,7653
20,7654
27,7655
26,7656
20,7657
13,7658
12,7659
19,7660
29,7661
13,7662
0,7663
8,7664
21,7665
29,7666
3,7667
28,7668
24,7669
16,7670
2,7671
6,7672
20,7673
23,7674
7,7675
17,7676
26,7677
8,7678
21,7679
4,7680
13,7681
13,7682
15,7683
19,7684
25,7685
28,7686
4,7687
13,7688
5,7689
0,7690
29,7691
23,7692
18,7693
14,7694
26,7695
20,7696
16,7697
25,7698
7,7699
26,7700
4,7701
9,7702
3,7703
23,7704
13,7705
2,7706
2,7707
14,7708
28,7709
21,7710
24,7711
6,7712
28,7713
20,7714
25,7715
29,7716
7,7717
23,7718
7,7719
1,7720
20,7721
18,7722
27,7723
17,7724
2,7725
19,7726
1,7727
17,7728
2,7729
18,7730
8,7731
8,7732
28,7733
29,7734
7,7735
24,7736
13,7737
26,7738
3,7739
25,7740
28,7741
3,7742
16,7743
23,7744
4,7745
20,7746
10,7747
3,7748
29,7749
14,7750
15,7751
10,7752
26,7753
18,7754
5,7755
21,7756
4,7757
1,7758
12,7759
25,7760
3,7761
19,7762
13,7763
10,7764
7,7765
14,7766
6,7767
16,7768
12,7769
10,7770
2,7771
2,7772
16,7773
14,7774
10,7775
22,7776
13,7777
9,7778
18,7779
1,7780
28,7781
19,7782
7,7783
21,7784
2,7785
14,7786
20,7787
29,7788
4,7789
14,7790
28,7791
4,7792
17,7793
5,7794
16,7795
6,7796
7,7797
11,7798
21,7799
18,7800
28,7801
18,7802
10,7803
5,7804
1,7805
29,7806
23,7807
28,7808
19,7809
2,7810
19,7811
23,7812
26,7813
3,7814
5,7815
26,7816
14,7817
26,7818
0,7819
2,7820
26,7821
21,7822
15,7823
17,7824
17,7825
13,7826
28,7827
12,7828
25,7829
7,7830
26,7831
5,7832
2,7833
13,7834
0,7835
18,7836
7,7837
4,7838
19,7839
14,7840
13,7841
4,7842
10,7843
25,7844
24,7845
13,7846
18,7847
2,7848
11,7849
25,7850
3,7851
1,7852
29,7853
22,7854
21,7855
26,7856
19,7857
4,7858
3,7859
17,7860
6,7861
7,7862
13,7863
13,7864
14,7865
9,7866
24,7867
8,7868
12,7869
29,7870
1,7871
3,7872
13,7873
12,7874
23,7875
8,7876
21,7877
25,7878
15,7879
15,7880
2,7881
12,7882
8,7883
13,7884
16,7885
23,7886
6,7887
7,7888
3,7889
9,7890
29,7891
1,7892
2,7893
3,7894
10,7895
28,7896
0,7897
27,7898
7,7899
14,7900
26,7901
27,7902
1,7903
8,7904
5,7905
22,7906
24,7907
9,7908
1,7909
13,7910
26,7911
16,7912
1,7913
4,7914
17,7915
22,7916
0,7917
0,7918
22,7919
26,7920
6,7921
5,7922
16,7923
2,7924
29,7925
17,7926
16,7927
11,7928
12,7929
14,7930
19,7931
17,7932
18,7933
20,7934
28,7935
22,7936
13,7937
23,7938
1,7939
11,7940
15,7941
2,7942
12,7943
28,7944
15,7945
14,7946
18,7947
5,7948
1,7949
23,7950
9,7951
2,7952
29,7953
10,7954
24,7955
17,7956
17,7957
27,7958
14,7959
18,7960
22,7961
25,7962
2,7963
8,7964
25,7965
23,7966
24,7967
0,7968
2,7969
25,7970
29,7971
29,7972
21,7973
18,7974
19,7975
29,7976
19,7977
25,7978
22,7979
8,7980
18,7981
12,7982
28,7983
20,7984
9,7985
18,7986
25,7987
17,7988
6,7989
14,7990
18,7991
24,7992
22,7993
14,7994
10,7995
4,7996
9,7997
14,7998
1,7999
24,8000
27,8001
6,8002
7,8003
7,8004
9,8005
0,8006
16,8007
19,8008
6,8009
17,8010
26,8011
22,8012
20,8013
16,8014
7,8015
6,8016
8,8017
6,8018
23,8019
6,8020
1,8021
18,8022
12,8023
0,8024
9,8025
9,8026
10,8027
7,8028
28,8029
12,8030
28,8031
13,8032
15,8033
26,8034
13,8035
0,8036
7,8037
8,8038
21,8039
14,8040
21,8041
5,8042
19,8043
14,8044
1,8045
23,8046
5,8047
28,8048
13,8049
17,8050
24,8051
14,8052
19,8053
3,8054
29,8055
9,8056
14,8057
17,8058
27,8059
0,8060
0,8061
17,8062
11,8063
21,8064
5,8065
16,8066
29,8067
0,8068
21,8069
13,8070
26,8071
3,8072
13,8073
20,8074
10,8075
10,8076
19,8077
29,8078
14,8079
16,8080
17,8081
3,8082
11,8083
15,8084
15,8085
20,8086
10,8087
4,8088
25,8089
2,8090
11,8091
5,8092
3,8093
29,8094
7,8095
0,8096
18,8097
26,8098
14,8099
23,8100
2,8101
8,8102
23,8103
29,8104
15,8105
26,8106
22,8107
29,8108
2,8109
9,8110
18,8111
12,8112
19,8113
23,8114
22,8115
16,8116
11,8117
26,8118
10,8119
7,8120
11,8121
15,8122
25,8123
2,8124
24,8125
8,8126
25,8127
2,8128
3,8129
5,8130
20,8131
18,8132
16,8133
28,8134
14,8135
29,8136
1,8137
11,8138
1,8139
23,8140
6,8141
19,8142
29,8143
15,8144
29,8145
9,8146
28,8147
8,8148
13,8149
14,8150
9,8151
7,8152
4,8153
17,8154
24,8155
8,8156
6,8157
29,8158
14,8159
28,8160
10,8161
20,8162
17,8163
10,8164
9,8165
3,8166
7,8167
20,8168
19,8169
5,8170
7,8171
28,8172
21,8173
5,8174
10,8175
22,8176
24,8177
29,8178
2,8179
2,8180
29,8181
2,8182
17,8183
9,8184
21,8185
6,8186
11,8187
14,8188
11,8189
20,8190
1,8191
9,8192
5,8193
25,8194
2,8195
25,8196
2,8197
20,8198
17,8199
23,8200
6,8201
6,8202
14,8203
9,8204
29,8205
23,8206
24,8207
19,8208
21,8209
16,8210
7,8211
17,8212
14,8213
3,8214
16,8215
7,8216
15,8217
2,8218
22,8219
11,8220
27,8221
14,8222
5,8223
21,8224
18,8225
10,8226
13,8227
23,8228
29,8229
21,8230
4,8231
0,8232
20,8233
25,8234
18,8235
10,8236
28,8237
6,8238
10,8239
4,8240
12,8241
22,8242
0,8243
11,8244
23,8245
16,8246
14,8247
24,8248
16,8249
21,8250
14,8251
28,8252
6,8253
6,8254
21,8255
16,8256
5,8257
25,8258
11,8259
17,8260
18,8261
3,8262
24,8263
11,8264
1,8265
22,8266
9,8267
20,8268
23,8269
5,8270
19,8271
25,8272
24,8273
8,8274
17,8275
29,8276
10,8277
17,8278
16,8279
12,8280
24,8281
12,8282
27,8283
1,8284
28,8285
18,8286
24,8287
7,8288
2,8289
4,8290
7,8291
13,8292
29,8293
20,8294
27,8295
1,8296
9,8297
22,8298
3,8299
2,8300
13,8301
20,8302
29,8303
1,8304
4,8305
9,8306
21,8307
0,8308
27,8309
21,8310
28,8311
19,8312
6,8313
0,8314
21,8315
16,8316
6,8317
9,8318
13,8319
1,8320
8,8321
26,8322
4,8323
25,8324
10,8325
21,8326
2,8327
12,8328
18,8329
15,8330
6,8331
3,8332
20,8333
2,8334
12,8335
21,8336
0,8337
21,8338
5,8339
18,8340
0,8341
5,8342
10,8343
10,8344
25,8345
3,8346
10,8347
2,8348
7,8349
8,8350
10,8351
19,8352
23,8353
15,8354
28,8355
4,8356
6,8357
3,8358
17,8359
5,8360
21,8361
13,8362
6,8363
3,8364
27,8365
8,8366
4,8367
10,8368
11,8369
9,8370
9,8371
7,8372
26,8373
18,8374
23,8375
1,8376
12,8377
13,8378
6,8379
20,8380
21,8381
14,8382
21,8383
14,8384
9,8385
29,8386
9,8387
5,8388
19,8389
26,8390
14,8391
15,8392
3,8393
28,8394
12,8395
29,8396
4,8397
14,8398
5,8399
8,8400
16,8401
16,8402
7,8403
28,8404
0,8405
2,8406
13,8407
29,8408
23,8409
0,8410
1,8411
20,8412
19,8413
6,8414
13,8415
20,8416
18,8417
27,8418
24,8419
24,8420
24,8421
11,8422
26,8423
1,8424
11,8425
7,8426
11,8427
14,8428
19,8429
27,8430
15,8431
11,8432
25,8433
13,8434
3,8435
15,8436
5,8437
22,8438
22,8439
17,8440
18,8441
5,8442
1,8443
28,8444
6,8445
1,8446
6,8447
8,8448
15,8449
3,8450
27,8451
8,8452
19,8453
19,8454
5,8455
27,8456
12,8457
7,8458
11,8459
27,8460
24,8461
1,8462
5,8463
25,8464
3,8465
14,8466
12,8467
17,8468
28,8469
10,8470
29,8471
1,8472
5,8473
9,8474
2,8475
24,8476
11,8477
19,8478
21,8479
7,8480
6,8481
2,8482
4,8483
28,8484
9,8485
1,8486
9,8487
9,8488
29,8489
14,8490
20,8491
10,8492
25,8493
29,8494
14,8495
5,8496
22,8497
25,8498
27,8499
2,8500
4,8501
27,8502
22,8503
25,8504
11,8505
13,8506
10,8507
17,8508
24,8509
28,8510
24,8511
12,8512
26,8513
7,8514
9,8515
11,8516
1,8517
20,8518
27,8519
26,8520
8,8521
14,8522
10,8523
16,8524
21,8525
7,8526
26,8527
21,8528
8,8529
18,8530
25,8531
8,8532
2,8533
4,8534
3,8535
13,8536
23,8537
3,8538
1,8539
17,8540
7,8541
26,8542
25,8543
21,8544
7,8545
0,8546
2,8547
28,8548
20,8549
8,8550
21,8551
1,8552
12,8553
8,8554
22,8555
22,8556
23,8557
0,8558
8,8559
13,8560
7,8561
6,8562
28,8563
1,8564
16,8565
24,8566
12,8567
7,8568
5,8569
19,8570
25,8571
10,8572
10,8573
6,8574
8,8575
17,8576
3,8577
20,8578
25,8579
3,8580
10,8581
0,8582
25,8583
27,8584
18,8585
13,8586
8,8587
16,8588
27,8589
9,8590
11,8591
13,8592
15,8593
9,8594
20,8595
9,8596
14,8597
26,8598
28,8599
22,8600
12,8601
19,8602
11,8603
23,8604
26,8605
24,8606
24,8607
28,8608
29,8609
23,8610
7,8611
19,8612
19,8613
6,8614
29,8615
16,8616
10,8617
22,8618
23,8619
7,8620
10,8621
8,8622
18,8623
18,8624
7,8625
24,8626
0,8627
13,8628
6,8629
9,8630
14,8631
21,8632
7,8633
1,8634
29,8635
2,8636
3,8637
28,8638
23,8639
11,8640
19,8641
18,8642
28,8643
19,8644
23,8645
27,8646
11,8647
6,8648
9,8649
11,8650
15,8651
21,8652
4,8653
27,8654
18,8655
6,8656
2,8657
28,8658
3,8659
8,8660
24,8661
21,8662
11,8663
6,8664
25,8665
9,8666
12,8667
17,8668
8,8669
7,8670
8,8671
4,8672
7,8673
2,8674
11,8675
18,8676
16,8677
23,8678
18,8679
24,8680
19,8681
3,8682
12,8683
5,8684
14,8685
15,8686
18,8687
9,8688
16,8689
28,8690
17,8691
6,8692
7,8693
29,8694
8,8695
16,8696
14,8697
22,8698
13,8699
12,8700
28,8701
1,8702
26,8703
3,8704
12,8705
5,8706
18,8707
5,8708
9,8709
26,8710
27,8711
11,8712
11,8713
14,8714
13,8715
26,8716
0,8717
25,8718
24,8719
8,8720
1,8721
24,8722
12,8723
23,8724
13,8725
10,8726
5,8727
28,8728
0,8729
10,8730
28,8731
5,8732
24,8733
6,8734
6,8735
10,8736
29,8737
13,8738
2,8739
8,8740
26,8741
25,8742
29,8743
9,8744
3,8745
23,8746
0,8747
7,8748
10,8749
14,8750
6,8751
14,8752
18,8753
9,8754
29,8755
4,8756
0,8757
10,8758
22,8759
13,8760
4,8761
12,8762
2,8763
28,8764
3,8765
11,8766
29,8767
12,8768
15,8769
13,8770
24,8771
18,8772
18,8773
8,8774
23,8775
25,8776
9,8777
1,8778
21,8779
5,8780
9,8781
22,8782
25,8783
15,8784
18,8785
18,8786
7,8787
3,8788
4,8789
10,8790
22,8791
29,8792
7,8793
19,8794
8,8795
7,8796
14,8797
20,8798
26,8799
3,8800
16,8801
24,8802
14,8803
28,8804
24,8805
4,8806
23,8807
26,8808
11,8809
4,8810
26,8811
4,8812
24,8813
8,8814
10,8815
1,8816
17,8817
24,8818
29,8819
0,8820
6,8821
12,8822
7,8823
13,8824
29,8825
25,8826
1,8827
18,8828
16,8829
24,8830
4,8831
7,8832
12,8833
22,8834
19,8835
20,8836
8,8837
7,8838
6,8839
3,8840
19,8841
2,8842
15,8843
25,8844
9,8845
10,8846
0,8847
15,8848
23,8849
26,8850
22,8851
14,8852
1,8853
22,8854
13,8855
25,8856
21,8857
11,8858
26,8859
2,8860
17,8861
0,8862
5,8863
22,8864
1,8865
18,8866
27,8867
10,8868
10,8869
22,8870
8,8871
17,8872
14,8873
9,8874
1,8875
5,8876
17,8877
13,8878
0,8879
4,8880
7,8881
13,8882
17,8883
11,8884
22,8885
22,8886
15,8887
7,8888
24,8889
13,8890
9,8891
20,8892
17,8893
23,8894
2,8895
29,8896
29,8897
2,8898
8,8899
9,8900
19,8901
17,8902
19,8903
3,8904
29,8905
22,8906
13,8907
4,8908
15,8909
15,8910
10,8911
9,8912
15,8913
22,8914
25,8915
9,8916
0,8917
20,8918
18,8919
14,8920
0,8921
9,8922
9,8923
9,8924
27,8925
4,8926
21,8927
19,8928
8,8929
4,8930
1,8931
10,8932
22,8933
2,8934
5,8935
22,8936
24,8937
2,8938
19,8939
18,8940
26,8941
23,8942
26,8943
1,8944
13,8945
0,8946
14,8947
4,8948
15,8949
0,8950
18,8951
1,8952
7,8953
23,8954
19,8955
26,8956
17,8957
24,8958
11,8959
0,8960
17,8961
28,8962
1,8963
27,8964
5,8965
19,8966
27,8967
0,8968
3,8969
18,8970
3,8971
26,8972
19,8973
24,8974
4,8975
27,8976
18,8977
19,8978
2,8979
4,8980
29,8981
14,8982
28,8983
5,8984
0,8985
20,8986
19,8987
0,8988
14,8989
18,8990
3,8991
3,8992
19,8993
29,8994
0,8995
23,8996
24,8997
4,8998
14,8999
8,9000
6,9001
6,9002
28,9003
7,9004
10,9005
2,9006
25,9007
1,9008
10,9009
2,9010
18,9011
12,9012
20,9013
1,9014
20,9015
4,9016
15,9017
29,9018
14,9019
17,9020
14,9021
29,9022
4,9023
16,9024
7,9025
6,9026
0,9027
29,9028
10,9029
21,9030
11,9031
8,9032
19,9033
13,9034
20,9035
15,9036
13,9037
29,9038
10,9039
27,9040
13,9041
23,9042
4,9043
0,9044
3,9045
17,9046
20,9047
4,9048
3,9049
16,9050
12,9051
14,9052
23,9053
14,9054
19,9055
5,9056
15,9057
18,9058
2,9059
13,9060
18,9061
9,9062
29,9063
17,9064
18,9065
7,9066
23,9067
15,9068
7,9069
10,9070
21,9071
11,9072
15,9073
12,9074
19,9075
23,9076
29,9077
25,9078
7,9079
28,9080
4,9081
22,9082
25,9083
14,9084
10,9085
2,9086
24,9087
14,9088
24,9089
4,9090
29,9091
10,9092
29,9093
16,9094
18,9095
15,9096
29,9097
8,9098
24,9099
13,9100
5,9101
12,9102
16,9103
8,9104
18,9105
14,9106
25,9107
26,9108
11,9109
29,9110
10,9111
25,9112
17,9113
7,9114
0,9115
13,9116
5,9117
1,9118
17,9119
24,9120
14,9121
3,9122
2,9123
4,9124
27,9125
22,9126
2,9127
26,9128
0,9129
19,9130
23,9131
28,9132
28,9133
26,9134
20,9135
15,9136
25,9137
1,9138
8,9139
22,9140
8,9141
26,9142
28,9143
15,9144
5,9145
1,9146
2,9147
22,9148
23,9149
0,9150
17,9151
29,9152
12,9153
5,9154
29,9155
9,9156
3,9157
6,9158
25,9159
22,9160
25,9161
18,9162
25,9163
12,9164
7,9165
22,9166
12,9167
5,9168
6,9169
4,9170
3,9171
8,9172
15,9173
7,9174
6,9175
11,9176
18,9177
0,9178
2,9179
6,9180
27,9181
23,9182
2,9183
20,9184
28,9185
2,9186
0,9187
25,9188
2,9189
16,9190
22,9191
13,9192
1,9193
27,9194
16,9195
23,9196
13,9197
1,9198
29,9199
9,9200
10,9201
18,9202
21,9203
0,9204
10,9205
18,9206
28,9207
22,9208
23,9209
19,9210
5,9211
19,9212
10,9213
28,9214
7,9215
11,9216
5,9217
10,9218
25,9219
14,9220
8,9221
18,9222
15,9223
16,9224
28,9225
27,9226
23,9227
22,9228
2,9229
2,9230
5,9231
20,9232
22,9233
5,9234
4,9235
20,9236
13,9237
20,9238
17,9239
11,9240
25,9241
3,9242
10,9243
9,9244
5,9245
6,9246
1,9247
26,9248
11,9249
0,9250
26,9251
9,9252
5,9253
18,9254
10,9255
26,9256
28,9257
0,9258
25,9259
12,9260
26,9261
1,9262
14,9263
20,9264
28,9265
15,9266
29,9267
4,9268
2,9269
21,9270
16,9271
22,9272
24,9273
6,9274
25,9275
29,9276
13,9277
19,9278
14,9279
19,9280
22,9281
1,9282
27,9283
23,9284
10,9285
9,9286
21,9287
28,9288
8,9289
18,9290
20,9291
19,9292
23,9293
29,9294
2,9295
16,9296
0,9297
21,9298
22,9299
8,9300
1,9301
8,9302
0,9303
12,9304
17,9305
6,9306
11,9307
13,9308
11,9309
15,9310
23,9311
15,9312
13,9313
7,9314
6,9315
12,9316
19,9317
5,9318
22,9319
26,9320
15,9321
13,9322
6,9323
15,9324
17,9325
11,9326
26,9327
8,9328
26,9329
16,9330
10,9331
28,9332
27,9333
20,9334
23,9335
19,9336
24,9337
10,9338
29,9339
5,9340
16,9341
24,9342
9,9343
29,9344
4,9345
22,9346
16,9347
18,9348
5,9349
24,9350
1,9351
10,9352
4,9353
3,9354
20,9355
25,9356
6,9357
2,9358
2,9359
13,9360
28,9361
29,9362
20,9363
5,9364
15,9365
16,9366
2,9367
13,9368
7,9369
7,9370
8,9371
4,9372
6,9373
25,9374
3,9375
26,9376
9,9377
0,9378
7,9379
5,9380
18,9381
5,9382
2,9383
0,9384
20,9385
10,9386
17,9387
15,9388
18,9389
11,9390
22,9391
1,9392
28,9393
29,9394
25,9395
22,9396
16,9397
20,9398
7,9399
27,9400
14,9401
7,9402
23,9403
6,9404
14,9405
29,9406
1,9407
28,9408
1,9409
21,9410
9,9411
14,9412
18,9413
9,9414
25,9415
5,9416
16,9417
13,9418
1,9419
14,9420
9,9421
8,9422
11,9423
18,9424
12,9425
11,9426
8,9427
17,9428
8,9429
24,9430
0,9431
27,9432
12,9433
1,9434
29,9435
15,9436
9,9437
29,9438
19,9439
16,9440
12,9441
2,9442
24,9443
5,9444
22,9445
9,9446
14,9447
8,9448
6,9449
19,9450
5,9451
17,9452
8,9453
9,9454
1,9455
8,9456
1,9457
14,9458
29,9459
10,9460
2,9461
29,9462
7,9463
7,9464
10,9465
7,9466
11,9467
14,9468
1,9469
5,9470
24,9471
3,9472
13,9473
1,9474
9,9475
19,9476
26,9477
2,9478
8,9479
13,9480
25,9481
28,9482
25,9483
14,9484
19,9485
4,9486
1,9487
4,9488
20,9489
1,9490
29,9491
20,9492
15,9493
4,9494
16,9495
20,9496
14,9497
1,9498
14,9499
14,9500
15,9501
29,9502
0,9503
2,9504
18,9505
27,9506
24,9507
14,9508
18,9509
6,9510
21,9511
14,9512
7,9513
12,9514
17,9515
18,9516
5,9517
3,9518
1,9519
21,9520
6,9521
20,9522
18,9523
20,9524
24,9525
13,9526
14,9527
24,9528
6,9529
15,9530
20,9531
18,9532
7,9533
23,9534
3,9535
4,9536
3,9537
7,9538
10,9539
8,9540
6,9541
19,9542
14,9543
18,9544
24,9545
29,9546
22,9547
14,9548
10,9549
20,9550
20,9551
13,9552
10,9553
26,9554
2,9555
29,9556
13,9557
15,9558
4,9559
12,9560
26,9561
21,9562
4,9563
20,9564
16,9565
16,9566
7,9567
9,9568
13,9569
22,9570
13,9571
29,9572
10,9573
20,9574
22,9575
11,9576
8,9577
28,9578
29,9579
7,9580
19,9581
2,9582
5,9583
29,9584
5,9585
16,9586
1,9587
4,9588
3,9589
3,9590
22,9591
17,9592
18,9593
13,9594
0,9595
0,9596
3,9597
0,9598
27,9599
28,9600
22,9601
5,9602
26,9603
10,9604
0,9605
8,9606
5,9607
5,9608
26,9609
3,9610
29,9611
14,9612
2,9613
13,9614
28,9615
7,9616
10,9617
26,9618
26,9619
8,9620
25,9621
11,9622
26,9623
20,9624
5,9625
12,9626
29,9627
22,9628
13,9629
5,9630
0,9631
4,9632
19,9633
29,9634
3,9635
3,9636
20,9637
2,9638
4,9639
1,9640
1,9641
6,9642
3,9643
25,9644
2,9645
28,9646
29,9647
1,9648
27,9649
26,9650
29,9651
25,9652
23,9653
20,9654
18,9655
19,9656
2,9657
12,9658
27,9659
29,9660
11,9661
14,9662
1,9663
27,9664
0,9665
19,9666
23,9667
5,9668
14,9669
7,9670
15,9671
6,9672
24,9673
4,9674
12,9675
13,9676
28,9677
13,9678
3,9679
12,9680
1,9681
12,9682
16,9683
6,9684
29,9685
26,9686
0,9687
18,9688
9,9689
20,9690
29,9691
4,9692
19,9693
23,9694
27,9695
22,9696
23,9697
15,9698
29,9699
25,9700
4,9701
5,9702
18,9703
14,9704
17,9705
28,9706
29,9707
19,9708
22,9709
2,9710
24,9711
8,9712
13,9713
2,9714
21,9715
16,9716
16,9717
26,9718
4,9719
15,9720
3,9721
22,9722
9,9723
22,9724
10,9725
15,9726
2,9727
28,9728
26,9729
1,9730
1,9731
19,9732
29,9733
2,9734
12,9735
14,9736
23,9737
22,9738
17,9739
10,9740
23,9741
20,9742
22,9743
11,9744
1,9745
6,9746
28,9747
14,9748
13,9749
15,9750
20,9751
9,9752
5,9753
27,9754
14,9755
9,9756
29,9757
17,9758
10,9759
7,9760
1,9761
4,9762
25,9763
6,9764
23,9765
8,9766
16,9767
12,9768
2,9769
13,9770
6,9771
6,9772
17,9773
0,9774
11,9775
17,9776
13,9777
24,9778
13,9779
4,9780
9,9781
28,9782
29,9783
0,9784
12,9785
8,9786
25,9787
24,9788
0,9789
16,9790
11,9791
1,9792
9,9793
23,9794
22,9795
3,9796
25,9797
14,9798
9,9799
2,9800
7,9801
5,9802
29,9803
17,9804
3,9805
18,9806
7,9807
26,9808
27,9809
18,9810
14,9811
23,9812
18,9813
9,9814
27,9815
26,9816
8,9817
14,9818
28,9819
7,9820
14,9821
4,9822
0,9823
10,9824
10,9825
22,9826
6,9827
25,9828
13,9829
10,9830
22,9831
27,9832
15,9833
2,9834
9,9835
13,9836
20,9837
25,9838
17,9839
14,9840
17,9841
8,9842
1,9843
9,9844
9,9845
9,9846
23,9847
3,9848
9,9849
21,9850
5,9851
1,9852
21,9853
3,9854
0,9855
9,9856
21,9857
23,9858
4,9859
7,9860
9,9861
11,9862
16,9863
19,9864
19,9865
2,9866
26,9867
17,9868
2,9869
8,9870
16,9871
13,9872
28,9873
13,9874
3,9875
1,9876
1,9877
24,9878
13,9879
2,9880
13,9881
21,9882
16,9883
1,9884
6,9885
8,9886
21,9887
18,9888
14,9889
29,9890
9,9891
8,9892
22,9893
27,9894
14,9895
23,9896
7,9897
5,9898
6,9899
25,9900
25,9901
8,9902
9,9903
20,9904
7,9905
6,9906
5,9907
22,9908
26,9909
10,9910
11,9911
29,9912
14,9913
18,9914
19,9915
11,9916
21,9917
28,9918
16,9919
18,9920
13,9921
16,9922
3,9923
8,9924
25,9925
24,9926
12,9927
9,9928
9,9929
13,9930
0,9931
9,9932
20,9933
29,9934
23,9935
3,9936
14,9937
23,9938
24,9939
22,9940
25,9941
26,9942
27,9943
19,9944
17,9945
24,9946
29,9947
24,9948
4,9949
22,9950
6,9951
10,9952
0,9953
0,9954
23,9955
1,9956
23,9957
27,9958
18,9959
3,9960
11,9961
25,9962
5,9963
25,9964
29,9965
24,9966
11,9967
10,9968
24,9969
1,9970
13,9971
16,9972
11,9973
7,9974
26,9975
26,9976
0,9977
13,9978
13,9979
12,9980
17,9981
2,9982
2,9983
7,9984
4,9985
12,9986
10,9987
18,9988
13,9989
25,9990
3,9991
9,9992
3,9993
15,9994
18,9995
24,9996
7,9997
20,9998
9,9999
