12,0
12,1
33,2
34,3
33,4
34,5
18,6
37,7
34,8
7,9
37,10
7,11
33,12
33,13
37,14
18,15
37,16
37,17
34,18
7,19
18,20
18,21
7,22
22,23
22,24
24,25
24,26
22,27
24,28
24,29
22,30
22,31
3,32
3,33
10,34
13,35
11,36
15,37
6,38
17,39
15,40
15,41
6,42
1,43
20,44
16,45
31,46
20,47
14,48
31,49
16,50
14,51
1,52
1,53
4,54
39,55
0,56
4,57
4,58
0,59
0,60
0,61
39,62
19,63
19,64
0,65
4,66
2,67
39,68
19,69
4,70
39,71
0,72
0,73
0,74
4,75
2,76
39,77
2,78
0,79
39,80
0,81
39,82
2,83
19,84
0,85
4,86
19,87
39,88
19,89
19,90
19,91
0,92
19,93
39,94
0,95
39,96
19,97
0,98
0,99
0,100
4,101
39,102
2,103
39,104
2,105
0,106
39,107
4,108
39,109
19,110
32,111
21,112
8,113
36,114
36,115
29,116
29,117
36,118
29,119
29,120
29,121
36,122
36,123
32,124
36,125
21,126
32,127
36,128
32,129
23,130
35,131
35,132
28,133
5,134
25,135
9,136
30,137
9,138
9,139
9,140
30,141
30,142
12,143
33,144
7,145
34,146
7,147
37,148
33,149
34,150
33,151
18,152
34,153
37,154
7,155
18,156
18,157
34,158
37,159
37,160
34,161
34,162
34,163
37,164
33,165
7,166
37,167
34,168
33,169
33,170
33,171
37,172
33,173
18,174
34,175
33,176
34,177
37,178
7,179
37,180
34,181
7,182
37,183
33,184
33,185
7,186
37,187
33,188
37,189
7,190
34,191
37,192
7,193
34,194
37,195
37,196
37,197
18,198
7,199
7,200
37,201
7,202
34,203
37,204
34,205
7,206
18,207
37,208
34,209
34,210
34,211
34,212
34,213
33,214
18,215
34,216
7,217
7,218
34,219
34,220
18,221
34,222
18,223
33,224
37,225
7,226
18,227
7,228
7,229
37,230
7,231
22,232
24,233
24,234
24,235
22,236
22,237
22,238
22,239
24,240
24,241
22,242
22,243
3,244
3,245
38,246
3,247
13,248
11,249
10,250
11,251
11,252
38,253
38,254
13,255
11,256
38,257
11,258
15,259
17,260
17,261
15,262
17,263
17,264
6,265
1,266
14,267
1,268
1,269
4,270
4,271
19,272
32,273
32,274
36,275
36,276
29,277
36,278
27,279
36,280
27,281
27,282
21,283
29,284
36,285
21,286
32,287
23,288
28,289
23,290
26,291
25,292
26,293
5,294
26,295
28,296
5,297
28,298
26,299
35,300
26,301
35,302
23,303
26,304
5,305
28,306
25,307
26,308
28,309
28,310
25,311
23,312
23,313
25,314
25,315
23,316
28,317
23,318
35,319
23,320
35,321
35,322
26,323
5,324
35,325
26,326
25,327
9,328
9,329
9,330
30,331
9,332
30,333
30,334
12,335
12,336
33,337
34,338
18,339
34,340
34,341
18,342
37,343
33,344
18,345
7,346
22,347
24,348
22,349
3,350
11,351
10,352
38,353
11,354
13,355
10,356
13,357
38,358
3,359
38,360
3,361
38,362
13,363
38,364
11,365
13,366
13,367
13,368
3,369
11,370
38,371
10,372
38,373
13,374
13,375
10,376
38,377
11,378
10,379
13,380
11,381
38,382
3,383
13,384
38,385
3,386
13,387
10,388
38,389
10,390
38,391
10,392
3,393
11,394
11,395
3,396
3,397
3,398
3,399
11,400
15,401
6,402
1,403
14,404
14,405
1,406
1,407
31,408
31,409
16,410
14,411
16,412
31,413
20,414
1,415
16,416
16,417
31,418
31,419
16,420
16,421
20,422
20,423
1,424
4,425
39,426
0,427
2,428
39,429
19,430
39,431
2,432
4,433
2,434
39,435
0,436
2,437
39,438
4,439
2,440
19,441
39,442
4,443
2,444
0,445
39,446
39,447
19,448
32,449
29,450
29,451
21,452
32,453
23,454
35,455
26,456
35,457
35,458
35,459
23,460
23,461
25,462
25,463
9,464
9,465
30,466
12,467
12,468
12,469
12,470
12,471
33,472
33,473
7,474
7,475
22,476
22,477
24,478
24,479
22,480
24,481
22,482
22,483
3,484
10,485
38,486
13,487
13,488
38,489
13,490
11,491
13,492
11,493
38,494
13,495
38,496
10,497
13,498
11,499
13,500
38,501
38,502
3,503
38,504
38,505
10,506
3,507
10,508
11,509
15,510
6,511
6,512
6,513
15,514
15,515
6,516
1,517
14,518
31,519
20,520
16,521
14,522
14,523
31,524
20,525
20,526
20,527
20,528
14,529
31,530
1,531
16,532
20,533
14,534
14,535
20,536
16,537
14,538
20,539
16,540
1,541
20,542
31,543
31,544
16,545
1,546
16,547
14,548
1,549
31,550
1,551
20,552
1,553
31,554
16,555
14,556
31,557
31,558
14,559
16,560
14,561
20,562
14,563
1,564
14,565
1,566
1,567
31,568
20,569
20,570
31,571
20,572
1,573
20,574
14,575
16,576
20,577
14,578
1,579
16,580
1,581
31,582
14,583
1,584
16,585
14,586
14,587
31,588
20,589
16,590
14,591
14,592
20,593
20,594
31,595
31,596
20,597
16,598
14,599
1,600
20,601
1,602
14,603
31,604
1,605
14,606
31,607
14,608
20,609
31,610
31,611
1,612
4,613
4,614
2,615
19,616
4,617
0,618
39,619
2,620
0,621
4,622
2,623
0,624
39,625
0,626
0,627
4,628
39,629
2,630
39,631
4,632
2,633
39,634
2,635
39,636
0,637
0,638
39,639
2,640
2,641
19,642
0,643
2,644
2,645
39,646
39,647
4,648
0,649
4,650
0,651
39,652
0,653
2,654
19,655
2,656
39,657
0,658
39,659
4,660
0,661
19,662
2,663
19,664
39,665
4,666
4,667
4,668
4,669
19,670
2,671
2,672
4,673
0,674
2,675
4,676
2,677
39,678
2,679
39,680
2,681
0,682
2,683
0,684
2,685
0,686
2,687
4,688
4,689
39,690
39,691
4,692
39,693
19,694
2,695
2,696
39,697
4,698
39,699
4,700
39,701
2,702
39,703
39,704
39,705
4,706
19,707
32,708
23,709
35,710
35,711
35,712
35,713
28,714
35,715
25,716
26,717
5,718
25,719
9,720
9,721
30,722
30,723
30,724
12,725
33,726
18,727
34,728
18,729
33,730
18,731
37,732
7,733
22,734
24,735
24,736
22,737
24,738
24,739
22,740
3,741
38,742
10,743
38,744
38,745
13,746
38,747
38,748
38,749
38,750
13,751
3,752
11,753
10,754
3,755
11,756
11,757
11,758
11,759
15,760
17,761
17,762
15,763
6,764
6,765
15,766
6,767
15,768
15,769
6,770
17,771
17,772
15,773
6,774
1,775
14,776
16,777
20,778
1,779
31,780
14,781
20,782
14,783
14,784
20,785
1,786
1,787
20,788
1,789
1,790
16,791
14,792
20,793
31,794
14,795
16,796
1,797
31,798
20,799
1,800
16,801
31,802
31,803
20,804
1,805
16,806
20,807
20,808
1,809
16,810
14,811
20,812
31,813
20,814
20,815
31,816
14,817
1,818
4,819
19,820
2,821
0,822
4,823
2,824
19,825
39,826
39,827
19,828
0,829
19,830
0,831
19,832
19,833
19,834
4,835
0,836
39,837
39,838
2,839
39,840
2,841
0,842
4,843
39,844
39,845
19,846
19,847
0,848
39,849
4,850
0,851
39,852
4,853
0,854
2,855
4,856
19,857
32,858
21,859
32,860
8,861
32,862
21,863
36,864
21,865
21,866
32,867
29,868
32,869
32,870
36,871
36,872
8,873
21,874
29,875
29,876
32,877
8,878
21,879
27,880
36,881
29,882
32,883
8,884
27,885
36,886
8,887
8,888
21,889
32,890
27,891
27,892
32,893
36,894
8,895
29,896
21,897
8,898
36,899
27,900
32,901
29,902
21,903
21,904
8,905
8,906
29,907
27,908
32,909
23,910
35,911
26,912
28,913
5,914
26,915
26,916
28,917
25,918
28,919
25,920
26,921
26,922
23,923
5,924
28,925
35,926
23,927
26,928
25,929
35,930
23,931
28,932
5,933
26,934
28,935
5,936
35,937
26,938
35,939
25,940
26,941
26,942
25,943
23,944
23,945
35,946
25,947
23,948
23,949
28,950
5,951
23,952
35,953
28,954
26,955
25,956
25,957
35,958
26,959
5,960
25,961
35,962
23,963
35,964
25,965
23,966
25,967
25,968
5,969
5,970
26,971
5,972
35,973
5,974
28,975
26,976
5,977
35,978
35,979
23,980
5,981
5,982
5,983
25,984
28,985
28,986
28,987
26,988
5,989
26,990
25,991
25,992
9,993
30,994
30,995
9,996
9,997
9,998
30,999
9,1000
30,1001
30,1002
12,1003
33,1004
34,1005
37,1006
37,1007
18,1008
7,1009
7,1010
33,1011
34,1012
18,1013
7,1014
34,1015
33,1016
34,1017
34,1018
33,1019
37,1020
33,1021
33,1022
34,1023
33,1024
37,1025
7,1026
7,1027
33,1028
34,1029
18,1030
37,1031
18,1032
34,1033
33,1034
18,1035
33,1036
33,1037
18,1038
37,1039
7,1040
34,1041
33,1042
37,1043
34,1044
37,1045
34,1046
37,1047
33,1048
37,1049
18,1050
7,1051
7,1052
33,1053
18,1054
18,1055
7,1056
22,1057
24,1058
22,1059
3,1060
38,1061
38,1062
10,1063
10,1064
10,1065
11,1066
15,1067
17,1068
6,1069
1,1070
1,1071
31,1072
1,1073
4,1074
19,1075
4,1076
19,1077
4,1078
2,1079
4,1080
39,1081
0,1082
4,1083
4,1084
4,1085
0,1086
39,1087
0,1088
2,1089
39,1090
2,1091
0,1092
0,1093
2,1094
19,1095
19,1096
4,1097
2,1098
0,1099
39,1100
4,1101
0,1102
39,1103
0,1104
2,1105
4,1106
0,1107
39,1108
4,1109
19,1110
32,1111
32,1112
32,1113
21,1114
27,1115
8,1116
36,1117
29,1118
27,1119
36,1120
32,1121
27,1122
29,1123
29,1124
27,1125
8,1126
8,1127
27,1128
36,1129
27,1130
27,1131
36,1132
29,1133
21,1134
36,1135
27,1136
29,1137
8,1138
27,1139
36,1140
8,1141
29,1142
27,1143
32,1144
23,1145
26,1146
5,1147
23,1148
26,1149
26,1150
26,1151
35,1152
26,1153
28,1154
26,1155
25,1156
23,1157
23,1158
23,1159
23,1160
28,1161
26,1162
26,1163
23,1164
25,1165
25,1166
5,1167
28,1168
35,1169
5,1170
25,1171
9,1172
30,1173
9,1174
30,1175
30,1176
12,1177
33,1178
34,1179
7,1180
37,1181
33,1182
33,1183
37,1184
18,1185
33,1186
7,1187
22,1188
24,1189
24,1190
24,1191
24,1192
22,1193
24,1194
22,1195
22,1196
24,1197
22,1198
24,1199
24,1200
22,1201
24,1202
22,1203
22,1204
3,1205
11,1206
13,1207
38,1208
10,1209
10,1210
38,1211
11,1212
38,1213
10,1214
11,1215
38,1216
10,1217
11,1218
3,1219
3,1220
3,1221
11,1222
3,1223
10,1224
13,1225
38,1226
38,1227
13,1228
11,1229
13,1230
38,1231
11,1232
11,1233
10,1234
3,1235
3,1236
13,1237
10,1238
13,1239
3,1240
13,1241
38,1242
10,1243
10,1244
11,1245
13,1246
38,1247
11,1248
38,1249
10,1250
10,1251
10,1252
11,1253
15,1254
17,1255
15,1256
6,1257
1,1258
1,1259
4,1260
19,1261
39,1262
19,1263
19,1264
32,1265
36,1266
27,1267
27,1268
36,1269
29,1270
8,1271
21,1272
8,1273
36,1274
29,1275
36,1276
29,1277
21,1278
36,1279
27,1280
21,1281
36,1282
29,1283
36,1284
29,1285
36,1286
27,1287
21,1288
8,1289
8,1290
21,1291
29,1292
27,1293
36,1294
27,1295
32,1296
23,1297
26,1298
28,1299
5,1300
35,1301
26,1302
35,1303
5,1304
26,1305
26,1306
25,1307
9,1308
30,1309
12,1310
33,1311
7,1312
33,1313
34,1314
18,1315
33,1316
7,1317
18,1318
34,1319
7,1320
33,1321
18,1322
18,1323
33,1324
37,1325
37,1326
18,1327
37,1328
7,1329
7,1330
34,1331
7,1332
18,1333
33,1334
34,1335
18,1336
33,1337
37,1338
37,1339
37,1340
33,1341
18,1342
37,1343
33,1344
18,1345
18,1346
33,1347
34,1348
7,1349
7,1350
18,1351
33,1352
7,1353
33,1354
7,1355
22,1356
3,1357
10,1358
10,1359
11,1360
15,1361
17,1362
17,1363
15,1364
17,1365
6,1366
1,1367
1,1368
4,1369
39,1370
2,1371
2,1372
4,1373
39,1374
4,1375
39,1376
0,1377
2,1378
19,1379
39,1380
39,1381
39,1382
0,1383
19,1384
39,1385
39,1386
39,1387
39,1388
2,1389
2,1390
39,1391
2,1392
2,1393
0,1394
39,1395
2,1396
39,1397
4,1398
39,1399
19,1400
2,1401
2,1402
39,1403
4,1404
0,1405
0,1406
2,1407
0,1408
2,1409
4,1410
39,1411
19,1412
39,1413
4,1414
2,1415
2,1416
19,1417
19,1418
2,1419
4,1420
4,1421
19,1422
19,1423
19,1424
32,1425
23,1426
23,1427
5,1428
23,1429
28,1430
23,1431
5,1432
28,1433
26,1434
23,1435
28,1436
26,1437
26,1438
35,1439
5,1440
23,1441
25,1442
25,1443
26,1444
28,1445
35,1446
26,1447
26,1448
25,1449
5,1450
23,1451
23,1452
5,1453
26,1454
26,1455
28,1456
28,1457
26,1458
35,1459
5,1460
35,1461
5,1462
25,1463
9,1464
30,1465
12,1466
33,1467
34,1468
7,1469
37,1470
7,1471
34,1472
34,1473
18,1474
34,1475
7,1476
7,1477
22,1478
3,1479
11,1480
10,1481
13,1482
13,1483
3,1484
3,1485
38,1486
10,1487
11,1488
38,1489
38,1490
13,1491
13,1492
11,1493
3,1494
11,1495
3,1496
13,1497
13,1498
3,1499
38,1500
11,1501
3,1502
3,1503
38,1504
11,1505
38,1506
13,1507
38,1508
38,1509
11,1510
38,1511
3,1512
3,1513
38,1514
11,1515
3,1516
3,1517
38,1518
10,1519
38,1520
3,1521
13,1522
38,1523
10,1524
3,1525
10,1526
10,1527
11,1528
38,1529
10,1530
11,1531
11,1532
3,1533
3,1534
11,1535
10,1536
13,1537
13,1538
11,1539
38,1540
10,1541
11,1542
3,1543
38,1544
3,1545
3,1546
11,1547
15,1548
6,1549
6,1550
17,1551
15,1552
15,1553
6,1554
17,1555
6,1556
6,1557
6,1558
17,1559
6,1560
1,1561
20,1562
1,1563
1,1564
20,1565
20,1566
20,1567
16,1568
14,1569
1,1570
16,1571
1,1572
31,1573
20,1574
20,1575
14,1576
1,1577
20,1578
16,1579
20,1580
14,1581
31,1582
1,1583
31,1584
20,1585
16,1586
14,1587
16,1588
14,1589
1,1590
14,1591
1,1592
14,1593
20,1594
31,1595
14,1596
14,1597
1,1598
16,1599
14,1600
31,1601
20,1602
31,1603
1,1604
31,1605
20,1606
1,1607
14,1608
1,1609
16,1610
14,1611
16,1612
31,1613
31,1614
20,1615
1,1616
4,1617
2,1618
2,1619
2,1620
4,1621
0,1622
0,1623
39,1624
4,1625
39,1626
39,1627
2,1628
19,1629
39,1630
4,1631
39,1632
2,1633
2,1634
2,1635
2,1636
2,1637
4,1638
39,1639
2,1640
0,1641
19,1642
19,1643
0,1644
4,1645
0,1646
2,1647
0,1648
19,1649
4,1650
39,1651
39,1652
19,1653
32,1654
8,1655
21,1656
8,1657
27,1658
27,1659
36,1660
8,1661
32,1662
23,1663
35,1664
28,1665
26,1666
26,1667
26,1668
35,1669
5,1670
25,1671
9,1672
30,1673
9,1674
30,1675
30,1676
30,1677
9,1678
9,1679
9,1680
9,1681
9,1682
9,1683
9,1684
9,1685
30,1686
12,1687
33,1688
18,1689
33,1690
7,1691
18,1692
34,1693
18,1694
34,1695
7,1696
37,1697
34,1698
34,1699
7,1700
33,1701
18,1702
33,1703
33,1704
18,1705
7,1706
7,1707
33,1708
37,1709
7,1710
33,1711
34,1712
7,1713
22,1714
24,1715
24,1716
24,1717
22,1718
22,1719
24,1720
24,1721
24,1722
24,1723
22,1724
3,1725
11,1726
15,1727
6,1728
6,1729
6,1730
17,1731
6,1732
1,1733
20,1734
20,1735
1,1736
20,1737
16,1738
20,1739
16,1740
20,1741
1,1742
16,1743
14,1744
14,1745
14,1746
16,1747
31,1748
14,1749
1,1750
4,1751
4,1752
39,1753
0,1754
39,1755
0,1756
39,1757
39,1758
39,1759
2,1760
19,1761
0,1762
0,1763
39,1764
19,1765
4,1766
2,1767
4,1768
4,1769
0,1770
19,1771
0,1772
4,1773
0,1774
19,1775
32,1776
27,1777
8,1778
36,1779
36,1780
32,1781
32,1782
36,1783
27,1784
27,1785
29,1786
27,1787
36,1788
21,1789
21,1790
8,1791
27,1792
29,1793
21,1794
21,1795
8,1796
29,1797
21,1798
29,1799
36,1800
8,1801
32,1802
29,1803
36,1804
29,1805
29,1806
27,1807
8,1808
32,1809
27,1810
29,1811
21,1812
36,1813
8,1814
36,1815
27,1816
21,1817
29,1818
27,1819
27,1820
36,1821
29,1822
36,1823
36,1824
36,1825
36,1826
36,1827
29,1828
21,1829
27,1830
21,1831
36,1832
27,1833
8,1834
8,1835
8,1836
8,1837
36,1838
36,1839
21,1840
21,1841
32,1842
21,1843
29,1844
32,1845
23,1846
26,1847
25,1848
35,1849
23,1850
5,1851
23,1852
28,1853
23,1854
5,1855
26,1856
23,1857
28,1858
25,1859
9,1860
30,1861
30,1862
12,1863
12,1864
12,1865
12,1866
33,1867
34,1868
34,1869
33,1870
37,1871
33,1872
33,1873
33,1874
37,1875
34,1876
18,1877
7,1878
33,1879
34,1880
18,1881
7,1882
37,1883
34,1884
7,1885
34,1886
37,1887
34,1888
37,1889
7,1890
34,1891
34,1892
7,1893
37,1894
33,1895
34,1896
34,1897
37,1898
7,1899
33,1900
37,1901
7,1902
18,1903
37,1904
33,1905
7,1906
33,1907
18,1908
33,1909
33,1910
18,1911
34,1912
7,1913
34,1914
18,1915
7,1916
34,1917
7,1918
33,1919
37,1920
18,1921
34,1922
37,1923
7,1924
18,1925
7,1926
22,1927
22,1928
24,1929
22,1930
22,1931
3,1932
3,1933
10,1934
10,1935
11,1936
10,1937
13,1938
10,1939
13,1940
13,1941
38,1942
11,1943
15,1944
15,1945
17,1946
17,1947
6,1948
1,1949
1,1950
16,1951
14,1952
1,1953
20,1954
16,1955
1,1956
31,1957
16,1958
14,1959
31,1960
1,1961
14,1962
14,1963
31,1964
31,1965
31,1966
1,1967
1,1968
31,1969
14,1970
16,1971
31,1972
16,1973
31,1974
1,1975
4,1976
4,1977
0,1978
19,1979
0,1980
4,1981
4,1982
39,1983
39,1984
39,1985
2,1986
2,1987
2,1988
2,1989
0,1990
39,1991
0,1992
4,1993
0,1994
19,1995
19,1996
4,1997
39,1998
19,1999
19,2000
0,2001
2,2002
4,2003
2,2004
0,2005
19,2006
32,2007
23,2008
23,2009
23,2010
26,2011
5,2012
5,2013
23,2014
26,2015
23,2016
25,2017
26,2018
25,2019
5,2020
28,2021
23,2022
23,2023
35,2024
28,2025
23,2026
35,2027
5,2028
5,2029
35,2030
5,2031
5,2032
23,2033
23,2034
28,2035
26,2036
23,2037
25,2038
5,2039
28,2040
23,2041
35,2042
23,2043
28,2044
35,2045
26,2046
28,2047
28,2048
5,2049
25,2050
25,2051
25,2052
25,2053
23,2054
5,2055
25,2056
28,2057
28,2058
35,2059
23,2060
26,2061
25,2062
35,2063
35,2064
35,2065
35,2066
35,2067
35,2068
5,2069
23,2070
5,2071
28,2072
23,2073
23,2074
23,2075
28,2076
28,2077
28,2078
35,2079
25,2080
35,2081
25,2082
28,2083
5,2084
26,2085
35,2086
26,2087
28,2088
25,2089
35,2090
23,2091
28,2092
5,2093
35,2094
35,2095
25,2096
35,2097
25,2098
35,2099
26,2100
35,2101
35,2102
35,2103
35,2104
25,2105
28,2106
5,2107
35,2108
35,2109
28,2110
35,2111
25,2112
23,2113
28,2114
26,2115
26,2116
25,2117
28,2118
25,2119
35,2120
35,2121
25,2122
28,2123
26,2124
25,2125
26,2126
28,2127
26,2128
26,2129
26,2130
23,2131
23,2132
25,2133
26,2134
28,2135
26,2136
23,2137
26,2138
26,2139
28,2140
26,2141
26,2142
28,2143
25,2144
25,2145
25,2146
26,2147
5,2148
28,2149
5,2150
26,2151
35,2152
5,2153
5,2154
23,2155
28,2156
5,2157
26,2158
28,2159
26,2160
23,2161
25,2162
25,2163
25,2164
28,2165
23,2166
26,2167
28,2168
5,2169
26,2170
28,2171
25,2172
25,2173
5,2174
5,2175
25,2176
28,2177
23,2178
5,2179
5,2180
5,2181
23,2182
23,2183
5,2184
5,2185
28,2186
35,2187
26,2188
35,2189
26,2190
28,2191
26,2192
23,2193
25,2194
26,2195
26,2196
28,2197
35,2198
28,2199
35,2200
5,2201
28,2202
5,2203
5,2204
5,2205
23,2206
23,2207
5,2208
25,2209
35,2210
23,2211
23,2212
23,2213
26,2214
25,2215
5,2216
25,2217
26,2218
26,2219
23,2220
28,2221
23,2222
35,2223
23,2224
23,2225
26,2226
25,2227
9,2228
30,2229
9,2230
30,2231
12,2232
12,2233
12,2234
33,2235
33,2236
7,2237
37,2238
18,2239
34,2240
7,2241
18,2242
18,2243
7,2244
37,2245
7,2246
18,2247
34,2248
18,2249
7,2250
22,2251
3,2252
10,2253
10,2254
13,2255
10,2256
11,2257
15,2258
15,2259
6,2260
1,2261
20,2262
31,2263
20,2264
1,2265
4,2266
4,2267
0,2268
39,2269
4,2270
0,2271
39,2272
2,2273
39,2274
2,2275
4,2276
39,2277
4,2278
0,2279
19,2280
2,2281
39,2282
39,2283
39,2284
4,2285
0,2286
2,2287
4,2288
39,2289
4,2290
19,2291
2,2292
0,2293
19,2294
39,2295
4,2296
2,2297
2,2298
39,2299
19,2300
39,2301
0,2302
0,2303
4,2304
2,2305
0,2306
39,2307
19,2308
0,2309
2,2310
0,2311
4,2312
19,2313
0,2314
39,2315
19,2316
39,2317
2,2318
0,2319
39,2320
39,2321
19,2322
32,2323
32,2324
23,2325
23,2326
35,2327
26,2328
25,2329
9,2330
9,2331
30,2332
30,2333
12,2334
33,2335
7,2336
37,2337
7,2338
37,2339
18,2340
37,2341
18,2342
18,2343
37,2344
18,2345
37,2346
7,2347
33,2348
37,2349
33,2350
33,2351
37,2352
7,2353
18,2354
33,2355
34,2356
33,2357
37,2358
34,2359
33,2360
33,2361
18,2362
7,2363
22,2364
3,2365
38,2366
13,2367
3,2368
10,2369
13,2370
10,2371
10,2372
3,2373
10,2374
3,2375
38,2376
3,2377
38,2378
38,2379
11,2380
11,2381
11,2382
11,2383
13,2384
11,2385
10,2386
3,2387
13,2388
13,2389
13,2390
3,2391
38,2392
13,2393
3,2394
3,2395
3,2396
11,2397
10,2398
10,2399
3,2400
11,2401
10,2402
13,2403
3,2404
11,2405
13,2406
10,2407
38,2408
3,2409
11,2410
11,2411
10,2412
11,2413
15,2414
15,2415
6,2416
17,2417
6,2418
6,2419
17,2420
15,2421
15,2422
17,2423
15,2424
17,2425
15,2426
17,2427
17,2428
15,2429
6,2430
1,2431
4,2432
4,2433
4,2434
2,2435
2,2436
2,2437
2,2438
39,2439
2,2440
4,2441
39,2442
39,2443
19,2444
0,2445
39,2446
39,2447
39,2448
0,2449
39,2450
0,2451
39,2452
39,2453
0,2454
0,2455
0,2456
2,2457
39,2458
4,2459
4,2460
2,2461
4,2462
2,2463
0,2464
4,2465
2,2466
19,2467
19,2468
0,2469
19,2470
4,2471
39,2472
4,2473
0,2474
39,2475
0,2476
39,2477
19,2478
39,2479
2,2480
4,2481
19,2482
32,2483
23,2484
5,2485
28,2486
26,2487
25,2488
23,2489
28,2490
26,2491
26,2492
23,2493
25,2494
26,2495
25,2496
28,2497
5,2498
35,2499
28,2500
5,2501
35,2502
23,2503
5,2504
5,2505
25,2506
35,2507
28,2508
35,2509
28,2510
5,2511
23,2512
23,2513
28,2514
26,2515
35,2516
23,2517
25,2518
9,2519
30,2520
30,2521
12,2522
12,2523
12,2524
33,2525
37,2526
37,2527
18,2528
18,2529
33,2530
33,2531
33,2532
18,2533
37,2534
37,2535
7,2536
18,2537
18,2538
18,2539
7,2540
33,2541
33,2542
37,2543
33,2544
7,2545
33,2546
33,2547
7,2548
33,2549
34,2550
18,2551
7,2552
34,2553
37,2554
33,2555
37,2556
34,2557
37,2558
18,2559
34,2560
37,2561
37,2562
34,2563
34,2564
7,2565
22,2566
24,2567
22,2568
3,2569
3,2570
10,2571
3,2572
10,2573
3,2574
10,2575
13,2576
3,2577
11,2578
38,2579
10,2580
13,2581
10,2582
3,2583
3,2584
11,2585
10,2586
13,2587
11,2588
10,2589
10,2590
3,2591
13,2592
13,2593
3,2594
3,2595
11,2596
11,2597
10,2598
10,2599
13,2600
3,2601
38,2602
13,2603
11,2604
15,2605
17,2606
17,2607
17,2608
6,2609
1,2610
14,2611
14,2612
14,2613
16,2614
20,2615
14,2616
1,2617
31,2618
20,2619
1,2620
1,2621
4,2622
39,2623
0,2624
2,2625
19,2626
32,2627
32,2628
23,2629
26,2630
5,2631
28,2632
28,2633
23,2634
35,2635
28,2636
26,2637
5,2638
25,2639
9,2640
30,2641
30,2642
30,2643
9,2644
30,2645
30,2646
9,2647
30,2648
12,2649
12,2650
33,2651
37,2652
34,2653
34,2654
33,2655
33,2656
33,2657
34,2658
37,2659
37,2660
7,2661
22,2662
24,2663
24,2664
22,2665
22,2666
24,2667
22,2668
3,2669
38,2670
10,2671
13,2672
13,2673
11,2674
13,2675
10,2676
38,2677
13,2678
3,2679
11,2680
13,2681
13,2682
13,2683
13,2684
38,2685
11,2686
3,2687
38,2688
10,2689
11,2690
38,2691
3,2692
38,2693
11,2694
15,2695
6,2696
6,2697
15,2698
17,2699
6,2700
1,2701
1,2702
4,2703
0,2704
19,2705
19,2706
32,2707
29,2708
21,2709
36,2710
29,2711
21,2712
36,2713
21,2714
8,2715
29,2716
36,2717
29,2718
8,2719
32,2720
29,2721
8,2722
36,2723
21,2724
29,2725
21,2726
29,2727
36,2728
8,2729
29,2730
32,2731
32,2732
36,2733
36,2734
8,2735
29,2736
27,2737
8,2738
32,2739
23,2740
25,2741
26,2742
28,2743
26,2744
23,2745
35,2746
5,2747
5,2748
5,2749
25,2750
28,2751
25,2752
5,2753
28,2754
23,2755
25,2756
23,2757
25,2758
26,2759
35,2760
28,2761
25,2762
9,2763
30,2764
30,2765
30,2766
9,2767
9,2768
30,2769
12,2770
33,2771
33,2772
7,2773
18,2774
7,2775
34,2776
34,2777
34,2778
37,2779
37,2780
33,2781
33,2782
33,2783
34,2784
37,2785
37,2786
34,2787
18,2788
34,2789
7,2790
34,2791
37,2792
18,2793
37,2794
34,2795
37,2796
34,2797
7,2798
7,2799
22,2800
3,2801
13,2802
11,2803
10,2804
11,2805
38,2806
13,2807
38,2808
3,2809
11,2810
3,2811
13,2812
11,2813
10,2814
10,2815
38,2816
13,2817
13,2818
11,2819
38,2820
11,2821
10,2822
38,2823
10,2824
11,2825
15,2826
6,2827
15,2828
17,2829
15,2830
15,2831
15,2832
15,2833
6,2834
6,2835
17,2836
15,2837
17,2838
17,2839
17,2840
6,2841
17,2842
15,2843
15,2844
6,2845
1,2846
1,2847
4,2848
19,2849
19,2850
4,2851
4,2852
39,2853
39,2854
0,2855
39,2856
0,2857
19,2858
32,2859
27,2860
32,2861
32,2862
23,2863
28,2864
5,2865
23,2866
25,2867
26,2868
23,2869
35,2870
28,2871
5,2872
26,2873
28,2874
28,2875
25,2876
9,2877
30,2878
9,2879
9,2880
30,2881
30,2882
12,2883
33,2884
7,2885
37,2886
37,2887
37,2888
33,2889
7,2890
7,2891
34,2892
34,2893
34,2894
18,2895
7,2896
34,2897
37,2898
18,2899
7,2900
18,2901
18,2902
18,2903
18,2904
37,2905
18,2906
33,2907
33,2908
7,2909
18,2910
33,2911
18,2912
33,2913
34,2914
33,2915
33,2916
33,2917
7,2918
22,2919
22,2920
22,2921
3,2922
10,2923
11,2924
38,2925
3,2926
11,2927
10,2928
10,2929
3,2930
11,2931
38,2932
38,2933
13,2934
38,2935
13,2936
10,2937
11,2938
11,2939
15,2940
15,2941
6,2942
1,2943
20,2944
20,2945
31,2946
14,2947
16,2948
16,2949
31,2950
14,2951
16,2952
1,2953
16,2954
14,2955
20,2956
31,2957
14,2958
14,2959
20,2960
14,2961
31,2962
31,2963
1,2964
16,2965
20,2966
31,2967
16,2968
1,2969
14,2970
16,2971
31,2972
14,2973
16,2974
16,2975
20,2976
14,2977
16,2978
31,2979
31,2980
1,2981
31,2982
16,2983
31,2984
31,2985
16,2986
16,2987
20,2988
31,2989
20,2990
1,2991
4,2992
4,2993
0,2994
19,2995
32,2996
8,2997
36,2998
21,2999
36,3000
8,3001
29,3002
32,3003
8,3004
32,3005
21,3006
27,3007
27,3008
21,3009
36,3010
32,3011
8,3012
29,3013
29,3014
32,3015
23,3016
26,3017
23,3018
35,3019
28,3020
28,3021
5,3022
26,3023
23,3024
35,3025
35,3026
5,3027
26,3028
26,3029
35,3030
26,3031
35,3032
26,3033
23,3034
25,3035
35,3036
26,3037
25,3038
26,3039
23,3040
26,3041
23,3042
25,3043
9,3044
9,3045
9,3046
9,3047
9,3048
9,3049
9,3050
9,3051
30,3052
30,3053
9,3054
30,3055
9,3056
9,3057
9,3058
9,3059
9,3060
9,3061
30,3062
30,3063
12,3064
33,3065
18,3066
34,3067
7,3068
7,3069
7,3070
7,3071
18,3072
37,3073
34,3074
18,3075
37,3076
7,3077
7,3078
34,3079
18,3080
7,3081
34,3082
34,3083
37,3084
34,3085
7,3086
18,3087
34,3088
7,3089
33,3090
33,3091
18,3092
37,3093
33,3094
7,3095
37,3096
18,3097
34,3098
18,3099
34,3100
7,3101
7,3102
7,3103
7,3104
33,3105
18,3106
37,3107
7,3108
37,3109
37,3110
33,3111
33,3112
7,3113
7,3114
7,3115
34,3116
7,3117
33,3118
34,3119
7,3120
34,3121
7,3122
34,3123
7,3124
33,3125
7,3126
37,3127
7,3128
7,3129
7,3130
7,3131
37,3132
33,3133
7,3134
33,3135
7,3136
33,3137
7,3138
18,3139
37,3140
37,3141
34,3142
33,3143
7,3144
7,3145
34,3146
34,3147
37,3148
7,3149
37,3150
18,3151
18,3152
33,3153
33,3154
18,3155
7,3156
34,3157
37,3158
37,3159
33,3160
7,3161
37,3162
18,3163
7,3164
22,3165
24,3166
22,3167
22,3168
22,3169
24,3170
22,3171
3,3172
11,3173
13,3174
10,3175
10,3176
11,3177
13,3178
3,3179
3,3180
10,3181
3,3182
3,3183
11,3184
10,3185
38,3186
3,3187
13,3188
13,3189
38,3190
38,3191
3,3192
10,3193
13,3194
10,3195
38,3196
11,3197
15,3198
17,3199
15,3200
6,3201
6,3202
6,3203
15,3204
17,3205
6,3206
15,3207
17,3208
15,3209
15,3210
17,3211
15,3212
17,3213
15,3214
6,3215
6,3216
17,3217
17,3218
15,3219
15,3220
17,3221
15,3222
6,3223
1,3224
14,3225
31,3226
20,3227
31,3228
31,3229
20,3230
14,3231
31,3232
1,3233
14,3234
16,3235
1,3236
31,3237
1,3238
4,3239
19,3240
32,3241
32,3242
36,3243
21,3244
29,3245
36,3246
36,3247
8,3248
36,3249
8,3250
29,3251
27,3252
8,3253
27,3254
27,3255
29,3256
36,3257
21,3258
29,3259
27,3260
29,3261
32,3262
32,3263
27,3264
32,3265
32,3266
36,3267
32,3268
29,3269
21,3270
32,3271
21,3272
27,3273
36,3274
36,3275
21,3276
8,3277
36,3278
27,3279
21,3280
8,3281
32,3282
29,3283
21,3284
29,3285
36,3286
36,3287
32,3288
29,3289
29,3290
32,3291
23,3292
23,3293
5,3294
28,3295
25,3296
5,3297
5,3298
23,3299
25,3300
26,3301
28,3302
23,3303
5,3304
5,3305
28,3306
23,3307
26,3308
35,3309
25,3310
35,3311
5,3312
5,3313
35,3314
5,3315
5,3316
25,3317
5,3318
35,3319
23,3320
23,3321
26,3322
26,3323
28,3324
25,3325
23,3326
5,3327
26,3328
25,3329
5,3330
5,3331
35,3332
25,3333
25,3334
26,3335
35,3336
25,3337
28,3338
28,3339
25,3340
35,3341
35,3342
25,3343
35,3344
23,3345
26,3346
26,3347
23,3348
23,3349
35,3350
5,3351
26,3352
25,3353
28,3354
35,3355
26,3356
28,3357
23,3358
35,3359
25,3360
5,3361
28,3362
28,3363
23,3364
23,3365
35,3366
25,3367
26,3368
28,3369
26,3370
23,3371
26,3372
25,3373
9,3374
30,3375
9,3376
9,3377
30,3378
12,3379
33,3380
18,3381
37,3382
37,3383
33,3384
37,3385
18,3386
34,3387
18,3388
7,3389
18,3390
18,3391
33,3392
7,3393
33,3394
7,3395
22,3396
24,3397
22,3398
3,3399
38,3400
3,3401
10,3402
38,3403
10,3404
11,3405
13,3406
10,3407
11,3408
38,3409
11,3410
13,3411
10,3412
11,3413
10,3414
11,3415
11,3416
3,3417
11,3418
3,3419
3,3420
38,3421
38,3422
3,3423
13,3424
3,3425
38,3426
3,3427
3,3428
13,3429
38,3430
10,3431
13,3432
3,3433
11,3434
11,3435
3,3436
11,3437
15,3438
6,3439
6,3440
6,3441
17,3442
17,3443
17,3444
15,3445
15,3446
15,3447
15,3448
15,3449
6,3450
17,3451
6,3452
15,3453
15,3454
17,3455
15,3456
6,3457
15,3458
6,3459
15,3460
6,3461
15,3462
15,3463
6,3464
17,3465
15,3466
15,3467
15,3468
15,3469
15,3470
6,3471
6,3472
17,3473
6,3474
6,3475
15,3476
17,3477
15,3478
15,3479
17,3480
6,3481
6,3482
1,3483
31,3484
1,3485
31,3486
14,3487
1,3488
14,3489
14,3490
16,3491
20,3492
20,3493
1,3494
1,3495
20,3496
1,3497
16,3498
14,3499
31,3500
20,3501
16,3502
14,3503
16,3504
16,3505
20,3506
14,3507
16,3508
20,3509
31,3510
20,3511
14,3512
31,3513
14,3514
16,3515
20,3516
31,3517
1,3518
14,3519
16,3520
16,3521
1,3522
16,3523
20,3524
1,3525
20,3526
31,3527
31,3528
16,3529
14,3530
16,3531
31,3532
14,3533
14,3534
1,3535
14,3536
16,3537
20,3538
14,3539
20,3540
16,3541
16,3542
14,3543
20,3544
16,3545
1,3546
31,3547
20,3548
1,3549
20,3550
1,3551
31,3552
1,3553
4,3554
39,3555
0,3556
4,3557
2,3558
2,3559
19,3560
19,3561
2,3562
19,3563
19,3564
19,3565
0,3566
4,3567
4,3568
4,3569
39,3570
19,3571
39,3572
39,3573
4,3574
19,3575
4,3576
39,3577
19,3578
4,3579
39,3580
19,3581
0,3582
4,3583
19,3584
19,3585
4,3586
19,3587
39,3588
0,3589
4,3590
39,3591
2,3592
0,3593
4,3594
2,3595
19,3596
39,3597
4,3598
0,3599
2,3600
4,3601
4,3602
19,3603
39,3604
0,3605
39,3606
39,3607
4,3608
39,3609
19,3610
4,3611
2,3612
4,3613
4,3614
39,3615
19,3616
0,3617
19,3618
32,3619
27,3620
8,3621
27,3622
21,3623
32,3624
8,3625
21,3626
32,3627
27,3628
36,3629
27,3630
29,3631
21,3632
8,3633
32,3634
36,3635
8,3636
8,3637
8,3638
21,3639
8,3640
32,3641
23,3642
5,3643
35,3644
5,3645
26,3646
23,3647
35,3648
26,3649
23,3650
5,3651
5,3652
28,3653
28,3654
35,3655
35,3656
35,3657
35,3658
28,3659
5,3660
35,3661
28,3662
26,3663
5,3664
28,3665
5,3666
5,3667
35,3668
35,3669
5,3670
26,3671
26,3672
26,3673
28,3674
5,3675
28,3676
23,3677
23,3678
26,3679
5,3680
35,3681
5,3682
35,3683
5,3684
35,3685
35,3686
28,3687
5,3688
23,3689
28,3690
28,3691
25,3692
35,3693
25,3694
23,3695
23,3696
5,3697
5,3698
26,3699
35,3700
25,3701
9,3702
9,3703
9,3704
9,3705
9,3706
9,3707
30,3708
12,3709
33,3710
7,3711
7,3712
22,3713
3,3714
11,3715
11,3716
13,3717
11,3718
38,3719
10,3720
13,3721
13,3722
10,3723
10,3724
11,3725
3,3726
10,3727
38,3728
11,3729
11,3730
3,3731
11,3732
11,3733
11,3734
3,3735
11,3736
38,3737
13,3738
10,3739
10,3740
13,3741
3,3742
11,3743
10,3744
11,3745
13,3746
38,3747
10,3748
11,3749
3,3750
13,3751
13,3752
11,3753
10,3754
13,3755
38,3756
38,3757
38,3758
11,3759
11,3760
11,3761
13,3762
10,3763
11,3764
11,3765
15,3766
15,3767
17,3768
15,3769
15,3770
15,3771
6,3772
6,3773
15,3774
6,3775
17,3776
17,3777
6,3778
6,3779
1,3780
14,3781
20,3782
14,3783
1,3784
16,3785
16,3786
31,3787
20,3788
31,3789
31,3790
16,3791
31,3792
20,3793
20,3794
31,3795
31,3796
1,3797
1,3798
14,3799
16,3800
31,3801
1,3802
16,3803
31,3804
16,3805
1,3806
14,3807
1,3808
14,3809
16,3810
1,3811
1,3812
14,3813
1,3814
14,3815
14,3816
16,3817
16,3818
31,3819
14,3820
1,3821
4,3822
0,3823
4,3824
4,3825
2,3826
19,3827
39,3828
4,3829
19,3830
32,3831
21,3832
32,3833
29,3834
8,3835
29,3836
21,3837
21,3838
8,3839
8,3840
27,3841
32,3842
36,3843
29,3844
21,3845
8,3846
36,3847
32,3848
23,3849
25,3850
26,3851
23,3852
23,3853
26,3854
23,3855
35,3856
25,3857
25,3858
35,3859
28,3860
26,3861
5,3862
5,3863
26,3864
26,3865
26,3866
25,3867
9,3868
30,3869
12,3870
33,3871
33,3872
18,3873
33,3874
33,3875
7,3876
7,3877
22,3878
24,3879
22,3880
3,3881
11,3882
38,3883
10,3884
3,3885
13,3886
3,3887
13,3888
13,3889
10,3890
3,3891
3,3892
11,3893
38,3894
11,3895
3,3896
3,3897
38,3898
3,3899
3,3900
38,3901
10,3902
11,3903
3,3904
3,3905
11,3906
10,3907
13,3908
11,3909
11,3910
15,3911
15,3912
17,3913
17,3914
17,3915
6,3916
15,3917
17,3918
15,3919
15,3920
17,3921
15,3922
15,3923
6,3924
1,3925
31,3926
1,3927
31,3928
1,3929
1,3930
16,3931
14,3932
20,3933
31,3934
1,3935
4,3936
4,3937
2,3938
2,3939
39,3940
0,3941
39,3942
39,3943
0,3944
4,3945
4,3946
2,3947
0,3948
0,3949
2,3950
2,3951
4,3952
39,3953
2,3954
39,3955
0,3956
2,3957
0,3958
39,3959
0,3960
19,3961
39,3962
19,3963
2,3964
4,3965
39,3966
19,3967
4,3968
2,3969
0,3970
19,3971
2,3972
0,3973
19,3974
2,3975
19,3976
4,3977
19,3978
39,3979
0,3980
0,3981
0,3982
2,3983
4,3984
2,3985
0,3986
2,3987
2,3988
39,3989
2,3990
19,3991
0,3992
0,3993
2,3994
2,3995
2,3996
0,3997
2,3998
39,3999
2,4000
39,4001
19,4002
19,4003
19,4004
32,4005
32,4006
23,4007
5,4008
35,4009
25,4010
9,4011
30,4012
12,4013
33,4014
34,4015
34,4016
33,4017
34,4018
37,4019
34,4020
7,4021
18,4022
33,4023
7,4024
18,4025
37,4026
7,4027
34,4028
34,4029
37,4030
7,4031
22,4032
3,4033
10,4034
10,4035
38,4036
3,4037
13,4038
11,4039
11,4040
10,4041
38,4042
11,4043
11,4044
3,4045
3,4046
11,4047
38,4048
3,4049
11,4050
10,4051
10,4052
13,4053
10,4054
3,4055
3,4056
3,4057
10,4058
3,4059
10,4060
38,4061
11,4062
10,4063
3,4064
11,4065
10,4066
3,4067
3,4068
11,4069
15,4070
6,4071
6,4072
1,4073
16,4074
20,4075
31,4076
16,4077
20,4078
16,4079
1,4080
16,4081
16,4082
31,4083
16,4084
20,4085
1,4086
20,4087
20,4088
31,4089
20,4090
20,4091
16,4092
20,4093
14,4094
14,4095
16,4096
20,4097
14,4098
20,4099
16,4100
20,4101
14,4102
31,4103
14,4104
14,4105
1,4106
14,4107
1,4108
4,4109
2,4110
4,4111
19,4112
4,4113
19,4114
4,4115
0,4116
0,4117
4,4118
0,4119
4,4120
2,4121
4,4122
4,4123
0,4124
39,4125
0,4126
19,4127
4,4128
0,4129
2,4130
4,4131
2,4132
2,4133
4,4134
2,4135
39,4136
0,4137
0,4138
0,4139
39,4140
19,4141
4,4142
39,4143
39,4144
0,4145
39,4146
4,4147
4,4148
39,4149
2,4150
4,4151
4,4152
2,4153
19,4154
32,4155
8,4156
29,4157
32,4158
23,4159
28,4160
23,4161
28,4162
28,4163
35,4164
26,4165
28,4166
26,4167
25,4168
5,4169
26,4170
35,4171
26,4172
28,4173
28,4174
35,4175
26,4176
28,4177
26,4178
23,4179
5,4180
26,4181
23,4182
23,4183
26,4184
25,4185
28,4186
35,4187
5,4188
5,4189
25,4190
35,4191
5,4192
25,4193
28,4194
5,4195
28,4196
28,4197
26,4198
23,4199
35,4200
23,4201
5,4202
23,4203
5,4204
25,4205
23,4206
35,4207
23,4208
35,4209
26,4210
26,4211
23,4212
25,4213
9,4214
9,4215
30,4216
30,4217
12,4218
33,4219
7,4220
7,4221
7,4222
7,4223
18,4224
37,4225
34,4226
37,4227
37,4228
37,4229
34,4230
37,4231
33,4232
7,4233
7,4234
33,4235
33,4236
18,4237
7,4238
18,4239
33,4240
7,4241
37,4242
7,4243
33,4244
37,4245
18,4246
34,4247
33,4248
18,4249
37,4250
37,4251
33,4252
7,4253
22,4254
22,4255
24,4256
22,4257
3,4258
38,4259
13,4260
38,4261
3,4262
13,4263
13,4264
3,4265
3,4266
10,4267
3,4268
10,4269
11,4270
13,4271
13,4272
38,4273
3,4274
10,4275
3,4276
11,4277
38,4278
11,4279
10,4280
10,4281
38,4282
10,4283
3,4284
11,4285
3,4286
13,4287
11,4288
13,4289
38,4290
11,4291
3,4292
38,4293
3,4294
3,4295
13,4296
3,4297
3,4298
10,4299
38,4300
38,4301
11,4302
15,4303
15,4304
17,4305
17,4306
15,4307
17,4308
15,4309
6,4310
17,4311
17,4312
15,4313
17,4314
15,4315
15,4316
15,4317
15,4318
17,4319
15,4320
15,4321
6,4322
1,4323
14,4324
16,4325
31,4326
1,4327
16,4328
1,4329
31,4330
20,4331
16,4332
20,4333
16,4334
20,4335
20,4336
16,4337
14,4338
1,4339
16,4340
1,4341
20,4342
20,4343
14,4344
16,4345
31,4346
14,4347
16,4348
31,4349
20,4350
14,4351
16,4352
16,4353
31,4354
31,4355
14,4356
1,4357
14,4358
1,4359
20,4360
20,4361
14,4362
1,4363
31,4364
14,4365
14,4366
14,4367
20,4368
16,4369
1,4370
4,4371
19,4372
19,4373
4,4374
19,4375
2,4376
4,4377
39,4378
4,4379
19,4380
2,4381
19,4382
0,4383
4,4384
2,4385
19,4386
4,4387
4,4388
4,4389
39,4390
4,4391
2,4392
4,4393
4,4394
4,4395
2,4396
39,4397
19,4398
19,4399
19,4400
4,4401
4,4402
39,4403
4,4404
2,4405
39,4406
39,4407
0,4408
39,4409
2,4410
39,4411
0,4412
2,4413
4,4414
0,4415
2,4416
19,4417
4,4418
2,4419
0,4420
0,4421
39,4422
0,4423
39,4424
4,4425
2,4426
19,4427
0,4428
0,4429
19,4430
19,4431
19,4432
0,4433
19,4434
32,4435
29,4436
8,4437
32,4438
36,4439
29,4440
8,4441
21,4442
29,4443
27,4444
29,4445
27,4446
27,4447
21,4448
8,4449
27,4450
8,4451
36,4452
8,4453
36,4454
32,4455
23,4456
23,4457
23,4458
35,4459
28,4460
35,4461
23,4462
23,4463
28,4464
28,4465
5,4466
26,4467
25,4468
9,4469
9,4470
9,4471
30,4472
9,4473
9,4474
9,4475
30,4476
12,4477
12,4478
12,4479
33,4480
7,4481
7,4482
33,4483
34,4484
18,4485
37,4486
37,4487
7,4488
33,4489
33,4490
18,4491
33,4492
33,4493
34,4494
37,4495
33,4496
33,4497
34,4498
34,4499
37,4500
37,4501
7,4502
18,4503
7,4504
22,4505
22,4506
22,4507
22,4508
24,4509
24,4510
24,4511
22,4512
3,4513
10,4514
38,4515
3,4516
38,4517
38,4518
3,4519
10,4520
10,4521
10,4522
11,4523
3,4524
3,4525
10,4526
38,4527
3,4528
11,4529
38,4530
11,4531
38,4532
3,4533
10,4534
11,4535
13,4536
13,4537
38,4538
3,4539
38,4540
38,4541
38,4542
3,4543
13,4544
10,4545
3,4546
10,4547
38,4548
13,4549
13,4550
10,4551
3,4552
38,4553
11,4554
38,4555
10,4556
38,4557
13,4558
13,4559
38,4560
3,4561
13,4562
38,4563
10,4564
10,4565
38,4566
38,4567
13,4568
3,4569
11,4570
13,4571
10,4572
38,4573
3,4574
38,4575
38,4576
3,4577
11,4578
11,4579
15,4580
15,4581
17,4582
6,4583
1,4584
4,4585
19,4586
19,4587
2,4588
4,4589
39,4590
4,4591
4,4592
2,4593
4,4594
2,4595
2,4596
2,4597
19,4598
39,4599
0,4600
2,4601
39,4602
39,4603
19,4604
0,4605
0,4606
2,4607
4,4608
4,4609
0,4610
0,4611
4,4612
19,4613
2,4614
0,4615
4,4616
19,4617
0,4618
0,4619
39,4620
4,4621
4,4622
39,4623
39,4624
2,4625
39,4626
4,4627
2,4628
4,4629
19,4630
39,4631
2,4632
4,4633
2,4634
2,4635
19,4636
39,4637
4,4638
0,4639
39,4640
2,4641
4,4642
0,4643
4,4644
39,4645
39,4646
39,4647
39,4648
0,4649
19,4650
32,4651
23,4652
25,4653
26,4654
25,4655
23,4656
26,4657
25,4658
23,4659
5,4660
28,4661
5,4662
28,4663
28,4664
5,4665
23,4666
28,4667
35,4668
35,4669
26,4670
26,4671
25,4672
25,4673
28,4674
26,4675
23,4676
5,4677
35,4678
23,4679
5,4680
35,4681
26,4682
28,4683
23,4684
28,4685
5,4686
28,4687
23,4688
25,4689
28,4690
23,4691
5,4692
28,4693
23,4694
25,4695
5,4696
28,4697
35,4698
25,4699
9,4700
9,4701
30,4702
30,4703
12,4704
33,4705
33,4706
18,4707
34,4708
18,4709
7,4710
33,4711
37,4712
33,4713
33,4714
7,4715
37,4716
18,4717
7,4718
18,4719
33,4720
33,4721
18,4722
37,4723
33,4724
33,4725
37,4726
7,4727
7,4728
33,4729
34,4730
37,4731
37,4732
18,4733
7,4734
37,4735
37,4736
33,4737
18,4738
7,4739
7,4740
37,4741
34,4742
37,4743
7,4744
37,4745
37,4746
34,4747
33,4748
33,4749
34,4750
37,4751
33,4752
7,4753
34,4754
18,4755
33,4756
34,4757
7,4758
37,4759
33,4760
7,4761
18,4762
7,4763
37,4764
37,4765
34,4766
7,4767
34,4768
37,4769
34,4770
37,4771
33,4772
37,4773
18,4774
18,4775
37,4776
33,4777
33,4778
33,4779
33,4780
18,4781
33,4782
7,4783
37,4784
34,4785
18,4786
7,4787
7,4788
7,4789
34,4790
34,4791
34,4792
34,4793
33,4794
34,4795
34,4796
33,4797
33,4798
34,4799
34,4800
7,4801
22,4802
22,4803
22,4804
22,4805
22,4806
3,4807
38,4808
38,4809
11,4810
11,4811
38,4812
3,4813
13,4814
11,4815
15,4816
15,4817
6,4818
6,4819
1,4820
14,4821
16,4822
14,4823
31,4824
14,4825
16,4826
31,4827
31,4828
14,4829
1,4830
16,4831
14,4832
14,4833
31,4834
16,4835
14,4836
14,4837
1,4838
31,4839
20,4840
16,4841
14,4842
20,4843
31,4844
16,4845
20,4846
31,4847
31,4848
1,4849
20,4850
14,4851
14,4852
31,4853
16,4854
14,4855
1,4856
20,4857
1,4858
16,4859
14,4860
14,4861
14,4862
16,4863
1,4864
31,4865
1,4866
31,4867
16,4868
31,4869
16,4870
16,4871
20,4872
1,4873
16,4874
20,4875
20,4876
31,4877
1,4878
16,4879
20,4880
31,4881
16,4882
16,4883
31,4884
14,4885
16,4886
16,4887
31,4888
20,4889
1,4890
20,4891
20,4892
16,4893
20,4894
1,4895
31,4896
20,4897
14,4898
14,4899
31,4900
16,4901
20,4902
20,4903
20,4904
31,4905
14,4906
16,4907
16,4908
1,4909
20,4910
14,4911
20,4912
14,4913
1,4914
1,4915
4,4916
2,4917
2,4918
2,4919
0,4920
2,4921
2,4922
39,4923
2,4924
39,4925
2,4926
2,4927
39,4928
4,4929
4,4930
4,4931
19,4932
32,4933
8,4934
8,4935
29,4936
29,4937
21,4938
27,4939
32,4940
36,4941
27,4942
8,4943
32,4944
32,4945
27,4946
36,4947
29,4948
8,4949
27,4950
29,4951
36,4952
8,4953
32,4954
21,4955
21,4956
36,4957
36,4958
27,4959
8,4960
29,4961
36,4962
29,4963
8,4964
36,4965
32,4966
27,4967
32,4968
23,4969
23,4970
5,4971
5,4972
26,4973
28,4974
23,4975
23,4976
25,4977
23,4978
5,4979
23,4980
28,4981
5,4982
23,4983
25,4984
28,4985
23,4986
35,4987
35,4988
35,4989
23,4990
5,4991
26,4992
5,4993
28,4994
26,4995
25,4996
26,4997
35,4998
25,4999
5,5000
5,5001
5,5002
5,5003
35,5004
28,5005
25,5006
9,5007
9,5008
30,5009
9,5010
9,5011
9,5012
30,5013
30,5014
9,5015
9,5016
9,5017
30,5018
12,5019
12,5020
33,5021
34,5022
34,5023
33,5024
33,5025
34,5026
33,5027
7,5028
33,5029
18,5030
34,5031
7,5032
37,5033
33,5034
37,5035
18,5036
33,5037
18,5038
37,5039
7,5040
18,5041
33,5042
34,5043
18,5044
33,5045
34,5046
33,5047
33,5048
18,5049
7,5050
18,5051
33,5052
33,5053
7,5054
18,5055
37,5056
37,5057
33,5058
37,5059
7,5060
34,5061
37,5062
18,5063
18,5064
7,5065
22,5066
22,5067
3,5068
10,5069
3,5070
13,5071
10,5072
11,5073
15,5074
15,5075
15,5076
15,5077
6,5078
15,5079
17,5080
17,5081
15,5082
15,5083
17,5084
6,5085
6,5086
17,5087
17,5088
6,5089
1,5090
1,5091
4,5092
2,5093
2,5094
39,5095
0,5096
0,5097
39,5098
2,5099
0,5100
2,5101
0,5102
4,5103
0,5104
19,5105
2,5106
19,5107
4,5108
0,5109
2,5110
4,5111
39,5112
0,5113
4,5114
39,5115
39,5116
4,5117
0,5118
4,5119
19,5120
4,5121
0,5122
39,5123
2,5124
39,5125
2,5126
39,5127
2,5128
0,5129
39,5130
0,5131
19,5132
0,5133
19,5134
4,5135
39,5136
39,5137
0,5138
4,5139
39,5140
39,5141
39,5142
19,5143
2,5144
39,5145
0,5146
2,5147
0,5148
2,5149
19,5150
32,5151
36,5152
8,5153
8,5154
29,5155
8,5156
21,5157
27,5158
27,5159
32,5160
36,5161
29,5162
32,5163
21,5164
29,5165
32,5166
8,5167
32,5168
21,5169
36,5170
27,5171
8,5172
36,5173
8,5174
29,5175
36,5176
21,5177
21,5178
21,5179
27,5180
32,5181
32,5182
8,5183
8,5184
36,5185
32,5186
8,5187
29,5188
27,5189
21,5190
32,5191
36,5192
21,5193
27,5194
27,5195
36,5196
21,5197
36,5198
21,5199
8,5200
32,5201
29,5202
21,5203
36,5204
8,5205
36,5206
36,5207
21,5208
21,5209
27,5210
29,5211
21,5212
8,5213
36,5214
8,5215
32,5216
36,5217
32,5218
21,5219
8,5220
21,5221
27,5222
8,5223
36,5224
27,5225
8,5226
36,5227
21,5228
21,5229
29,5230
8,5231
32,5232
21,5233
32,5234
27,5235
21,5236
27,5237
21,5238
29,5239
32,5240
29,5241
29,5242
32,5243
23,5244
5,5245
25,5246
5,5247
23,5248
35,5249
26,5250
5,5251
25,5252
25,5253
26,5254
35,5255
5,5256
25,5257
26,5258
23,5259
28,5260
26,5261
26,5262
25,5263
35,5264
23,5265
26,5266
25,5267
25,5268
5,5269
35,5270
26,5271
35,5272
35,5273
28,5274
28,5275
23,5276
25,5277
26,5278
5,5279
25,5280
25,5281
25,5282
26,5283
23,5284
25,5285
28,5286
28,5287
28,5288
25,5289
9,5290
9,5291
30,5292
9,5293
30,5294
9,5295
9,5296
30,5297
9,5298
30,5299
9,5300
9,5301
9,5302
30,5303
12,5304
12,5305
12,5306
33,5307
37,5308
37,5309
37,5310
7,5311
34,5312
34,5313
34,5314
34,5315
34,5316
18,5317
33,5318
18,5319
37,5320
37,5321
18,5322
34,5323
7,5324
7,5325
37,5326
34,5327
34,5328
34,5329
34,5330
7,5331
22,5332
24,5333
24,5334
24,5335
22,5336
22,5337
22,5338
22,5339
24,5340
22,5341
22,5342
24,5343
22,5344
22,5345
3,5346
11,5347
13,5348
11,5349
10,5350
3,5351
3,5352
38,5353
11,5354
13,5355
11,5356
15,5357
17,5358
6,5359
6,5360
1,5361
1,5362
1,5363
20,5364
16,5365
16,5366
14,5367
16,5368
1,5369
4,5370
19,5371
39,5372
2,5373
0,5374
0,5375
19,5376
19,5377
32,5378
23,5379
23,5380
25,5381
26,5382
25,5383
26,5384
28,5385
26,5386
25,5387
9,5388
9,5389
30,5390
9,5391
9,5392
9,5393
30,5394
30,5395
12,5396
33,5397
33,5398
37,5399
37,5400
33,5401
18,5402
37,5403
34,5404
7,5405
33,5406
33,5407
34,5408
33,5409
33,5410
7,5411
18,5412
34,5413
33,5414
37,5415
34,5416
7,5417
37,5418
7,5419
18,5420
33,5421
7,5422
34,5423
18,5424
33,5425
33,5426
33,5427
33,5428
37,5429
7,5430
37,5431
18,5432
34,5433
18,5434
18,5435
34,5436
33,5437
18,5438
37,5439
18,5440
18,5441
37,5442
7,5443
34,5444
7,5445
37,5446
37,5447
34,5448
33,5449
33,5450
33,5451
18,5452
34,5453
34,5454
34,5455
18,5456
33,5457
7,5458
22,5459
22,5460
22,5461
22,5462
3,5463
38,5464
13,5465
11,5466
15,5467
6,5468
6,5469
1,5470
14,5471
16,5472
16,5473
31,5474
16,5475
31,5476
14,5477
31,5478
20,5479
31,5480
14,5481
31,5482
31,5483
31,5484
1,5485
16,5486
16,5487
20,5488
31,5489
20,5490
14,5491
1,5492
31,5493
1,5494
31,5495
20,5496
16,5497
31,5498
31,5499
16,5500
1,5501
20,5502
1,5503
20,5504
16,5505
31,5506
14,5507
20,5508
20,5509
14,5510
20,5511
14,5512
14,5513
1,5514
31,5515
16,5516
16,5517
20,5518
20,5519
1,5520
4,5521
39,5522
39,5523
0,5524
39,5525
4,5526
0,5527
2,5528
19,5529
39,5530
4,5531
19,5532
0,5533
19,5534
19,5535
2,5536
39,5537
39,5538
19,5539
32,5540
36,5541
27,5542
36,5543
36,5544
29,5545
27,5546
36,5547
36,5548
8,5549
8,5550
29,5551
21,5552
8,5553
27,5554
8,5555
27,5556
21,5557
8,5558
29,5559
32,5560
36,5561
29,5562
29,5563
8,5564
32,5565
32,5566
32,5567
27,5568
36,5569
21,5570
36,5571
27,5572
8,5573
36,5574
29,5575
8,5576
27,5577
8,5578
21,5579
29,5580
21,5581
29,5582
32,5583
27,5584
8,5585
32,5586
29,5587
36,5588
29,5589
8,5590
27,5591
8,5592
8,5593
29,5594
32,5595
29,5596
21,5597
36,5598
27,5599
32,5600
21,5601
8,5602
36,5603
27,5604
32,5605
23,5606
5,5607
25,5608
25,5609
25,5610
9,5611
9,5612
30,5613
30,5614
12,5615
12,5616
12,5617
33,5618
18,5619
18,5620
34,5621
33,5622
33,5623
34,5624
37,5625
37,5626
33,5627
37,5628
18,5629
33,5630
7,5631
22,5632
3,5633
10,5634
11,5635
38,5636
38,5637
38,5638
10,5639
11,5640
10,5641
3,5642
38,5643
3,5644
11,5645
13,5646
11,5647
11,5648
10,5649
10,5650
10,5651
10,5652
11,5653
10,5654
11,5655
15,5656
17,5657
17,5658
15,5659
6,5660
17,5661
15,5662
17,5663
17,5664
15,5665
17,5666
15,5667
17,5668
15,5669
6,5670
6,5671
1,5672
1,5673
31,5674
20,5675
20,5676
20,5677
20,5678
20,5679
20,5680
14,5681
16,5682
14,5683
20,5684
20,5685
1,5686
20,5687
14,5688
20,5689
20,5690
1,5691
14,5692
20,5693
16,5694
31,5695
1,5696
20,5697
31,5698
16,5699
20,5700
1,5701
20,5702
31,5703
20,5704
1,5705
31,5706
1,5707
16,5708
14,5709
31,5710
14,5711
14,5712
31,5713
31,5714
16,5715
31,5716
20,5717
31,5718
16,5719
14,5720
16,5721
20,5722
1,5723
31,5724
14,5725
1,5726
1,5727
16,5728
1,5729
16,5730
20,5731
31,5732
1,5733
31,5734
31,5735
16,5736
20,5737
16,5738
20,5739
1,5740
14,5741
31,5742
1,5743
1,5744
20,5745
31,5746
20,5747
16,5748
31,5749
20,5750
1,5751
16,5752
1,5753
16,5754
14,5755
20,5756
31,5757
16,5758
31,5759
16,5760
31,5761
20,5762
31,5763
14,5764
1,5765
1,5766
4,5767
4,5768
39,5769
4,5770
39,5771
0,5772
39,5773
0,5774
39,5775
39,5776
4,5777
19,5778
4,5779
19,5780
39,5781
0,5782
0,5783
19,5784
39,5785
4,5786
4,5787
2,5788
2,5789
4,5790
2,5791
2,5792
19,5793
4,5794
2,5795
39,5796
19,5797
32,5798
36,5799
8,5800
36,5801
32,5802
29,5803
8,5804
21,5805
32,5806
23,5807
35,5808
26,5809
28,5810
26,5811
28,5812
28,5813
25,5814
9,5815
30,5816
9,5817
9,5818
30,5819
30,5820
9,5821
9,5822
9,5823
9,5824
30,5825
12,5826
12,5827
33,5828
33,5829
18,5830
7,5831
18,5832
33,5833
34,5834
33,5835
37,5836
34,5837
7,5838
7,5839
22,5840
22,5841
22,5842
3,5843
3,5844
3,5845
13,5846
3,5847
3,5848
38,5849
38,5850
3,5851
10,5852
11,5853
3,5854
10,5855
3,5856
10,5857
11,5858
11,5859
38,5860
13,5861
3,5862
10,5863
38,5864
3,5865
3,5866
3,5867
38,5868
13,5869
38,5870
38,5871
13,5872
13,5873
10,5874
11,5875
10,5876
3,5877
10,5878
38,5879
13,5880
11,5881
10,5882
13,5883
10,5884
3,5885
3,5886
10,5887
10,5888
13,5889
11,5890
10,5891
10,5892
11,5893
10,5894
11,5895
3,5896
11,5897
15,5898
17,5899
6,5900
15,5901
15,5902
15,5903
15,5904
15,5905
15,5906
17,5907
15,5908
6,5909
15,5910
17,5911
17,5912
17,5913
15,5914
15,5915
6,5916
15,5917
6,5918
1,5919
31,5920
1,5921
14,5922
14,5923
14,5924
16,5925
31,5926
16,5927
14,5928
20,5929
16,5930
31,5931
31,5932
20,5933
16,5934
14,5935
31,5936
1,5937
31,5938
16,5939
16,5940
31,5941
31,5942
14,5943
16,5944
20,5945
31,5946
14,5947
14,5948
16,5949
31,5950
31,5951
20,5952
16,5953
20,5954
14,5955
14,5956
16,5957
14,5958
14,5959
1,5960
4,5961
2,5962
2,5963
39,5964
0,5965
2,5966
0,5967
39,5968
4,5969
39,5970
4,5971
39,5972
4,5973
19,5974
2,5975
39,5976
0,5977
2,5978
19,5979
39,5980
2,5981
19,5982
39,5983
39,5984
2,5985
2,5986
39,5987
2,5988
0,5989
0,5990
19,5991
0,5992
2,5993
4,5994
2,5995
39,5996
19,5997
0,5998
4,5999
19,6000
2,6001
2,6002
4,6003
2,6004
2,6005
4,6006
39,6007
0,6008
39,6009
4,6010
39,6011
2,6012
0,6013
0,6014
0,6015
19,6016
19,6017
0,6018
19,6019
0,6020
19,6021
2,6022
4,6023
4,6024
0,6025
19,6026
32,6027
29,6028
32,6029
8,6030
29,6031
29,6032
21,6033
21,6034
27,6035
27,6036
21,6037
8,6038
36,6039
36,6040
21,6041
8,6042
36,6043
21,6044
8,6045
32,6046
23,6047
35,6048
23,6049
26,6050
28,6051
35,6052
28,6053
35,6054
35,6055
26,6056
35,6057
5,6058
25,6059
9,6060
9,6061
30,6062
12,6063
12,6064
33,6065
7,6066
34,6067
34,6068
34,6069
18,6070
18,6071
37,6072
7,6073
7,6074
33,6075
18,6076
18,6077
7,6078
22,6079
3,6080
11,6081
10,6082
11,6083
38,6084
10,6085
13,6086
3,6087
11,6088
11,6089
10,6090
10,6091
3,6092
3,6093
13,6094
11,6095
13,6096
3,6097
11,6098
3,6099
10,6100
38,6101
13,6102
38,6103
38,6104
10,6105
3,6106
13,6107
38,6108
11,6109
11,6110
13,6111
3,6112
3,6113
13,6114
3,6115
11,6116
10,6117
11,6118
10,6119
13,6120
10,6121
11,6122
11,6123
11,6124
13,6125
13,6126
13,6127
10,6128
10,6129
3,6130
11,6131
11,6132
13,6133
3,6134
38,6135
10,6136
3,6137
3,6138
10,6139
3,6140
11,6141
11,6142
15,6143
17,6144
15,6145
15,6146
15,6147
15,6148
17,6149
6,6150
1,6151
31,6152
16,6153
31,6154
16,6155
16,6156
1,6157
1,6158
1,6159
31,6160
20,6161
16,6162
20,6163
31,6164
31,6165
20,6166
20,6167
14,6168
16,6169
16,6170
31,6171
31,6172
14,6173
20,6174
1,6175
16,6176
31,6177
31,6178
1,6179
14,6180
20,6181
1,6182
14,6183
31,6184
1,6185
1,6186
14,6187
20,6188
31,6189
14,6190
31,6191
1,6192
16,6193
14,6194
1,6195
31,6196
1,6197
4,6198
0,6199
19,6200
4,6201
19,6202
39,6203
4,6204
2,6205
39,6206
0,6207
39,6208
4,6209
39,6210
2,6211
39,6212
0,6213
19,6214
2,6215
0,6216
0,6217
2,6218
2,6219
2,6220
2,6221
0,6222
39,6223
39,6224
2,6225
2,6226
19,6227
2,6228
19,6229
2,6230
4,6231
4,6232
4,6233
2,6234
4,6235
0,6236
0,6237
19,6238
32,6239
29,6240
21,6241
32,6242
36,6243
36,6244
21,6245
21,6246
29,6247
29,6248
29,6249
27,6250
29,6251
29,6252
21,6253
36,6254
36,6255
36,6256
8,6257
36,6258
21,6259
32,6260
27,6261
27,6262
29,6263
27,6264
29,6265
21,6266
29,6267
8,6268
27,6269
32,6270
8,6271
32,6272
21,6273
27,6274
32,6275
29,6276
8,6277
21,6278
21,6279
8,6280
27,6281
21,6282
27,6283
8,6284
32,6285
32,6286
23,6287
26,6288
23,6289
26,6290
25,6291
35,6292
26,6293
26,6294
5,6295
26,6296
5,6297
23,6298
25,6299
23,6300
25,6301
28,6302
35,6303
26,6304
23,6305
23,6306
28,6307
28,6308
35,6309
28,6310
23,6311
23,6312
5,6313
5,6314
5,6315
28,6316
28,6317
25,6318
9,6319
30,6320
12,6321
33,6322
37,6323
37,6324
37,6325
34,6326
37,6327
18,6328
33,6329
33,6330
18,6331
34,6332
34,6333
34,6334
18,6335
33,6336
7,6337
22,6338
24,6339
22,6340
22,6341
3,6342
3,6343
11,6344
15,6345
17,6346
6,6347
6,6348
1,6349
14,6350
1,6351
16,6352
16,6353
31,6354
31,6355
14,6356
31,6357
1,6358
31,6359
14,6360
14,6361
16,6362
14,6363
31,6364
16,6365
16,6366
31,6367
20,6368
16,6369
31,6370
14,6371
31,6372
20,6373
16,6374
16,6375
1,6376
31,6377
14,6378
16,6379
16,6380
1,6381
14,6382
20,6383
16,6384
14,6385
31,6386
14,6387
14,6388
31,6389
31,6390
31,6391
20,6392
20,6393
1,6394
31,6395
14,6396
20,6397
1,6398
20,6399
31,6400
20,6401
20,6402
1,6403
1,6404
1,6405
16,6406
1,6407
1,6408
4,6409
39,6410
2,6411
39,6412
4,6413
0,6414
4,6415
0,6416
4,6417
2,6418
2,6419
19,6420
2,6421
4,6422
39,6423
0,6424
2,6425
4,6426
19,6427
32,6428
27,6429
32,6430
27,6431
36,6432
8,6433
27,6434
8,6435
8,6436
8,6437
29,6438
8,6439
21,6440
8,6441
8,6442
32,6443
21,6444
21,6445
32,6446
29,6447
8,6448
8,6449
21,6450
32,6451
21,6452
36,6453
21,6454
36,6455
29,6456
21,6457
21,6458
32,6459
21,6460
27,6461
32,6462
8,6463
29,6464
36,6465
29,6466
32,6467
21,6468
36,6469
36,6470
36,6471
8,6472
21,6473
27,6474
27,6475
8,6476
27,6477
8,6478
36,6479
8,6480
32,6481
32,6482
27,6483
27,6484
32,6485
23,6486
23,6487
5,6488
26,6489
28,6490
26,6491
5,6492
35,6493
35,6494
28,6495
26,6496
5,6497
28,6498
26,6499
25,6500
25,6501
28,6502
26,6503
25,6504
25,6505
9,6506
30,6507
30,6508
9,6509
30,6510
30,6511
30,6512
9,6513
30,6514
30,6515
30,6516
9,6517
30,6518
30,6519
30,6520
30,6521
12,6522
12,6523
33,6524
18,6525
33,6526
33,6527
7,6528
22,6529
22,6530
22,6531
24,6532
24,6533
24,6534
22,6535
3,6536
13,6537
3,6538
13,6539
3,6540
11,6541
11,6542
15,6543
17,6544
6,6545
15,6546
6,6547
6,6548
17,6549
17,6550
17,6551
6,6552
15,6553
6,6554
6,6555
1,6556
14,6557
16,6558
20,6559
14,6560
31,6561
14,6562
14,6563
16,6564
20,6565
16,6566
1,6567
20,6568
16,6569
20,6570
14,6571
1,6572
31,6573
31,6574
14,6575
20,6576
31,6577
31,6578
20,6579
31,6580
1,6581
1,6582
16,6583
16,6584
16,6585
16,6586
16,6587
16,6588
31,6589
16,6590
1,6591
16,6592
14,6593
1,6594
14,6595
16,6596
31,6597
16,6598
31,6599
14,6600
1,6601
1,6602
31,6603
20,6604
16,6605
31,6606
31,6607
16,6608
31,6609
20,6610
20,6611
31,6612
31,6613
1,6614
14,6615
16,6616
20,6617
16,6618
31,6619
1,6620
16,6621
16,6622
14,6623
16,6624
16,6625
31,6626
20,6627
20,6628
14,6629
31,6630
1,6631
20,6632
1,6633
16,6634
14,6635
20,6636
16,6637
1,6638
20,6639
1,6640
1,6641
14,6642
16,6643
16,6644
16,6645
20,6646
16,6647
20,6648
16,6649
16,6650
20,6651
20,6652
1,6653
20,6654
20,6655
1,6656
16,6657
1,6658
14,6659
16,6660
14,6661
16,6662
16,6663
20,6664
14,6665
1,6666
16,6667
14,6668
1,6669
31,6670
16,6671
20,6672
14,6673
1,6674
4,6675
39,6676
39,6677
19,6678
19,6679
32,6680
32,6681
21,6682
8,6683
8,6684
8,6685
8,6686
29,6687
36,6688
27,6689
36,6690
29,6691
32,6692
23,6693
5,6694
5,6695
5,6696
26,6697
26,6698
25,6699
25,6700
5,6701
5,6702
25,6703
23,6704
25,6705
26,6706
23,6707
23,6708
23,6709
35,6710
35,6711
28,6712
25,6713
25,6714
25,6715
9,6716
9,6717
9,6718
9,6719
30,6720
30,6721
12,6722
12,6723
33,6724
18,6725
33,6726
18,6727
34,6728
33,6729
37,6730
18,6731
7,6732
34,6733
34,6734
7,6735
34,6736
7,6737
7,6738
33,6739
18,6740
33,6741
34,6742
18,6743
34,6744
33,6745
18,6746
7,6747
22,6748
3,6749
3,6750
11,6751
11,6752
10,6753
13,6754
10,6755
10,6756
38,6757
13,6758
38,6759
3,6760
11,6761
11,6762
3,6763
11,6764
11,6765
11,6766
11,6767
38,6768
10,6769
3,6770
10,6771
3,6772
13,6773
13,6774
11,6775
13,6776
38,6777
11,6778
38,6779
10,6780
13,6781
38,6782
11,6783
38,6784
38,6785
13,6786
11,6787
38,6788
13,6789
11,6790
15,6791
6,6792
6,6793
6,6794
17,6795
17,6796
17,6797
6,6798
1,6799
31,6800
20,6801
31,6802
14,6803
16,6804
1,6805
16,6806
1,6807
31,6808
14,6809
1,6810
1,6811
1,6812
31,6813
31,6814
1,6815
31,6816
20,6817
16,6818
1,6819
4,6820
4,6821
39,6822
39,6823
39,6824
4,6825
0,6826
2,6827
19,6828
32,6829
8,6830
32,6831
21,6832
8,6833
8,6834
21,6835
29,6836
29,6837
8,6838
21,6839
8,6840
36,6841
32,6842
21,6843
32,6844
27,6845
27,6846
21,6847
21,6848
21,6849
8,6850
36,6851
29,6852
21,6853
29,6854
21,6855
27,6856
21,6857
21,6858
8,6859
36,6860
21,6861
29,6862
29,6863
32,6864
23,6865
5,6866
28,6867
35,6868
28,6869
23,6870
5,6871
23,6872
26,6873
28,6874
25,6875
35,6876
23,6877
23,6878
23,6879
35,6880
26,6881
5,6882
26,6883
23,6884
25,6885
9,6886
30,6887
12,6888
33,6889
33,6890
33,6891
34,6892
34,6893
34,6894
7,6895
34,6896
33,6897
18,6898
33,6899
18,6900
37,6901
33,6902
18,6903
37,6904
7,6905
18,6906
7,6907
37,6908
37,6909
37,6910
37,6911
7,6912
22,6913
3,6914
13,6915
10,6916
3,6917
3,6918
10,6919
11,6920
13,6921
3,6922
13,6923
11,6924
15,6925
15,6926
15,6927
6,6928
6,6929
6,6930
1,6931
14,6932
14,6933
1,6934
16,6935
31,6936
1,6937
31,6938
1,6939
16,6940
1,6941
16,6942
31,6943
20,6944
1,6945
31,6946
16,6947
20,6948
16,6949
14,6950
14,6951
31,6952
31,6953
1,6954
31,6955
1,6956
14,6957
1,6958
1,6959
14,6960
1,6961
31,6962
31,6963
31,6964
14,6965
31,6966
1,6967
14,6968
31,6969
16,6970
14,6971
1,6972
1,6973
31,6974
31,6975
20,6976
31,6977
20,6978
16,6979
31,6980
31,6981
31,6982
14,6983
20,6984
16,6985
1,6986
1,6987
20,6988
16,6989
1,6990
16,6991
31,6992
14,6993
14,6994
20,6995
1,6996
14,6997
31,6998
1,6999
14,7000
31,7001
16,7002
20,7003
1,7004
14,7005
1,7006
1,7007
4,7008
2,7009
4,7010
2,7011
39,7012
39,7013
4,7014
2,7015
4,7016
39,7017
4,7018
0,7019
4,7020
4,7021
2,7022
0,7023
4,7024
19,7025
4,7026
0,7027
2,7028
4,7029
4,7030
19,7031
39,7032
39,7033
4,7034
4,7035
19,7036
0,7037
39,7038
4,7039
0,7040
19,7041
39,7042
19,7043
32,7044
21,7045
29,7046
29,7047
32,7048
21,7049
32,7050
8,7051
32,7052
29,7053
36,7054
21,7055
27,7056
29,7057
36,7058
32,7059
32,7060
27,7061
36,7062
8,7063
29,7064
21,7065
29,7066
36,7067
29,7068
27,7069
8,7070
36,7071
27,7072
8,7073
32,7074
36,7075
27,7076
32,7077
27,7078
32,7079
23,7080
25,7081
25,7082
26,7083
23,7084
28,7085
26,7086
25,7087
23,7088
25,7089
9,7090
30,7091
9,7092
9,7093
30,7094
12,7095
12,7096
33,7097
37,7098
33,7099
34,7100
34,7101
7,7102
22,7103
22,7104
24,7105
22,7106
3,7107
13,7108
38,7109
11,7110
38,7111
3,7112
10,7113
10,7114
11,7115
10,7116
38,7117
11,7118
13,7119
3,7120
3,7121
10,7122
38,7123
11,7124
15,7125
15,7126
17,7127
15,7128
15,7129
15,7130
17,7131
17,7132
6,7133
1,7134
14,7135
31,7136
1,7137
4,7138
39,7139
0,7140
2,7141
0,7142
2,7143
19,7144
32,7145
21,7146
36,7147
27,7148
36,7149
21,7150
32,7151
21,7152
36,7153
32,7154
23,7155
26,7156
25,7157
9,7158
9,7159
30,7160
9,7161
9,7162
30,7163
9,7164
9,7165
9,7166
30,7167
30,7168
30,7169
9,7170
30,7171
12,7172
12,7173
12,7174
12,7175
12,7176
33,7177
33,7178
7,7179
37,7180
18,7181
7,7182
37,7183
18,7184
18,7185
37,7186
18,7187
7,7188
18,7189
18,7190
33,7191
37,7192
34,7193
34,7194
18,7195
37,7196
33,7197
7,7198
18,7199
18,7200
18,7201
34,7202
7,7203
37,7204
37,7205
7,7206
34,7207
18,7208
7,7209
37,7210
34,7211
37,7212
18,7213
7,7214
7,7215
33,7216
37,7217
34,7218
37,7219
7,7220
33,7221
33,7222
34,7223
34,7224
34,7225
37,7226
33,7227
18,7228
37,7229
37,7230
34,7231
7,7232
33,7233
33,7234
33,7235
18,7236
34,7237
37,7238
33,7239
37,7240
7,7241
7,7242
22,7243
24,7244
22,7245
22,7246
24,7247
22,7248
3,7249
3,7250
13,7251
10,7252
10,7253
10,7254
11,7255
11,7256
3,7257
10,7258
11,7259
10,7260
38,7261
3,7262
10,7263
10,7264
11,7265
15,7266
6,7267
6,7268
6,7269
17,7270
6,7271
1,7272
31,7273
16,7274
14,7275
16,7276
31,7277
31,7278
16,7279
31,7280
14,7281
20,7282
1,7283
16,7284
14,7285
20,7286
31,7287
1,7288
1,7289
1,7290
16,7291
16,7292
20,7293
31,7294
14,7295
14,7296
16,7297
20,7298
16,7299
31,7300
16,7301
31,7302
16,7303
16,7304
1,7305
4,7306
2,7307
19,7308
4,7309
2,7310
2,7311
4,7312
39,7313
39,7314
2,7315
19,7316
0,7317
19,7318
0,7319
39,7320
2,7321
39,7322
0,7323
2,7324
0,7325
0,7326
0,7327
19,7328
0,7329
39,7330
19,7331
4,7332
0,7333
39,7334
19,7335
32,7336
21,7337
21,7338
32,7339
8,7340
32,7341
32,7342
27,7343
8,7344
8,7345
27,7346
36,7347
21,7348
32,7349
36,7350
8,7351
8,7352
29,7353
32,7354
21,7355
21,7356
36,7357
29,7358
8,7359
36,7360
32,7361
23,7362
35,7363
35,7364
28,7365
23,7366
25,7367
26,7368
5,7369
28,7370
5,7371
28,7372
5,7373
5,7374
23,7375
5,7376
23,7377
35,7378
23,7379
35,7380
26,7381
26,7382
26,7383
26,7384
23,7385
26,7386
26,7387
35,7388
5,7389
35,7390
28,7391
5,7392
23,7393
25,7394
23,7395
28,7396
26,7397
35,7398
5,7399
23,7400
5,7401
23,7402
23,7403
26,7404
23,7405
23,7406
28,7407
5,7408
5,7409
26,7410
25,7411
25,7412
9,7413
30,7414
9,7415
30,7416
12,7417
12,7418
33,7419
18,7420
37,7421
33,7422
18,7423
7,7424
37,7425
37,7426
7,7427
37,7428
18,7429
37,7430
33,7431
34,7432
33,7433
34,7434
34,7435
37,7436
18,7437
7,7438
34,7439
18,7440
37,7441
34,7442
33,7443
33,7444
34,7445
7,7446
33,7447
33,7448
33,7449
18,7450
7,7451
22,7452
3,7453
11,7454
11,7455
11,7456
11,7457
3,7458
11,7459
3,7460
11,7461
13,7462
3,7463
10,7464
3,7465
11,7466
15,7467
17,7468
17,7469
17,7470
15,7471
15,7472
6,7473
6,7474
1,7475
20,7476
20,7477
16,7478
31,7479
20,7480
14,7481
1,7482
20,7483
16,7484
1,7485
20,7486
1,7487
4,7488
4,7489
2,7490
0,7491
2,7492
39,7493
2,7494
0,7495
39,7496
2,7497
2,7498
2,7499
19,7500
19,7501
2,7502
19,7503
32,7504
27,7505
27,7506
36,7507
8,7508
8,7509
29,7510
32,7511
29,7512
36,7513
29,7514
29,7515
21,7516
29,7517
32,7518
36,7519
8,7520
36,7521
21,7522
29,7523
32,7524
32,7525
23,7526
25,7527
35,7528
26,7529
5,7530
35,7531
25,7532
35,7533
28,7534
25,7535
9,7536
30,7537
30,7538
9,7539
30,7540
9,7541
9,7542
9,7543
9,7544
9,7545
30,7546
12,7547
12,7548
12,7549
33,7550
34,7551
33,7552
37,7553
7,7554
34,7555
18,7556
18,7557
34,7558
33,7559
33,7560
18,7561
7,7562
18,7563
33,7564
34,7565
18,7566
37,7567
18,7568
7,7569
7,7570
33,7571
33,7572
34,7573
37,7574
34,7575
33,7576
33,7577
34,7578
7,7579
37,7580
33,7581
7,7582
18,7583
37,7584
7,7585
34,7586
37,7587
7,7588
37,7589
33,7590
7,7591
37,7592
33,7593
33,7594
18,7595
18,7596
33,7597
7,7598
34,7599
7,7600
22,7601
22,7602
22,7603
24,7604
24,7605
22,7606
24,7607
24,7608
22,7609
24,7610
22,7611
24,7612
22,7613
3,7614
13,7615
3,7616
10,7617
11,7618
15,7619
15,7620
6,7621
17,7622
6,7623
6,7624
6,7625
1,7626
16,7627
31,7628
1,7629
14,7630
1,7631
14,7632
1,7633
1,7634
31,7635
20,7636
16,7637
14,7638
14,7639
20,7640
16,7641
20,7642
14,7643
1,7644
20,7645
16,7646
14,7647
14,7648
16,7649
1,7650
20,7651
16,7652
1,7653
16,7654
16,7655
31,7656
14,7657
1,7658
31,7659
16,7660
1,7661
1,7662
14,7663
31,7664
14,7665
31,7666
20,7667
1,7668
16,7669
20,7670
14,7671
1,7672
4,7673
19,7674
4,7675
4,7676
2,7677
39,7678
2,7679
4,7680
2,7681
2,7682
0,7683
2,7684
2,7685
19,7686
32,7687
21,7688
36,7689
8,7690
27,7691
29,7692
29,7693
32,7694
23,7695
28,7696
26,7697
28,7698
28,7699
23,7700
26,7701
25,7702
5,7703
35,7704
28,7705
26,7706
28,7707
23,7708
5,7709
23,7710
28,7711
26,7712
25,7713
9,7714
9,7715
30,7716
9,7717
30,7718
9,7719
9,7720
30,7721
30,7722
9,7723
30,7724
12,7725
33,7726
33,7727
33,7728
37,7729
37,7730
18,7731
18,7732
18,7733
37,7734
34,7735
33,7736
7,7737
34,7738
7,7739
34,7740
34,7741
33,7742
18,7743
18,7744
7,7745
18,7746
7,7747
18,7748
33,7749
34,7750
33,7751
37,7752
7,7753
34,7754
18,7755
33,7756
34,7757
34,7758
7,7759
37,7760
34,7761
7,7762
22,7763
3,7764
13,7765
11,7766
13,7767
10,7768
38,7769
13,7770
10,7771
11,7772
15,7773
6,7774
1,7775
16,7776
31,7777
20,7778
16,7779
14,7780
14,7781
1,7782
4,7783
4,7784
4,7785
0,7786
39,7787
39,7788
0,7789
2,7790
4,7791
4,7792
2,7793
39,7794
4,7795
0,7796
4,7797
39,7798
39,7799
2,7800
2,7801
19,7802
0,7803
19,7804
4,7805
19,7806
32,7807
29,7808
21,7809
8,7810
36,7811
27,7812
36,7813
27,7814
36,7815
32,7816
23,7817
23,7818
35,7819
28,7820
23,7821
23,7822
35,7823
26,7824
5,7825
23,7826
28,7827
23,7828
26,7829
28,7830
23,7831
26,7832
5,7833
26,7834
26,7835
28,7836
5,7837
26,7838
5,7839
26,7840
23,7841
26,7842
28,7843
23,7844
26,7845
23,7846
25,7847
25,7848
9,7849
30,7850
12,7851
33,7852
18,7853
18,7854
34,7855
7,7856
18,7857
37,7858
7,7859
22,7860
24,7861
24,7862
24,7863
22,7864
24,7865
22,7866
3,7867
10,7868
13,7869
11,7870
3,7871
11,7872
38,7873
38,7874
11,7875
11,7876
13,7877
38,7878
10,7879
10,7880
10,7881
11,7882
11,7883
11,7884
11,7885
3,7886
13,7887
11,7888
15,7889
17,7890
15,7891
17,7892
15,7893
17,7894
6,7895
17,7896
17,7897
6,7898
17,7899
15,7900
17,7901
6,7902
1,7903
1,7904
4,7905
39,7906
2,7907
19,7908
4,7909
2,7910
0,7911
19,7912
32,7913
36,7914
32,7915
23,7916
5,7917
25,7918
28,7919
5,7920
5,7921
25,7922
5,7923
5,7924
35,7925
35,7926
26,7927
35,7928
5,7929
35,7930
25,7931
9,7932
30,7933
30,7934
12,7935
12,7936
12,7937
33,7938
33,7939
37,7940
37,7941
37,7942
37,7943
33,7944
7,7945
7,7946
22,7947
22,7948
24,7949
22,7950
24,7951
22,7952
24,7953
22,7954
3,7955
38,7956
38,7957
13,7958
3,7959
10,7960
13,7961
38,7962
38,7963
11,7964
3,7965
38,7966
11,7967
15,7968
6,7969
17,7970
17,7971
6,7972
15,7973
15,7974
17,7975
15,7976
17,7977
6,7978
17,7979
17,7980
15,7981
15,7982
17,7983
6,7984
15,7985
17,7986
17,7987
15,7988
15,7989
15,7990
17,7991
17,7992
15,7993
15,7994
6,7995
6,7996
1,7997
14,7998
20,7999
1,8000
14,8001
20,8002
16,8003
16,8004
14,8005
1,8006
14,8007
31,8008
31,8009
1,8010
4,8011
39,8012
0,8013
39,8014
0,8015
2,8016
2,8017
2,8018
19,8019
19,8020
32,8021
23,8022
5,8023
23,8024
28,8025
5,8026
26,8027
35,8028
28,8029
35,8030
5,8031
25,8032
23,8033
26,8034
5,8035
25,8036
28,8037
23,8038
25,8039
35,8040
23,8041
5,8042
23,8043
28,8044
25,8045
25,8046
9,8047
9,8048
30,8049
12,8050
33,8051
33,8052
18,8053
18,8054
37,8055
34,8056
18,8057
37,8058
18,8059
33,8060
7,8061
22,8062
22,8063
24,8064
22,8065
3,8066
11,8067
13,8068
11,8069
10,8070
13,8071
10,8072
38,8073
38,8074
38,8075
13,8076
13,8077
3,8078
38,8079
38,8080
10,8081
3,8082
13,8083
3,8084
38,8085
13,8086
10,8087
10,8088
11,8089
3,8090
3,8091
10,8092
11,8093
15,8094
17,8095
6,8096
17,8097
15,8098
15,8099
17,8100
17,8101
6,8102
17,8103
6,8104
15,8105
6,8106
17,8107
15,8108
17,8109
6,8110
1,8111
16,8112
20,8113
31,8114
14,8115
16,8116
20,8117
31,8118
14,8119
31,8120
31,8121
14,8122
20,8123
16,8124
1,8125
1,8126
14,8127
1,8128
1,8129
20,8130
20,8131
20,8132
16,8133
31,8134
1,8135
20,8136
16,8137
1,8138
14,8139
1,8140
1,8141
14,8142
31,8143
14,8144
1,8145
20,8146
1,8147
20,8148
16,8149
20,8150
31,8151
16,8152
16,8153
20,8154
14,8155
16,8156
1,8157
31,8158
16,8159
31,8160
14,8161
31,8162
16,8163
14,8164
20,8165
16,8166
1,8167
16,8168
20,8169
14,8170
20,8171
1,8172
1,8173
20,8174
31,8175
14,8176
20,8177
31,8178
16,8179
20,8180
20,8181
31,8182
20,8183
16,8184
31,8185
20,8186
14,8187
14,8188
16,8189
31,8190
20,8191
31,8192
31,8193
1,8194
31,8195
16,8196
16,8197
14,8198
16,8199
20,8200
14,8201
16,8202
20,8203
16,8204
1,8205
31,8206
31,8207
1,8208
4,8209
19,8210
4,8211
0,8212
0,8213
0,8214
39,8215
4,8216
4,8217
4,8218
4,8219
4,8220
4,8221
19,8222
2,8223
19,8224
2,8225
4,8226
4,8227
0,8228
19,8229
4,8230
4,8231
39,8232
0,8233
39,8234
2,8235
39,8236
0,8237
2,8238
0,8239
4,8240
19,8241
19,8242
32,8243
27,8244
32,8245
29,8246
27,8247
32,8248
23,8249
35,8250
23,8251
26,8252
28,8253
26,8254
35,8255
5,8256
26,8257
35,8258
25,8259
23,8260
28,8261
35,8262
25,8263
25,8264
35,8265
28,8266
23,8267
26,8268
35,8269
26,8270
25,8271
23,8272
26,8273
5,8274
23,8275
5,8276
35,8277
35,8278
35,8279
25,8280
23,8281
35,8282
5,8283
5,8284
26,8285
25,8286
35,8287
23,8288
23,8289
35,8290
28,8291
23,8292
25,8293
9,8294
30,8295
12,8296
12,8297
33,8298
18,8299
7,8300
37,8301
7,8302
37,8303
34,8304
37,8305
34,8306
37,8307
18,8308
34,8309
33,8310
7,8311
34,8312
37,8313
18,8314
7,8315
34,8316
37,8317
33,8318
33,8319
18,8320
33,8321
7,8322
18,8323
34,8324
34,8325
34,8326
37,8327
7,8328
22,8329
22,8330
3,8331
13,8332
3,8333
11,8334
13,8335
3,8336
10,8337
10,8338
38,8339
11,8340
15,8341
15,8342
17,8343
15,8344
6,8345
1,8346
1,8347
4,8348
39,8349
0,8350
19,8351
39,8352
2,8353
2,8354
39,8355
39,8356
2,8357
4,8358
0,8359
0,8360
4,8361
0,8362
0,8363
2,8364
19,8365
39,8366
0,8367
19,8368
32,8369
27,8370
8,8371
36,8372
8,8373
32,8374
8,8375
36,8376
8,8377
32,8378
23,8379
23,8380
28,8381
26,8382
23,8383
35,8384
35,8385
25,8386
26,8387
28,8388
5,8389
26,8390
35,8391
5,8392
23,8393
28,8394
28,8395
25,8396
25,8397
35,8398
23,8399
25,8400
35,8401
25,8402
23,8403
28,8404
5,8405
25,8406
9,8407
9,8408
30,8409
9,8410
9,8411
9,8412
9,8413
9,8414
9,8415
9,8416
9,8417
9,8418
9,8419
9,8420
30,8421
9,8422
30,8423
30,8424
9,8425
30,8426
12,8427
12,8428
33,8429
34,8430
33,8431
18,8432
33,8433
34,8434
34,8435
7,8436
18,8437
37,8438
33,8439
33,8440
33,8441
33,8442
37,8443
18,8444
33,8445
34,8446
37,8447
18,8448
34,8449
34,8450
34,8451
18,8452
7,8453
18,8454
33,8455
34,8456
18,8457
34,8458
37,8459
37,8460
37,8461
18,8462
18,8463
34,8464
37,8465
34,8466
18,8467
7,8468
34,8469
33,8470
33,8471
7,8472
22,8473
22,8474
22,8475
24,8476
22,8477
3,8478
38,8479
38,8480
3,8481
3,8482
11,8483
10,8484
13,8485
13,8486
10,8487
10,8488
10,8489
3,8490
11,8491
3,8492
11,8493
38,8494
13,8495
10,8496
38,8497
13,8498
3,8499
13,8500
3,8501
13,8502
3,8503
3,8504
13,8505
10,8506
10,8507
13,8508
13,8509
13,8510
13,8511
38,8512
3,8513
3,8514
10,8515
13,8516
13,8517
13,8518
11,8519
15,8520
6,8521
17,8522
6,8523
17,8524
6,8525
6,8526
6,8527
17,8528
17,8529
15,8530
6,8531
6,8532
1,8533
31,8534
14,8535
31,8536
20,8537
14,8538
20,8539
16,8540
31,8541
1,8542
1,8543
14,8544
20,8545
1,8546
31,8547
16,8548
1,8549
31,8550
16,8551
31,8552
16,8553
14,8554
14,8555
20,8556
14,8557
20,8558
31,8559
20,8560
14,8561
16,8562
14,8563
1,8564
14,8565
16,8566
16,8567
31,8568
20,8569
1,8570
16,8571
14,8572
16,8573
14,8574
16,8575
16,8576
1,8577
20,8578
1,8579
31,8580
31,8581
20,8582
1,8583
14,8584
31,8585
20,8586
31,8587
14,8588
20,8589
31,8590
1,8591
20,8592
31,8593
16,8594
16,8595
14,8596
20,8597
20,8598
1,8599
1,8600
20,8601
31,8602
31,8603
1,8604
16,8605
1,8606
31,8607
14,8608
16,8609
16,8610
16,8611
1,8612
31,8613
16,8614
31,8615
16,8616
20,8617
1,8618
20,8619
31,8620
16,8621
14,8622
14,8623
31,8624
16,8625
20,8626
31,8627
16,8628
14,8629
16,8630
14,8631
14,8632
31,8633
31,8634
14,8635
31,8636
31,8637
16,8638
31,8639
31,8640
20,8641
14,8642
16,8643
16,8644
31,8645
20,8646
16,8647
14,8648
14,8649
20,8650
31,8651
20,8652
1,8653
31,8654
14,8655
16,8656
20,8657
31,8658
20,8659
20,8660
16,8661
20,8662
31,8663
20,8664
31,8665
20,8666
20,8667
14,8668
31,8669
16,8670
31,8671
31,8672
20,8673
16,8674
14,8675
1,8676
16,8677
16,8678
14,8679
14,8680
20,8681
14,8682
31,8683
20,8684
1,8685
31,8686
20,8687
31,8688
31,8689
14,8690
31,8691
14,8692
20,8693
31,8694
31,8695
14,8696
16,8697
20,8698
16,8699
16,8700
14,8701
14,8702
14,8703
14,8704
1,8705
31,8706
14,8707
20,8708
20,8709
1,8710
31,8711
1,8712
20,8713
31,8714
20,8715
20,8716
20,8717
20,8718
20,8719
14,8720
14,8721
20,8722
16,8723
20,8724
1,8725
4,8726
2,8727
0,8728
0,8729
2,8730
2,8731
0,8732
0,8733
19,8734
39,8735
4,8736
39,8737
2,8738
0,8739
19,8740
2,8741
19,8742
19,8743
4,8744
39,8745
19,8746
19,8747
2,8748
19,8749
0,8750
0,8751
19,8752
32,8753
8,8754
32,8755
23,8756
23,8757
25,8758
26,8759
25,8760
28,8761
23,8762
35,8763
35,8764
23,8765
28,8766
25,8767
35,8768
5,8769
23,8770
25,8771
26,8772
23,8773
5,8774
25,8775
35,8776
28,8777
26,8778
23,8779
35,8780
28,8781
5,8782
25,8783
23,8784
5,8785
35,8786
5,8787
5,8788
26,8789
5,8790
5,8791
5,8792
28,8793
25,8794
25,8795
26,8796
26,8797
23,8798
25,8799
23,8800
28,8801
35,8802
28,8803
25,8804
26,8805
26,8806
28,8807
23,8808
26,8809
26,8810
25,8811
25,8812
28,8813
28,8814
23,8815
25,8816
5,8817
23,8818
25,8819
25,8820
28,8821
35,8822
28,8823
25,8824
9,8825
30,8826
30,8827
9,8828
9,8829
9,8830
9,8831
9,8832
30,8833
12,8834
33,8835
18,8836
18,8837
34,8838
7,8839
18,8840
7,8841
37,8842
18,8843
34,8844
37,8845
7,8846
7,8847
7,8848
33,8849
37,8850
33,8851
33,8852
34,8853
33,8854
37,8855
37,8856
7,8857
33,8858
33,8859
37,8860
18,8861
37,8862
37,8863
33,8864
7,8865
34,8866
34,8867
33,8868
18,8869
33,8870
7,8871
18,8872
18,8873
34,8874
7,8875
34,8876
33,8877
37,8878
34,8879
33,8880
18,8881
34,8882
18,8883
33,8884
33,8885
37,8886
37,8887
33,8888
7,8889
22,8890
22,8891
22,8892
22,8893
22,8894
3,8895
38,8896
11,8897
13,8898
38,8899
11,8900
3,8901
10,8902
3,8903
10,8904
10,8905
10,8906
38,8907
11,8908
13,8909
3,8910
13,8911
3,8912
10,8913
3,8914
13,8915
38,8916
38,8917
11,8918
13,8919
11,8920
13,8921
3,8922
3,8923
13,8924
10,8925
38,8926
38,8927
13,8928
13,8929
10,8930
38,8931
10,8932
3,8933
3,8934
38,8935
38,8936
3,8937
38,8938
38,8939
38,8940
11,8941
10,8942
3,8943
13,8944
13,8945
13,8946
38,8947
3,8948
38,8949
10,8950
10,8951
3,8952
38,8953
13,8954
3,8955
11,8956
11,8957
15,8958
6,8959
17,8960
15,8961
17,8962
17,8963
17,8964
6,8965
6,8966
6,8967
6,8968
15,8969
17,8970
17,8971
6,8972
6,8973
17,8974
17,8975
6,8976
15,8977
17,8978
17,8979
15,8980
17,8981
15,8982
6,8983
6,8984
6,8985
17,8986
15,8987
6,8988
15,8989
6,8990
1,8991
16,8992
1,8993
16,8994
20,8995
20,8996
20,8997
14,8998
31,8999
1,9000
16,9001
16,9002
20,9003
20,9004
14,9005
20,9006
16,9007
31,9008
14,9009
31,9010
20,9011
16,9012
1,9013
1,9014
20,9015
16,9016
16,9017
16,9018
31,9019
16,9020
31,9021
31,9022
1,9023
4,9024
2,9025
0,9026
0,9027
19,9028
32,9029
27,9030
21,9031
32,9032
36,9033
21,9034
21,9035
21,9036
29,9037
32,9038
36,9039
27,9040
21,9041
32,9042
23,9043
28,9044
26,9045
23,9046
28,9047
35,9048
5,9049
28,9050
26,9051
28,9052
35,9053
28,9054
35,9055
26,9056
35,9057
23,9058
23,9059
26,9060
26,9061
25,9062
25,9063
28,9064
28,9065
23,9066
23,9067
23,9068
35,9069
35,9070
26,9071
26,9072
25,9073
5,9074
23,9075
28,9076
26,9077
23,9078
5,9079
23,9080
5,9081
26,9082
35,9083
5,9084
35,9085
25,9086
9,9087
9,9088
9,9089
30,9090
12,9091
33,9092
34,9093
7,9094
37,9095
34,9096
33,9097
18,9098
18,9099
7,9100
7,9101
33,9102
34,9103
18,9104
7,9105
33,9106
7,9107
7,9108
37,9109
33,9110
37,9111
18,9112
34,9113
7,9114
33,9115
37,9116
34,9117
37,9118
34,9119
7,9120
7,9121
22,9122
22,9123
3,9124
10,9125
38,9126
3,9127
10,9128
38,9129
13,9130
11,9131
13,9132
3,9133
3,9134
3,9135
10,9136
10,9137
13,9138
10,9139
38,9140
3,9141
38,9142
10,9143
3,9144
13,9145
13,9146
38,9147
13,9148
3,9149
38,9150
38,9151
3,9152
10,9153
3,9154
11,9155
11,9156
11,9157
13,9158
3,9159
11,9160
13,9161
38,9162
10,9163
38,9164
3,9165
10,9166
10,9167
3,9168
38,9169
11,9170
11,9171
13,9172
38,9173
3,9174
11,9175
10,9176
10,9177
10,9178
38,9179
11,9180
10,9181
13,9182
38,9183
11,9184
11,9185
15,9186
15,9187
15,9188
17,9189
15,9190
15,9191
6,9192
15,9193
17,9194
17,9195
6,9196
17,9197
17,9198
15,9199
17,9200
17,9201
6,9202
17,9203
6,9204
15,9205
6,9206
1,9207
31,9208
31,9209
31,9210
14,9211
16,9212
16,9213
31,9214
16,9215
16,9216
31,9217
31,9218
16,9219
1,9220
16,9221
20,9222
1,9223
20,9224
31,9225
14,9226
14,9227
14,9228
14,9229
20,9230
16,9231
1,9232
4,9233
19,9234
32,9235
29,9236
32,9237
21,9238
21,9239
29,9240
36,9241
21,9242
29,9243
8,9244
8,9245
36,9246
32,9247
21,9248
36,9249
36,9250
32,9251
29,9252
29,9253
29,9254
21,9255
32,9256
21,9257
8,9258
36,9259
27,9260
27,9261
8,9262
36,9263
8,9264
8,9265
27,9266
21,9267
8,9268
36,9269
29,9270
36,9271
21,9272
32,9273
36,9274
36,9275
21,9276
32,9277
27,9278
32,9279
27,9280
21,9281
21,9282
21,9283
32,9284
21,9285
27,9286
32,9287
29,9288
29,9289
21,9290
8,9291
8,9292
8,9293
8,9294
29,9295
21,9296
29,9297
29,9298
32,9299
23,9300
5,9301
23,9302
28,9303
23,9304
5,9305
26,9306
5,9307
26,9308
25,9309
26,9310
28,9311
25,9312
9,9313
30,9314
9,9315
9,9316
9,9317
30,9318
30,9319
30,9320
12,9321
12,9322
12,9323
33,9324
7,9325
34,9326
18,9327
7,9328
37,9329
33,9330
34,9331
7,9332
37,9333
33,9334
7,9335
7,9336
7,9337
18,9338
18,9339
33,9340
34,9341
33,9342
33,9343
34,9344
33,9345
33,9346
37,9347
18,9348
7,9349
22,9350
3,9351
11,9352
10,9353
11,9354
3,9355
38,9356
3,9357
38,9358
10,9359
11,9360
11,9361
10,9362
38,9363
10,9364
38,9365
10,9366
10,9367
38,9368
13,9369
10,9370
38,9371
11,9372
11,9373
3,9374
38,9375
10,9376
11,9377
15,9378
6,9379
15,9380
6,9381
17,9382
15,9383
15,9384
6,9385
1,9386
16,9387
14,9388
20,9389
14,9390
31,9391
14,9392
31,9393
31,9394
14,9395
20,9396
31,9397
20,9398
31,9399
1,9400
20,9401
14,9402
1,9403
4,9404
0,9405
2,9406
0,9407
19,9408
32,9409
23,9410
25,9411
23,9412
25,9413
28,9414
35,9415
35,9416
28,9417
5,9418
35,9419
26,9420
5,9421
35,9422
25,9423
35,9424
23,9425
23,9426
5,9427
23,9428
25,9429
23,9430
23,9431
35,9432
5,9433
5,9434
25,9435
28,9436
23,9437
25,9438
5,9439
25,9440
23,9441
23,9442
28,9443
35,9444
5,9445
26,9446
35,9447
23,9448
5,9449
23,9450
35,9451
28,9452
28,9453
25,9454
9,9455
9,9456
30,9457
30,9458
12,9459
33,9460
7,9461
22,9462
22,9463
24,9464
22,9465
22,9466
24,9467
24,9468
24,9469
22,9470
3,9471
11,9472
10,9473
38,9474
38,9475
3,9476
13,9477
38,9478
11,9479
3,9480
10,9481
13,9482
11,9483
10,9484
11,9485
11,9486
10,9487
10,9488
10,9489
38,9490
13,9491
38,9492
3,9493
11,9494
38,9495
10,9496
38,9497
13,9498
3,9499
10,9500
38,9501
11,9502
13,9503
3,9504
10,9505
38,9506
13,9507
3,9508
13,9509
11,9510
10,9511
11,9512
3,9513
10,9514
38,9515
11,9516
38,9517
13,9518
13,9519
10,9520
11,9521
11,9522
13,9523
10,9524
38,9525
10,9526
3,9527
38,9528
3,9529
10,9530
3,9531
11,9532
10,9533
38,9534
11,9535
38,9536
11,9537
3,9538
10,9539
11,9540
38,9541
13,9542
13,9543
3,9544
11,9545
3,9546
10,9547
10,9548
11,9549
13,9550
38,9551
38,9552
10,9553
10,9554
13,9555
38,9556
11,9557
15,9558
6,9559
17,9560
15,9561
6,9562
6,9563
1,9564
1,9565
20,9566
14,9567
20,9568
1,9569
16,9570
20,9571
16,9572
16,9573
14,9574
1,9575
20,9576
14,9577
1,9578
4,9579
0,9580
19,9581
39,9582
39,9583
4,9584
2,9585
39,9586
2,9587
0,9588
39,9589
39,9590
0,9591
0,9592
4,9593
2,9594
19,9595
2,9596
19,9597
32,9598
8,9599
8,9600
32,9601
27,9602
8,9603
8,9604
29,9605
32,9606
36,9607
32,9608
27,9609
21,9610
8,9611
8,9612
21,9613
36,9614
21,9615
8,9616
36,9617
32,9618
21,9619
27,9620
32,9621
36,9622
36,9623
8,9624
32,9625
21,9626
36,9627
32,9628
8,9629
29,9630
36,9631
32,9632
36,9633
27,9634
36,9635
21,9636
8,9637
29,9638
36,9639
8,9640
21,9641
8,9642
36,9643
29,9644
21,9645
8,9646
8,9647
21,9648
32,9649
29,9650
36,9651
27,9652
27,9653
36,9654
29,9655
32,9656
36,9657
8,9658
8,9659
21,9660
29,9661
29,9662
29,9663
29,9664
21,9665
36,9666
36,9667
32,9668
23,9669
25,9670
28,9671
23,9672
25,9673
5,9674
26,9675
5,9676
35,9677
28,9678
35,9679
26,9680
23,9681
25,9682
28,9683
25,9684
28,9685
26,9686
35,9687
35,9688
5,9689
23,9690
28,9691
5,9692
25,9693
26,9694
25,9695
25,9696
25,9697
35,9698
26,9699
23,9700
23,9701
35,9702
23,9703
26,9704
35,9705
28,9706
5,9707
28,9708
26,9709
35,9710
5,9711
5,9712
23,9713
25,9714
35,9715
23,9716
28,9717
26,9718
26,9719
26,9720
26,9721
5,9722
28,9723
35,9724
35,9725
23,9726
23,9727
25,9728
26,9729
35,9730
25,9731
26,9732
5,9733
23,9734
28,9735
35,9736
28,9737
35,9738
28,9739
26,9740
28,9741
28,9742
26,9743
26,9744
25,9745
25,9746
28,9747
35,9748
5,9749
25,9750
9,9751
9,9752
30,9753
9,9754
9,9755
9,9756
9,9757
9,9758
9,9759
9,9760
30,9761
12,9762
12,9763
33,9764
7,9765
18,9766
7,9767
18,9768
7,9769
37,9770
18,9771
7,9772
22,9773
22,9774
22,9775
22,9776
24,9777
24,9778
24,9779
22,9780
24,9781
22,9782
3,9783
13,9784
3,9785
3,9786
10,9787
13,9788
13,9789
3,9790
38,9791
10,9792
3,9793
10,9794
10,9795
13,9796
11,9797
11,9798
13,9799
11,9800
3,9801
11,9802
15,9803
17,9804
6,9805
1,9806
31,9807
31,9808
31,9809
1,9810
31,9811
16,9812
16,9813
16,9814
20,9815
16,9816
31,9817
1,9818
14,9819
14,9820
20,9821
1,9822
31,9823
31,9824
31,9825
31,9826
1,9827
31,9828
16,9829
1,9830
14,9831
1,9832
16,9833
1,9834
31,9835
1,9836
1,9837
16,9838
31,9839
14,9840
20,9841
1,9842
1,9843
14,9844
1,9845
1,9846
16,9847
14,9848
16,9849
1,9850
14,9851
1,9852
20,9853
20,9854
31,9855
20,9856
16,9857
20,9858
20,9859
16,9860
16,9861
20,9862
31,9863
1,9864
31,9865
1,9866
31,9867
31,9868
20,9869
16,9870
31,9871
1,9872
31,9873
1,9874
16,9875
14,9876
20,9877
14,9878
20,9879
14,9880
1,9881
4,9882
4,9883
39,9884
2,9885
0,9886
4,9887
39,9888
2,9889
4,9890
19,9891
2,9892
19,9893
32,9894
29,9895
32,9896
8,9897
8,9898
8,9899
27,9900
32,9901
8,9902
8,9903
32,9904
27,9905
36,9906
21,9907
27,9908
8,9909
29,9910
27,9911
21,9912
27,9913
29,9914
27,9915
21,9916
8,9917
8,9918
29,9919
27,9920
21,9921
29,9922
21,9923
27,9924
29,9925
8,9926
21,9927
29,9928
32,9929
32,9930
23,9931
23,9932
28,9933
26,9934
5,9935
28,9936
35,9937
5,9938
5,9939
23,9940
35,9941
26,9942
35,9943
23,9944
25,9945
26,9946
5,9947
35,9948
5,9949
23,9950
35,9951
26,9952
23,9953
26,9954
26,9955
25,9956
9,9957
30,9958
30,9959
9,9960
9,9961
30,9962
12,9963
33,9964
7,9965
37,9966
33,9967
18,9968
18,9969
7,9970
34,9971
18,9972
33,9973
18,9974
33,9975
33,9976
37,9977
34,9978
37,9979
37,9980
37,9981
7,9982
33,9983
33,9984
18,9985
18,9986
34,9987
33,9988
37,9989
37,9990
18,9991
34,9992
7,9993
18,9994
37,9995
37,9996
37,9997
34,9998
33,9999
