30,0
42,1
20,2
43,3
26,4
16,5
29,6
6,7
6,8
4,9
24,10
2,11
41,12
48,13
33,14
18,15
12,16
39,17
47,18
39,19
36,20
33,21
42,22
1,23
7,24
0,25
31,26
15,27
9,28
45,29
11,30
21,31
9,32
23,33
48,34
38,35
9,36
12,37
9,38
29,39
22,40
0,41
0,42
40,43
26,44
12,45
19,46
29,47
47,48
42,49
34,50
38,51
40,52
11,53
24,54
38,55
40,56
22,57
2,58
32,59
19,60
48,61
16,62
2,63
8,64
38,65
31,66
5,67
46,68
32,69
47,70
12,71
0,72
36,73
24,74
36,75
37,76
49,77
17,78
3,79
38,80
45,81
36,82
40,83
10,84
24,85
45,86
0,87
16,88
19,89
11,90
34,91
30,92
9,93
38,94
43,95
32,96
10,97
13,98
41,99
40,100
38,101
15,102
26,103
22,104
19,105
41,106
10,107
18,108
20,109
15,110
21,111
0,112
43,113
2,114
48,115
49,116
47,117
4,118
17,119
37,120
18,121
39,122
35,123
6,124
6,125
27,126
32,127
33,128
45,129
3,130
43,131
20,132
38,133
18,134
22,135
29,136
43,137
7,138
28,139
24,140
33,141
20,142
42,143
32,144
10,145
43,146
35,147
28,148
4,149
21,150
45,151
46,152
28,153
11,154
0,155
1,156
34,157
46,158
8,159
27,160
13,161
16,162
49,163
45,164
27,165
11,166
16,167
45,168
48,169
13,170
37,171
49,172
45,173
2,174
35,175
13,176
27,177
0,178
2,179
36,180
29,181
27,182
20,183
47,184
15,185
4,186
5,187
38,188
42,189
5,190
16,191
49,192
49,193
31,194
8,195
28,196
31,197
25,198
20,199
16,200
37,201
15,202
25,203
3,204
13,205
43,206
13,207
30,208
39,209
31,210
42,211
22,212
26,213
47,214
39,215
23,216
49,217
24,218
17,219
4,220
1,221
2,222
32,223
47,224
3,225
31,226
6,227
37,228
10,229
28,230
1,231
48,232
22,233
7,234
15,235
30,236
40,237
14,238
0,239
3,240
29,241
8,242
28,243
36,244
5,245
46,246
41,247
35,248
18,249
36,250
15,251
14,252
17,253
12,254
43,255
22,256
46,257
12,258
47,259
7,260
40,261
2,262
13,263
29,264
33,265
36,266
49,267
18,268
36,269
15,270
5,271
15,272
47,273
34,274
8,275
8,276
22,277
1,278
21,279
44,280
12,281
1,282
36,283
31,284
30,285
10,286
6,287
39,288
44,289
1,290
12,291
34,292
22,293
46,294
38,295
4,296
49,297
15,298
25,299
26,300
26,301
1,302
13,303
38,304
27,305
37,306
44,307
2,308
26,309
47,310
14,311
13,312
29,313
10,314
19,315
19,316
20,317
48,318
35,319
25,320
17,321
45,322
48,323
40,324
8,325
37,326
11,327
25,328
22,329
32,330
2,331
25,332
43,333
32,334
36,335
12,336
31,337
5,338
37,339
10,340
10,341
11,342
6,343
10,344
9,345
7,346
36,347
7,348
40,349
21,350
16,351
25,352
16,353
44,354
16,355
38,356
1,357
37,358
2,359
1,360
43,361
17,362
27,363
45,364
45,365
13,366
19,367
13,368
41,369
19,370
27,371
7,372
27,373
2,374
14,375
45,376
22,377
28,378
6,379
23,380
10,381
26,382
22,383
41,384
1,385
2,386
47,387
3,388
10,389
23,390
0,391
2,392
46,393
45,394
35,395
2,396
14,397
40,398
29,399
3,400
8,401
14,402
14,403
36,404
16,405
35,406
29,407
38,408
21,409
44,410
11,411
2,412
0,413
39,414
34,415
4,416
17,417
14,418
49,419
18,420
10,421
4,422
32,423
3,424
28,425
39,426
26,427
16,428
21,429
30,430
7,431
26,432
1,433
4,434
16,435
23,436
13,437
37,438
33,439
12,440
27,441
20,442
3,443
10,444
1,445
8,446
39,447
17,448
10,449
46,450
15,451
42,452
29,453
2,454
33,455
17,456
9,457
44,458
27,459
0,460
31,461
18,462
15,463
11,464
1,465
43,466
16,467
5,468
31,469
42,470
35,471
16,472
3,473
32,474
37,475
22,476
25,477
4,478
5,479
31,480
7,481
25,482
20,483
8,484
45,485
32,486
38,487
47,488
14,489
21,490
41,491
29,492
3,493
48,494
29,495
32,496
2,497
33,498
17,499
41,500
8,501
24,502
32,503
34,504
10,505
21,506
38,507
2,508
4,509
49,510
16,511
49,512
31,513
2,514
14,515
16,516
40,517
45,518
33,519
9,520
14,521
12,522
31,523
10,524
38,525
14,526
44,527
38,528
20,529
11,530
36,531
37,532
41,533
27,534
41,535
12,536
47,537
6,538
32,539
4,540
31,541
17,542
27,543
41,544
18,545
9,546
18,547
36,548
14,549
15,550
2,551
8,552
19,553
9,554
24,555
48,556
25,557
32,558
41,559
15,560
24,561
47,562
23,563
21,564
32,565
39,566
40,567
40,568
0,569
13,570
12,571
33,572
36,573
34,574
24,575
15,576
27,577
43,578
49,579
40,580
46,581
2,582
27,583
38,584
7,585
24,586
0,587
7,588
10,589
2,590
4,591
46,592
44,593
46,594
45,595
26,596
13,597
1,598
15,599
14,600
31,601
23,602
4,603
14,604
38,605
7,606
24,607
34,608
30,609
45,610
35,611
10,612
19,613
15,614
7,615
37,616
47,617
34,618
2,619
31,620
31,621
43,622
42,623
15,624
1,625
15,626
46,627
3,628
42,629
36,630
44,631
24,632
49,633
46,634
5,635
11,636
37,637
11,638
13,639
42,640
27,641
1,642
18,643
25,644
44,645
4,646
25,647
3,648
44,649
2,650
27,651
33,652
0,653
19,654
38,655
49,656
6,657
40,658
6,659
38,660
24,661
11,662
34,663
40,664
47,665
27,666
5,667
45,668
26,669
9,670
28,671
1,672
34,673
42,674
23,675
40,676
6,677
10,678
14,679
32,680
34,681
43,682
13,683
11,684
7,685
0,686
43,687
48,688
28,689
13,690
4,691
24,692
5,693
32,694
27,695
45,696
19,697
22,698
32,699
42,700
8,701
46,702
16,703
8,704
46,705
4,706
29,707
43,708
5,709
24,710
24,711
19,712
29,713
23,714
11,715
4,716
46,717
11,718
24,719
44,720
27,721
1,722
42,723
24,724
35,725
8,726
25,727
42,728
7,729
1,730
8,731
45,732
37,733
16,734
49,735
32,736
45,737
10,738
24,739
49,740
26,741
34,742
49,743
43,744
48,745
21,746
24,747
15,748
39,749
21,750
24,751
2,752
48,753
23,754
20,755
27,756
46,757
16,758
5,759
38,760
49,761
2,762
41,763
45,764
2,765
47,766
10,767
30,768
4,769
34,770
41,771
22,772
42,773
24,774
10,775
45,776
4,777
7,778
19,779
22,780
26,781
39,782
42,783
1,784
29,785
20,786
13,787
23,788
43,789
9,790
32,791
9,792
36,793
39,794
45,795
39,796
31,797
41,798
32,799
33,800
30,801
24,802
16,803
28,804
10,805
23,806
28,807
15,808
20,809
1,810
22,811
39,812
20,813
2,814
48,815
42,816
46,817
47,818
45,819
48,820
12,821
22,822
47,823
26,824
33,825
11,826
17,827
26,828
48,829
2,830
19,831
11,832
17,833
21,834
36,835
20,836
10,837
6,838
44,839
3,840
37,841
42,842
21,843
19,844
28,845
45,846
10,847
2,848
24,849
15,850
33,851
46,852
6,853
37,854
3,855
18,856
30,857
5,858
2,859
47,860
43,861
10,862
43,863
38,864
47,865
27,866
21,867
12,868
27,869
20,870
19,871
37,872
19,873
29,874
13,875
30,876
23,877
22,878
25,879
27,880
44,881
26,882
29,883
46,884
17,885
9,886
15,887
45,888
25,889
22,890
19,891
23,892
17,893
16,894
7,895
36,896
35,897
3,898
18,899
8,900
44,901
29,902
44,903
14,904
12,905
35,906
0,907
3,908
18,909
21,910
3,911
9,912
46,913
44,914
23,915
24,916
13,917
27,918
46,919
24,920
16,921
34,922
5,923
19,924
10,925
11,926
23,927
31,928
23,929
23,930
11,931
43,932
39,933
28,934
35,935
49,936
30,937
16,938
48,939
27,940
36,941
13,942
38,943
49,944
7,945
40,946
35,947
44,948
1,949
19,950
24,951
39,952
39,953
45,954
32,955
49,956
36,957
40,958
39,959
25,960
9,961
0,962
44,963
46,964
38,965
18,966
23,967
22,968
20,969
12,970
23,971
11,972
48,973
20,974
41,975
40,976
27,977
13,978
9,979
19,980
17,981
25,982
23,983
44,984
8,985
30,986
1,987
34,988
19,989
27,990
6,991
13,992
27,993
36,994
14,995
22,996
34,997
25,998
4,999
47,1000
14,1001
48,1002
19,1003
25,1004
48,1005
42,1006
41,1007
11,1008
12,1009
9,1010
12,1011
41,1012
4,1013
22,1014
9,1015
39,1016
36,1017
21,1018
47,1019
38,1020
13,1021
26,1022
25,1023
5,1024
27,1025
16,1026
45,1027
37,1028
29,1029
22,1030
14,1031
40,1032
2,1033
36,1034
19,1035
12,1036
15,1037
28,1038
12,1039
29,1040
45,1041
22,1042
17,1043
27,1044
25,1045
5,1046
28,1047
47,1048
24,1049
18,1050
26,1051
6,1052
17,1053
3,1054
45,1055
19,1056
22,1057
12,1058
6,1059
34,1060
43,1061
29,1062
41,1063
46,1064
12,1065
34,1066
11,1067
27,1068
19,1069
39,1070
38,1071
17,1072
28,1073
41,1074
42,1075
0,1076
20,1077
38,1078
13,1079
38,1080
13,1081
19,1082
41,1083
22,1084
44,1085
47,1086
37,1087
3,1088
17,1089
27,1090
22,1091
21,1092
6,1093
17,1094
33,1095
8,1096
1,1097
39,1098
33,1099
9,1100
32,1101
28,1102
38,1103
17,1104
25,1105
44,1106
26,1107
48,1108
43,1109
26,1110
45,1111
42,1112
25,1113
47,1114
32,1115
48,1116
49,1117
15,1118
38,1119
38,1120
41,1121
45,1122
34,1123
33,1124
30,1125
22,1126
42,1127
13,1128
37,1129
8,1130
30,1131
33,1132
18,1133
19,1134
38,1135
10,1136
24,1137
46,1138
6,1139
8,1140
28,1141
18,1142
13,1143
42,1144
14,1145
0,1146
49,1147
12,1148
11,1149
7,1150
22,1151
33,1152
40,1153
11,1154
45,1155
13,1156
25,1157
31,1158
39,1159
28,1160
14,1161
13,1162
19,1163
41,1164
3,1165
20,1166
18,1167
31,1168
22,1169
37,1170
10,1171
23,1172
6,1173
20,1174
6,1175
1,1176
8,1177
21,1178
7,1179
19,1180
12,1181
20,1182
33,1183
3,1184
4,1185
4,1186
22,1187
24,1188
34,1189
29,1190
44,1191
22,1192
47,1193
12,1194
5,1195
8,1196
20,1197
38,1198
2,1199
46,1200
48,1201
2,1202
24,1203
49,1204
4,1205
35,1206
8,1207
21,1208
17,1209
33,1210
28,1211
43,1212
35,1213
25,1214
42,1215
12,1216
49,1217
31,1218
45,1219
11,1220
49,1221
14,1222
32,1223
32,1224
17,1225
27,1226
0,1227
41,1228
25,1229
26,1230
6,1231
12,1232
21,1233
45,1234
31,1235
39,1236
21,1237
49,1238
22,1239
6,1240
6,1241
8,1242
28,1243
28,1244
32,1245
15,1246
12,1247
29,1248
39,1249
27,1250
22,1251
43,1252
9,1253
23,1254
32,1255
25,1256
45,1257
27,1258
26,1259
6,1260
14,1261
34,1262
10,1263
7,1264
36,1265
11,1266
19,1267
38,1268
10,1269
26,1270
5,1271
14,1272
28,1273
11,1274
31,1275
40,1276
40,1277
19,1278
42,1279
39,1280
35,1281
45,1282
11,1283
11,1284
45,1285
48,1286
43,1287
29,1288
2,1289
35,1290
49,1291
26,1292
22,1293
32,1294
24,1295
16,1296
46,1297
17,1298
41,1299
25,1300
37,1301
44,1302
36,1303
37,1304
11,1305
13,1306
5,1307
20,1308
19,1309
47,1310
22,1311
47,1312
10,1313
10,1314
27,1315
43,1316
2,1317
37,1318
47,1319
15,1320
14,1321
6,1322
46,1323
6,1324
44,1325
45,1326
20,1327
23,1328
34,1329
0,1330
44,1331
29,1332
40,1333
31,1334
20,1335
13,1336
45,1337
3,1338
46,1339
18,1340
5,1341
15,1342
26,1343
18,1344
23,1345
44,1346
14,1347
10,1348
34,1349
38,1350
44,1351
39,1352
2,1353
39,1354
32,1355
34,1356
20,1357
29,1358
0,1359
16,1360
32,1361
38,1362
35,1363
30,1364
31,1365
45,1366
22,1367
31,1368
6,1369
46,1370
23,1371
41,1372
37,1373
44,1374
36,1375
0,1376
23,1377
38,1378
13,1379
19,1380
31,1381
31,1382
9,1383
41,1384
37,1385
20,1386
9,1387
15,1388
29,1389
26,1390
10,1391
0,1392
0,1393
39,1394
39,1395
3,1396
7,1397
19,1398
45,1399
30,1400
29,1401
7,1402
16,1403
40,1404
0,1405
28,1406
30,1407
7,1408
33,1409
23,1410
15,1411
22,1412
21,1413
36,1414
21,1415
13,1416
0,1417
28,1418
29,1419
17,1420
28,1421
33,1422
19,1423
38,1424
22,1425
48,1426
2,1427
10,1428
45,1429
41,1430
6,1431
17,1432
19,1433
9,1434
10,1435
26,1436
36,1437
44,1438
11,1439
15,1440
15,1441
8,1442
36,1443
2,1444
24,1445
18,1446
17,1447
41,1448
46,1449
34,1450
1,1451
21,1452
25,1453
34,1454
32,1455
15,1456
25,1457
27,1458
47,1459
31,1460
43,1461
13,1462
9,1463
29,1464
10,1465
44,1466
24,1467
49,1468
21,1469
42,1470
18,1471
37,1472
19,1473
39,1474
22,1475
0,1476
49,1477
18,1478
32,1479
33,1480
43,1481
11,1482
38,1483
18,1484
23,1485
35,1486
25,1487
9,1488
45,1489
17,1490
18,1491
8,1492
16,1493
45,1494
42,1495
9,1496
28,1497
4,1498
24,1499
31,1500
5,1501
27,1502
0,1503
30,1504
28,1505
17,1506
30,1507
3,1508
5,1509
27,1510
6,1511
20,1512
29,1513
9,1514
29,1515
45,1516
45,1517
20,1518
4,1519
26,1520
16,1521
43,1522
23,1523
19,1524
25,1525
39,1526
45,1527
8,1528
13,1529
21,1530
30,1531
32,1532
5,1533
0,1534
10,1535
38,1536
42,1537
12,1538
5,1539
44,1540
48,1541
48,1542
38,1543
35,1544
4,1545
10,1546
22,1547
36,1548
23,1549
30,1550
22,1551
8,1552
32,1553
30,1554
35,1555
25,1556
20,1557
33,1558
24,1559
24,1560
29,1561
0,1562
43,1563
37,1564
28,1565
25,1566
20,1567
36,1568
29,1569
1,1570
24,1571
28,1572
5,1573
25,1574
6,1575
25,1576
13,1577
3,1578
21,1579
31,1580
20,1581
20,1582
24,1583
40,1584
28,1585
16,1586
17,1587
23,1588
6,1589
11,1590
11,1591
22,1592
2,1593
13,1594
32,1595
23,1596
11,1597
34,1598
27,1599
8,1600
39,1601
27,1602
35,1603
36,1604
18,1605
23,1606
8,1607
7,1608
28,1609
20,1610
45,1611
49,1612
34,1613
27,1614
21,1615
35,1616
49,1617
15,1618
32,1619
6,1620
22,1621
2,1622
33,1623
7,1624
19,1625
15,1626
21,1627
0,1628
47,1629
35,1630
26,1631
25,1632
13,1633
11,1634
21,1635
1,1636
23,1637
37,1638
35,1639
16,1640
47,1641
0,1642
1,1643
6,1644
13,1645
19,1646
10,1647
15,1648
19,1649
26,1650
27,1651
15,1652
37,1653
36,1654
11,1655
23,1656
32,1657
17,1658
33,1659
4,1660
25,1661
43,1662
13,1663
27,1664
23,1665
7,1666
34,1667
9,1668
19,1669
19,1670
31,1671
28,1672
23,1673
32,1674
25,1675
16,1676
8,1677
8,1678
31,1679
36,1680
29,1681
4,1682
11,1683
44,1684
37,1685
45,1686
35,1687
48,1688
9,1689
4,1690
22,1691
44,1692
26,1693
33,1694
3,1695
15,1696
36,1697
3,1698
42,1699
10,1700
2,1701
24,1702
21,1703
3,1704
49,1705
25,1706
36,1707
44,1708
10,1709
15,1710
2,1711
17,1712
8,1713
34,1714
48,1715
8,1716
37,1717
42,1718
49,1719
44,1720
35,1721
44,1722
22,1723
11,1724
45,1725
49,1726
35,1727
1,1728
43,1729
28,1730
47,1731
32,1732
1,1733
34,1734
18,1735
42,1736
37,1737
29,1738
38,1739
44,1740
27,1741
40,1742
32,1743
41,1744
31,1745
0,1746
28,1747
3,1748
22,1749
24,1750
15,1751
10,1752
2,1753
9,1754
32,1755
0,1756
13,1757
1,1758
32,1759
29,1760
40,1761
13,1762
10,1763
28,1764
3,1765
5,1766
39,1767
47,1768
35,1769
34,1770
17,1771
15,1772
1,1773
43,1774
38,1775
3,1776
27,1777
9,1778
33,1779
7,1780
8,1781
0,1782
32,1783
3,1784
35,1785
12,1786
22,1787
25,1788
39,1789
47,1790
33,1791
36,1792
37,1793
13,1794
49,1795
26,1796
49,1797
24,1798
20,1799
2,1800
10,1801
11,1802
6,1803
29,1804
3,1805
19,1806
45,1807
27,1808
5,1809
31,1810
30,1811
17,1812
21,1813
32,1814
33,1815
25,1816
33,1817
41,1818
32,1819
27,1820
33,1821
3,1822
13,1823
39,1824
29,1825
15,1826
24,1827
6,1828
35,1829
6,1830
10,1831
35,1832
12,1833
34,1834
15,1835
2,1836
9,1837
14,1838
24,1839
43,1840
14,1841
31,1842
9,1843
18,1844
7,1845
2,1846
0,1847
9,1848
18,1849
37,1850
25,1851
18,1852
40,1853
8,1854
41,1855
15,1856
38,1857
22,1858
12,1859
24,1860
18,1861
39,1862
7,1863
46,1864
33,1865
32,1866
16,1867
32,1868
35,1869
16,1870
4,1871
4,1872
20,1873
7,1874
6,1875
10,1876
7,1877
42,1878
1,1879
4,1880
0,1881
6,1882
21,1883
29,1884
43,1885
21,1886
22,1887
29,1888
21,1889
42,1890
17,1891
29,1892
48,1893
44,1894
42,1895
42,1896
11,1897
10,1898
41,1899
26,1900
26,1901
37,1902
11,1903
24,1904
13,1905
20,1906
1,1907
27,1908
24,1909
38,1910
29,1911
42,1912
22,1913
7,1914
40,1915
2,1916
15,1917
11,1918
18,1919
10,1920
35,1921
46,1922
47,1923
31,1924
26,1925
49,1926
31,1927
39,1928
12,1929
0,1930
36,1931
39,1932
23,1933
19,1934
21,1935
21,1936
8,1937
24,1938
8,1939
30,1940
8,1941
10,1942
27,1943
11,1944
18,1945
27,1946
4,1947
1,1948
18,1949
31,1950
28,1951
14,1952
46,1953
45,1954
5,1955
29,1956
42,1957
9,1958
48,1959
41,1960
29,1961
16,1962
28,1963
6,1964
47,1965
16,1966
12,1967
30,1968
6,1969
8,1970
8,1971
36,1972
4,1973
13,1974
25,1975
16,1976
4,1977
34,1978
16,1979
27,1980
31,1981
0,1982
11,1983
28,1984
45,1985
24,1986
48,1987
5,1988
8,1989
34,1990
1,1991
45,1992
24,1993
23,1994
19,1995
27,1996
16,1997
49,1998
5,1999
41,2000
33,2001
19,2002
13,2003
46,2004
6,2005
23,2006
47,2007
6,2008
20,2009
13,2010
44,2011
21,2012
18,2013
27,2014
31,2015
8,2016
33,2017
42,2018
3,2019
34,2020
34,2021
35,2022
35,2023
17,2024
33,2025
1,2026
1,2027
21,2028
42,2029
12,2030
34,2031
19,2032
27,2033
45,2034
10,2035
47,2036
47,2037
25,2038
35,2039
18,2040
5,2041
9,2042
20,2043
45,2044
30,2045
30,2046
20,2047
44,2048
34,2049
21,2050
23,2051
3,2052
8,2053
26,2054
29,2055
44,2056
2,2057
6,2058
30,2059
34,2060
46,2061
5,2062
43,2063
3,2064
6,2065
1,2066
8,2067
11,2068
6,2069
40,2070
38,2071
32,2072
5,2073
13,2074
7,2075
36,2076
36,2077
6,2078
7,2079
45,2080
48,2081
38,2082
23,2083
33,2084
38,2085
39,2086
22,2087
33,2088
18,2089
28,2090
4,2091
8,2092
4,2093
10,2094
31,2095
5,2096
4,2097
44,2098
22,2099
29,2100
14,2101
8,2102
11,2103
26,2104
22,2105
4,2106
33,2107
46,2108
1,2109
1,2110
41,2111
4,2112
26,2113
16,2114
17,2115
39,2116
38,2117
21,2118
25,2119
3,2120
38,2121
21,2122
8,2123
2,2124
21,2125
24,2126
41,2127
22,2128
16,2129
14,2130
43,2131
10,2132
30,2133
32,2134
42,2135
1,2136
42,2137
45,2138
22,2139
31,2140
22,2141
21,2142
14,2143
7,2144
23,2145
19,2146
43,2147
9,2148
19,2149
45,2150
41,2151
20,2152
13,2153
48,2154
18,2155
42,2156
35,2157
29,2158
18,2159
34,2160
17,2161
6,2162
36,2163
15,2164
47,2165
33,2166
0,2167
48,2168
1,2169
4,2170
33,2171
41,2172
1,2173
40,2174
42,2175
37,2176
32,2177
34,2178
10,2179
10,2180
13,2181
49,2182
24,2183
2,2184
45,2185
0,2186
21,2187
22,2188
20,2189
3,2190
16,2191
21,2192
43,2193
2,2194
47,2195
10,2196
23,2197
3,2198
40,2199
3,2200
25,2201
49,2202
1,2203
5,2204
23,2205
42,2206
29,2207
6,2208
4,2209
28,2210
15,2211
12,2212
17,2213
0,2214
2,2215
9,2216
1,2217
31,2218
8,2219
3,2220
0,2221
23,2222
9,2223
19,2224
8,2225
48,2226
31,2227
2,2228
1,2229
14,2230
24,2231
0,2232
23,2233
26,2234
31,2235
30,2236
3,2237
8,2238
17,2239
40,2240
3,2241
34,2242
23,2243
35,2244
7,2245
32,2246
29,2247
47,2248
43,2249
37,2250
47,2251
43,2252
23,2253
15,2254
23,2255
46,2256
31,2257
29,2258
38,2259
14,2260
45,2261
25,2262
37,2263
48,2264
48,2265
41,2266
30,2267
13,2268
29,2269
31,2270
47,2271
34,2272
37,2273
16,2274
22,2275
37,2276
8,2277
8,2278
45,2279
20,2280
48,2281
18,2282
18,2283
9,2284
8,2285
49,2286
48,2287
5,2288
39,2289
8,2290
2,2291
46,2292
37,2293
8,2294
7,2295
16,2296
14,2297
38,2298
22,2299
15,2300
7,2301
11,2302
28,2303
40,2304
0,2305
42,2306
12,2307
34,2308
3,2309
43,2310
32,2311
19,2312
42,2313
36,2314
26,2315
28,2316
36,2317
39,2318
7,2319
14,2320
6,2321
39,2322
36,2323
14,2324
20,2325
28,2326
6,2327
3,2328
32,2329
35,2330
1,2331
47,2332
27,2333
30,2334
38,2335
35,2336
33,2337
41,2338
30,2339
1,2340
26,2341
3,2342
31,2343
25,2344
45,2345
2,2346
37,2347
49,2348
25,2349
19,2350
35,2351
45,2352
11,2353
45,2354
24,2355
30,2356
27,2357
36,2358
10,2359
19,2360
39,2361
22,2362
47,2363
4,2364
30,2365
14,2366
33,2367
16,2368
10,2369
0,2370
37,2371
3,2372
44,2373
18,2374
16,2375
5,2376
49,2377
39,2378
46,2379
21,2380
37,2381
22,2382
22,2383
31,2384
5,2385
49,2386
7,2387
16,2388
38,2389
30,2390
10,2391
12,2392
12,2393
47,2394
15,2395
25,2396
6,2397
48,2398
12,2399
34,2400
27,2401
21,2402
13,2403
19,2404
15,2405
46,2406
16,2407
31,2408
15,2409
31,2410
17,2411
47,2412
23,2413
19,2414
27,2415
42,2416
13,2417
23,2418
8,2419
18,2420
16,2421
13,2422
11,2423
12,2424
19,2425
7,2426
37,2427
45,2428
28,2429
35,2430
29,2431
47,2432
47,2433
19,2434
34,2435
41,2436
20,2437
1,2438
38,2439
13,2440
32,2441
2,2442
0,2443
28,2444
10,2445
5,2446
40,2447
7,2448
48,2449
38,2450
7,2451
39,2452
13,2453
38,2454
7,2455
7,2456
11,2457
43,2458
26,2459
2,2460
42,2461
27,2462
26,2463
10,2464
2,2465
4,2466
30,2467
14,2468
37,2469
18,2470
12,2471
1,2472
15,2473
13,2474
38,2475
12,2476
2,2477
34,2478
16,2479
46,2480
9,2481
37,2482
25,2483
11,2484
1,2485
29,2486
46,2487
32,2488
13,2489
43,2490
18,2491
17,2492
27,2493
41,2494
40,2495
4,2496
8,2497
38,2498
15,2499
36,2500
27,2501
49,2502
37,2503
30,2504
32,2505
20,2506
17,2507
36,2508
17,2509
22,2510
41,2511
45,2512
39,2513
7,2514
24,2515
41,2516
27,2517
12,2518
24,2519
29,2520
3,2521
33,2522
47,2523
1,2524
22,2525
34,2526
43,2527
20,2528
43,2529
3,2530
3,2531
11,2532
0,2533
36,2534
10,2535
27,2536
48,2537
11,2538
47,2539
9,2540
43,2541
45,2542
43,2543
16,2544
36,2545
31,2546
8,2547
1,2548
21,2549
5,2550
17,2551
27,2552
17,2553
43,2554
20,2555
4,2556
41,2557
9,2558
10,2559
30,2560
24,2561
19,2562
3,2563
45,2564
45,2565
44,2566
10,2567
40,2568
9,2569
48,2570
32,2571
9,2572
4,2573
49,2574
26,2575
43,2576
49,2577
26,2578
48,2579
3,2580
44,2581
1,2582
18,2583
27,2584
33,2585
15,2586
3,2587
38,2588
12,2589
38,2590
31,2591
16,2592
1,2593
46,2594
46,2595
11,2596
43,2597
10,2598
32,2599
12,2600
21,2601
43,2602
9,2603
7,2604
6,2605
10,2606
41,2607
47,2608
7,2609
45,2610
10,2611
27,2612
0,2613
27,2614
24,2615
22,2616
49,2617
3,2618
6,2619
10,2620
33,2621
31,2622
10,2623
45,2624
5,2625
39,2626
43,2627
33,2628
45,2629
6,2630
20,2631
25,2632
5,2633
45,2634
49,2635
11,2636
31,2637
34,2638
12,2639
18,2640
19,2641
32,2642
22,2643
34,2644
31,2645
11,2646
19,2647
11,2648
19,2649
0,2650
18,2651
8,2652
35,2653
14,2654
22,2655
0,2656
33,2657
28,2658
5,2659
40,2660
46,2661
24,2662
21,2663
8,2664
44,2665
14,2666
31,2667
2,2668
9,2669
20,2670
44,2671
42,2672
29,2673
46,2674
10,2675
14,2676
9,2677
9,2678
44,2679
32,2680
2,2681
39,2682
36,2683
35,2684
16,2685
23,2686
30,2687
1,2688
11,2689
48,2690
38,2691
14,2692
46,2693
12,2694
45,2695
30,2696
4,2697
37,2698
11,2699
25,2700
46,2701
26,2702
37,2703
22,2704
19,2705
43,2706
47,2707
17,2708
16,2709
46,2710
32,2711
14,2712
19,2713
3,2714
25,2715
35,2716
14,2717
15,2718
7,2719
12,2720
1,2721
46,2722
35,2723
5,2724
35,2725
34,2726
26,2727
10,2728
13,2729
35,2730
40,2731
21,2732
26,2733
46,2734
43,2735
37,2736
18,2737
14,2738
22,2739
6,2740
5,2741
10,2742
29,2743
24,2744
13,2745
12,2746
41,2747
40,2748
4,2749
25,2750
35,2751
39,2752
9,2753
24,2754
5,2755
37,2756
6,2757
39,2758
36,2759
11,2760
41,2761
2,2762
39,2763
36,2764
33,2765
45,2766
20,2767
10,2768
47,2769
40,2770
8,2771
0,2772
2,2773
14,2774
16,2775
36,2776
21,2777
12,2778
32,2779
14,2780
4,2781
29,2782
11,2783
19,2784
16,2785
24,2786
45,2787
28,2788
33,2789
21,2790
17,2791
11,2792
14,2793
26,2794
41,2795
9,2796
40,2797
10,2798
34,2799
33,2800
24,2801
41,2802
11,2803
33,2804
36,2805
36,2806
12,2807
0,2808
33,2809
44,2810
0,2811
40,2812
46,2813
27,2814
7,2815
31,2816
36,2817
36,2818
19,2819
42,2820
13,2821
48,2822
5,2823
30,2824
33,2825
22,2826
3,2827
13,2828
39,2829
39,2830
14,2831
0,2832
23,2833
18,2834
30,2835
40,2836
49,2837
30,2838
46,2839
28,2840
9,2841
32,2842
8,2843
19,2844
13,2845
41,2846
5,2847
39,2848
24,2849
21,2850
43,2851
8,2852
22,2853
16,2854
47,2855
7,2856
42,2857
46,2858
40,2859
48,2860
5,2861
21,2862
7,2863
6,2864
10,2865
46,2866
8,2867
30,2868
48,2869
36,2870
21,2871
42,2872
3,2873
49,2874
46,2875
42,2876
37,2877
15,2878
4,2879
26,2880
29,2881
47,2882
35,2883
18,2884
9,2885
36,2886
6,2887
16,2888
5,2889
25,2890
24,2891
1,2892
19,2893
10,2894
13,2895
31,2896
11,2897
3,2898
41,2899
39,2900
31,2901
12,2902
45,2903
48,2904
12,2905
28,2906
48,2907
28,2908
49,2909
37,2910
15,2911
23,2912
2,2913
19,2914
28,2915
45,2916
2,2917
20,2918
36,2919
3,2920
20,2921
15,2922
27,2923
13,2924
38,2925
45,2926
13,2927
19,2928
10,2929
15,2930
23,2931
18,2932
29,2933
44,2934
37,2935
11,2936
5,2937
47,2938
7,2939
3,2940
5,2941
39,2942
35,2943
32,2944
35,2945
38,2946
13,2947
42,2948
31,2949
11,2950
21,2951
37,2952
17,2953
21,2954
24,2955
10,2956
29,2957
49,2958
35,2959
23,2960
23,2961
17,2962
20,2963
22,2964
37,2965
48,2966
24,2967
26,2968
22,2969
46,2970
12,2971
3,2972
17,2973
8,2974
33,2975
22,2976
3,2977
40,2978
5,2979
16,2980
39,2981
31,2982
5,2983
9,2984
4,2985
25,2986
32,2987
3,2988
27,2989
40,2990
39,2991
27,2992
10,2993
48,2994
25,2995
21,2996
27,2997
26,2998
12,2999
45,3000
18,3001
18,3002
43,3003
23,3004
23,3005
35,3006
24,3007
1,3008
24,3009
31,3010
26,3011
41,3012
13,3013
30,3014
35,3015
27,3016
38,3017
6,3018
38,3019
21,3020
5,3021
43,3022
43,3023
6,3024
29,3025
42,3026
9,3027
47,3028
31,3029
22,3030
33,3031
43,3032
47,3033
19,3034
37,3035
1,3036
26,3037
19,3038
15,3039
1,3040
39,3041
5,3042
22,3043
37,3044
2,3045
31,3046
20,3047
24,3048
32,3049
17,3050
27,3051
41,3052
40,3053
42,3054
25,3055
5,3056
37,3057
49,3058
34,3059
21,3060
44,3061
27,3062
11,3063
42,3064
3,3065
2,3066
23,3067
5,3068
23,3069
39,3070
9,3071
3,3072
5,3073
20,3074
18,3075
46,3076
33,3077
10,3078
35,3079
17,3080
1,3081
13,3082
45,3083
0,3084
38,3085
4,3086
15,3087
49,3088
24,3089
23,3090
45,3091
32,3092
3,3093
1,3094
44,3095
42,3096
40,3097
30,3098
47,3099
12,3100
47,3101
5,3102
15,3103
40,3104
1,3105
41,3106
35,3107
14,3108
43,3109
35,3110
4,3111
42,3112
35,3113
13,3114
2,3115
37,3116
46,3117
37,3118
4,3119
17,3120
31,3121
33,3122
7,3123
3,3124
12,3125
41,3126
9,3127
23,3128
11,3129
40,3130
25,3131
11,3132
24,3133
40,3134
28,3135
11,3136
42,3137
32,3138
30,3139
31,3140
40,3141
41,3142
37,3143
5,3144
5,3145
3,3146
34,3147
37,3148
48,3149
2,3150
30,3151
28,3152
10,3153
13,3154
4,3155
30,3156
40,3157
34,3158
13,3159
12,3160
25,3161
6,3162
29,3163
34,3164
4,3165
29,3166
22,3167
45,3168
23,3169
42,3170
40,3171
46,3172
14,3173
20,3174
0,3175
3,3176
44,3177
26,3178
34,3179
42,3180
22,3181
47,3182
43,3183
32,3184
38,3185
28,3186
22,3187
42,3188
21,3189
0,3190
49,3191
1,3192
19,3193
1,3194
43,3195
39,3196
25,3197
36,3198
35,3199
11,3200
9,3201
49,3202
24,3203
40,3204
5,3205
7,3206
44,3207
22,3208
34,3209
16,3210
4,3211
5,3212
45,3213
49,3214
22,3215
7,3216
10,3217
45,3218
29,3219
20,3220
38,3221
12,3222
46,3223
8,3224
46,3225
20,3226
32,3227
35,3228
45,3229
12,3230
22,3231
37,3232
41,3233
29,3234
3,3235
1,3236
29,3237
5,3238
40,3239
19,3240
37,3241
14,3242
35,3243
10,3244
7,3245
3,3246
35,3247
45,3248
7,3249
29,3250
14,3251
41,3252
34,3253
5,3254
45,3255
17,3256
12,3257
27,3258
45,3259
29,3260
11,3261
7,3262
47,3263
17,3264
30,3265
1,3266
23,3267
48,3268
23,3269
7,3270
4,3271
37,3272
19,3273
5,3274
3,3275
17,3276
44,3277
11,3278
8,3279
19,3280
3,3281
37,3282
11,3283
3,3284
8,3285
23,3286
33,3287
43,3288
15,3289
23,3290
34,3291
24,3292
3,3293
28,3294
14,3295
20,3296
17,3297
31,3298
21,3299
40,3300
3,3301
19,3302
23,3303
31,3304
24,3305
4,3306
30,3307
3,3308
40,3309
1,3310
16,3311
47,3312
46,3313
44,3314
15,3315
31,3316
44,3317
3,3318
18,3319
26,3320
14,3321
34,3322
44,3323
38,3324
7,3325
7,3326
37,3327
39,3328
15,3329
18,3330
33,3331
22,3332
32,3333
0,3334
6,3335
25,3336
9,3337
43,3338
44,3339
43,3340
3,3341
45,3342
28,3343
13,3344
39,3345
41,3346
16,3347
6,3348
11,3349
43,3350
45,3351
24,3352
18,3353
29,3354
30,3355
15,3356
34,3357
0,3358
22,3359
23,3360
29,3361
34,3362
7,3363
1,3364
1,3365
2,3366
2,3367
12,3368
17,3369
40,3370
45,3371
0,3372
44,3373
21,3374
35,3375
44,3376
10,3377
8,3378
32,3379
15,3380
9,3381
49,3382
30,3383
36,3384
24,3385
15,3386
4,3387
36,3388
47,3389
25,3390
37,3391
47,3392
14,3393
8,3394
30,3395
38,3396
9,3397
37,3398
34,3399
32,3400
28,3401
25,3402
4,3403
36,3404
10,3405
20,3406
6,3407
42,3408
24,3409
48,3410
43,3411
7,3412
44,3413
0,3414
21,3415
48,3416
30,3417
24,3418
11,3419
21,3420
4,3421
43,3422
1,3423
40,3424
29,3425
7,3426
14,3427
41,3428
34,3429
10,3430
46,3431
42,3432
48,3433
23,3434
28,3435
35,3436
42,3437
10,3438
4,3439
13,3440
30,3441
19,3442
15,3443
30,3444
40,3445
27,3446
1,3447
48,3448
43,3449
31,3450
21,3451
6,3452
31,3453
10,3454
34,3455
7,3456
16,3457
41,3458
14,3459
40,3460
6,3461
17,3462
41,3463
15,3464
43,3465
26,3466
10,3467
12,3468
40,3469
42,3470
23,3471
1,3472
44,3473
46,3474
34,3475
12,3476
19,3477
31,3478
22,3479
16,3480
17,3481
4,3482
43,3483
15,3484
11,3485
40,3486
6,3487
35,3488
17,3489
17,3490
3,3491
35,3492
32,3493
25,3494
3,3495
16,3496
43,3497
18,3498
32,3499
41,3500
47,3501
48,3502
41,3503
46,3504
26,3505
49,3506
23,3507
25,3508
45,3509
45,3510
18,3511
20,3512
28,3513
17,3514
48,3515
22,3516
2,3517
29,3518
46,3519
47,3520
33,3521
47,3522
18,3523
8,3524
21,3525
31,3526
34,3527
42,3528
3,3529
4,3530
0,3531
0,3532
33,3533
38,3534
29,3535
34,3536
15,3537
15,3538
10,3539
25,3540
22,3541
22,3542
48,3543
14,3544
0,3545
34,3546
12,3547
25,3548
33,3549
39,3550
27,3551
11,3552
47,3553
25,3554
20,3555
26,3556
29,3557
27,3558
28,3559
24,3560
0,3561
16,3562
16,3563
18,3564
27,3565
43,3566
33,3567
38,3568
21,3569
35,3570
19,3571
11,3572
13,3573
49,3574
2,3575
26,3576
24,3577
30,3578
41,3579
14,3580
0,3581
25,3582
5,3583
14,3584
7,3585
45,3586
27,3587
37,3588
11,3589
33,3590
13,3591
3,3592
6,3593
25,3594
28,3595
39,3596
40,3597
49,3598
20,3599
4,3600
23,3601
20,3602
24,3603
14,3604
48,3605
23,3606
13,3607
44,3608
25,3609
23,3610
13,3611
26,3612
6,3613
47,3614
1,3615
27,3616
16,3617
15,3618
42,3619
1,3620
45,3621
41,3622
2,3623
37,3624
18,3625
46,3626
31,3627
25,3628
8,3629
7,3630
12,3631
13,3632
35,3633
0,3634
22,3635
8,3636
42,3637
13,3638
48,3639
5,3640
11,3641
4,3642
30,3643
42,3644
39,3645
36,3646
18,3647
19,3648
24,3649
47,3650
9,3651
20,3652
10,3653
3,3654
0,3655
45,3656
20,3657
3,3658
45,3659
28,3660
39,3661
16,3662
29,3663
37,3664
47,3665
0,3666
15,3667
3,3668
19,3669
16,3670
13,3671
28,3672
23,3673
33,3674
0,3675
30,3676
31,3677
30,3678
42,3679
46,3680
23,3681
22,3682
36,3683
23,3684
36,3685
25,3686
43,3687
8,3688
41,3689
1,3690
43,3691
36,3692
45,3693
13,3694
0,3695
3,3696
3,3697
47,3698
32,3699
9,3700
22,3701
16,3702
17,3703
11,3704
39,3705
27,3706
23,3707
41,3708
31,3709
45,3710
3,3711
8,3712
38,3713
18,3714
9,3715
6,3716
38,3717
24,3718
4,3719
29,3720
1,3721
46,3722
5,3723
9,3724
13,3725
5,3726
26,3727
10,3728
23,3729
34,3730
27,3731
47,3732
0,3733
34,3734
36,3735
46,3736
43,3737
7,3738
2,3739
22,3740
13,3741
19,3742
49,3743
10,3744
48,3745
17,3746
39,3747
7,3748
14,3749
9,3750
43,3751
15,3752
7,3753
1,3754
18,3755
30,3756
13,3757
4,3758
38,3759
33,3760
3,3761
26,3762
10,3763
0,3764
26,3765
44,3766
13,3767
35,3768
1,3769
40,3770
15,3771
49,3772
9,3773
22,3774
46,3775
39,3776
21,3777
1,3778
24,3779
47,3780
2,3781
46,3782
33,3783
25,3784
12,3785
18,3786
16,3787
3,3788
30,3789
20,3790
19,3791
14,3792
32,3793
19,3794
36,3795
26,3796
27,3797
16,3798
38,3799
0,3800
12,3801
16,3802
25,3803
8,3804
12,3805
17,3806
47,3807
21,3808
35,3809
19,3810
25,3811
39,3812
18,3813
46,3814
7,3815
32,3816
4,3817
3,3818
5,3819
12,3820
29,3821
28,3822
29,3823
42,3824
36,3825
27,3826
42,3827
1,3828
14,3829
12,3830
43,3831
25,3832
4,3833
22,3834
14,3835
33,3836
31,3837
26,3838
5,3839
21,3840
37,3841
25,3842
4,3843
15,3844
33,3845
34,3846
28,3847
28,3848
31,3849
43,3850
26,3851
27,3852
16,3853
44,3854
24,3855
4,3856
49,3857
13,3858
2,3859
19,3860
24,3861
21,3862
15,3863
39,3864
14,3865
26,3866
40,3867
38,3868
3,3869
42,3870
30,3871
23,3872
23,3873
46,3874
23,3875
45,3876
41,3877
21,3878
40,3879
9,3880
44,3881
27,3882
24,3883
17,3884
16,3885
32,3886
31,3887
1,3888
37,3889
22,3890
5,3891
40,3892
48,3893
47,3894
30,3895
5,3896
27,3897
46,3898
6,3899
21,3900
25,3901
5,3902
29,3903
11,3904
8,3905
15,3906
19,3907
4,3908
24,3909
45,3910
39,3911
27,3912
37,3913
2,3914
28,3915
2,3916
12,3917
38,3918
40,3919
39,3920
8,3921
33,3922
29,3923
35,3924
41,3925
38,3926
9,3927
0,3928
12,3929
32,3930
20,3931
5,3932
15,3933
29,3934
39,3935
10,3936
5,3937
14,3938
32,3939
45,3940
5,3941
9,3942
2,3943
5,3944
36,3945
3,3946
29,3947
25,3948
6,3949
14,3950
7,3951
30,3952
32,3953
1,3954
43,3955
45,3956
28,3957
2,3958
21,3959
21,3960
7,3961
42,3962
47,3963
32,3964
5,3965
16,3966
41,3967
46,3968
23,3969
7,3970
33,3971
48,3972
42,3973
30,3974
7,3975
7,3976
33,3977
19,3978
20,3979
20,3980
22,3981
23,3982
42,3983
43,3984
47,3985
13,3986
44,3987
33,3988
0,3989
38,3990
47,3991
42,3992
15,3993
8,3994
39,3995
30,3996
16,3997
46,3998
33,3999
4,4000
46,4001
40,4002
21,4003
39,4004
15,4005
11,4006
5,4007
17,4008
46,4009
33,4010
9,4011
48,4012
11,4013
11,4014
33,4015
23,4016
27,4017
7,4018
15,4019
16,4020
47,4021
43,4022
25,4023
40,4024
36,4025
18,4026
16,4027
16,4028
6,4029
17,4030
2,4031
11,4032
36,4033
0,4034
48,4035
13,4036
29,4037
28,4038
41,4039
15,4040
13,4041
1,4042
29,4043
3,4044
6,4045
22,4046
2,4047
23,4048
39,4049
20,4050
43,4051
4,4052
39,4053
10,4054
16,4055
24,4056
46,4057
38,4058
20,4059
45,4060
23,4061
44,4062
32,4063
32,4064
32,4065
32,4066
19,4067
34,4068
2,4069
0,4070
26,4071
43,4072
29,4073
20,4074
38,4075
27,4076
32,4077
27,4078
12,4079
31,4080
1,4081
15,4082
42,4083
48,4084
2,4085
36,4086
12,4087
23,4088
5,4089
18,4090
9,4091
34,4092
31,4093
34,4094
28,4095
42,4096
10,4097
9,4098
47,4099
46,4100
34,4101
35,4102
26,4103
15,4104
23,4105
45,4106
35,4107
31,4108
3,4109
0,4110
7,4111
28,4112
28,4113
1,4114
30,4115
28,4116
45,4117
36,4118
31,4119
40,4120
34,4121
13,4122
15,4123
20,4124
13,4125
49,4126
24,4127
36,4128
13,4129
10,4130
8,4131
41,4132
36,4133
15,4134
29,4135
42,4136
26,4137
29,4138
9,4139
8,4140
43,4141
2,4142
32,4143
5,4144
13,4145
8,4146
17,4147
39,4148
6,4149
6,4150
13,4151
47,4152
40,4153
2,4154
9,4155
22,4156
10,4157
36,4158
13,4159
42,4160
38,4161
13,4162
33,4163
6,4164
10,4165
12,4166
32,4167
45,4168
41,4169
16,4170
5,4171
5,4172
27,4173
49,4174
3,4175
6,4176
33,4177
24,4178
10,4179
46,4180
5,4181
24,4182
5,4183
47,4184
28,4185
18,4186
22,4187
34,4188
1,4189
35,4190
22,4191
9,4192
48,4193
47,4194
27,4195
41,4196
45,4197
40,4198
35,4199
9,4200
40,4201
16,4202
27,4203
26,4204
32,4205
18,4206
34,4207
17,4208
48,4209
15,4210
19,4211
48,4212
22,4213
25,4214
4,4215
3,4216
12,4217
48,4218
45,4219
14,4220
4,4221
6,4222
24,4223
21,4224
24,4225
33,4226
34,4227
16,4228
4,4229
39,4230
2,4231
33,4232
33,4233
42,4234
36,4235
28,4236
28,4237
9,4238
15,4239
36,4240
46,4241
9,4242
15,4243
17,4244
46,4245
13,4246
15,4247
3,4248
10,4249
14,4250
46,4251
41,4252
8,4253
18,4254
32,4255
18,4256
40,4257
28,4258
34,4259
24,4260
18,4261
21,4262
34,4263
27,4264
21,4265
30,4266
20,4267
14,4268
41,4269
49,4270
16,4271
23,4272
21,4273
18,4274
44,4275
7,4276
4,4277
32,4278
7,4279
1,4280
9,4281
46,4282
16,4283
42,4284
40,4285
46,4286
48,4287
33,4288
46,4289
19,4290
45,4291
45,4292
23,4293
47,4294
49,4295
23,4296
19,4297
30,4298
21,4299
27,4300
18,4301
40,4302
40,4303
0,4304
4,4305
6,4306
16,4307
29,4308
27,4309
11,4310
28,4311
14,4312
13,4313
25,4314
42,4315
25,4316
47,4317
36,4318
37,4319
16,4320
15,4321
2,4322
49,4323
11,4324
24,4325
21,4326
9,4327
47,4328
20,4329
21,4330
10,4331
25,4332
23,4333
36,4334
29,4335
9,4336
9,4337
42,4338
23,4339
4,4340
45,4341
48,4342
13,4343
31,4344
43,4345
24,4346
23,4347
20,4348
0,4349
10,4350
18,4351
49,4352
41,4353
23,4354
32,4355
43,4356
15,4357
32,4358
20,4359
49,4360
28,4361
10,4362
37,4363
10,4364
44,4365
17,4366
25,4367
32,4368
11,4369
19,4370
22,4371
49,4372
28,4373
44,4374
10,4375
14,4376
32,4377
11,4378
44,4379
24,4380
14,4381
3,4382
38,4383
1,4384
1,4385
9,4386
44,4387
49,4388
11,4389
41,4390
4,4391
37,4392
8,4393
37,4394
31,4395
26,4396
10,4397
7,4398
36,4399
10,4400
1,4401
49,4402
14,4403
39,4404
0,4405
7,4406
15,4407
20,4408
5,4409
39,4410
48,4411
29,4412
28,4413
35,4414
0,4415
26,4416
7,4417
16,4418
4,4419
14,4420
36,4421
45,4422
37,4423
23,4424
45,4425
28,4426
11,4427
49,4428
2,4429
27,4430
2,4431
0,4432
7,4433
47,4434
12,4435
7,4436
16,4437
43,4438
16,4439
29,4440
24,4441
41,4442
21,4443
33,4444
8,4445
3,4446
16,4447
22,4448
24,4449
13,4450
24,4451
39,4452
13,4453
37,4454
21,4455
27,4456
10,4457
13,4458
40,4459
9,4460
11,4461
20,4462
18,4463
44,4464
24,4465
2,4466
3,4467
41,4468
39,4469
6,4470
36,4471
47,4472
10,4473
47,4474
10,4475
20,4476
43,4477
16,4478
2,4479
40,4480
48,4481
37,4482
27,4483
5,4484
4,4485
17,4486
32,4487
7,4488
44,4489
17,4490
24,4491
18,4492
47,4493
48,4494
27,4495
27,4496
15,4497
32,4498
48,4499
4,4500
35,4501
39,4502
9,4503
29,4504
5,4505
9,4506
41,4507
45,4508
0,4509
24,4510
21,4511
24,4512
32,4513
35,4514
38,4515
36,4516
12,4517
17,4518
35,4519
5,4520
46,4521
4,4522
42,4523
40,4524
33,4525
1,4526
47,4527
31,4528
32,4529
40,4530
48,4531
14,4532
1,4533
14,4534
44,4535
16,4536
27,4537
24,4538
23,4539
49,4540
11,4541
29,4542
35,4543
5,4544
43,4545
12,4546
14,4547
1,4548
32,4549
45,4550
37,4551
34,4552
35,4553
3,4554
38,4555
38,4556
40,4557
15,4558
0,4559
26,4560
36,4561
34,4562
12,4563
25,4564
14,4565
15,4566
13,4567
39,4568
32,4569
27,4570
22,4571
26,4572
46,4573
29,4574
9,4575
2,4576
39,4577
35,4578
49,4579
27,4580
4,4581
22,4582
32,4583
22,4584
11,4585
19,4586
27,4587
25,4588
23,4589
16,4590
44,4591
19,4592
11,4593
46,4594
32,4595
27,4596
39,4597
16,4598
40,4599
3,4600
9,4601
49,4602
7,4603
3,4604
6,4605
8,4606
3,4607
12,4608
2,4609
42,4610
10,4611
30,4612
48,4613
17,4614
37,4615
13,4616
26,4617
41,4618
38,4619
40,4620
22,4621
32,4622
29,4623
38,4624
39,4625
11,4626
5,4627
37,4628
11,4629
45,4630
42,4631
8,4632
45,4633
20,4634
1,4635
21,4636
11,4637
17,4638
2,4639
12,4640
40,4641
35,4642
38,4643
7,4644
47,4645
10,4646
17,4647
40,4648
49,4649
40,4650
42,4651
2,4652
41,4653
0,4654
45,4655
6,4656
41,4657
43,4658
15,4659
20,4660
32,4661
49,4662
17,4663
42,4664
40,4665
8,4666
5,4667
32,4668
45,4669
19,4670
23,4671
22,4672
18,4673
19,4674
38,4675
34,4676
24,4677
39,4678
37,4679
16,4680
15,4681
38,4682
28,4683
48,4684
34,4685
22,4686
26,4687
41,4688
16,4689
18,4690
3,4691
30,4692
0,4693
46,4694
8,4695
26,4696
6,4697
16,4698
31,4699
44,4700
4,4701
42,4702
49,4703
9,4704
38,4705
18,4706
7,4707
44,4708
40,4709
26,4710
29,4711
39,4712
29,4713
35,4714
8,4715
42,4716
20,4717
13,4718
40,4719
46,4720
8,4721
34,4722
33,4723
28,4724
24,4725
17,4726
13,4727
19,4728
2,4729
33,4730
0,4731
17,4732
8,4733
19,4734
37,4735
27,4736
40,4737
21,4738
18,4739
22,4740
20,4741
40,4742
31,4743
28,4744
13,4745
2,4746
49,4747
32,4748
6,4749
49,4750
30,4751
1,4752
29,4753
44,4754
42,4755
38,4756
33,4757
40,4758
28,4759
45,4760
5,4761
27,4762
36,4763
43,4764
19,4765
21,4766
37,4767
2,4768
14,4769
32,4770
24,4771
14,4772
38,4773
0,4774
4,4775
14,4776
11,4777
29,4778
20,4779
24,4780
44,4781
6,4782
1,4783
8,4784
32,4785
17,4786
36,4787
49,4788
41,4789
44,4790
16,4791
16,4792
4,4793
27,4794
3,4795
13,4796
34,4797
42,4798
40,4799
11,4800
21,4801
29,4802
36,4803
21,4804
16,4805
20,4806
49,4807
23,4808
39,4809
15,4810
26,4811
22,4812
39,4813
40,4814
5,4815
44,4816
36,4817
14,4818
47,4819
34,4820
3,4821
18,4822
43,4823
47,4824
21,4825
42,4826
16,4827
29,4828
38,4829
12,4830
48,4831
42,4832
47,4833
17,4834
1,4835
15,4836
45,4837
1,4838
13,4839
32,4840
32,4841
0,4842
28,4843
9,4844
39,4845
46,4846
49,4847
43,4848
1,4849
19,4850
36,4851
46,4852
7,4853
3,4854
34,4855
15,4856
22,4857
35,4858
25,4859
25,4860
6,4861
46,4862
49,4863
8,4864
9,4865
18,4866
15,4867
49,4868
24,4869
29,4870
30,4871
9,4872
10,4873
24,4874
18,4875
5,4876
38,4877
42,4878
12,4879
7,4880
7,4881
32,4882
39,4883
5,4884
44,4885
17,4886
20,4887
39,4888
39,4889
39,4890
22,4891
43,4892
27,4893
8,4894
9,4895
11,4896
22,4897
20,4898
33,4899
25,4900
2,4901
45,4902
37,4903
20,4904
20,4905
0,4906
20,4907
12,4908
15,4909
8,4910
23,4911
4,4912
4,4913
20,4914
44,4915
36,4916
39,4917
3,4918
10,4919
43,4920
41,4921
24,4922
25,4923
37,4924
25,4925
0,4926
41,4927
41,4928
18,4929
16,4930
48,4931
4,4932
40,4933
2,4934
9,4935
42,4936
46,4937
26,4938
10,4939
37,4940
3,4941
15,4942
22,4943
35,4944
42,4945
15,4946
34,4947
34,4948
42,4949
46,4950
12,4951
1,4952
43,4953
47,4954
16,4955
11,4956
37,4957
7,4958
10,4959
9,4960
23,4961
38,4962
43,4963
46,4964
25,4965
6,4966
21,4967
23,4968
13,4969
1,4970
17,4971
37,4972
45,4973
23,4974
43,4975
38,4976
40,4977
11,4978
21,4979
23,4980
34,4981
1,4982
5,4983
26,4984
30,4985
1,4986
22,4987
26,4988
34,4989
37,4990
15,4991
17,4992
40,4993
23,4994
11,4995
43,4996
42,4997
37,4998
25,4999
49,5000
10,5001
10,5002
18,5003
7,5004
37,5005
5,5006
8,5007
32,5008
14,5009
6,5010
46,5011
41,5012
27,5013
27,5014
35,5015
20,5016
2,5017
26,5018
35,5019
9,5020
45,5021
30,5022
13,5023
1,5024
33,5025
28,5026
37,5027
27,5028
37,5029
0,5030
41,5031
13,5032
27,5033
37,5034
24,5035
28,5036
3,5037
45,5038
17,5039
8,5040
33,5041
8,5042
8,5043
27,5044
46,5045
26,5046
33,5047
9,5048
49,5049
45,5050
44,5051
26,5052
37,5053
19,5054
28,5055
30,5056
14,5057
11,5058
11,5059
11,5060
44,5061
13,5062
3,5063
34,5064
38,5065
40,5066
32,5067
2,5068
9,5069
27,5070
4,5071
37,5072
47,5073
47,5074
35,5075
42,5076
30,5077
8,5078
44,5079
28,5080
25,5081
9,5082
13,5083
15,5084
4,5085
42,5086
38,5087
26,5088
36,5089
9,5090
33,5091
44,5092
38,5093
6,5094
26,5095
45,5096
44,5097
18,5098
45,5099
37,5100
23,5101
27,5102
41,5103
31,5104
48,5105
2,5106
10,5107
29,5108
38,5109
0,5110
24,5111
42,5112
40,5113
19,5114
37,5115
13,5116
31,5117
9,5118
11,5119
37,5120
7,5121
48,5122
47,5123
31,5124
5,5125
26,5126
8,5127
32,5128
4,5129
4,5130
7,5131
3,5132
28,5133
20,5134
26,5135
39,5136
2,5137
49,5138
3,5139
9,5140
34,5141
15,5142
38,5143
13,5144
14,5145
2,5146
11,5147
36,5148
37,5149
11,5150
12,5151
27,5152
41,5153
8,5154
35,5155
34,5156
36,5157
44,5158
1,5159
46,5160
23,5161
31,5162
48,5163
1,5164
8,5165
44,5166
21,5167
20,5168
40,5169
1,5170
45,5171
3,5172
16,5173
6,5174
17,5175
6,5176
22,5177
28,5178
34,5179
24,5180
7,5181
27,5182
33,5183
41,5184
29,5185
3,5186
17,5187
44,5188
46,5189
15,5190
40,5191
22,5192
9,5193
0,5194
39,5195
5,5196
22,5197
38,5198
46,5199
19,5200
26,5201
46,5202
0,5203
47,5204
9,5205
17,5206
48,5207
2,5208
34,5209
23,5210
43,5211
40,5212
39,5213
47,5214
31,5215
29,5216
16,5217
8,5218
17,5219
31,5220
46,5221
41,5222
45,5223
26,5224
48,5225
45,5226
28,5227
13,5228
16,5229
45,5230
41,5231
8,5232
39,5233
31,5234
18,5235
18,5236
3,5237
25,5238
21,5239
43,5240
0,5241
8,5242
0,5243
4,5244
34,5245
16,5246
4,5247
41,5248
18,5249
21,5250
46,5251
5,5252
36,5253
17,5254
13,5255
1,5256
19,5257
49,5258
17,5259
19,5260
46,5261
38,5262
2,5263
20,5264
36,5265
38,5266
40,5267
28,5268
44,5269
43,5270
2,5271
23,5272
30,5273
30,5274
3,5275
13,5276
7,5277
36,5278
9,5279
1,5280
17,5281
41,5282
21,5283
17,5284
25,5285
38,5286
16,5287
31,5288
18,5289
9,5290
1,5291
45,5292
4,5293
47,5294
7,5295
18,5296
16,5297
47,5298
17,5299
37,5300
43,5301
47,5302
14,5303
15,5304
41,5305
14,5306
23,5307
31,5308
12,5309
25,5310
38,5311
37,5312
4,5313
25,5314
5,5315
27,5316
29,5317
26,5318
33,5319
42,5320
24,5321
9,5322
27,5323
38,5324
0,5325
30,5326
8,5327
42,5328
33,5329
6,5330
31,5331
0,5332
33,5333
40,5334
43,5335
26,5336
42,5337
2,5338
43,5339
21,5340
15,5341
38,5342
0,5343
18,5344
48,5345
5,5346
6,5347
49,5348
40,5349
28,5350
29,5351
16,5352
49,5353
12,5354
49,5355
19,5356
4,5357
32,5358
46,5359
25,5360
10,5361
32,5362
25,5363
19,5364
49,5365
6,5366
32,5367
17,5368
38,5369
14,5370
40,5371
36,5372
27,5373
37,5374
11,5375
30,5376
0,5377
3,5378
12,5379
26,5380
24,5381
8,5382
17,5383
39,5384
32,5385
6,5386
9,5387
31,5388
1,5389
26,5390
30,5391
27,5392
37,5393
43,5394
24,5395
49,5396
43,5397
17,5398
34,5399
13,5400
6,5401
17,5402
9,5403
38,5404
22,5405
43,5406
14,5407
0,5408
15,5409
38,5410
21,5411
43,5412
28,5413
6,5414
11,5415
10,5416
34,5417
43,5418
30,5419
20,5420
22,5421
23,5422
4,5423
3,5424
40,5425
17,5426
12,5427
49,5428
8,5429
48,5430
17,5431
26,5432
45,5433
43,5434
38,5435
7,5436
42,5437
38,5438
2,5439
8,5440
43,5441
31,5442
37,5443
4,5444
1,5445
36,5446
34,5447
48,5448
29,5449
8,5450
12,5451
25,5452
29,5453
1,5454
5,5455
2,5456
3,5457
17,5458
44,5459
25,5460
44,5461
12,5462
14,5463
15,5464
16,5465
35,5466
40,5467
10,5468
32,5469
46,5470
2,5471
43,5472
43,5473
8,5474
45,5475
22,5476
25,5477
19,5478
38,5479
40,5480
46,5481
3,5482
31,5483
10,5484
29,5485
23,5486
40,5487
22,5488
8,5489
44,5490
18,5491
42,5492
21,5493
40,5494
47,5495
17,5496
14,5497
17,5498
46,5499
12,5500
27,5501
40,5502
37,5503
46,5504
2,5505
22,5506
24,5507
8,5508
41,5509
44,5510
31,5511
38,5512
14,5513
4,5514
10,5515
4,5516
13,5517
30,5518
34,5519
44,5520
44,5521
16,5522
2,5523
49,5524
5,5525
8,5526
0,5527
0,5528
36,5529
18,5530
9,5531
10,5532
18,5533
9,5534
8,5535
17,5536
32,5537
25,5538
39,5539
43,5540
15,5541
26,5542
36,5543
17,5544
17,5545
6,5546
43,5547
26,5548
16,5549
8,5550
31,5551
25,5552
34,5553
26,5554
48,5555
21,5556
9,5557
14,5558
8,5559
37,5560
46,5561
17,5562
5,5563
11,5564
22,5565
36,5566
27,5567
23,5568
42,5569
43,5570
33,5571
5,5572
17,5573
43,5574
8,5575
12,5576
33,5577
37,5578
37,5579
42,5580
27,5581
14,5582
16,5583
1,5584
34,5585
10,5586
34,5587
5,5588
32,5589
39,5590
35,5591
7,5592
2,5593
7,5594
12,5595
7,5596
38,5597
17,5598
24,5599
14,5600
12,5601
16,5602
29,5603
45,5604
5,5605
27,5606
15,5607
31,5608
5,5609
3,5610
12,5611
38,5612
24,5613
10,5614
5,5615
47,5616
26,5617
0,5618
2,5619
31,5620
29,5621
9,5622
34,5623
17,5624
31,5625
29,5626
21,5627
21,5628
45,5629
4,5630
25,5631
29,5632
0,5633
0,5634
16,5635
36,5636
27,5637
25,5638
11,5639
26,5640
15,5641
2,5642
30,5643
37,5644
25,5645
19,5646
43,5647
37,5648
1,5649
2,5650
28,5651
33,5652
17,5653
31,5654
0,5655
33,5656
18,5657
3,5658
19,5659
13,5660
25,5661
15,5662
4,5663
30,5664
39,5665
18,5666
43,5667
43,5668
23,5669
15,5670
49,5671
41,5672
21,5673
8,5674
11,5675
48,5676
1,5677
5,5678
0,5679
8,5680
40,5681
29,5682
10,5683
37,5684
32,5685
18,5686
28,5687
34,5688
0,5689
1,5690
44,5691
33,5692
20,5693
16,5694
37,5695
0,5696
24,5697
6,5698
41,5699
20,5700
37,5701
2,5702
3,5703
7,5704
0,5705
7,5706
46,5707
17,5708
23,5709
49,5710
26,5711
44,5712
24,5713
32,5714
14,5715
14,5716
25,5717
18,5718
9,5719
1,5720
46,5721
29,5722
25,5723
8,5724
38,5725
41,5726
3,5727
18,5728
41,5729
37,5730
33,5731
1,5732
11,5733
21,5734
48,5735
27,5736
25,5737
20,5738
31,5739
48,5740
1,5741
28,5742
9,5743
27,5744
43,5745
49,5746
32,5747
2,5748
27,5749
13,5750
17,5751
0,5752
39,5753
4,5754
46,5755
4,5756
29,5757
13,5758
14,5759
0,5760
18,5761
33,5762
40,5763
22,5764
32,5765
45,5766
22,5767
4,5768
40,5769
48,5770
2,5771
28,5772
36,5773
3,5774
49,5775
44,5776
19,5777
12,5778
45,5779
37,5780
11,5781
10,5782
36,5783
45,5784
8,5785
26,5786
3,5787
39,5788
2,5789
27,5790
41,5791
38,5792
37,5793
10,5794
49,5795
44,5796
45,5797
39,5798
24,5799
14,5800
14,5801
27,5802
31,5803
40,5804
42,5805
40,5806
1,5807
6,5808
5,5809
19,5810
38,5811
19,5812
2,5813
30,5814
4,5815
14,5816
31,5817
23,5818
1,5819
18,5820
9,5821
29,5822
22,5823
23,5824
37,5825
4,5826
42,5827
24,5828
34,5829
4,5830
21,5831
34,5832
19,5833
45,5834
43,5835
6,5836
16,5837
15,5838
24,5839
24,5840
15,5841
48,5842
35,5843
19,5844
28,5845
43,5846
27,5847
4,5848
10,5849
11,5850
10,5851
15,5852
42,5853
45,5854
42,5855
48,5856
9,5857
41,5858
21,5859
49,5860
7,5861
30,5862
14,5863
8,5864
48,5865
43,5866
25,5867
32,5868
25,5869
3,5870
44,5871
37,5872
37,5873
28,5874
22,5875
4,5876
13,5877
24,5878
22,5879
40,5880
30,5881
30,5882
43,5883
44,5884
16,5885
1,5886
37,5887
25,5888
1,5889
32,5890
17,5891
15,5892
27,5893
49,5894
19,5895
14,5896
17,5897
15,5898
40,5899
21,5900
17,5901
32,5902
7,5903
48,5904
29,5905
30,5906
10,5907
14,5908
39,5909
37,5910
22,5911
28,5912
5,5913
0,5914
12,5915
25,5916
20,5917
40,5918
14,5919
26,5920
7,5921
15,5922
33,5923
19,5924
49,5925
33,5926
2,5927
26,5928
45,5929
22,5930
22,5931
8,5932
8,5933
11,5934
38,5935
42,5936
5,5937
21,5938
4,5939
24,5940
35,5941
6,5942
46,5943
15,5944
20,5945
27,5946
47,5947
9,5948
24,5949
16,5950
20,5951
19,5952
29,5953
6,5954
37,5955
42,5956
35,5957
16,5958
48,5959
0,5960
15,5961
5,5962
0,5963
41,5964
8,5965
22,5966
18,5967
25,5968
27,5969
14,5970
3,5971
2,5972
47,5973
22,5974
26,5975
4,5976
7,5977
48,5978
28,5979
0,5980
2,5981
49,5982
26,5983
34,5984
36,5985
22,5986
10,5987
7,5988
47,5989
15,5990
12,5991
45,5992
14,5993
22,5994
49,5995
44,5996
28,5997
49,5998
30,5999
46,6000
17,6001
0,6002
30,6003
40,6004
48,6005
26,6006
13,6007
41,6008
47,6009
13,6010
36,6011
11,6012
13,6013
47,6014
39,6015
26,6016
49,6017
12,6018
22,6019
14,6020
47,6021
26,6022
36,6023
49,6024
23,6025
41,6026
49,6027
21,6028
33,6029
46,6030
39,6031
25,6032
19,6033
26,6034
10,6035
40,6036
13,6037
15,6038
34,6039
15,6040
8,6041
17,6042
28,6043
28,6044
49,6045
13,6046
16,6047
14,6048
49,6049
29,6050
0,6051
6,6052
37,6053
46,6054
14,6055
25,6056
0,6057
36,6058
37,6059
40,6060
10,6061
17,6062
16,6063
1,6064
42,6065
14,6066
32,6067
25,6068
6,6069
3,6070
23,6071
31,6072
32,6073
9,6074
31,6075
17,6076
6,6077
11,6078
47,6079
8,6080
11,6081
45,6082
3,6083
2,6084
48,6085
23,6086
9,6087
48,6088
27,6089
5,6090
8,6091
34,6092
26,6093
20,6094
7,6095
5,6096
2,6097
25,6098
43,6099
3,6100
3,6101
33,6102
41,6103
7,6104
19,6105
44,6106
39,6107
11,6108
2,6109
46,6110
40,6111
10,6112
19,6113
42,6114
31,6115
46,6116
0,6117
33,6118
42,6119
2,6120
27,6121
49,6122
6,6123
33,6124
5,6125
23,6126
17,6127
26,6128
32,6129
30,6130
38,6131
47,6132
14,6133
22,6134
26,6135
8,6136
12,6137
44,6138
23,6139
38,6140
2,6141
33,6142
3,6143
20,6144
7,6145
49,6146
28,6147
2,6148
32,6149
3,6150
36,6151
15,6152
18,6153
12,6154
20,6155
10,6156
43,6157
3,6158
44,6159
32,6160
33,6161
45,6162
16,6163
38,6164
48,6165
24,6166
43,6167
32,6168
12,6169
20,6170
13,6171
8,6172
46,6173
18,6174
2,6175
33,6176
46,6177
28,6178
18,6179
24,6180
6,6181
24,6182
9,6183
46,6184
5,6185
28,6186
20,6187
34,6188
7,6189
5,6190
43,6191
9,6192
32,6193
35,6194
38,6195
46,6196
49,6197
24,6198
29,6199
6,6200
0,6201
23,6202
13,6203
35,6204
5,6205
12,6206
18,6207
7,6208
1,6209
17,6210
5,6211
33,6212
7,6213
36,6214
27,6215
48,6216
11,6217
36,6218
32,6219
32,6220
17,6221
42,6222
2,6223
14,6224
49,6225
12,6226
44,6227
40,6228
9,6229
29,6230
41,6231
10,6232
11,6233
5,6234
43,6235
15,6236
9,6237
41,6238
34,6239
45,6240
25,6241
0,6242
49,6243
22,6244
39,6245
0,6246
6,6247
30,6248
22,6249
31,6250
1,6251
43,6252
5,6253
31,6254
19,6255
8,6256
22,6257
31,6258
3,6259
35,6260
1,6261
24,6262
15,6263
28,6264
35,6265
27,6266
48,6267
26,6268
36,6269
37,6270
9,6271
10,6272
27,6273
20,6274
39,6275
31,6276
39,6277
17,6278
36,6279
42,6280
11,6281
44,6282
25,6283
9,6284
23,6285
47,6286
45,6287
17,6288
29,6289
31,6290
23,6291
18,6292
2,6293
12,6294
3,6295
11,6296
32,6297
4,6298
37,6299
7,6300
4,6301
39,6302
12,6303
46,6304
25,6305
21,6306
24,6307
30,6308
31,6309
2,6310
2,6311
26,6312
37,6313
28,6314
0,6315
19,6316
32,6317
16,6318
39,6319
21,6320
12,6321
45,6322
31,6323
42,6324
25,6325
43,6326
37,6327
2,6328
47,6329
33,6330
11,6331
41,6332
32,6333
12,6334
8,6335
27,6336
22,6337
49,6338
3,6339
47,6340
45,6341
36,6342
14,6343
34,6344
8,6345
3,6346
15,6347
29,6348
7,6349
3,6350
49,6351
8,6352
19,6353
36,6354
19,6355
11,6356
2,6357
11,6358
10,6359
15,6360
11,6361
16,6362
16,6363
20,6364
28,6365
36,6366
18,6367
17,6368
33,6369
6,6370
47,6371
28,6372
18,6373
27,6374
41,6375
35,6376
35,6377
11,6378
35,6379
48,6380
16,6381
36,6382
49,6383
42,6384
20,6385
42,6386
12,6387
47,6388
7,6389
29,6390
35,6391
17,6392
5,6393
41,6394
23,6395
34,6396
5,6397
20,6398
16,6399
39,6400
31,6401
3,6402
26,6403
20,6404
47,6405
42,6406
20,6407
37,6408
38,6409
47,6410
41,6411
1,6412
3,6413
45,6414
13,6415
41,6416
39,6417
31,6418
30,6419
1,6420
14,6421
38,6422
46,6423
23,6424
30,6425
25,6426
16,6427
32,6428
19,6429
7,6430
39,6431
49,6432
41,6433
44,6434
43,6435
0,6436
3,6437
37,6438
18,6439
4,6440
1,6441
37,6442
34,6443
46,6444
24,6445
49,6446
24,6447
38,6448
37,6449
25,6450
49,6451
42,6452
48,6453
49,6454
37,6455
35,6456
29,6457
4,6458
15,6459
40,6460
3,6461
13,6462
13,6463
2,6464
43,6465
38,6466
38,6467
4,6468
30,6469
14,6470
12,6471
35,6472
0,6473
28,6474
10,6475
36,6476
34,6477
4,6478
25,6479
40,6480
24,6481
16,6482
34,6483
21,6484
8,6485
13,6486
12,6487
29,6488
35,6489
4,6490
36,6491
18,6492
11,6493
29,6494
41,6495
49,6496
38,6497
5,6498
30,6499
17,6500
42,6501
11,6502
49,6503
11,6504
21,6505
29,6506
46,6507
9,6508
44,6509
20,6510
6,6511
23,6512
19,6513
30,6514
13,6515
7,6516
31,6517
2,6518
35,6519
45,6520
21,6521
34,6522
31,6523
19,6524
13,6525
23,6526
35,6527
41,6528
9,6529
43,6530
46,6531
45,6532
22,6533
21,6534
3,6535
31,6536
2,6537
5,6538
7,6539
36,6540
6,6541
16,6542
39,6543
30,6544
10,6545
13,6546
21,6547
4,6548
7,6549
9,6550
15,6551
46,6552
20,6553
2,6554
28,6555
47,6556
24,6557
32,6558
6,6559
33,6560
1,6561
45,6562
40,6563
25,6564
32,6565
16,6566
4,6567
34,6568
21,6569
36,6570
5,6571
31,6572
18,6573
15,6574
24,6575
40,6576
9,6577
34,6578
5,6579
40,6580
22,6581
20,6582
16,6583
13,6584
36,6585
47,6586
24,6587
14,6588
9,6589
37,6590
23,6591
3,6592
36,6593
20,6594
23,6595
32,6596
4,6597
17,6598
1,6599
2,6600
27,6601
11,6602
30,6603
25,6604
17,6605
11,6606
24,6607
8,6608
35,6609
35,6610
35,6611
15,6612
14,6613
11,6614
2,6615
43,6616
30,6617
29,6618
43,6619
35,6620
4,6621
1,6622
23,6623
6,6624
30,6625
22,6626
30,6627
37,6628
29,6629
30,6630
28,6631
3,6632
49,6633
23,6634
49,6635
44,6636
44,6637
19,6638
19,6639
10,6640
47,6641
40,6642
23,6643
8,6644
36,6645
1,6646
30,6647
26,6648
18,6649
3,6650
21,6651
39,6652
17,6653
17,6654
45,6655
7,6656
12,6657
12,6658
27,6659
2,6660
47,6661
31,6662
5,6663
26,6664
26,6665
19,6666
30,6667
14,6668
29,6669
1,6670
18,6671
41,6672
33,6673
49,6674
19,6675
18,6676
3,6677
23,6678
2,6679
46,6680
9,6681
36,6682
20,6683
2,6684
32,6685
28,6686
9,6687
15,6688
49,6689
35,6690
43,6691
31,6692
8,6693
18,6694
1,6695
26,6696
2,6697
22,6698
0,6699
40,6700
46,6701
5,6702
32,6703
6,6704
27,6705
41,6706
15,6707
23,6708
5,6709
15,6710
12,6711
47,6712
26,6713
37,6714
41,6715
6,6716
18,6717
26,6718
4,6719
3,6720
30,6721
46,6722
37,6723
26,6724
48,6725
8,6726
16,6727
37,6728
31,6729
43,6730
43,6731
7,6732
8,6733
40,6734
33,6735
25,6736
32,6737
47,6738
37,6739
0,6740
44,6741
8,6742
45,6743
48,6744
42,6745
43,6746
8,6747
11,6748
29,6749
2,6750
26,6751
40,6752
43,6753
3,6754
44,6755
23,6756
18,6757
32,6758
22,6759
10,6760
10,6761
24,6762
3,6763
36,6764
30,6765
28,6766
11,6767
0,6768
5,6769
10,6770
25,6771
8,6772
7,6773
14,6774
16,6775
13,6776
24,6777
4,6778
13,6779
3,6780
17,6781
24,6782
46,6783
40,6784
2,6785
19,6786
7,6787
4,6788
1,6789
41,6790
20,6791
0,6792
49,6793
44,6794
40,6795
2,6796
44,6797
13,6798
34,6799
7,6800
29,6801
39,6802
8,6803
43,6804
16,6805
35,6806
47,6807
5,6808
17,6809
42,6810
25,6811
35,6812
18,6813
37,6814
37,6815
26,6816
33,6817
22,6818
39,6819
12,6820
13,6821
3,6822
49,6823
30,6824
47,6825
27,6826
9,6827
8,6828
33,6829
32,6830
29,6831
28,6832
4,6833
27,6834
16,6835
27,6836
12,6837
29,6838
38,6839
9,6840
28,6841
0,6842
12,6843
14,6844
9,6845
24,6846
1,6847
23,6848
11,6849
44,6850
32,6851
9,6852
31,6853
2,6854
45,6855
24,6856
44,6857
24,6858
39,6859
16,6860
18,6861
19,6862
4,6863
0,6864
21,6865
19,6866
4,6867
12,6868
8,6869
18,6870
28,6871
12,6872
26,6873
37,6874
21,6875
33,6876
5,6877
8,6878
20,6879
31,6880
1,6881
1,6882
21,6883
26,6884
7,6885
7,6886
48,6887
5,6888
32,6889
34,6890
31,6891
5,6892
23,6893
20,6894
38,6895
48,6896
47,6897
0,6898
18,6899
34,6900
45,6901
48,6902
4,6903
16,6904
31,6905
44,6906
35,6907
25,6908
49,6909
10,6910
25,6911
34,6912
4,6913
48,6914
8,6915
40,6916
30,6917
28,6918
44,6919
20,6920
16,6921
0,6922
43,6923
49,6924
28,6925
6,6926
47,6927
21,6928
20,6929
5,6930
37,6931
14,6932
30,6933
38,6934
24,6935
7,6936
18,6937
46,6938
46,6939
33,6940
49,6941
36,6942
0,6943
39,6944
13,6945
6,6946
29,6947
6,6948
2,6949
35,6950
0,6951
43,6952
24,6953
6,6954
9,6955
12,6956
7,6957
32,6958
36,6959
32,6960
29,6961
15,6962
34,6963
28,6964
20,6965
43,6966
26,6967
10,6968
6,6969
36,6970
9,6971
8,6972
1,6973
11,6974
5,6975
1,6976
15,6977
5,6978
38,6979
31,6980
44,6981
22,6982
20,6983
13,6984
37,6985
28,6986
12,6987
15,6988
14,6989
44,6990
42,6991
14,6992
8,6993
23,6994
28,6995
3,6996
21,6997
21,6998
34,6999
18,7000
45,7001
11,7002
11,7003
38,7004
34,7005
47,7006
32,7007
42,7008
40,7009
25,7010
8,7011
24,7012
22,7013
35,7014
11,7015
45,7016
28,7017
27,7018
36,7019
13,7020
14,7021
12,7022
46,7023
32,7024
27,7025
6,7026
48,7027
39,7028
27,7029
10,7030
11,7031
26,7032
12,7033
37,7034
34,7035
25,7036
48,7037
42,7038
2,7039
36,7040
7,7041
42,7042
35,7043
2,7044
11,7045
47,7046
11,7047
8,7048
1,7049
10,7050
37,7051
38,7052
4,7053
24,7054
49,7055
14,7056
5,7057
16,7058
29,7059
35,7060
34,7061
32,7062
45,7063
35,7064
41,7065
30,7066
31,7067
0,7068
28,7069
34,7070
19,7071
4,7072
9,7073
4,7074
30,7075
39,7076
49,7077
38,7078
34,7079
28,7080
19,7081
36,7082
6,7083
34,7084
2,7085
15,7086
35,7087
44,7088
27,7089
36,7090
24,7091
15,7092
20,7093
1,7094
47,7095
12,7096
40,7097
35,7098
2,7099
4,7100
24,7101
42,7102
14,7103
1,7104
22,7105
30,7106
47,7107
38,7108
38,7109
28,7110
40,7111
23,7112
45,7113
35,7114
34,7115
42,7116
20,7117
5,7118
5,7119
42,7120
24,7121
39,7122
7,7123
45,7124
26,7125
22,7126
46,7127
44,7128
1,7129
14,7130
43,7131
2,7132
26,7133
6,7134
8,7135
31,7136
43,7137
41,7138
12,7139
43,7140
31,7141
17,7142
16,7143
7,7144
48,7145
26,7146
42,7147
12,7148
47,7149
49,7150
48,7151
3,7152
31,7153
34,7154
37,7155
15,7156
49,7157
18,7158
14,7159
12,7160
48,7161
0,7162
42,7163
11,7164
39,7165
38,7166
45,7167
27,7168
15,7169
15,7170
9,7171
1,7172
3,7173
6,7174
36,7175
33,7176
8,7177
19,7178
38,7179
13,7180
1,7181
36,7182
31,7183
21,7184
39,7185
47,7186
49,7187
16,7188
29,7189
33,7190
40,7191
46,7192
23,7193
38,7194
9,7195
25,7196
9,7197
22,7198
8,7199
30,7200
34,7201
23,7202
44,7203
41,7204
48,7205
8,7206
22,7207
4,7208
9,7209
42,7210
2,7211
45,7212
38,7213
27,7214
16,7215
26,7216
1,7217
49,7218
43,7219
43,7220
18,7221
23,7222
40,7223
32,7224
25,7225
40,7226
28,7227
29,7228
22,7229
17,7230
28,7231
4,7232
12,7233
15,7234
11,7235
41,7236
26,7237
42,7238
49,7239
2,7240
31,7241
29,7242
16,7243
34,7244
29,7245
32,7246
27,7247
40,7248
39,7249
23,7250
20,7251
7,7252
42,7253
14,7254
1,7255
24,7256
41,7257
13,7258
37,7259
25,7260
16,7261
39,7262
13,7263
28,7264
48,7265
37,7266
41,7267
47,7268
24,7269
48,7270
32,7271
19,7272
38,7273
21,7274
36,7275
8,7276
11,7277
21,7278
23,7279
10,7280
26,7281
22,7282
21,7283
36,7284
16,7285
37,7286
35,7287
18,7288
47,7289
9,7290
5,7291
37,7292
15,7293
10,7294
25,7295
8,7296
34,7297
3,7298
14,7299
46,7300
36,7301
29,7302
17,7303
16,7304
47,7305
33,7306
49,7307
4,7308
0,7309
47,7310
44,7311
43,7312
32,7313
22,7314
24,7315
23,7316
46,7317
18,7318
27,7319
39,7320
33,7321
2,7322
8,7323
18,7324
45,7325
22,7326
20,7327
15,7328
17,7329
48,7330
35,7331
23,7332
46,7333
34,7334
28,7335
24,7336
41,7337
5,7338
42,7339
18,7340
10,7341
24,7342
35,7343
41,7344
49,7345
31,7346
22,7347
9,7348
15,7349
37,7350
37,7351
29,7352
14,7353
49,7354
10,7355
38,7356
14,7357
17,7358
10,7359
4,7360
41,7361
48,7362
19,7363
32,7364
19,7365
24,7366
20,7367
9,7368
34,7369
32,7370
44,7371
10,7372
40,7373
18,7374
39,7375
26,7376
33,7377
6,7378
31,7379
15,7380
19,7381
38,7382
36,7383
25,7384
46,7385
31,7386
27,7387
41,7388
36,7389
31,7390
15,7391
33,7392
31,7393
49,7394
23,7395
45,7396
11,7397
4,7398
10,7399
7,7400
32,7401
12,7402
39,7403
1,7404
28,7405
14,7406
14,7407
28,7408
40,7409
33,7410
16,7411
32,7412
8,7413
33,7414
22,7415
28,7416
41,7417
15,7418
27,7419
1,7420
42,7421
21,7422
25,7423
11,7424
0,7425
15,7426
48,7427
24,7428
44,7429
45,7430
49,7431
37,7432
19,7433
35,7434
17,7435
28,7436
39,7437
31,7438
19,7439
12,7440
3,7441
19,7442
25,7443
8,7444
35,7445
19,7446
39,7447
38,7448
28,7449
15,7450
20,7451
45,7452
35,7453
14,7454
11,7455
48,7456
39,7457
42,7458
31,7459
26,7460
31,7461
27,7462
16,7463
8,7464
5,7465
13,7466
46,7467
19,7468
13,7469
28,7470
9,7471
41,7472
14,7473
10,7474
32,7475
2,7476
32,7477
14,7478
35,7479
13,7480
20,7481
8,7482
16,7483
30,7484
32,7485
25,7486
35,7487
39,7488
49,7489
20,7490
3,7491
24,7492
5,7493
1,7494
44,7495
34,7496
12,7497
4,7498
40,7499
24,7500
29,7501
13,7502
27,7503
35,7504
34,7505
5,7506
48,7507
28,7508
35,7509
39,7510
12,7511
22,7512
5,7513
20,7514
2,7515
0,7516
19,7517
23,7518
13,7519
40,7520
15,7521
33,7522
43,7523
49,7524
10,7525
0,7526
2,7527
1,7528
1,7529
7,7530
11,7531
12,7532
10,7533
1,7534
29,7535
11,7536
19,7537
44,7538
9,7539
21,7540
4,7541
46,7542
13,7543
48,7544
32,7545
46,7546
1,7547
28,7548
4,7549
21,7550
48,7551
14,7552
11,7553
38,7554
16,7555
34,7556
8,7557
38,7558
10,7559
33,7560
17,7561
1,7562
3,7563
39,7564
49,7565
48,7566
30,7567
28,7568
2,7569
8,7570
4,7571
6,7572
20,7573
6,7574
5,7575
45,7576
9,7577
17,7578
16,7579
26,7580
35,7581
15,7582
4,7583
28,7584
17,7585
37,7586
30,7587
21,7588
25,7589
14,7590
35,7591
12,7592
0,7593
7,7594
12,7595
48,7596
24,7597
0,7598
5,7599
9,7600
2,7601
44,7602
33,7603
43,7604
35,7605
7,7606
4,7607
35,7608
13,7609
22,7610
7,7611
6,7612
3,7613
42,7614
20,7615
49,7616
15,7617
36,7618
40,7619
25,7620
39,7621
26,7622
21,7623
28,7624
24,7625
46,7626
37,7627
34,7628
16,7629
7,7630
41,7631
4,7632
41,7633
11,7634
33,7635
17,7636
29,7637
8,7638
44,7639
11,7640
18,7641
48,7642
43,7643
29,7644
42,7645
29,7646
4,7647
6,7648
2,7649
6,7650
2,7651
46,7652
47,7653
24,7654
42,7655
13,7656
16,7657
4,7658
16,7659
45,7660
5,7661
17,7662
21,7663
41,7664
31,7665
31,7666
0,7667
21,7668
46,7669
25,7670
34,7671
6,7672
5,7673
43,7674
43,7675
13,7676
43,7677
44,7678
27,7679
11,7680
41,7681
30,7682
35,7683
20,7684
33,7685
49,7686
20,7687
43,7688
28,7689
34,7690
15,7691
45,7692
2,7693
29,7694
26,7695
35,7696
48,7697
36,7698
8,7699
12,7700
43,7701
47,7702
33,7703
20,7704
30,7705
26,7706
15,7707
18,7708
22,7709
43,7710
0,7711
2,7712
15,7713
21,7714
4,7715
29,7716
2,7717
3,7718
32,7719
16,7720
27,7721
32,7722
6,7723
0,7724
45,7725
27,7726
2,7727
14,7728
8,7729
48,7730
18,7731
23,7732
6,7733
16,7734
41,7735
19,7736
18,7737
32,7738
34,7739
4,7740
8,7741
23,7742
14,7743
17,7744
28,7745
17,7746
8,7747
24,7748
46,7749
39,7750
0,7751
14,7752
49,7753
26,7754
8,7755
2,7756
32,7757
32,7758
44,7759
15,7760
35,7761
12,7762
1,7763
34,7764
7,7765
13,7766
33,7767
12,7768
38,7769
37,7770
6,7771
35,7772
26,7773
44,7774
32,7775
32,7776
38,7777
36,7778
12,7779
6,7780
15,7781
29,7782
10,7783
34,7784
38,7785
21,7786
10,7787
12,7788
8,7789
19,7790
45,7791
44,7792
12,7793
46,7794
28,7795
38,7796
19,7797
45,7798
39,7799
38,7800
28,7801
3,7802
31,7803
11,7804
27,7805
19,7806
24,7807
9,7808
40,7809
34,7810
3,7811
0,7812
4,7813
47,7814
9,7815
47,7816
24,7817
30,7818
28,7819
3,7820
11,7821
35,7822
42,7823
14,7824
48,7825
11,7826
22,7827
10,7828
35,7829
23,7830
25,7831
32,7832
9,7833
12,7834
15,7835
26,7836
33,7837
49,7838
14,7839
36,7840
14,7841
2,7842
39,7843
43,7844
40,7845
31,7846
5,7847
35,7848
14,7849
24,7850
23,7851
21,7852
1,7853
1,7854
11,7855
23,7856
30,7857
18,7858
9,7859
36,7860
47,7861
48,7862
20,7863
34,7864
11,7865
24,7866
29,7867
3,7868
42,7869
34,7870
20,7871
43,7872
1,7873
8,7874
20,7875
35,7876
49,7877
5,7878
45,7879
28,7880
30,7881
31,7882
26,7883
33,7884
14,7885
0,7886
19,7887
31,7888
10,7889
48,7890
41,7891
35,7892
17,7893
5,7894
7,7895
39,7896
25,7897
33,7898
32,7899
34,7900
18,7901
39,7902
44,7903
7,7904
6,7905
48,7906
24,7907
15,7908
6,7909
21,7910
12,7911
30,7912
45,7913
28,7914
20,7915
34,7916
18,7917
33,7918
41,7919
15,7920
36,7921
7,7922
8,7923
16,7924
19,7925
26,7926
11,7927
31,7928
17,7929
7,7930
49,7931
27,7932
18,7933
35,7934
4,7935
25,7936
42,7937
22,7938
44,7939
12,7940
17,7941
20,7942
6,7943
34,7944
30,7945
4,7946
22,7947
2,7948
12,7949
36,7950
4,7951
25,7952
12,7953
20,7954
0,7955
41,7956
0,7957
41,7958
44,7959
0,7960
9,7961
37,7962
18,7963
5,7964
8,7965
17,7966
41,7967
33,7968
48,7969
45,7970
6,7971
35,7972
9,7973
16,7974
24,7975
37,7976
30,7977
16,7978
20,7979
7,7980
9,7981
34,7982
31,7983
46,7984
17,7985
16,7986
43,7987
40,7988
1,7989
37,7990
2,7991
14,7992
43,7993
42,7994
33,7995
2,7996
6,7997
3,7998
39,7999
24,8000
6,8001
46,8002
8,8003
17,8004
20,8005
47,8006
4,8007
29,8008
0,8009
36,8010
15,8011
37,8012
31,8013
47,8014
5,8015
14,8016
18,8017
26,8018
33,8019
22,8020
2,8021
30,8022
43,8023
32,8024
39,8025
4,8026
31,8027
27,8028
1,8029
13,8030
27,8031
44,8032
41,8033
15,8034
0,8035
18,8036
47,8037
26,8038
48,8039
46,8040
33,8041
44,8042
16,8043
46,8044
23,8045
29,8046
25,8047
40,8048
42,8049
30,8050
15,8051
11,8052
10,8053
47,8054
30,8055
19,8056
21,8057
23,8058
4,8059
13,8060
27,8061
14,8062
11,8063
23,8064
0,8065
37,8066
46,8067
16,8068
27,8069
45,8070
46,8071
36,8072
20,8073
13,8074
19,8075
31,8076
27,8077
24,8078
44,8079
21,8080
43,8081
40,8082
21,8083
29,8084
42,8085
5,8086
37,8087
28,8088
25,8089
0,8090
4,8091
1,8092
6,8093
32,8094
35,8095
32,8096
4,8097
26,8098
2,8099
13,8100
21,8101
21,8102
37,8103
3,8104
49,8105
34,8106
40,8107
4,8108
27,8109
5,8110
45,8111
19,8112
44,8113
34,8114
23,8115
32,8116
48,8117
5,8118
43,8119
1,8120
4,8121
7,8122
0,8123
44,8124
11,8125
9,8126
35,8127
15,8128
2,8129
13,8130
42,8131
35,8132
35,8133
26,8134
1,8135
29,8136
32,8137
49,8138
3,8139
3,8140
33,8141
40,8142
47,8143
13,8144
32,8145
26,8146
38,8147
8,8148
30,8149
20,8150
41,8151
49,8152
46,8153
19,8154
12,8155
27,8156
22,8157
49,8158
8,8159
1,8160
48,8161
47,8162
14,8163
29,8164
43,8165
44,8166
21,8167
45,8168
18,8169
25,8170
25,8171
17,8172
32,8173
34,8174
11,8175
39,8176
47,8177
9,8178
43,8179
42,8180
13,8181
48,8182
21,8183
44,8184
19,8185
21,8186
7,8187
10,8188
0,8189
14,8190
0,8191
40,8192
19,8193
17,8194
16,8195
20,8196
13,8197
26,8198
49,8199
9,8200
43,8201
46,8202
22,8203
2,8204
4,8205
15,8206
10,8207
44,8208
24,8209
40,8210
30,8211
10,8212
11,8213
17,8214
33,8215
43,8216
42,8217
34,8218
8,8219
6,8220
6,8221
18,8222
10,8223
23,8224
42,8225
5,8226
20,8227
22,8228
35,8229
20,8230
42,8231
16,8232
30,8233
9,8234
26,8235
19,8236
31,8237
39,8238
31,8239
1,8240
47,8241
23,8242
23,8243
14,8244
16,8245
32,8246
0,8247
49,8248
44,8249
31,8250
39,8251
27,8252
17,8253
41,8254
36,8255
7,8256
21,8257
19,8258
12,8259
46,8260
25,8261
35,8262
37,8263
15,8264
34,8265
47,8266
28,8267
6,8268
15,8269
38,8270
25,8271
16,8272
41,8273
22,8274
4,8275
20,8276
44,8277
13,8278
28,8279
3,8280
35,8281
9,8282
36,8283
13,8284
21,8285
12,8286
19,8287
24,8288
11,8289
39,8290
41,8291
9,8292
48,8293
35,8294
6,8295
7,8296
3,8297
36,8298
45,8299
35,8300
12,8301
7,8302
3,8303
17,8304
24,8305
10,8306
23,8307
17,8308
28,8309
25,8310
5,8311
13,8312
17,8313
39,8314
7,8315
20,8316
26,8317
26,8318
18,8319
8,8320
25,8321
11,8322
0,8323
10,8324
11,8325
1,8326
26,8327
3,8328
44,8329
1,8330
37,8331
14,8332
19,8333
49,8334
29,8335
32,8336
38,8337
24,8338
27,8339
15,8340
37,8341
38,8342
49,8343
7,8344
26,8345
2,8346
44,8347
35,8348
0,8349
5,8350
15,8351
41,8352
7,8353
12,8354
23,8355
5,8356
6,8357
10,8358
13,8359
49,8360
27,8361
33,8362
1,8363
24,8364
29,8365
9,8366
20,8367
1,8368
25,8369
4,8370
44,8371
21,8372
42,8373
24,8374
9,8375
16,8376
27,8377
27,8378
9,8379
1,8380
19,8381
35,8382
20,8383
39,8384
17,8385
38,8386
19,8387
48,8388
23,8389
20,8390
3,8391
35,8392
44,8393
9,8394
15,8395
32,8396
39,8397
10,8398
5,8399
20,8400
45,8401
17,8402
29,8403
42,8404
21,8405
43,8406
28,8407
38,8408
44,8409
14,8410
38,8411
6,8412
42,8413
43,8414
21,8415
34,8416
12,8417
20,8418
30,8419
49,8420
5,8421
20,8422
20,8423
6,8424
0,8425
34,8426
40,8427
5,8428
10,8429
14,8430
13,8431
42,8432
18,8433
36,8434
33,8435
0,8436
29,8437
3,8438
10,8439
17,8440
12,8441
47,8442
30,8443
4,8444
43,8445
38,8446
5,8447
0,8448
40,8449
32,8450
7,8451
34,8452
6,8453
21,8454
39,8455
35,8456
44,8457
19,8458
36,8459
12,8460
19,8461
6,8462
16,8463
20,8464
17,8465
34,8466
39,8467
20,8468
2,8469
46,8470
49,8471
44,8472
22,8473
22,8474
25,8475
11,8476
18,8477
9,8478
46,8479
44,8480
43,8481
5,8482
35,8483
12,8484
12,8485
14,8486
22,8487
10,8488
26,8489
2,8490
47,8491
18,8492
16,8493
3,8494
48,8495
1,8496
17,8497
9,8498
37,8499
37,8500
29,8501
4,8502
6,8503
21,8504
34,8505
19,8506
48,8507
25,8508
38,8509
34,8510
31,8511
41,8512
19,8513
14,8514
46,8515
40,8516
0,8517
40,8518
4,8519
40,8520
46,8521
3,8522
13,8523
35,8524
37,8525
21,8526
48,8527
5,8528
22,8529
12,8530
8,8531
16,8532
44,8533
43,8534
29,8535
48,8536
34,8537
45,8538
35,8539
31,8540
6,8541
5,8542
28,8543
16,8544
20,8545
0,8546
20,8547
42,8548
36,8549
45,8550
14,8551
0,8552
39,8553
39,8554
36,8555
0,8556
44,8557
39,8558
37,8559
14,8560
38,8561
44,8562
30,8563
26,8564
13,8565
24,8566
9,8567
21,8568
11,8569
43,8570
21,8571
32,8572
4,8573
12,8574
37,8575
6,8576
41,8577
27,8578
1,8579
3,8580
33,8581
41,8582
48,8583
19,8584
27,8585
5,8586
28,8587
35,8588
17,8589
7,8590
38,8591
41,8592
20,8593
39,8594
29,8595
14,8596
38,8597
19,8598
3,8599
21,8600
0,8601
32,8602
6,8603
29,8604
17,8605
2,8606
28,8607
44,8608
20,8609
12,8610
7,8611
38,8612
36,8613
38,8614
12,8615
49,8616
20,8617
23,8618
23,8619
22,8620
16,8621
4,8622
16,8623
36,8624
26,8625
39,8626
15,8627
21,8628
49,8629
7,8630
48,8631
44,8632
25,8633
31,8634
27,8635
23,8636
12,8637
31,8638
11,8639
32,8640
25,8641
43,8642
12,8643
37,8644
26,8645
12,8646
19,8647
34,8648
2,8649
40,8650
18,8651
27,8652
5,8653
13,8654
14,8655
11,8656
4,8657
49,8658
15,8659
19,8660
37,8661
30,8662
16,8663
20,8664
33,8665
45,8666
35,8667
4,8668
20,8669
21,8670
23,8671
45,8672
10,8673
4,8674
31,8675
22,8676
0,8677
48,8678
31,8679
0,8680
41,8681
2,8682
38,8683
20,8684
38,8685
8,8686
5,8687
3,8688
16,8689
18,8690
12,8691
46,8692
42,8693
32,8694
10,8695
32,8696
2,8697
18,8698
16,8699
13,8700
45,8701
21,8702
20,8703
25,8704
34,8705
41,8706
25,8707
20,8708
35,8709
35,8710
30,8711
27,8712
13,8713
17,8714
10,8715
10,8716
49,8717
23,8718
17,8719
24,8720
9,8721
33,8722
29,8723
21,8724
41,8725
31,8726
25,8727
10,8728
3,8729
18,8730
48,8731
3,8732
43,8733
2,8734
40,8735
41,8736
45,8737
47,8738
33,8739
29,8740
45,8741
42,8742
34,8743
22,8744
14,8745
15,8746
38,8747
41,8748
40,8749
5,8750
7,8751
24,8752
37,8753
26,8754
40,8755
0,8756
29,8757
0,8758
22,8759
22,8760
19,8761
37,8762
26,8763
31,8764
49,8765
49,8766
39,8767
2,8768
22,8769
41,8770
43,8771
10,8772
13,8773
7,8774
10,8775
2,8776
34,8777
42,8778
37,8779
16,8780
0,8781
30,8782
20,8783
20,8784
29,8785
25,8786
38,8787
38,8788
47,8789
10,8790
30,8791
6,8792
38,8793
3,8794
12,8795
45,8796
2,8797
42,8798
36,8799
47,8800
40,8801
25,8802
46,8803
6,8804
7,8805
4,8806
22,8807
34,8808
41,8809
33,8810
48,8811
2,8812
12,8813
2,8814
19,8815
23,8816
49,8817
20,8818
38,8819
40,8820
37,8821
17,8822
37,8823
17,8824
22,8825
22,8826
29,8827
42,8828
23,8829
31,8830
15,8831
19,8832
18,8833
24,8834
20,8835
8,8836
15,8837
39,8838
17,8839
40,8840
21,8841
46,8842
15,8843
11,8844
42,8845
5,8846
31,8847
31,8848
31,8849
32,8850
37,8851
0,8852
36,8853
10,8854
7,8855
26,8856
1,8857
43,8858
42,8859
12,8860
35,8861
30,8862
10,8863
37,8864
30,8865
34,8866
8,8867
34,8868
1,8869
1,8870
27,8871
13,8872
29,8873
5,8874
48,8875
15,8876
8,8877
24,8878
38,8879
24,8880
28,8881
48,8882
22,8883
41,8884
43,8885
44,8886
28,8887
9,8888
22,8889
7,8890
24,8891
37,8892
22,8893
4,8894
12,8895
36,8896
13,8897
12,8898
15,8899
32,8900
25,8901
19,8902
46,8903
19,8904
40,8905
13,8906
25,8907
11,8908
7,8909
22,8910
16,8911
6,8912
30,8913
12,8914
7,8915
0,8916
27,8917
41,8918
22,8919
25,8920
40,8921
41,8922
6,8923
42,8924
11,8925
22,8926
20,8927
24,8928
44,8929
33,8930
27,8931
41,8932
39,8933
15,8934
42,8935
42,8936
1,8937
9,8938
17,8939
49,8940
16,8941
36,8942
11,8943
5,8944
33,8945
44,8946
0,8947
39,8948
40,8949
12,8950
2,8951
14,8952
44,8953
7,8954
5,8955
31,8956
32,8957
23,8958
44,8959
44,8960
16,8961
29,8962
17,8963
23,8964
40,8965
19,8966
32,8967
5,8968
12,8969
4,8970
33,8971
47,8972
25,8973
7,8974
17,8975
42,8976
32,8977
1,8978
18,8979
30,8980
29,8981
41,8982
10,8983
41,8984
14,8985
6,8986
5,8987
32,8988
30,8989
13,8990
44,8991
45,8992
20,8993
30,8994
2,8995
15,8996
27,8997
7,8998
32,8999
32,9000
26,9001
8,9002
11,9003
2,9004
10,9005
4,9006
20,9007
22,9008
16,9009
29,9010
5,9011
14,9012
42,9013
42,9014
6,9015
17,9016
8,9017
34,9018
14,9019
7,9020
49,9021
20,9022
42,9023
28,9024
10,9025
9,9026
31,9027
39,9028
28,9029
26,9030
46,9031
26,9032
49,9033
39,9034
44,9035
25,9036
4,9037
47,9038
29,9039
34,9040
16,9041
27,9042
28,9043
41,9044
7,9045
7,9046
16,9047
20,9048
9,9049
11,9050
37,9051
15,9052
21,9053
3,9054
21,9055
30,9056
18,9057
24,9058
26,9059
5,9060
16,9061
36,9062
10,9063
9,9064
21,9065
44,9066
46,9067
30,9068
44,9069
40,9070
35,9071
2,9072
29,9073
27,9074
11,9075
19,9076
41,9077
28,9078
6,9079
25,9080
42,9081
47,9082
8,9083
10,9084
11,9085
45,9086
7,9087
32,9088
19,9089
37,9090
12,9091
45,9092
28,9093
38,9094
22,9095
25,9096
46,9097
5,9098
7,9099
9,9100
39,9101
23,9102
33,9103
22,9104
27,9105
13,9106
40,9107
35,9108
44,9109
0,9110
12,9111
22,9112
19,9113
17,9114
14,9115
5,9116
30,9117
45,9118
31,9119
38,9120
14,9121
0,9122
2,9123
3,9124
6,9125
12,9126
9,9127
31,9128
12,9129
14,9130
10,9131
48,9132
29,9133
3,9134
43,9135
43,9136
16,9137
27,9138
11,9139
43,9140
41,9141
14,9142
36,9143
44,9144
43,9145
38,9146
47,9147
15,9148
31,9149
21,9150
30,9151
31,9152
32,9153
10,9154
12,9155
20,9156
15,9157
9,9158
0,9159
11,9160
45,9161
41,9162
20,9163
30,9164
13,9165
22,9166
18,9167
28,9168
42,9169
10,9170
8,9171
9,9172
48,9173
39,9174
6,9175
36,9176
18,9177
21,9178
38,9179
37,9180
27,9181
25,9182
46,9183
18,9184
35,9185
47,9186
2,9187
35,9188
40,9189
3,9190
11,9191
40,9192
37,9193
21,9194
2,9195
30,9196
44,9197
37,9198
12,9199
43,9200
12,9201
3,9202
9,9203
2,9204
43,9205
42,9206
39,9207
47,9208
25,9209
32,9210
31,9211
12,9212
15,9213
9,9214
15,9215
37,9216
27,9217
9,9218
17,9219
10,9220
11,9221
29,9222
24,9223
32,9224
14,9225
13,9226
17,9227
49,9228
30,9229
5,9230
7,9231
17,9232
48,9233
39,9234
43,9235
7,9236
7,9237
19,9238
14,9239
46,9240
42,9241
18,9242
42,9243
36,9244
17,9245
5,9246
25,9247
1,9248
15,9249
31,9250
29,9251
33,9252
22,9253
22,9254
37,9255
44,9256
27,9257
6,9258
38,9259
31,9260
30,9261
9,9262
37,9263
26,9264
31,9265
12,9266
26,9267
2,9268
29,9269
43,9270
36,9271
34,9272
7,9273
46,9274
8,9275
36,9276
11,9277
47,9278
27,9279
31,9280
34,9281
46,9282
44,9283
18,9284
36,9285
8,9286
16,9287
42,9288
47,9289
1,9290
7,9291
37,9292
34,9293
14,9294
15,9295
33,9296
47,9297
3,9298
10,9299
36,9300
24,9301
2,9302
20,9303
23,9304
20,9305
38,9306
32,9307
14,9308
9,9309
32,9310
44,9311
5,9312
32,9313
31,9314
38,9315
43,9316
48,9317
28,9318
30,9319
38,9320
35,9321
1,9322
5,9323
45,9324
20,9325
20,9326
20,9327
24,9328
4,9329
15,9330
43,9331
0,9332
41,9333
47,9334
39,9335
1,9336
28,9337
42,9338
0,9339
17,9340
4,9341
18,9342
10,9343
16,9344
5,9345
33,9346
35,9347
12,9348
16,9349
15,9350
35,9351
33,9352
43,9353
24,9354
20,9355
29,9356
26,9357
7,9358
49,9359
19,9360
1,9361
7,9362
46,9363
31,9364
41,9365
10,9366
45,9367
19,9368
35,9369
5,9370
33,9371
10,9372
35,9373
5,9374
9,9375
32,9376
24,9377
6,9378
35,9379
2,9380
13,9381
4,9382
34,9383
23,9384
13,9385
17,9386
34,9387
26,9388
18,9389
6,9390
5,9391
1,9392
19,9393
16,9394
27,9395
4,9396
11,9397
48,9398
33,9399
31,9400
2,9401
48,9402
23,9403
16,9404
20,9405
24,9406
33,9407
29,9408
15,9409
10,9410
12,9411
34,9412
48,9413
33,9414
24,9415
36,9416
24,9417
27,9418
23,9419
27,9420
47,9421
35,9422
20,9423
13,9424
10,9425
16,9426
32,9427
8,9428
31,9429
16,9430
42,9431
8,9432
8,9433
5,9434
3,9435
44,9436
20,9437
25,9438
41,9439
47,9440
8,9441
23,9442
26,9443
48,9444
46,9445
0,9446
34,9447
5,9448
24,9449
3,9450
45,9451
5,9452
27,9453
19,9454
24,9455
10,9456
36,9457
13,9458
19,9459
46,9460
28,9461
12,9462
37,9463
25,9464
22,9465
17,9466
6,9467
37,9468
20,9469
5,9470
28,9471
19,9472
1,9473
23,9474
21,9475
10,9476
25,9477
5,9478
5,9479
28,9480
26,9481
26,9482
14,9483
49,9484
28,9485
36,9486
39,9487
15,9488
39,9489
47,9490
11,9491
12,9492
49,9493
41,9494
27,9495
30,9496
41,9497
13,9498
15,9499
1,9500
16,9501
45,9502
24,9503
24,9504
36,9505
45,9506
19,9507
42,9508
46,9509
48,9510
7,9511
45,9512
31,9513
35,9514
29,9515
3,9516
48,9517
17,9518
28,9519
20,9520
16,9521
11,9522
19,9523
0,9524
32,9525
41,9526
20,9527
14,9528
27,9529
7,9530
20,9531
36,9532
35,9533
46,9534
1,9535
25,9536
34,9537
6,9538
41,9539
37,9540
42,9541
25,9542
22,9543
17,9544
26,9545
12,9546
0,9547
18,9548
41,9549
17,9550
6,9551
32,9552
30,9553
15,9554
48,9555
26,9556
28,9557
29,9558
36,9559
42,9560
36,9561
43,9562
17,9563
32,9564
31,9565
37,9566
25,9567
29,9568
36,9569
5,9570
32,9571
32,9572
21,9573
28,9574
0,9575
42,9576
33,9577
26,9578
36,9579
16,9580
35,9581
6,9582
48,9583
36,9584
43,9585
29,9586
35,9587
11,9588
6,9589
27,9590
20,9591
18,9592
11,9593
4,9594
30,9595
30,9596
24,9597
28,9598
26,9599
21,9600
38,9601
41,9602
29,9603
21,9604
35,9605
4,9606
24,9607
35,9608
1,9609
17,9610
21,9611
32,9612
10,9613
44,9614
8,9615
23,9616
42,9617
30,9618
42,9619
28,9620
30,9621
12,9622
49,9623
37,9624
27,9625
17,9626
18,9627
14,9628
30,9629
35,9630
45,9631
23,9632
25,9633
7,9634
27,9635
38,9636
11,9637
45,9638
16,9639
36,9640
32,9641
45,9642
39,9643
49,9644
37,9645
45,9646
49,9647
42,9648
9,9649
2,9650
24,9651
7,9652
2,9653
16,9654
9,9655
3,9656
46,9657
13,9658
0,9659
38,9660
21,9661
5,9662
4,9663
1,9664
31,9665
2,9666
33,9667
6,9668
47,9669
38,9670
38,9671
17,9672
24,9673
40,9674
34,9675
14,9676
12,9677
32,9678
47,9679
39,9680
2,9681
13,9682
35,9683
24,9684
13,9685
24,9686
40,9687
19,9688
18,9689
31,9690
28,9691
23,9692
11,9693
9,9694
48,9695
7,9696
45,9697
1,9698
40,9699
3,9700
8,9701
9,9702
49,9703
24,9704
7,9705
47,9706
13,9707
38,9708
8,9709
8,9710
10,9711
9,9712
35,9713
28,9714
15,9715
22,9716
41,9717
13,9718
21,9719
6,9720
34,9721
38,9722
47,9723
22,9724
42,9725
15,9726
25,9727
13,9728
22,9729
9,9730
39,9731
44,9732
9,9733
24,9734
48,9735
20,9736
47,9737
39,9738
46,9739
24,9740
23,9741
30,9742
14,9743
11,9744
47,9745
26,9746
38,9747
5,9748
37,9749
17,9750
18,9751
3,9752
6,9753
21,9754
24,9755
14,9756
7,9757
37,9758
46,9759
12,9760
34,9761
0,9762
47,9763
8,9764
24,9765
2,9766
6,9767
30,9768
2,9769
32,9770
45,9771
34,9772
7,9773
42,9774
13,9775
21,9776
34,9777
47,9778
45,9779
8,9780
13,9781
39,9782
15,9783
48,9784
41,9785
29,9786
25,9787
41,9788
23,9789
12,9790
30,9791
33,9792
34,9793
18,9794
19,9795
18,9796
38,9797
30,9798
41,9799
6,9800
21,9801
23,9802
26,9803
41,9804
35,9805
40,9806
16,9807
0,9808
41,9809
14,9810
24,9811
3,9812
11,9813
31,9814
41,9815
33,9816
17,9817
20,9818
22,9819
40,9820
42,9821
6,9822
40,9823
44,9824
13,9825
12,9826
39,9827
37,9828
48,9829
14,9830
36,9831
28,9832
34,9833
28,9834
23,9835
9,9836
16,9837
44,9838
42,9839
7,9840
2,9841
16,9842
0,9843
21,9844
16,9845
17,9846
26,9847
30,9848
42,9849
14,9850
1,9851
16,9852
46,9853
41,9854
16,9855
39,9856
17,9857
8,9858
40,9859
24,9860
2,9861
25,9862
34,9863
11,9864
33,9865
10,9866
22,9867
17,9868
19,9869
12,9870
44,9871
9,9872
48,9873
41,9874
8,9875
14,9876
35,9877
45,9878
45,9879
16,9880
31,9881
33,9882
1,9883
35,9884
9,9885
38,9886
25,9887
29,9888
44,9889
14,9890
20,9891
12,9892
7,9893
18,9894
16,9895
18,9896
42,9897
31,9898
47,9899
30,9900
36,9901
28,9902
11,9903
2,9904
31,9905
16,9906
16,9907
10,9908
10,9909
32,9910
13,9911
9,9912
24,9913
49,9914
15,9915
26,9916
1,9917
25,9918
25,9919
2,9920
24,9921
41,9922
12,9923
49,9924
44,9925
0,9926
44,9927
25,9928
24,9929
22,9930
12,9931
46,9932
11,9933
29,9934
10,9935
17,9936
46,9937
23,9938
23,9939
44,9940
14,9941
14,9942
5,9943
20,9944
48,9945
43,9946
45,9947
42,9948
27,9949
14,9950
15,9951
14,9952
16,9953
9,9954
33,9955
7,9956
43,9957
27,9958
22,9959
35,9960
31,9961
36,9962
24,9963
4,9964
47,9965
32,9966
47,9967
2,9968
7,9969
26,9970
24,9971
21,9972
12,9973
1,9974
34,9975
23,9976
38,9977
37,9978
16,9979
37,9980
47,9981
34,9982
19,9983
38,9984
31,9985
4,9986
44,9987
27,9988
6,9989
5,9990
46,9991
45,9992
40,9993
46,9994
21,9995
40,9996
25,9997
37,9998
44,9999
