5,0
36,1
49,2
1,3
27,4
3,5
0,6
35,7
45,8
46,9
25,10
24,11
8,12
41,13
21,14
47,15
35,16
24,17
27,18
15,19
39,20
34,21
24,22
46,23
30,24
48,25
22,26
42,27
34,28
49,29
35,30
9,31
47,32
40,33
10,34
5,35
9,36
13,37
23,38
10,39
26,40
32,41
12,42
45,43
1,44
19,45
12,46
28,47
30,48
48,49
41,50
37,51
12,52
7,53
26,54
9,55
19,56
41,57
46,58
45,59
2,60
42,61
19,62
46,63
36,64
48,65
49,66
28,67
23,68
38,69
6,70
34,71
23,72
10,73
6,74
31,75
38,76
7,77
38,78
29,79
46,80
9,81
26,82
12,83
48,84
22,85
45,86
23,87
7,88
49,89
33,90
43,91
18,92
27,93
42,94
1,95
34,96
33,97
6,98
2,99
2,100
23,101
35,102
34,103
38,104
34,105
2,106
7,107
26,108
16,109
14,110
42,111
27,112
4,113
47,114
24,115
3,116
1,117
43,118
12,119
37,120
43,121
24,122
28,123
13,124
24,125
6,126
48,127
39,128
22,129
20,130
25,131
38,132
24,133
32,134
9,135
47,136
40,137
15,138
20,139
32,140
29,141
33,142
27,143
25,144
48,145
36,146
24,147
20,148
5,149
43,150
40,151
36,152
12,153
47,154
23,155
22,156
2,157
37,158
33,159
9,160
36,161
11,162
46,163
19,164
31,165
48,166
2,167
26,168
24,169
6,170
21,171
21,172
49,173
43,174
2,175
28,176
36,177
21,178
18,179
20,180
26,181
8,182
40,183
33,184
21,185
8,186
30,187
32,188
24,189
39,190
22,191
26,192
35,193
9,194
6,195
34,196
5,197
25,198
27,199
6,200
37,201
44,202
9,203
39,204
4,205
40,206
14,207
5,208
12,209
37,210
42,211
9,212
2,213
23,214
48,215
14,216
32,217
14,218
10,219
23,220
35,221
14,222
4,223
14,224
28,225
4,226
14,227
7,228
43,229
33,230
12,231
29,232
36,233
10,234
25,235
45,236
43,237
44,238
45,239
18,240
47,241
0,242
13,243
37,244
46,245
34,246
7,247
17,248
13,249
33,250
39,251
48,252
16,253
9,254
45,255
43,256
44,257
29,258
49,259
34,260
19,261
43,262
15,263
8,264
34,265
46,266
1,267
1,268
17,269
33,270
41,271
31,272
18,273
44,274
16,275
43,276
46,277
9,278
40,279
43,280
20,281
31,282
15,283
4,284
16,285
17,286
22,287
35,288
46,289
48,290
10,291
49,292
2,293
47,294
7,295
26,296
40,297
34,298
49,299
33,300
37,301
8,302
46,303
41,304
25,305
19,306
22,307
37,308
12,309
38,310
10,311
32,312
35,313
17,314
14,315
11,316
26,317
0,318
32,319
2,320
1,321
44,322
29,323
44,324
26,325
26,326
22,327
38,328
21,329
48,330
0,331
41,332
1,333
14,334
34,335
26,336
39,337
5,338
33,339
28,340
23,341
22,342
15,343
4,344
0,345
4,346
18,347
20,348
46,349
49,350
46,351
25,352
22,353
41,354
39,355
2,356
22,357
44,358
33,359
16,360
30,361
0,362
7,363
10,364
6,365
3,366
44,367
22,368
30,369
14,370
22,371
42,372
19,373
46,374
7,375
16,376
44,377
13,378
41,379
37,380
7,381
6,382
19,383
1,384
37,385
39,386
32,387
0,388
24,389
30,390
30,391
31,392
24,393
21,394
11,395
41,396
32,397
40,398
45,399
44,400
0,401
5,402
9,403
32,404
25,405
10,406
34,407
28,408
0,409
21,410
21,411
34,412
38,413
5,414
36,415
38,416
45,417
42,418
36,419
35,420
5,421
0,422
5,423
14,424
39,425
6,426
21,427
3,428
33,429
2,430
3,431
28,432
17,433
3,434
9,435
27,436
31,437
46,438
30,439
9,440
3,441
34,442
43,443
17,444
32,445
29,446
7,447
49,448
14,449
26,450
6,451
12,452
38,453
14,454
12,455
18,456
38,457
10,458
44,459
46,460
41,461
19,462
15,463
5,464
12,465
33,466
45,467
15,468
3,469
27,470
43,471
4,472
45,473
20,474
42,475
20,476
34,477
37,478
36,479
15,480
40,481
48,482
26,483
9,484
0,485
0,486
20,487
1,488
5,489
42,490
20,491
27,492
24,493
44,494
15,495
45,496
32,497
21,498
49,499
40,500
8,501
39,502
0,503
7,504
13,505
20,506
33,507
8,508
41,509
45,510
31,511
21,512
36,513
41,514
21,515
49,516
13,517
38,518
21,519
10,520
13,521
22,522
34,523
31,524
10,525
10,526
47,527
36,528
21,529
10,530
42,531
10,532
49,533
29,534
49,535
16,536
40,537
2,538
45,539
43,540
43,541
30,542
49,543
30,544
29,545
23,546
28,547
12,548
41,549
38,550
0,551
18,552
11,553
0,554
39,555
35,556
35,557
33,558
46,559
1,560
29,561
23,562
45,563
12,564
20,565
23,566
16,567
49,568
33,569
3,570
43,571
26,572
46,573
10,574
42,575
10,576
34,577
47,578
36,579
18,580
31,581
14,582
21,583
40,584
39,585
36,586
2,587
19,588
13,589
16,590
48,591
41,592
14,593
8,594
17,595
13,596
2,597
23,598
3,599
2,600
37,601
33,602
43,603
33,604
27,605
26,606
20,607
14,608
27,609
45,610
20,611
32,612
46,613
32,614
22,615
11,616
9,617
14,618
46,619
41,620
33,621
41,622
15,623
22,624
46,625
44,626
28,627
16,628
3,629
46,630
32,631
39,632
3,633
38,634
34,635
2,636
16,637
27,638
44,639
17,640
9,641
3,642
47,643
10,644
0,645
11,646
32,647
13,648
49,649
46,650
37,651
2,652
15,653
21,654
30,655
41,656
20,657
42,658
40,659
37,660
43,661
40,662
15,663
13,664
38,665
32,666
32,667
37,668
33,669
25,670
34,671
24,672
43,673
0,674
16,675
10,676
22,677
10,678
29,679
20,680
9,681
13,682
39,683
29,684
31,685
31,686
17,687
33,688
38,689
18,690
45,691
49,692
36,693
38,694
4,695
5,696
10,697
8,698
15,699
11,700
34,701
17,702
41,703
26,704
37,705
35,706
12,707
29,708
38,709
13,710
35,711
8,712
1,713
14,714
6,715
41,716
7,717
35,718
0,719
20,720
33,721
12,722
0,723
24,724
25,725
10,726
11,727
37,728
3,729
32,730
25,731
25,732
43,733
41,734
15,735
7,736
19,737
17,738
22,739
1,740
17,741
18,742
0,743
0,744
23,745
28,746
33,747
5,748
16,749
44,750
41,751
12,752
22,753
2,754
42,755
15,756
39,757
29,758
10,759
19,760
35,761
26,762
11,763
41,764
29,765
22,766
37,767
40,768
47,769
46,770
5,771
3,772
32,773
10,774
24,775
34,776
7,777
22,778
35,779
48,780
27,781
17,782
15,783
23,784
22,785
13,786
22,787
27,788
48,789
35,790
45,791
18,792
36,793
30,794
36,795
27,796
11,797
9,798
47,799
13,800
30,801
28,802
15,803
5,804
19,805
10,806
29,807
10,808
41,809
5,810
46,811
37,812
33,813
25,814
19,815
21,816
5,817
14,818
13,819
24,820
6,821
2,822
45,823
13,824
25,825
24,826
10,827
45,828
4,829
21,830
27,831
14,832
46,833
0,834
29,835
20,836
35,837
13,838
5,839
46,840
21,841
2,842
39,843
37,844
15,845
32,846
4,847
30,848
29,849
34,850
26,851
30,852
16,853
40,854
38,855
32,856
23,857
40,858
8,859
40,860
15,861
18,862
14,863
23,864
9,865
24,866
39,867
23,868
15,869
11,870
26,871
6,872
24,873
34,874
8,875
10,876
14,877
10,878
31,879
11,880
38,881
32,882
14,883
42,884
9,885
45,886
4,887
35,888
14,889
18,890
11,891
11,892
26,893
35,894
9,895
16,896
19,897
38,898
6,899
4,900
47,901
2,902
28,903
21,904
40,905
17,906
28,907
16,908
20,909
33,910
9,911
11,912
36,913
38,914
17,915
13,916
6,917
8,918
1,919
0,920
7,921
49,922
41,923
15,924
11,925
32,926
0,927
46,928
19,929
13,930
41,931
34,932
2,933
16,934
30,935
35,936
32,937
3,938
14,939
49,940
24,941
15,942
37,943
39,944
17,945
6,946
4,947
44,948
0,949
43,950
37,951
36,952
26,953
28,954
9,955
28,956
1,957
26,958
43,959
49,960
17,961
40,962
37,963
30,964
37,965
19,966
12,967
37,968
8,969
33,970
42,971
42,972
22,973
0,974
33,975
11,976
22,977
28,978
18,979
17,980
28,981
23,982
46,983
31,984
39,985
29,986
23,987
7,988
43,989
17,990
12,991
20,992
8,993
49,994
20,995
3,996
24,997
26,998
25,999
5,1000
6,1001
44,1002
14,1003
28,1004
47,1005
28,1006
6,1007
39,1008
17,1009
27,1010
10,1011
0,1012
2,1013
35,1014
16,1015
26,1016
6,1017
49,1018
0,1019
47,1020
21,1021
24,1022
33,1023
16,1024
47,1025
17,1026
31,1027
38,1028
43,1029
44,1030
17,1031
0,1032
35,1033
27,1034
1,1035
13,1036
32,1037
0,1038
5,1039
11,1040
44,1041
0,1042
7,1043
16,1044
7,1045
5,1046
46,1047
24,1048
26,1049
41,1050
13,1051
13,1052
20,1053
8,1054
32,1055
14,1056
47,1057
26,1058
44,1059
20,1060
22,1061
31,1062
30,1063
48,1064
7,1065
15,1066
38,1067
34,1068
5,1069
42,1070
21,1071
29,1072
20,1073
28,1074
42,1075
36,1076
33,1077
17,1078
6,1079
0,1080
35,1081
46,1082
41,1083
4,1084
13,1085
42,1086
6,1087
40,1088
12,1089
29,1090
28,1091
27,1092
25,1093
45,1094
49,1095
44,1096
12,1097
31,1098
17,1099
43,1100
49,1101
46,1102
40,1103
45,1104
3,1105
20,1106
42,1107
2,1108
47,1109
33,1110
8,1111
34,1112
20,1113
34,1114
5,1115
11,1116
30,1117
35,1118
8,1119
29,1120
21,1121
0,1122
12,1123
29,1124
24,1125
39,1126
36,1127
48,1128
25,1129
46,1130
29,1131
6,1132
24,1133
17,1134
24,1135
45,1136
21,1137
20,1138
43,1139
2,1140
39,1141
36,1142
24,1143
40,1144
1,1145
12,1146
12,1147
40,1148
26,1149
9,1150
2,1151
29,1152
19,1153
0,1154
11,1155
16,1156
43,1157
40,1158
8,1159
39,1160
30,1161
39,1162
8,1163
5,1164
9,1165
2,1166
4,1167
16,1168
7,1169
47,1170
47,1171
6,1172
18,1173
22,1174
31,1175
30,1176
31,1177
39,1178
47,1179
36,1180
43,1181
46,1182
40,1183
47,1184
43,1185
45,1186
7,1187
5,1188
38,1189
46,1190
18,1191
18,1192
23,1193
4,1194
13,1195
25,1196
42,1197
16,1198
8,1199
34,1200
41,1201
8,1202
2,1203
14,1204
13,1205
18,1206
19,1207
33,1208
22,1209
39,1210
41,1211
41,1212
0,1213
27,1214
31,1215
40,1216
43,1217
12,1218
7,1219
21,1220
31,1221
28,1222
21,1223
5,1224
30,1225
28,1226
1,1227
11,1228
45,1229
44,1230
22,1231
46,1232
40,1233
45,1234
39,1235
29,1236
39,1237
20,1238
33,1239
12,1240
20,1241
6,1242
10,1243
43,1244
16,1245
17,1246
30,1247
9,1248
12,1249
0,1250
11,1251
45,1252
14,1253
37,1254
30,1255
6,1256
11,1257
21,1258
20,1259
47,1260
26,1261
42,1262
48,1263
6,1264
27,1265
5,1266
35,1267
27,1268
36,1269
1,1270
1,1271
25,1272
32,1273
15,1274
4,1275
33,1276
25,1277
0,1278
21,1279
38,1280
4,1281
22,1282
1,1283
38,1284
11,1285
43,1286
46,1287
37,1288
37,1289
12,1290
22,1291
39,1292
40,1293
41,1294
9,1295
39,1296
28,1297
21,1298
46,1299
20,1300
8,1301
34,1302
44,1303
46,1304
37,1305
18,1306
35,1307
24,1308
45,1309
36,1310
5,1311
30,1312
15,1313
1,1314
9,1315
27,1316
15,1317
17,1318
11,1319
11,1320
5,1321
25,1322
22,1323
11,1324
17,1325
37,1326
31,1327
38,1328
3,1329
1,1330
21,1331
29,1332
33,1333
27,1334
9,1335
31,1336
26,1337
21,1338
4,1339
5,1340
47,1341
21,1342
8,1343
14,1344
22,1345
22,1346
10,1347
39,1348
11,1349
2,1350
10,1351
45,1352
31,1353
49,1354
10,1355
0,1356
11,1357
15,1358
17,1359
45,1360
6,1361
33,1362
20,1363
48,1364
6,1365
47,1366
0,1367
5,1368
21,1369
10,1370
48,1371
37,1372
17,1373
36,1374
39,1375
34,1376
40,1377
26,1378
27,1379
13,1380
35,1381
14,1382
42,1383
5,1384
36,1385
26,1386
43,1387
34,1388
10,1389
32,1390
15,1391
10,1392
40,1393
11,1394
42,1395
16,1396
49,1397
6,1398
26,1399
7,1400
24,1401
43,1402
19,1403
38,1404
29,1405
0,1406
2,1407
18,1408
2,1409
5,1410
13,1411
22,1412
4,1413
29,1414
38,1415
11,1416
20,1417
13,1418
43,1419
34,1420
47,1421
9,1422
44,1423
1,1424
14,1425
44,1426
33,1427
45,1428
47,1429
41,1430
32,1431
22,1432
16,1433
21,1434
3,1435
16,1436
44,1437
5,1438
7,1439
48,1440
17,1441
48,1442
38,1443
18,1444
2,1445
44,1446
32,1447
41,1448
6,1449
2,1450
33,1451
13,1452
10,1453
25,1454
8,1455
10,1456
13,1457
23,1458
6,1459
5,1460
11,1461
10,1462
47,1463
4,1464
47,1465
46,1466
4,1467
11,1468
40,1469
12,1470
26,1471
48,1472
43,1473
25,1474
10,1475
33,1476
8,1477
22,1478
21,1479
20,1480
42,1481
28,1482
48,1483
28,1484
47,1485
33,1486
15,1487
17,1488
37,1489
31,1490
33,1491
25,1492
23,1493
1,1494
0,1495
15,1496
8,1497
33,1498
27,1499
21,1500
42,1501
6,1502
26,1503
18,1504
38,1505
38,1506
31,1507
48,1508
0,1509
21,1510
41,1511
26,1512
5,1513
48,1514
17,1515
15,1516
48,1517
21,1518
4,1519
41,1520
15,1521
49,1522
5,1523
21,1524
4,1525
26,1526
22,1527
28,1528
20,1529
16,1530
35,1531
32,1532
42,1533
22,1534
20,1535
42,1536
24,1537
31,1538
10,1539
30,1540
14,1541
29,1542
5,1543
36,1544
41,1545
29,1546
26,1547
47,1548
44,1549
30,1550
12,1551
28,1552
10,1553
7,1554
49,1555
2,1556
37,1557
48,1558
27,1559
6,1560
37,1561
20,1562
42,1563
23,1564
35,1565
12,1566
28,1567
46,1568
19,1569
49,1570
28,1571
47,1572
22,1573
43,1574
37,1575
1,1576
42,1577
33,1578
33,1579
46,1580
45,1581
36,1582
34,1583
0,1584
8,1585
0,1586
44,1587
29,1588
38,1589
3,1590
36,1591
35,1592
33,1593
2,1594
15,1595
40,1596
26,1597
5,1598
7,1599
10,1600
46,1601
37,1602
22,1603
0,1604
22,1605
36,1606
11,1607
14,1608
31,1609
49,1610
14,1611
36,1612
26,1613
2,1614
16,1615
19,1616
14,1617
40,1618
35,1619
41,1620
32,1621
22,1622
39,1623
26,1624
32,1625
30,1626
27,1627
48,1628
47,1629
30,1630
24,1631
49,1632
0,1633
13,1634
17,1635
18,1636
12,1637
20,1638
24,1639
27,1640
14,1641
31,1642
36,1643
18,1644
20,1645
33,1646
33,1647
40,1648
43,1649
40,1650
38,1651
12,1652
20,1653
9,1654
27,1655
30,1656
19,1657
49,1658
29,1659
28,1660
42,1661
37,1662
31,1663
39,1664
5,1665
15,1666
20,1667
41,1668
46,1669
17,1670
7,1671
41,1672
46,1673
22,1674
45,1675
16,1676
19,1677
9,1678
28,1679
37,1680
46,1681
13,1682
17,1683
30,1684
43,1685
5,1686
44,1687
39,1688
39,1689
41,1690
19,1691
45,1692
40,1693
47,1694
0,1695
49,1696
27,1697
28,1698
3,1699
22,1700
11,1701
26,1702
40,1703
23,1704
49,1705
11,1706
46,1707
13,1708
22,1709
42,1710
25,1711
16,1712
26,1713
43,1714
2,1715
25,1716
11,1717
30,1718
37,1719
18,1720
22,1721
28,1722
15,1723
0,1724
48,1725
5,1726
4,1727
16,1728
1,1729
42,1730
47,1731
39,1732
37,1733
3,1734
13,1735
46,1736
31,1737
37,1738
12,1739
36,1740
29,1741
16,1742
23,1743
10,1744
23,1745
11,1746
11,1747
20,1748
7,1749
31,1750
35,1751
40,1752
43,1753
8,1754
2,1755
46,1756
31,1757
28,1758
4,1759
12,1760
47,1761
8,1762
39,1763
34,1764
42,1765
10,1766
41,1767
33,1768
33,1769
34,1770
18,1771
49,1772
36,1773
24,1774
10,1775
6,1776
20,1777
1,1778
31,1779
9,1780
44,1781
2,1782
19,1783
16,1784
20,1785
13,1786
15,1787
41,1788
2,1789
21,1790
41,1791
43,1792
47,1793
18,1794
11,1795
4,1796
32,1797
34,1798
36,1799
13,1800
7,1801
23,1802
6,1803
30,1804
9,1805
13,1806
31,1807
22,1808
44,1809
41,1810
12,1811
20,1812
43,1813
29,1814
46,1815
48,1816
4,1817
44,1818
41,1819
46,1820
34,1821
46,1822
42,1823
42,1824
37,1825
1,1826
17,1827
14,1828
30,1829
4,1830
0,1831
38,1832
37,1833
24,1834
21,1835
18,1836
23,1837
0,1838
33,1839
15,1840
19,1841
13,1842
0,1843
15,1844
43,1845
39,1846
13,1847
45,1848
23,1849
15,1850
16,1851
13,1852
48,1853
47,1854
25,1855
41,1856
20,1857
12,1858
3,1859
35,1860
6,1861
0,1862
45,1863
23,1864
0,1865
22,1866
39,1867
9,1868
3,1869
25,1870
48,1871
43,1872
22,1873
41,1874
43,1875
2,1876
25,1877
8,1878
22,1879
46,1880
42,1881
9,1882
24,1883
36,1884
47,1885
42,1886
26,1887
10,1888
30,1889
41,1890
10,1891
27,1892
35,1893
47,1894
17,1895
0,1896
21,1897
40,1898
45,1899
32,1900
20,1901
24,1902
40,1903
22,1904
28,1905
4,1906
49,1907
38,1908
18,1909
30,1910
40,1911
12,1912
24,1913
1,1914
19,1915
27,1916
20,1917
33,1918
37,1919
17,1920
49,1921
22,1922
14,1923
4,1924
6,1925
8,1926
38,1927
28,1928
49,1929
43,1930
38,1931
20,1932
3,1933
48,1934
4,1935
13,1936
33,1937
47,1938
22,1939
27,1940
30,1941
36,1942
22,1943
20,1944
11,1945
37,1946
8,1947
17,1948
9,1949
42,1950
39,1951
41,1952
0,1953
13,1954
18,1955
17,1956
42,1957
10,1958
8,1959
39,1960
11,1961
12,1962
47,1963
21,1964
6,1965
40,1966
46,1967
36,1968
26,1969
23,1970
18,1971
20,1972
32,1973
10,1974
38,1975
31,1976
11,1977
3,1978
13,1979
19,1980
28,1981
10,1982
33,1983
16,1984
3,1985
14,1986
25,1987
3,1988
34,1989
36,1990
37,1991
31,1992
9,1993
41,1994
14,1995
15,1996
42,1997
33,1998
49,1999
39,2000
7,2001
43,2002
28,2003
28,2004
7,2005
23,2006
16,2007
16,2008
40,2009
27,2010
25,2011
11,2012
19,2013
36,2014
24,2015
1,2016
6,2017
11,2018
27,2019
45,2020
11,2021
21,2022
12,2023
11,2024
41,2025
10,2026
37,2027
15,2028
16,2029
19,2030
16,2031
41,2032
13,2033
40,2034
23,2035
41,2036
33,2037
5,2038
11,2039
46,2040
34,2041
40,2042
46,2043
37,2044
31,2045
9,2046
32,2047
44,2048
31,2049
33,2050
37,2051
33,2052
18,2053
20,2054
30,2055
45,2056
37,2057
20,2058
38,2059
25,2060
6,2061
40,2062
41,2063
14,2064
41,2065
46,2066
40,2067
19,2068
26,2069
10,2070
48,2071
24,2072
5,2073
20,2074
47,2075
35,2076
46,2077
34,2078
9,2079
30,2080
32,2081
20,2082
45,2083
5,2084
17,2085
28,2086
29,2087
5,2088
12,2089
27,2090
43,2091
35,2092
5,2093
2,2094
7,2095
24,2096
40,2097
36,2098
29,2099
48,2100
8,2101
36,2102
11,2103
0,2104
44,2105
18,2106
30,2107
19,2108
2,2109
39,2110
6,2111
2,2112
49,2113
12,2114
39,2115
18,2116
14,2117
36,2118
15,2119
14,2120
17,2121
35,2122
12,2123
43,2124
39,2125
23,2126
29,2127
31,2128
24,2129
8,2130
4,2131
10,2132
30,2133
35,2134
34,2135
24,2136
49,2137
39,2138
47,2139
21,2140
23,2141
33,2142
46,2143
37,2144
1,2145
5,2146
9,2147
27,2148
11,2149
9,2150
44,2151
20,2152
36,2153
14,2154
3,2155
20,2156
27,2157
11,2158
16,2159
48,2160
47,2161
30,2162
11,2163
1,2164
14,2165
16,2166
49,2167
36,2168
24,2169
34,2170
49,2171
13,2172
45,2173
28,2174
29,2175
0,2176
23,2177
15,2178
40,2179
31,2180
39,2181
9,2182
9,2183
5,2184
44,2185
42,2186
34,2187
33,2188
10,2189
29,2190
24,2191
18,2192
14,2193
0,2194
24,2195
4,2196
36,2197
23,2198
47,2199
42,2200
40,2201
34,2202
10,2203
13,2204
18,2205
38,2206
5,2207
49,2208
13,2209
42,2210
6,2211
49,2212
37,2213
9,2214
37,2215
6,2216
5,2217
21,2218
32,2219
34,2220
45,2221
22,2222
40,2223
49,2224
14,2225
1,2226
8,2227
34,2228
22,2229
41,2230
24,2231
0,2232
3,2233
32,2234
33,2235
11,2236
49,2237
49,2238
4,2239
42,2240
10,2241
49,2242
7,2243
24,2244
36,2245
35,2246
27,2247
29,2248
35,2249
6,2250
43,2251
0,2252
43,2253
4,2254
6,2255
11,2256
35,2257
26,2258
20,2259
1,2260
18,2261
22,2262
33,2263
33,2264
40,2265
43,2266
41,2267
32,2268
34,2269
20,2270
10,2271
34,2272
12,2273
28,2274
30,2275
29,2276
42,2277
16,2278
40,2279
40,2280
33,2281
20,2282
16,2283
14,2284
2,2285
3,2286
17,2287
8,2288
32,2289
15,2290
23,2291
1,2292
36,2293
9,2294
32,2295
34,2296
43,2297
30,2298
42,2299
32,2300
7,2301
30,2302
15,2303
34,2304
28,2305
18,2306
1,2307
20,2308
1,2309
0,2310
11,2311
17,2312
3,2313
26,2314
1,2315
27,2316
39,2317
10,2318
9,2319
27,2320
20,2321
21,2322
49,2323
20,2324
10,2325
3,2326
38,2327
2,2328
32,2329
4,2330
39,2331
17,2332
49,2333
18,2334
40,2335
37,2336
8,2337
2,2338
24,2339
28,2340
21,2341
5,2342
9,2343
45,2344
23,2345
46,2346
42,2347
18,2348
46,2349
4,2350
4,2351
11,2352
2,2353
5,2354
46,2355
13,2356
24,2357
11,2358
6,2359
0,2360
23,2361
40,2362
42,2363
13,2364
41,2365
39,2366
31,2367
26,2368
2,2369
23,2370
24,2371
8,2372
5,2373
33,2374
22,2375
41,2376
42,2377
31,2378
29,2379
20,2380
16,2381
25,2382
30,2383
41,2384
19,2385
7,2386
15,2387
17,2388
3,2389
36,2390
2,2391
14,2392
11,2393
34,2394
38,2395
5,2396
26,2397
43,2398
38,2399
30,2400
43,2401
47,2402
18,2403
18,2404
13,2405
27,2406
46,2407
21,2408
2,2409
21,2410
40,2411
2,2412
9,2413
33,2414
45,2415
28,2416
11,2417
2,2418
10,2419
38,2420
32,2421
8,2422
39,2423
11,2424
27,2425
11,2426
7,2427
24,2428
11,2429
16,2430
19,2431
14,2432
42,2433
27,2434
32,2435
16,2436
27,2437
45,2438
6,2439
31,2440
16,2441
46,2442
19,2443
40,2444
20,2445
11,2446
47,2447
47,2448
3,2449
47,2450
16,2451
43,2452
38,2453
17,2454
42,2455
0,2456
4,2457
2,2458
8,2459
32,2460
0,2461
5,2462
10,2463
38,2464
13,2465
44,2466
14,2467
13,2468
32,2469
45,2470
5,2471
45,2472
19,2473
20,2474
41,2475
41,2476
39,2477
20,2478
6,2479
23,2480
0,2481
33,2482
16,2483
14,2484
43,2485
45,2486
28,2487
5,2488
27,2489
11,2490
26,2491
38,2492
27,2493
26,2494
17,2495
18,2496
37,2497
46,2498
25,2499
2,2500
37,2501
48,2502
38,2503
44,2504
13,2505
3,2506
44,2507
41,2508
13,2509
14,2510
43,2511
10,2512
25,2513
24,2514
21,2515
16,2516
10,2517
46,2518
33,2519
40,2520
15,2521
49,2522
42,2523
40,2524
32,2525
38,2526
46,2527
40,2528
8,2529
48,2530
38,2531
44,2532
45,2533
42,2534
8,2535
9,2536
42,2537
42,2538
49,2539
49,2540
48,2541
19,2542
40,2543
14,2544
9,2545
39,2546
43,2547
46,2548
5,2549
4,2550
33,2551
3,2552
1,2553
0,2554
39,2555
46,2556
28,2557
38,2558
45,2559
48,2560
18,2561
4,2562
6,2563
37,2564
33,2565
22,2566
25,2567
46,2568
21,2569
28,2570
8,2571
33,2572
26,2573
31,2574
49,2575
34,2576
49,2577
46,2578
28,2579
4,2580
33,2581
20,2582
31,2583
24,2584
17,2585
33,2586
34,2587
2,2588
48,2589
47,2590
23,2591
21,2592
29,2593
41,2594
35,2595
19,2596
36,2597
3,2598
46,2599
22,2600
43,2601
11,2602
24,2603
11,2604
22,2605
27,2606
17,2607
7,2608
23,2609
33,2610
2,2611
28,2612
34,2613
15,2614
17,2615
20,2616
29,2617
18,2618
26,2619
21,2620
35,2621
28,2622
39,2623
11,2624
23,2625
48,2626
5,2627
48,2628
32,2629
3,2630
2,2631
12,2632
15,2633
32,2634
12,2635
39,2636
40,2637
5,2638
21,2639
42,2640
36,2641
0,2642
10,2643
49,2644
42,2645
4,2646
3,2647
20,2648
20,2649
23,2650
35,2651
41,2652
40,2653
41,2654
13,2655
30,2656
2,2657
16,2658
39,2659
46,2660
28,2661
6,2662
2,2663
42,2664
39,2665
17,2666
30,2667
32,2668
12,2669
47,2670
42,2671
5,2672
28,2673
3,2674
47,2675
40,2676
46,2677
17,2678
27,2679
31,2680
26,2681
23,2682
40,2683
14,2684
0,2685
21,2686
43,2687
8,2688
43,2689
22,2690
44,2691
19,2692
2,2693
35,2694
47,2695
2,2696
47,2697
13,2698
25,2699
37,2700
16,2701
44,2702
48,2703
7,2704
41,2705
34,2706
36,2707
33,2708
30,2709
36,2710
36,2711
3,2712
45,2713
36,2714
24,2715
3,2716
13,2717
46,2718
21,2719
4,2720
2,2721
43,2722
20,2723
45,2724
4,2725
10,2726
6,2727
10,2728
17,2729
7,2730
12,2731
2,2732
32,2733
27,2734
28,2735
40,2736
11,2737
25,2738
46,2739
24,2740
31,2741
19,2742
32,2743
39,2744
1,2745
27,2746
2,2747
36,2748
22,2749
18,2750
37,2751
31,2752
3,2753
49,2754
43,2755
5,2756
36,2757
36,2758
11,2759
18,2760
39,2761
45,2762
6,2763
15,2764
27,2765
24,2766
20,2767
33,2768
46,2769
34,2770
10,2771
37,2772
32,2773
33,2774
25,2775
35,2776
30,2777
15,2778
32,2779
12,2780
25,2781
21,2782
0,2783
33,2784
10,2785
33,2786
25,2787
38,2788
21,2789
1,2790
24,2791
4,2792
29,2793
0,2794
19,2795
32,2796
44,2797
49,2798
19,2799
35,2800
15,2801
34,2802
1,2803
8,2804
36,2805
2,2806
2,2807
35,2808
25,2809
38,2810
6,2811
47,2812
44,2813
42,2814
49,2815
22,2816
8,2817
23,2818
41,2819
10,2820
32,2821
6,2822
20,2823
24,2824
20,2825
15,2826
19,2827
43,2828
12,2829
12,2830
29,2831
17,2832
34,2833
10,2834
11,2835
3,2836
36,2837
29,2838
1,2839
35,2840
34,2841
12,2842
22,2843
37,2844
9,2845
9,2846
33,2847
37,2848
29,2849
25,2850
36,2851
21,2852
40,2853
1,2854
30,2855
3,2856
28,2857
26,2858
9,2859
7,2860
35,2861
42,2862
34,2863
46,2864
26,2865
5,2866
23,2867
35,2868
42,2869
12,2870
12,2871
11,2872
0,2873
8,2874
13,2875
27,2876
21,2877
39,2878
32,2879
25,2880
12,2881
22,2882
0,2883
12,2884
1,2885
38,2886
40,2887
36,2888
27,2889
18,2890
18,2891
14,2892
36,2893
3,2894
17,2895
0,2896
22,2897
29,2898
46,2899
4,2900
40,2901
42,2902
28,2903
33,2904
34,2905
10,2906
30,2907
39,2908
23,2909
46,2910
21,2911
4,2912
31,2913
9,2914
28,2915
29,2916
35,2917
43,2918
7,2919
44,2920
39,2921
17,2922
46,2923
11,2924
5,2925
12,2926
27,2927
40,2928
21,2929
24,2930
19,2931
14,2932
32,2933
45,2934
23,2935
32,2936
8,2937
26,2938
46,2939
17,2940
0,2941
32,2942
5,2943
7,2944
49,2945
22,2946
6,2947
16,2948
23,2949
26,2950
27,2951
36,2952
38,2953
43,2954
4,2955
21,2956
35,2957
26,2958
2,2959
41,2960
32,2961
17,2962
40,2963
3,2964
8,2965
34,2966
3,2967
39,2968
49,2969
25,2970
44,2971
31,2972
21,2973
38,2974
7,2975
6,2976
26,2977
7,2978
49,2979
12,2980
11,2981
35,2982
24,2983
18,2984
19,2985
46,2986
14,2987
29,2988
15,2989
11,2990
39,2991
10,2992
40,2993
27,2994
38,2995
45,2996
34,2997
33,2998
8,2999
32,3000
30,3001
31,3002
0,3003
2,3004
21,3005
9,3006
9,3007
13,3008
37,3009
46,3010
19,3011
46,3012
17,3013
21,3014
9,3015
9,3016
38,3017
0,3018
28,3019
11,3020
29,3021
3,3022
36,3023
12,3024
10,3025
31,3026
32,3027
39,3028
20,3029
8,3030
3,3031
19,3032
49,3033
20,3034
11,3035
29,3036
27,3037
49,3038
40,3039
14,3040
11,3041
16,3042
39,3043
23,3044
22,3045
20,3046
32,3047
34,3048
22,3049
49,3050
36,3051
18,3052
49,3053
46,3054
34,3055
25,3056
31,3057
4,3058
1,3059
35,3060
47,3061
49,3062
40,3063
5,3064
0,3065
27,3066
30,3067
48,3068
22,3069
24,3070
9,3071
27,3072
16,3073
1,3074
22,3075
49,3076
15,3077
18,3078
37,3079
33,3080
36,3081
40,3082
6,3083
45,3084
16,3085
16,3086
20,3087
17,3088
28,3089
4,3090
4,3091
47,3092
37,3093
43,3094
43,3095
37,3096
36,3097
10,3098
16,3099
3,3100
23,3101
40,3102
0,3103
36,3104
38,3105
12,3106
34,3107
21,3108
3,3109
12,3110
46,3111
34,3112
43,3113
30,3114
23,3115
48,3116
45,3117
49,3118
47,3119
48,3120
20,3121
49,3122
14,3123
19,3124
41,3125
36,3126
23,3127
15,3128
33,3129
36,3130
18,3131
9,3132
40,3133
47,3134
16,3135
39,3136
9,3137
32,3138
44,3139
20,3140
21,3141
27,3142
32,3143
19,3144
12,3145
2,3146
44,3147
23,3148
8,3149
28,3150
2,3151
19,3152
38,3153
24,3154
19,3155
41,3156
29,3157
47,3158
22,3159
0,3160
25,3161
11,3162
2,3163
12,3164
31,3165
40,3166
29,3167
0,3168
15,3169
6,3170
31,3171
33,3172
3,3173
45,3174
8,3175
32,3176
23,3177
29,3178
40,3179
26,3180
48,3181
10,3182
15,3183
35,3184
47,3185
44,3186
30,3187
20,3188
47,3189
30,3190
4,3191
28,3192
18,3193
37,3194
47,3195
9,3196
28,3197
7,3198
47,3199
1,3200
33,3201
33,3202
19,3203
13,3204
36,3205
48,3206
27,3207
1,3208
20,3209
40,3210
17,3211
8,3212
29,3213
7,3214
16,3215
46,3216
42,3217
3,3218
20,3219
44,3220
19,3221
37,3222
13,3223
47,3224
9,3225
40,3226
28,3227
16,3228
33,3229
37,3230
18,3231
14,3232
15,3233
34,3234
42,3235
23,3236
19,3237
42,3238
14,3239
22,3240
47,3241
48,3242
19,3243
17,3244
27,3245
15,3246
13,3247
17,3248
26,3249
8,3250
33,3251
46,3252
4,3253
48,3254
11,3255
40,3256
22,3257
27,3258
41,3259
37,3260
8,3261
23,3262
43,3263
38,3264
0,3265
27,3266
5,3267
9,3268
2,3269
46,3270
34,3271
38,3272
4,3273
29,3274
19,3275
45,3276
47,3277
35,3278
33,3279
38,3280
3,3281
9,3282
1,3283
44,3284
40,3285
14,3286
16,3287
15,3288
3,3289
28,3290
15,3291
21,3292
21,3293
0,3294
38,3295
14,3296
29,3297
0,3298
39,3299
48,3300
17,3301
23,3302
29,3303
37,3304
26,3305
49,3306
37,3307
31,3308
7,3309
16,3310
35,3311
38,3312
25,3313
23,3314
34,3315
26,3316
7,3317
43,3318
30,3319
48,3320
31,3321
6,3322
20,3323
21,3324
1,3325
23,3326
18,3327
24,3328
18,3329
26,3330
8,3331
32,3332
19,3333
10,3334
48,3335
12,3336
37,3337
40,3338
45,3339
0,3340
7,3341
42,3342
33,3343
9,3344
23,3345
45,3346
26,3347
5,3348
14,3349
46,3350
34,3351
28,3352
37,3353
27,3354
45,3355
32,3356
16,3357
33,3358
46,3359
44,3360
18,3361
29,3362
44,3363
30,3364
16,3365
41,3366
2,3367
44,3368
42,3369
14,3370
28,3371
11,3372
47,3373
3,3374
47,3375
10,3376
23,3377
42,3378
5,3379
16,3380
40,3381
41,3382
35,3383
45,3384
20,3385
30,3386
24,3387
2,3388
6,3389
2,3390
4,3391
33,3392
24,3393
26,3394
37,3395
46,3396
38,3397
22,3398
38,3399
28,3400
44,3401
14,3402
20,3403
46,3404
41,3405
29,3406
43,3407
20,3408
43,3409
0,3410
1,3411
32,3412
10,3413
25,3414
31,3415
40,3416
12,3417
46,3418
13,3419
49,3420
49,3421
22,3422
49,3423
41,3424
34,3425
18,3426
23,3427
39,3428
17,3429
24,3430
0,3431
13,3432
6,3433
27,3434
18,3435
3,3436
23,3437
33,3438
6,3439
48,3440
13,3441
22,3442
30,3443
32,3444
47,3445
13,3446
49,3447
23,3448
1,3449
36,3450
3,3451
43,3452
41,3453
27,3454
16,3455
19,3456
22,3457
4,3458
40,3459
45,3460
32,3461
49,3462
12,3463
23,3464
2,3465
6,3466
12,3467
13,3468
31,3469
33,3470
45,3471
45,3472
29,3473
23,3474
49,3475
18,3476
2,3477
36,3478
28,3479
5,3480
46,3481
40,3482
5,3483
36,3484
24,3485
46,3486
25,3487
14,3488
43,3489
24,3490
42,3491
17,3492
10,3493
32,3494
19,3495
9,3496
45,3497
0,3498
12,3499
43,3500
33,3501
44,3502
18,3503
47,3504
42,3505
8,3506
2,3507
26,3508
12,3509
3,3510
26,3511
27,3512
36,3513
10,3514
8,3515
3,3516
10,3517
32,3518
19,3519
36,3520
24,3521
44,3522
5,3523
12,3524
10,3525
48,3526
22,3527
37,3528
11,3529
43,3530
32,3531
18,3532
46,3533
34,3534
46,3535
19,3536
16,3537
5,3538
20,3539
10,3540
45,3541
25,3542
5,3543
26,3544
44,3545
12,3546
17,3547
35,3548
10,3549
40,3550
48,3551
33,3552
21,3553
22,3554
39,3555
34,3556
23,3557
46,3558
27,3559
18,3560
35,3561
36,3562
8,3563
21,3564
41,3565
27,3566
29,3567
24,3568
28,3569
39,3570
37,3571
42,3572
47,3573
20,3574
24,3575
25,3576
42,3577
47,3578
9,3579
15,3580
39,3581
6,3582
20,3583
41,3584
35,3585
17,3586
0,3587
28,3588
13,3589
31,3590
6,3591
15,3592
5,3593
26,3594
3,3595
8,3596
34,3597
23,3598
36,3599
26,3600
45,3601
8,3602
49,3603
27,3604
28,3605
42,3606
35,3607
37,3608
9,3609
21,3610
0,3611
22,3612
19,3613
21,3614
27,3615
33,3616
25,3617
40,3618
31,3619
1,3620
27,3621
31,3622
32,3623
35,3624
45,3625
1,3626
4,3627
6,3628
40,3629
21,3630
3,3631
28,3632
38,3633
6,3634
17,3635
1,3636
35,3637
12,3638
46,3639
31,3640
34,3641
12,3642
8,3643
39,3644
32,3645
38,3646
44,3647
29,3648
46,3649
25,3650
31,3651
44,3652
14,3653
7,3654
43,3655
19,3656
48,3657
35,3658
15,3659
22,3660
46,3661
41,3662
33,3663
29,3664
28,3665
6,3666
49,3667
25,3668
3,3669
12,3670
4,3671
32,3672
38,3673
40,3674
33,3675
12,3676
42,3677
12,3678
32,3679
23,3680
28,3681
1,3682
15,3683
25,3684
27,3685
31,3686
0,3687
33,3688
33,3689
17,3690
40,3691
14,3692
25,3693
5,3694
34,3695
39,3696
11,3697
9,3698
43,3699
16,3700
37,3701
25,3702
49,3703
9,3704
34,3705
3,3706
37,3707
9,3708
25,3709
19,3710
31,3711
20,3712
39,3713
33,3714
30,3715
30,3716
27,3717
33,3718
49,3719
2,3720
47,3721
48,3722
38,3723
43,3724
43,3725
26,3726
32,3727
27,3728
9,3729
34,3730
9,3731
49,3732
3,3733
23,3734
20,3735
8,3736
11,3737
23,3738
3,3739
29,3740
29,3741
10,3742
49,3743
0,3744
39,3745
32,3746
45,3747
10,3748
20,3749
28,3750
26,3751
7,3752
22,3753
39,3754
43,3755
35,3756
6,3757
45,3758
35,3759
36,3760
39,3761
35,3762
45,3763
20,3764
21,3765
48,3766
11,3767
23,3768
28,3769
9,3770
42,3771
19,3772
34,3773
8,3774
3,3775
1,3776
22,3777
28,3778
8,3779
34,3780
0,3781
31,3782
44,3783
27,3784
25,3785
23,3786
31,3787
13,3788
4,3789
14,3790
14,3791
4,3792
49,3793
40,3794
27,3795
7,3796
24,3797
20,3798
30,3799
38,3800
46,3801
31,3802
44,3803
30,3804
46,3805
7,3806
34,3807
8,3808
45,3809
46,3810
44,3811
22,3812
8,3813
12,3814
48,3815
6,3816
48,3817
48,3818
16,3819
25,3820
18,3821
23,3822
30,3823
23,3824
3,3825
6,3826
7,3827
31,3828
23,3829
18,3830
37,3831
43,3832
20,3833
36,3834
8,3835
27,3836
15,3837
26,3838
8,3839
33,3840
25,3841
11,3842
14,3843
19,3844
3,3845
30,3846
15,3847
49,3848
45,3849
47,3850
47,3851
23,3852
0,3853
7,3854
15,3855
37,3856
30,3857
22,3858
27,3859
17,3860
6,3861
37,3862
49,3863
36,3864
13,3865
40,3866
27,3867
48,3868
4,3869
29,3870
37,3871
12,3872
48,3873
38,3874
27,3875
39,3876
18,3877
24,3878
5,3879
47,3880
20,3881
30,3882
20,3883
43,3884
3,3885
46,3886
17,3887
49,3888
23,3889
14,3890
9,3891
37,3892
22,3893
48,3894
47,3895
25,3896
7,3897
39,3898
20,3899
40,3900
14,3901
5,3902
21,3903
20,3904
34,3905
18,3906
18,3907
17,3908
9,3909
11,3910
33,3911
32,3912
32,3913
5,3914
33,3915
42,3916
6,3917
1,3918
32,3919
1,3920
27,3921
24,3922
0,3923
28,3924
11,3925
37,3926
1,3927
18,3928
47,3929
7,3930
40,3931
37,3932
29,3933
5,3934
22,3935
6,3936
6,3937
28,3938
9,3939
48,3940
22,3941
41,3942
44,3943
35,3944
48,3945
3,3946
30,3947
17,3948
33,3949
33,3950
17,3951
47,3952
48,3953
34,3954
5,3955
28,3956
14,3957
30,3958
28,3959
47,3960
5,3961
0,3962
28,3963
47,3964
2,3965
2,3966
10,3967
7,3968
32,3969
38,3970
6,3971
46,3972
39,3973
12,3974
35,3975
10,3976
41,3977
18,3978
0,3979
4,3980
22,3981
45,3982
16,3983
3,3984
8,3985
27,3986
28,3987
31,3988
21,3989
21,3990
36,3991
35,3992
42,3993
1,3994
13,3995
22,3996
29,3997
25,3998
12,3999
1,4000
23,4001
42,4002
4,4003
16,4004
12,4005
21,4006
31,4007
3,4008
36,4009
48,4010
5,4011
35,4012
23,4013
24,4014
44,4015
1,4016
12,4017
31,4018
49,4019
39,4020
18,4021
20,4022
19,4023
24,4024
0,4025
20,4026
5,4027
16,4028
16,4029
15,4030
22,4031
37,4032
1,4033
38,4034
7,4035
8,4036
39,4037
36,4038
24,4039
17,4040
30,4041
42,4042
5,4043
11,4044
47,4045
5,4046
12,4047
17,4048
37,4049
1,4050
41,4051
8,4052
44,4053
41,4054
20,4055
44,4056
17,4057
45,4058
19,4059
13,4060
45,4061
36,4062
40,4063
35,4064
44,4065
48,4066
36,4067
28,4068
45,4069
26,4070
44,4071
7,4072
10,4073
29,4074
36,4075
43,4076
19,4077
44,4078
4,4079
8,4080
14,4081
36,4082
38,4083
25,4084
11,4085
15,4086
3,4087
17,4088
39,4089
19,4090
46,4091
28,4092
2,4093
15,4094
45,4095
1,4096
27,4097
33,4098
27,4099
29,4100
46,4101
25,4102
4,4103
20,4104
35,4105
10,4106
6,4107
26,4108
21,4109
9,4110
47,4111
9,4112
20,4113
46,4114
3,4115
29,4116
28,4117
38,4118
20,4119
49,4120
19,4121
33,4122
32,4123
27,4124
46,4125
6,4126
40,4127
12,4128
46,4129
37,4130
38,4131
28,4132
14,4133
40,4134
41,4135
32,4136
1,4137
0,4138
31,4139
1,4140
49,4141
8,4142
22,4143
45,4144
30,4145
30,4146
23,4147
20,4148
30,4149
47,4150
18,4151
47,4152
15,4153
18,4154
19,4155
27,4156
33,4157
49,4158
9,4159
35,4160
35,4161
47,4162
9,4163
36,4164
46,4165
31,4166
12,4167
15,4168
45,4169
17,4170
23,4171
27,4172
43,4173
42,4174
16,4175
48,4176
10,4177
4,4178
28,4179
1,4180
35,4181
5,4182
0,4183
10,4184
12,4185
31,4186
0,4187
36,4188
41,4189
20,4190
31,4191
40,4192
10,4193
14,4194
43,4195
47,4196
12,4197
49,4198
30,4199
18,4200
18,4201
44,4202
48,4203
4,4204
49,4205
20,4206
42,4207
28,4208
47,4209
49,4210
46,4211
19,4212
32,4213
19,4214
7,4215
42,4216
36,4217
38,4218
39,4219
29,4220
22,4221
11,4222
49,4223
20,4224
1,4225
33,4226
45,4227
42,4228
23,4229
2,4230
13,4231
29,4232
31,4233
12,4234
3,4235
9,4236
46,4237
26,4238
1,4239
1,4240
42,4241
1,4242
10,4243
30,4244
41,4245
14,4246
49,4247
20,4248
13,4249
15,4250
4,4251
0,4252
19,4253
14,4254
35,4255
41,4256
26,4257
19,4258
38,4259
36,4260
41,4261
26,4262
28,4263
16,4264
18,4265
30,4266
23,4267
35,4268
16,4269
16,4270
41,4271
32,4272
35,4273
17,4274
7,4275
24,4276
11,4277
17,4278
20,4279
31,4280
0,4281
39,4282
39,4283
34,4284
46,4285
33,4286
27,4287
38,4288
34,4289
4,4290
14,4291
31,4292
17,4293
30,4294
31,4295
16,4296
10,4297
2,4298
8,4299
45,4300
21,4301
5,4302
32,4303
48,4304
20,4305
11,4306
8,4307
41,4308
19,4309
31,4310
20,4311
21,4312
44,4313
49,4314
2,4315
30,4316
15,4317
13,4318
21,4319
39,4320
25,4321
19,4322
6,4323
0,4324
38,4325
21,4326
30,4327
45,4328
41,4329
27,4330
7,4331
42,4332
43,4333
2,4334
31,4335
36,4336
48,4337
21,4338
29,4339
8,4340
34,4341
36,4342
13,4343
25,4344
13,4345
18,4346
31,4347
7,4348
34,4349
15,4350
1,4351
8,4352
41,4353
30,4354
18,4355
21,4356
4,4357
15,4358
1,4359
21,4360
43,4361
42,4362
17,4363
5,4364
14,4365
21,4366
43,4367
33,4368
46,4369
41,4370
42,4371
5,4372
5,4373
49,4374
1,4375
47,4376
22,4377
47,4378
42,4379
20,4380
43,4381
33,4382
40,4383
39,4384
9,4385
4,4386
14,4387
8,4388
49,4389
23,4390
30,4391
34,4392
31,4393
26,4394
37,4395
22,4396
28,4397
16,4398
20,4399
41,4400
31,4401
43,4402
3,4403
38,4404
11,4405
19,4406
8,4407
31,4408
34,4409
38,4410
42,4411
26,4412
30,4413
33,4414
22,4415
48,4416
31,4417
32,4418
44,4419
36,4420
26,4421
23,4422
6,4423
34,4424
30,4425
6,4426
20,4427
14,4428
48,4429
32,4430
25,4431
34,4432
20,4433
36,4434
40,4435
45,4436
28,4437
7,4438
4,4439
35,4440
27,4441
29,4442
24,4443
37,4444
49,4445
28,4446
44,4447
14,4448
16,4449
48,4450
17,4451
35,4452
37,4453
22,4454
42,4455
1,4456
22,4457
22,4458
34,4459
37,4460
16,4461
29,4462
30,4463
20,4464
45,4465
49,4466
34,4467
13,4468
13,4469
19,4470
7,4471
41,4472
27,4473
15,4474
33,4475
7,4476
35,4477
17,4478
3,4479
31,4480
17,4481
0,4482
49,4483
24,4484
40,4485
43,4486
46,4487
45,4488
49,4489
19,4490
45,4491
6,4492
11,4493
29,4494
26,4495
19,4496
19,4497
42,4498
11,4499
20,4500
24,4501
21,4502
34,4503
11,4504
11,4505
43,4506
41,4507
42,4508
21,4509
14,4510
22,4511
11,4512
7,4513
44,4514
28,4515
21,4516
22,4517
0,4518
13,4519
1,4520
32,4521
44,4522
12,4523
22,4524
11,4525
30,4526
40,4527
41,4528
15,4529
34,4530
38,4531
7,4532
26,4533
41,4534
43,4535
40,4536
31,4537
27,4538
22,4539
11,4540
25,4541
10,4542
29,4543
35,4544
12,4545
48,4546
21,4547
4,4548
16,4549
26,4550
20,4551
22,4552
45,4553
12,4554
26,4555
20,4556
18,4557
15,4558
44,4559
28,4560
9,4561
36,4562
47,4563
22,4564
15,4565
27,4566
28,4567
44,4568
20,4569
33,4570
3,4571
26,4572
21,4573
9,4574
49,4575
2,4576
36,4577
23,4578
26,4579
2,4580
32,4581
9,4582
46,4583
23,4584
45,4585
41,4586
2,4587
41,4588
34,4589
48,4590
45,4591
12,4592
10,4593
10,4594
9,4595
4,4596
14,4597
23,4598
20,4599
5,4600
26,4601
21,4602
48,4603
41,4604
45,4605
17,4606
13,4607
4,4608
47,4609
10,4610
7,4611
16,4612
6,4613
36,4614
3,4615
2,4616
10,4617
9,4618
48,4619
11,4620
13,4621
25,4622
32,4623
45,4624
42,4625
35,4626
10,4627
10,4628
5,4629
26,4630
39,4631
34,4632
38,4633
17,4634
45,4635
25,4636
48,4637
28,4638
2,4639
2,4640
26,4641
42,4642
31,4643
1,4644
30,4645
19,4646
41,4647
24,4648
27,4649
1,4650
20,4651
15,4652
1,4653
45,4654
19,4655
39,4656
49,4657
15,4658
2,4659
48,4660
35,4661
49,4662
6,4663
44,4664
32,4665
33,4666
10,4667
22,4668
47,4669
21,4670
36,4671
13,4672
0,4673
14,4674
29,4675
27,4676
24,4677
3,4678
31,4679
38,4680
5,4681
23,4682
4,4683
11,4684
12,4685
43,4686
17,4687
28,4688
21,4689
27,4690
11,4691
42,4692
13,4693
42,4694
23,4695
37,4696
31,4697
16,4698
29,4699
35,4700
47,4701
10,4702
17,4703
33,4704
5,4705
9,4706
4,4707
9,4708
42,4709
6,4710
33,4711
48,4712
40,4713
31,4714
4,4715
8,4716
30,4717
6,4718
40,4719
43,4720
39,4721
6,4722
40,4723
4,4724
11,4725
27,4726
7,4727
26,4728
40,4729
7,4730
34,4731
45,4732
35,4733
9,4734
45,4735
49,4736
12,4737
45,4738
46,4739
24,4740
38,4741
1,4742
24,4743
38,4744
20,4745
21,4746
42,4747
37,4748
19,4749
3,4750
38,4751
42,4752
4,4753
41,4754
15,4755
6,4756
37,4757
46,4758
13,4759
31,4760
49,4761
4,4762
14,4763
3,4764
46,4765
9,4766
34,4767
1,4768
23,4769
36,4770
12,4771
49,4772
41,4773
16,4774
14,4775
30,4776
14,4777
49,4778
27,4779
44,4780
46,4781
43,4782
46,4783
34,4784
25,4785
3,4786
14,4787
4,4788
26,4789
2,4790
8,4791
37,4792
28,4793
47,4794
30,4795
21,4796
19,4797
1,4798
34,4799
3,4800
38,4801
6,4802
8,4803
15,4804
49,4805
20,4806
34,4807
36,4808
38,4809
22,4810
3,4811
30,4812
22,4813
45,4814
25,4815
17,4816
20,4817
45,4818
23,4819
45,4820
23,4821
40,4822
35,4823
25,4824
28,4825
39,4826
16,4827
8,4828
3,4829
14,4830
15,4831
48,4832
45,4833
6,4834
14,4835
22,4836
33,4837
23,4838
0,4839
29,4840
27,4841
8,4842
19,4843
24,4844
18,4845
43,4846
43,4847
41,4848
15,4849
27,4850
4,4851
39,4852
11,4853
21,4854
37,4855
4,4856
30,4857
24,4858
27,4859
46,4860
5,4861
38,4862
7,4863
35,4864
17,4865
14,4866
42,4867
26,4868
11,4869
2,4870
44,4871
49,4872
0,4873
38,4874
18,4875
21,4876
17,4877
11,4878
38,4879
22,4880
26,4881
10,4882
23,4883
0,4884
6,4885
1,4886
31,4887
17,4888
6,4889
37,4890
21,4891
6,4892
5,4893
4,4894
5,4895
21,4896
6,4897
16,4898
45,4899
8,4900
14,4901
44,4902
19,4903
12,4904
0,4905
5,4906
38,4907
4,4908
29,4909
44,4910
29,4911
39,4912
20,4913
27,4914
26,4915
38,4916
14,4917
22,4918
20,4919
46,4920
40,4921
44,4922
14,4923
8,4924
34,4925
25,4926
40,4927
22,4928
11,4929
13,4930
40,4931
37,4932
16,4933
23,4934
16,4935
13,4936
13,4937
6,4938
0,4939
12,4940
16,4941
31,4942
43,4943
45,4944
29,4945
38,4946
17,4947
42,4948
37,4949
1,4950
9,4951
25,4952
35,4953
16,4954
40,4955
3,4956
48,4957
7,4958
47,4959
25,4960
11,4961
29,4962
33,4963
32,4964
40,4965
16,4966
19,4967
40,4968
27,4969
9,4970
16,4971
46,4972
26,4973
19,4974
42,4975
48,4976
9,4977
11,4978
29,4979
21,4980
33,4981
0,4982
39,4983
10,4984
6,4985
49,4986
8,4987
13,4988
45,4989
3,4990
23,4991
9,4992
29,4993
27,4994
8,4995
19,4996
2,4997
24,4998
40,4999
39,5000
25,5001
11,5002
2,5003
49,5004
48,5005
41,5006
37,5007
48,5008
36,5009
26,5010
7,5011
44,5012
26,5013
10,5014
2,5015
49,5016
45,5017
21,5018
4,5019
49,5020
40,5021
2,5022
49,5023
43,5024
42,5025
36,5026
12,5027
23,5028
38,5029
18,5030
28,5031
14,5032
7,5033
17,5034
31,5035
35,5036
27,5037
35,5038
5,5039
46,5040
20,5041
46,5042
39,5043
42,5044
38,5045
31,5046
4,5047
0,5048
17,5049
7,5050
27,5051
39,5052
38,5053
30,5054
35,5055
15,5056
20,5057
44,5058
36,5059
41,5060
14,5061
49,5062
28,5063
18,5064
49,5065
38,5066
42,5067
18,5068
23,5069
47,5070
29,5071
7,5072
7,5073
48,5074
15,5075
23,5076
22,5077
29,5078
35,5079
44,5080
24,5081
14,5082
23,5083
5,5084
45,5085
31,5086
22,5087
26,5088
11,5089
15,5090
32,5091
11,5092
41,5093
21,5094
26,5095
23,5096
28,5097
28,5098
47,5099
45,5100
36,5101
7,5102
21,5103
34,5104
21,5105
31,5106
29,5107
27,5108
0,5109
7,5110
39,5111
42,5112
11,5113
8,5114
36,5115
10,5116
9,5117
13,5118
3,5119
3,5120
31,5121
25,5122
14,5123
0,5124
10,5125
28,5126
36,5127
25,5128
42,5129
3,5130
29,5131
25,5132
43,5133
19,5134
43,5135
31,5136
1,5137
16,5138
20,5139
32,5140
36,5141
24,5142
13,5143
44,5144
41,5145
0,5146
19,5147
21,5148
15,5149
31,5150
11,5151
5,5152
42,5153
6,5154
39,5155
29,5156
31,5157
4,5158
2,5159
46,5160
12,5161
35,5162
47,5163
18,5164
48,5165
36,5166
26,5167
1,5168
8,5169
43,5170
37,5171
41,5172
10,5173
34,5174
36,5175
18,5176
29,5177
36,5178
3,5179
1,5180
14,5181
37,5182
21,5183
30,5184
32,5185
23,5186
5,5187
9,5188
28,5189
16,5190
19,5191
26,5192
16,5193
0,5194
8,5195
34,5196
14,5197
18,5198
47,5199
3,5200
7,5201
25,5202
34,5203
3,5204
40,5205
37,5206
8,5207
5,5208
49,5209
40,5210
0,5211
15,5212
29,5213
44,5214
40,5215
3,5216
13,5217
47,5218
35,5219
12,5220
39,5221
3,5222
34,5223
35,5224
23,5225
14,5226
38,5227
9,5228
4,5229
32,5230
33,5231
5,5232
28,5233
42,5234
37,5235
36,5236
31,5237
18,5238
18,5239
40,5240
18,5241
37,5242
41,5243
18,5244
26,5245
23,5246
32,5247
24,5248
16,5249
30,5250
20,5251
5,5252
12,5253
27,5254
6,5255
32,5256
37,5257
11,5258
8,5259
30,5260
34,5261
36,5262
3,5263
33,5264
42,5265
6,5266
35,5267
48,5268
13,5269
44,5270
22,5271
44,5272
6,5273
41,5274
45,5275
14,5276
4,5277
18,5278
14,5279
45,5280
40,5281
45,5282
0,5283
42,5284
21,5285
27,5286
15,5287
34,5288
36,5289
24,5290
6,5291
36,5292
28,5293
31,5294
30,5295
15,5296
4,5297
46,5298
41,5299
2,5300
13,5301
8,5302
19,5303
22,5304
40,5305
26,5306
7,5307
11,5308
20,5309
6,5310
33,5311
35,5312
20,5313
36,5314
42,5315
19,5316
47,5317
31,5318
20,5319
5,5320
14,5321
27,5322
48,5323
4,5324
21,5325
27,5326
21,5327
47,5328
32,5329
19,5330
8,5331
17,5332
36,5333
2,5334
22,5335
41,5336
15,5337
48,5338
19,5339
13,5340
22,5341
28,5342
23,5343
24,5344
23,5345
2,5346
45,5347
45,5348
33,5349
10,5350
40,5351
49,5352
14,5353
14,5354
22,5355
41,5356
40,5357
35,5358
0,5359
12,5360
32,5361
38,5362
12,5363
37,5364
14,5365
22,5366
46,5367
37,5368
41,5369
30,5370
0,5371
46,5372
1,5373
26,5374
25,5375
21,5376
3,5377
45,5378
31,5379
45,5380
42,5381
46,5382
39,5383
27,5384
34,5385
8,5386
20,5387
35,5388
32,5389
0,5390
16,5391
43,5392
2,5393
20,5394
49,5395
35,5396
42,5397
13,5398
31,5399
9,5400
17,5401
17,5402
29,5403
40,5404
30,5405
24,5406
3,5407
45,5408
28,5409
22,5410
41,5411
22,5412
9,5413
26,5414
8,5415
20,5416
42,5417
9,5418
43,5419
38,5420
11,5421
22,5422
42,5423
48,5424
47,5425
17,5426
24,5427
12,5428
29,5429
20,5430
45,5431
4,5432
14,5433
22,5434
46,5435
17,5436
38,5437
43,5438
30,5439
19,5440
36,5441
26,5442
37,5443
33,5444
44,5445
15,5446
31,5447
24,5448
48,5449
4,5450
45,5451
37,5452
41,5453
43,5454
7,5455
43,5456
19,5457
47,5458
17,5459
23,5460
20,5461
16,5462
40,5463
35,5464
29,5465
44,5466
30,5467
37,5468
21,5469
16,5470
15,5471
38,5472
3,5473
8,5474
13,5475
18,5476
35,5477
24,5478
22,5479
35,5480
8,5481
30,5482
12,5483
30,5484
17,5485
30,5486
46,5487
10,5488
8,5489
41,5490
5,5491
16,5492
12,5493
35,5494
26,5495
21,5496
24,5497
45,5498
28,5499
30,5500
17,5501
21,5502
29,5503
16,5504
3,5505
40,5506
32,5507
32,5508
38,5509
10,5510
39,5511
31,5512
47,5513
22,5514
43,5515
32,5516
43,5517
43,5518
39,5519
17,5520
0,5521
22,5522
44,5523
46,5524
21,5525
39,5526
5,5527
32,5528
25,5529
16,5530
49,5531
37,5532
2,5533
32,5534
39,5535
47,5536
25,5537
4,5538
43,5539
18,5540
6,5541
36,5542
44,5543
13,5544
35,5545
21,5546
22,5547
21,5548
35,5549
3,5550
8,5551
38,5552
4,5553
6,5554
45,5555
4,5556
29,5557
21,5558
16,5559
47,5560
49,5561
4,5562
15,5563
49,5564
43,5565
31,5566
11,5567
27,5568
30,5569
49,5570
26,5571
31,5572
2,5573
17,5574
10,5575
17,5576
1,5577
18,5578
28,5579
6,5580
36,5581
38,5582
15,5583
8,5584
41,5585
16,5586
34,5587
21,5588
42,5589
44,5590
17,5591
47,5592
20,5593
26,5594
7,5595
33,5596
40,5597
49,5598
36,5599
13,5600
9,5601
41,5602
16,5603
25,5604
4,5605
41,5606
37,5607
10,5608
25,5609
4,5610
37,5611
19,5612
39,5613
7,5614
36,5615
11,5616
19,5617
42,5618
0,5619
20,5620
11,5621
4,5622
48,5623
18,5624
18,5625
33,5626
27,5627
17,5628
30,5629
35,5630
15,5631
3,5632
1,5633
10,5634
31,5635
37,5636
29,5637
7,5638
45,5639
15,5640
33,5641
27,5642
24,5643
10,5644
45,5645
43,5646
5,5647
37,5648
34,5649
28,5650
10,5651
9,5652
34,5653
16,5654
44,5655
29,5656
7,5657
38,5658
14,5659
31,5660
11,5661
26,5662
9,5663
15,5664
32,5665
40,5666
26,5667
12,5668
11,5669
8,5670
43,5671
34,5672
47,5673
33,5674
32,5675
29,5676
8,5677
3,5678
46,5679
15,5680
39,5681
49,5682
33,5683
44,5684
17,5685
20,5686
21,5687
24,5688
22,5689
7,5690
37,5691
8,5692
39,5693
41,5694
24,5695
10,5696
18,5697
9,5698
6,5699
5,5700
4,5701
15,5702
18,5703
2,5704
46,5705
6,5706
11,5707
3,5708
12,5709
46,5710
31,5711
47,5712
0,5713
15,5714
8,5715
20,5716
46,5717
36,5718
32,5719
18,5720
12,5721
31,5722
49,5723
33,5724
32,5725
9,5726
25,5727
22,5728
27,5729
7,5730
21,5731
16,5732
46,5733
39,5734
26,5735
26,5736
32,5737
22,5738
46,5739
25,5740
3,5741
32,5742
44,5743
23,5744
4,5745
6,5746
7,5747
19,5748
34,5749
12,5750
29,5751
29,5752
7,5753
10,5754
9,5755
42,5756
38,5757
45,5758
2,5759
15,5760
12,5761
34,5762
2,5763
3,5764
28,5765
27,5766
12,5767
23,5768
4,5769
33,5770
6,5771
3,5772
1,5773
26,5774
32,5775
12,5776
23,5777
47,5778
25,5779
4,5780
6,5781
45,5782
25,5783
30,5784
48,5785
49,5786
8,5787
37,5788
33,5789
8,5790
13,5791
32,5792
37,5793
36,5794
48,5795
17,5796
7,5797
1,5798
25,5799
22,5800
13,5801
4,5802
29,5803
7,5804
44,5805
19,5806
40,5807
43,5808
45,5809
23,5810
31,5811
15,5812
10,5813
21,5814
7,5815
13,5816
3,5817
38,5818
16,5819
23,5820
19,5821
49,5822
48,5823
3,5824
27,5825
11,5826
21,5827
40,5828
15,5829
43,5830
22,5831
9,5832
6,5833
21,5834
5,5835
32,5836
5,5837
21,5838
25,5839
28,5840
47,5841
8,5842
16,5843
43,5844
38,5845
22,5846
2,5847
29,5848
28,5849
19,5850
46,5851
24,5852
1,5853
29,5854
34,5855
47,5856
3,5857
9,5858
2,5859
7,5860
34,5861
47,5862
34,5863
49,5864
23,5865
3,5866
20,5867
33,5868
16,5869
38,5870
30,5871
13,5872
39,5873
40,5874
1,5875
0,5876
27,5877
28,5878
0,5879
39,5880
7,5881
45,5882
46,5883
23,5884
43,5885
30,5886
44,5887
38,5888
24,5889
36,5890
14,5891
7,5892
29,5893
20,5894
46,5895
10,5896
7,5897
8,5898
39,5899
23,5900
39,5901
46,5902
40,5903
43,5904
4,5905
3,5906
4,5907
11,5908
7,5909
11,5910
15,5911
40,5912
37,5913
37,5914
43,5915
47,5916
4,5917
4,5918
33,5919
27,5920
25,5921
36,5922
27,5923
33,5924
36,5925
12,5926
38,5927
24,5928
5,5929
21,5930
0,5931
20,5932
30,5933
32,5934
18,5935
4,5936
48,5937
13,5938
3,5939
8,5940
44,5941
15,5942
17,5943
34,5944
10,5945
33,5946
32,5947
35,5948
37,5949
8,5950
16,5951
8,5952
34,5953
5,5954
6,5955
26,5956
6,5957
39,5958
43,5959
39,5960
39,5961
41,5962
27,5963
45,5964
8,5965
41,5966
17,5967
35,5968
14,5969
13,5970
49,5971
10,5972
27,5973
15,5974
45,5975
44,5976
18,5977
23,5978
46,5979
19,5980
19,5981
37,5982
2,5983
23,5984
29,5985
22,5986
37,5987
27,5988
22,5989
34,5990
25,5991
0,5992
39,5993
46,5994
19,5995
21,5996
38,5997
13,5998
9,5999
18,6000
28,6001
6,6002
47,6003
22,6004
14,6005
31,6006
38,6007
14,6008
37,6009
31,6010
47,6011
43,6012
10,6013
15,6014
35,6015
22,6016
44,6017
36,6018
28,6019
16,6020
19,6021
47,6022
2,6023
41,6024
13,6025
9,6026
42,6027
25,6028
6,6029
8,6030
6,6031
48,6032
10,6033
23,6034
26,6035
25,6036
25,6037
40,6038
48,6039
46,6040
48,6041
18,6042
47,6043
49,6044
9,6045
47,6046
47,6047
27,6048
13,6049
37,6050
12,6051
11,6052
41,6053
9,6054
28,6055
39,6056
37,6057
33,6058
20,6059
5,6060
49,6061
29,6062
1,6063
1,6064
33,6065
9,6066
32,6067
29,6068
44,6069
10,6070
28,6071
12,6072
37,6073
2,6074
8,6075
5,6076
11,6077
45,6078
16,6079
25,6080
34,6081
27,6082
10,6083
33,6084
43,6085
17,6086
35,6087
17,6088
27,6089
21,6090
27,6091
35,6092
19,6093
29,6094
22,6095
31,6096
28,6097
7,6098
10,6099
41,6100
28,6101
29,6102
2,6103
42,6104
10,6105
37,6106
6,6107
29,6108
28,6109
4,6110
43,6111
41,6112
33,6113
35,6114
12,6115
47,6116
2,6117
45,6118
20,6119
23,6120
31,6121
32,6122
28,6123
7,6124
47,6125
41,6126
11,6127
28,6128
19,6129
47,6130
20,6131
44,6132
8,6133
35,6134
39,6135
30,6136
3,6137
15,6138
34,6139
28,6140
1,6141
38,6142
6,6143
11,6144
21,6145
48,6146
46,6147
44,6148
4,6149
32,6150
25,6151
44,6152
49,6153
29,6154
8,6155
40,6156
5,6157
4,6158
45,6159
11,6160
16,6161
4,6162
37,6163
15,6164
18,6165
42,6166
20,6167
34,6168
20,6169
37,6170
28,6171
3,6172
17,6173
29,6174
39,6175
37,6176
13,6177
7,6178
45,6179
23,6180
16,6181
17,6182
38,6183
19,6184
24,6185
46,6186
24,6187
29,6188
37,6189
15,6190
21,6191
8,6192
31,6193
9,6194
18,6195
5,6196
5,6197
47,6198
47,6199
6,6200
42,6201
30,6202
17,6203
0,6204
33,6205
38,6206
31,6207
22,6208
14,6209
40,6210
13,6211
25,6212
10,6213
25,6214
17,6215
7,6216
40,6217
2,6218
10,6219
13,6220
30,6221
34,6222
43,6223
37,6224
44,6225
49,6226
43,6227
11,6228
46,6229
41,6230
34,6231
43,6232
39,6233
39,6234
20,6235
34,6236
27,6237
15,6238
32,6239
38,6240
6,6241
14,6242
44,6243
27,6244
0,6245
23,6246
26,6247
38,6248
18,6249
6,6250
18,6251
38,6252
44,6253
15,6254
10,6255
21,6256
26,6257
37,6258
19,6259
20,6260
23,6261
14,6262
46,6263
45,6264
36,6265
47,6266
4,6267
3,6268
36,6269
39,6270
25,6271
25,6272
7,6273
13,6274
34,6275
23,6276
12,6277
41,6278
34,6279
32,6280
6,6281
43,6282
27,6283
3,6284
36,6285
22,6286
31,6287
32,6288
12,6289
27,6290
41,6291
6,6292
46,6293
9,6294
27,6295
37,6296
36,6297
44,6298
15,6299
45,6300
6,6301
36,6302
34,6303
18,6304
18,6305
13,6306
28,6307
36,6308
43,6309
2,6310
44,6311
29,6312
22,6313
44,6314
45,6315
43,6316
26,6317
19,6318
29,6319
28,6320
22,6321
32,6322
4,6323
17,6324
9,6325
1,6326
43,6327
38,6328
31,6329
10,6330
39,6331
4,6332
24,6333
47,6334
48,6335
21,6336
0,6337
43,6338
45,6339
6,6340
40,6341
42,6342
46,6343
20,6344
16,6345
12,6346
22,6347
28,6348
47,6349
16,6350
24,6351
11,6352
35,6353
15,6354
20,6355
46,6356
25,6357
6,6358
49,6359
7,6360
29,6361
21,6362
27,6363
39,6364
30,6365
26,6366
15,6367
22,6368
40,6369
0,6370
4,6371
16,6372
29,6373
8,6374
33,6375
23,6376
6,6377
40,6378
36,6379
40,6380
19,6381
36,6382
21,6383
27,6384
33,6385
26,6386
6,6387
20,6388
40,6389
15,6390
2,6391
19,6392
15,6393
26,6394
47,6395
0,6396
15,6397
31,6398
6,6399
20,6400
45,6401
20,6402
6,6403
48,6404
5,6405
44,6406
20,6407
44,6408
40,6409
27,6410
14,6411
35,6412
4,6413
18,6414
33,6415
35,6416
29,6417
22,6418
5,6419
32,6420
21,6421
0,6422
35,6423
14,6424
8,6425
22,6426
17,6427
11,6428
10,6429
0,6430
43,6431
13,6432
10,6433
37,6434
24,6435
13,6436
13,6437
10,6438
9,6439
30,6440
31,6441
17,6442
37,6443
2,6444
45,6445
20,6446
10,6447
9,6448
28,6449
47,6450
36,6451
25,6452
27,6453
7,6454
27,6455
33,6456
28,6457
14,6458
6,6459
33,6460
41,6461
19,6462
7,6463
13,6464
30,6465
41,6466
49,6467
13,6468
39,6469
5,6470
17,6471
23,6472
40,6473
5,6474
18,6475
20,6476
45,6477
36,6478
41,6479
11,6480
49,6481
43,6482
45,6483
27,6484
15,6485
45,6486
39,6487
18,6488
2,6489
2,6490
30,6491
28,6492
22,6493
31,6494
11,6495
41,6496
34,6497
5,6498
46,6499
28,6500
47,6501
25,6502
2,6503
27,6504
35,6505
32,6506
37,6507
7,6508
36,6509
8,6510
0,6511
36,6512
43,6513
10,6514
5,6515
47,6516
21,6517
6,6518
17,6519
35,6520
15,6521
6,6522
49,6523
6,6524
43,6525
6,6526
3,6527
19,6528
18,6529
17,6530
21,6531
42,6532
22,6533
27,6534
47,6535
27,6536
6,6537
39,6538
26,6539
28,6540
41,6541
14,6542
9,6543
32,6544
44,6545
7,6546
34,6547
2,6548
4,6549
21,6550
44,6551
26,6552
15,6553
3,6554
40,6555
25,6556
21,6557
48,6558
0,6559
7,6560
43,6561
4,6562
34,6563
49,6564
11,6565
9,6566
24,6567
35,6568
40,6569
21,6570
28,6571
31,6572
16,6573
38,6574
48,6575
17,6576
23,6577
5,6578
32,6579
21,6580
34,6581
49,6582
14,6583
24,6584
26,6585
1,6586
14,6587
6,6588
29,6589
24,6590
23,6591
2,6592
4,6593
7,6594
2,6595
46,6596
31,6597
13,6598
6,6599
29,6600
30,6601
32,6602
43,6603
41,6604
38,6605
46,6606
41,6607
19,6608
34,6609
4,6610
33,6611
9,6612
32,6613
35,6614
31,6615
32,6616
45,6617
3,6618
6,6619
31,6620
48,6621
10,6622
40,6623
1,6624
35,6625
36,6626
47,6627
25,6628
28,6629
10,6630
16,6631
9,6632
13,6633
21,6634
23,6635
3,6636
23,6637
22,6638
11,6639
39,6640
34,6641
31,6642
48,6643
16,6644
36,6645
10,6646
16,6647
48,6648
19,6649
2,6650
46,6651
6,6652
29,6653
46,6654
28,6655
42,6656
25,6657
34,6658
31,6659
10,6660
26,6661
41,6662
32,6663
2,6664
47,6665
41,6666
48,6667
0,6668
3,6669
28,6670
23,6671
48,6672
24,6673
6,6674
34,6675
42,6676
35,6677
9,6678
24,6679
38,6680
43,6681
34,6682
28,6683
41,6684
31,6685
43,6686
6,6687
49,6688
13,6689
33,6690
7,6691
47,6692
19,6693
25,6694
46,6695
38,6696
20,6697
42,6698
26,6699
15,6700
18,6701
43,6702
42,6703
36,6704
25,6705
4,6706
36,6707
40,6708
9,6709
9,6710
11,6711
31,6712
40,6713
14,6714
2,6715
15,6716
31,6717
46,6718
37,6719
11,6720
10,6721
47,6722
25,6723
23,6724
9,6725
34,6726
13,6727
25,6728
32,6729
38,6730
4,6731
13,6732
47,6733
44,6734
25,6735
45,6736
7,6737
39,6738
42,6739
47,6740
38,6741
29,6742
12,6743
39,6744
36,6745
16,6746
42,6747
13,6748
39,6749
6,6750
30,6751
23,6752
1,6753
26,6754
27,6755
7,6756
25,6757
45,6758
32,6759
22,6760
46,6761
34,6762
21,6763
48,6764
33,6765
35,6766
26,6767
25,6768
38,6769
38,6770
32,6771
4,6772
6,6773
38,6774
40,6775
13,6776
4,6777
23,6778
30,6779
2,6780
33,6781
29,6782
20,6783
5,6784
0,6785
38,6786
4,6787
2,6788
41,6789
32,6790
37,6791
34,6792
37,6793
13,6794
40,6795
2,6796
46,6797
40,6798
14,6799
1,6800
26,6801
40,6802
22,6803
48,6804
21,6805
9,6806
11,6807
34,6808
1,6809
19,6810
27,6811
16,6812
26,6813
44,6814
6,6815
47,6816
47,6817
8,6818
34,6819
4,6820
0,6821
29,6822
45,6823
12,6824
12,6825
29,6826
7,6827
10,6828
41,6829
37,6830
17,6831
20,6832
30,6833
46,6834
33,6835
43,6836
6,6837
28,6838
15,6839
6,6840
33,6841
8,6842
2,6843
19,6844
33,6845
40,6846
26,6847
14,6848
30,6849
10,6850
24,6851
21,6852
6,6853
44,6854
47,6855
38,6856
45,6857
35,6858
18,6859
19,6860
49,6861
7,6862
9,6863
19,6864
44,6865
19,6866
37,6867
31,6868
26,6869
41,6870
31,6871
30,6872
34,6873
48,6874
43,6875
39,6876
7,6877
24,6878
11,6879
38,6880
5,6881
16,6882
47,6883
36,6884
16,6885
11,6886
12,6887
41,6888
17,6889
49,6890
5,6891
28,6892
38,6893
43,6894
10,6895
9,6896
32,6897
45,6898
17,6899
23,6900
9,6901
2,6902
35,6903
36,6904
2,6905
7,6906
44,6907
25,6908
35,6909
32,6910
36,6911
8,6912
24,6913
37,6914
22,6915
13,6916
37,6917
48,6918
15,6919
32,6920
32,6921
10,6922
41,6923
37,6924
20,6925
20,6926
28,6927
28,6928
20,6929
47,6930
40,6931
25,6932
4,6933
3,6934
3,6935
2,6936
18,6937
37,6938
13,6939
31,6940
20,6941
46,6942
8,6943
9,6944
28,6945
49,6946
19,6947
11,6948
39,6949
39,6950
32,6951
46,6952
40,6953
29,6954
23,6955
19,6956
20,6957
47,6958
12,6959
10,6960
34,6961
27,6962
11,6963
45,6964
37,6965
12,6966
29,6967
11,6968
22,6969
0,6970
46,6971
25,6972
6,6973
17,6974
39,6975
25,6976
1,6977
2,6978
10,6979
25,6980
27,6981
18,6982
26,6983
7,6984
25,6985
28,6986
5,6987
37,6988
20,6989
35,6990
28,6991
1,6992
6,6993
28,6994
19,6995
17,6996
45,6997
4,6998
23,6999
36,7000
41,7001
39,7002
32,7003
34,7004
5,7005
11,7006
40,7007
33,7008
44,7009
30,7010
42,7011
13,7012
5,7013
10,7014
38,7015
43,7016
6,7017
10,7018
49,7019
25,7020
40,7021
19,7022
22,7023
24,7024
20,7025
19,7026
4,7027
2,7028
39,7029
49,7030
1,7031
11,7032
24,7033
2,7034
14,7035
49,7036
48,7037
8,7038
4,7039
17,7040
25,7041
33,7042
4,7043
34,7044
24,7045
29,7046
20,7047
30,7048
32,7049
32,7050
17,7051
45,7052
42,7053
15,7054
18,7055
10,7056
8,7057
16,7058
41,7059
30,7060
22,7061
1,7062
27,7063
28,7064
12,7065
14,7066
1,7067
6,7068
32,7069
23,7070
45,7071
36,7072
46,7073
17,7074
46,7075
8,7076
1,7077
1,7078
29,7079
14,7080
29,7081
45,7082
3,7083
2,7084
24,7085
27,7086
29,7087
0,7088
2,7089
27,7090
7,7091
14,7092
13,7093
27,7094
30,7095
36,7096
27,7097
48,7098
17,7099
27,7100
27,7101
26,7102
28,7103
23,7104
43,7105
32,7106
1,7107
4,7108
36,7109
28,7110
4,7111
29,7112
5,7113
43,7114
8,7115
34,7116
9,7117
44,7118
14,7119
47,7120
0,7121
27,7122
11,7123
36,7124
31,7125
22,7126
9,7127
17,7128
9,7129
19,7130
3,7131
38,7132
29,7133
40,7134
2,7135
1,7136
13,7137
19,7138
41,7139
14,7140
16,7141
30,7142
49,7143
9,7144
23,7145
2,7146
1,7147
6,7148
41,7149
31,7150
26,7151
33,7152
20,7153
40,7154
17,7155
47,7156
19,7157
22,7158
28,7159
18,7160
9,7161
14,7162
18,7163
18,7164
26,7165
23,7166
23,7167
5,7168
32,7169
37,7170
47,7171
36,7172
47,7173
14,7174
10,7175
7,7176
44,7177
48,7178
27,7179
32,7180
22,7181
26,7182
6,7183
12,7184
23,7185
27,7186
24,7187
3,7188
12,7189
38,7190
11,7191
44,7192
49,7193
14,7194
42,7195
10,7196
33,7197
10,7198
7,7199
42,7200
34,7201
42,7202
10,7203
6,7204
13,7205
12,7206
46,7207
34,7208
7,7209
12,7210
29,7211
19,7212
35,7213
47,7214
23,7215
41,7216
5,7217
49,7218
46,7219
31,7220
6,7221
16,7222
18,7223
2,7224
34,7225
38,7226
46,7227
17,7228
16,7229
18,7230
46,7231
36,7232
8,7233
32,7234
47,7235
47,7236
33,7237
26,7238
17,7239
45,7240
40,7241
48,7242
46,7243
31,7244
43,7245
11,7246
20,7247
21,7248
42,7249
2,7250
8,7251
47,7252
14,7253
47,7254
30,7255
25,7256
9,7257
45,7258
40,7259
7,7260
35,7261
5,7262
14,7263
5,7264
24,7265
5,7266
23,7267
33,7268
22,7269
26,7270
16,7271
4,7272
35,7273
40,7274
40,7275
5,7276
43,7277
7,7278
43,7279
4,7280
31,7281
49,7282
9,7283
28,7284
22,7285
37,7286
25,7287
33,7288
9,7289
17,7290
9,7291
2,7292
42,7293
42,7294
5,7295
6,7296
43,7297
27,7298
27,7299
28,7300
14,7301
8,7302
1,7303
24,7304
36,7305
45,7306
21,7307
17,7308
23,7309
32,7310
7,7311
6,7312
43,7313
23,7314
2,7315
48,7316
5,7317
8,7318
44,7319
29,7320
37,7321
31,7322
38,7323
17,7324
34,7325
47,7326
17,7327
23,7328
2,7329
16,7330
8,7331
41,7332
25,7333
44,7334
47,7335
27,7336
16,7337
26,7338
11,7339
18,7340
0,7341
6,7342
2,7343
26,7344
9,7345
11,7346
29,7347
8,7348
11,7349
13,7350
19,7351
46,7352
25,7353
10,7354
17,7355
24,7356
42,7357
35,7358
43,7359
2,7360
44,7361
15,7362
43,7363
22,7364
0,7365
42,7366
30,7367
30,7368
10,7369
41,7370
25,7371
22,7372
9,7373
4,7374
15,7375
11,7376
15,7377
42,7378
31,7379
12,7380
46,7381
23,7382
47,7383
3,7384
1,7385
6,7386
0,7387
25,7388
25,7389
38,7390
44,7391
5,7392
6,7393
46,7394
24,7395
10,7396
38,7397
20,7398
4,7399
3,7400
32,7401
34,7402
48,7403
33,7404
34,7405
1,7406
20,7407
30,7408
2,7409
3,7410
38,7411
14,7412
25,7413
20,7414
24,7415
34,7416
19,7417
27,7418
20,7419
28,7420
9,7421
44,7422
29,7423
28,7424
41,7425
9,7426
18,7427
22,7428
10,7429
19,7430
20,7431
42,7432
25,7433
0,7434
39,7435
3,7436
33,7437
40,7438
21,7439
40,7440
42,7441
42,7442
33,7443
20,7444
37,7445
3,7446
7,7447
6,7448
7,7449
3,7450
16,7451
5,7452
34,7453
27,7454
25,7455
47,7456
15,7457
40,7458
36,7459
47,7460
11,7461
42,7462
35,7463
42,7464
16,7465
26,7466
5,7467
43,7468
22,7469
45,7470
11,7471
5,7472
45,7473
37,7474
38,7475
45,7476
1,7477
26,7478
31,7479
15,7480
18,7481
38,7482
11,7483
31,7484
20,7485
28,7486
4,7487
41,7488
33,7489
6,7490
30,7491
34,7492
26,7493
20,7494
43,7495
26,7496
6,7497
1,7498
12,7499
15,7500
5,7501
11,7502
40,7503
33,7504
14,7505
1,7506
32,7507
12,7508
24,7509
48,7510
45,7511
45,7512
44,7513
31,7514
10,7515
32,7516
36,7517
23,7518
19,7519
39,7520
3,7521
22,7522
15,7523
0,7524
42,7525
33,7526
18,7527
3,7528
23,7529
6,7530
28,7531
22,7532
20,7533
46,7534
30,7535
40,7536
31,7537
19,7538
3,7539
6,7540
27,7541
15,7542
29,7543
28,7544
39,7545
10,7546
45,7547
11,7548
23,7549
26,7550
34,7551
25,7552
49,7553
33,7554
46,7555
46,7556
33,7557
2,7558
34,7559
45,7560
24,7561
5,7562
24,7563
35,7564
47,7565
41,7566
45,7567
4,7568
5,7569
41,7570
5,7571
5,7572
39,7573
40,7574
14,7575
14,7576
21,7577
40,7578
27,7579
35,7580
14,7581
30,7582
49,7583
9,7584
3,7585
35,7586
44,7587
29,7588
27,7589
49,7590
39,7591
11,7592
37,7593
34,7594
31,7595
9,7596
20,7597
7,7598
9,7599
45,7600
2,7601
13,7602
47,7603
14,7604
17,7605
5,7606
0,7607
18,7608
9,7609
40,7610
18,7611
44,7612
41,7613
31,7614
15,7615
17,7616
46,7617
30,7618
48,7619
38,7620
29,7621
8,7622
32,7623
29,7624
40,7625
27,7626
24,7627
42,7628
44,7629
35,7630
42,7631
5,7632
49,7633
42,7634
31,7635
4,7636
49,7637
27,7638
33,7639
7,7640
24,7641
20,7642
16,7643
49,7644
19,7645
36,7646
33,7647
22,7648
16,7649
22,7650
44,7651
26,7652
5,7653
4,7654
41,7655
42,7656
11,7657
7,7658
10,7659
7,7660
38,7661
24,7662
27,7663
19,7664
4,7665
15,7666
26,7667
37,7668
44,7669
19,7670
47,7671
35,7672
11,7673
34,7674
21,7675
42,7676
19,7677
40,7678
25,7679
40,7680
44,7681
23,7682
19,7683
25,7684
23,7685
19,7686
26,7687
7,7688
42,7689
45,7690
46,7691
45,7692
34,7693
27,7694
25,7695
49,7696
9,7697
19,7698
24,7699
16,7700
0,7701
25,7702
10,7703
26,7704
16,7705
8,7706
37,7707
17,7708
33,7709
23,7710
32,7711
30,7712
12,7713
6,7714
14,7715
46,7716
49,7717
39,7718
2,7719
21,7720
0,7721
3,7722
8,7723
10,7724
49,7725
36,7726
35,7727
13,7728
43,7729
4,7730
47,7731
40,7732
33,7733
2,7734
26,7735
13,7736
9,7737
36,7738
7,7739
26,7740
35,7741
28,7742
18,7743
49,7744
38,7745
44,7746
17,7747
28,7748
8,7749
40,7750
5,7751
11,7752
35,7753
3,7754
47,7755
27,7756
48,7757
20,7758
47,7759
2,7760
49,7761
41,7762
36,7763
14,7764
14,7765
9,7766
37,7767
28,7768
21,7769
20,7770
26,7771
25,7772
42,7773
49,7774
13,7775
27,7776
9,7777
5,7778
12,7779
28,7780
18,7781
40,7782
35,7783
47,7784
27,7785
46,7786
8,7787
41,7788
6,7789
30,7790
1,7791
10,7792
33,7793
39,7794
35,7795
31,7796
32,7797
0,7798
22,7799
2,7800
29,7801
35,7802
42,7803
14,7804
20,7805
37,7806
26,7807
28,7808
14,7809
43,7810
6,7811
2,7812
1,7813
36,7814
2,7815
42,7816
15,7817
27,7818
37,7819
33,7820
46,7821
32,7822
13,7823
27,7824
28,7825
39,7826
20,7827
40,7828
22,7829
22,7830
23,7831
9,7832
2,7833
42,7834
39,7835
14,7836
11,7837
2,7838
34,7839
0,7840
7,7841
34,7842
18,7843
36,7844
22,7845
42,7846
33,7847
5,7848
41,7849
2,7850
17,7851
36,7852
41,7853
16,7854
17,7855
46,7856
30,7857
41,7858
42,7859
24,7860
3,7861
38,7862
42,7863
36,7864
3,7865
35,7866
44,7867
37,7868
44,7869
8,7870
15,7871
6,7872
15,7873
46,7874
33,7875
7,7876
27,7877
15,7878
39,7879
38,7880
29,7881
14,7882
26,7883
11,7884
28,7885
14,7886
43,7887
47,7888
13,7889
18,7890
47,7891
33,7892
13,7893
16,7894
38,7895
48,7896
32,7897
33,7898
5,7899
9,7900
26,7901
42,7902
49,7903
8,7904
19,7905
14,7906
49,7907
37,7908
47,7909
46,7910
38,7911
20,7912
23,7913
30,7914
5,7915
32,7916
23,7917
6,7918
6,7919
5,7920
12,7921
1,7922
13,7923
43,7924
20,7925
29,7926
24,7927
16,7928
32,7929
23,7930
5,7931
32,7932
25,7933
34,7934
27,7935
35,7936
0,7937
11,7938
43,7939
4,7940
14,7941
1,7942
16,7943
31,7944
26,7945
25,7946
17,7947
1,7948
44,7949
31,7950
28,7951
31,7952
33,7953
35,7954
25,7955
38,7956
22,7957
31,7958
40,7959
26,7960
12,7961
31,7962
4,7963
5,7964
5,7965
45,7966
30,7967
9,7968
19,7969
49,7970
20,7971
44,7972
11,7973
49,7974
33,7975
2,7976
36,7977
9,7978
11,7979
28,7980
41,7981
45,7982
11,7983
22,7984
31,7985
33,7986
25,7987
25,7988
19,7989
41,7990
22,7991
10,7992
40,7993
47,7994
29,7995
41,7996
10,7997
16,7998
44,7999
13,8000
10,8001
42,8002
26,8003
7,8004
42,8005
2,8006
14,8007
25,8008
4,8009
23,8010
12,8011
18,8012
43,8013
3,8014
17,8015
34,8016
1,8017
26,8018
32,8019
39,8020
39,8021
40,8022
24,8023
31,8024
5,8025
49,8026
10,8027
38,8028
18,8029
34,8030
6,8031
47,8032
33,8033
29,8034
33,8035
6,8036
43,8037
1,8038
36,8039
22,8040
12,8041
11,8042
44,8043
11,8044
21,8045
42,8046
40,8047
47,8048
14,8049
5,8050
33,8051
44,8052
48,8053
10,8054
39,8055
18,8056
23,8057
1,8058
45,8059
13,8060
18,8061
2,8062
33,8063
5,8064
33,8065
17,8066
7,8067
29,8068
31,8069
21,8070
21,8071
18,8072
7,8073
22,8074
13,8075
14,8076
46,8077
18,8078
12,8079
15,8080
22,8081
24,8082
44,8083
27,8084
5,8085
13,8086
37,8087
49,8088
42,8089
3,8090
39,8091
4,8092
41,8093
35,8094
15,8095
39,8096
7,8097
41,8098
31,8099
9,8100
24,8101
21,8102
16,8103
13,8104
26,8105
17,8106
9,8107
9,8108
15,8109
12,8110
6,8111
42,8112
28,8113
37,8114
31,8115
43,8116
18,8117
35,8118
10,8119
26,8120
23,8121
24,8122
48,8123
39,8124
30,8125
6,8126
12,8127
37,8128
20,8129
26,8130
22,8131
3,8132
39,8133
22,8134
11,8135
3,8136
37,8137
27,8138
7,8139
9,8140
47,8141
19,8142
22,8143
9,8144
36,8145
38,8146
42,8147
21,8148
46,8149
33,8150
3,8151
3,8152
14,8153
25,8154
45,8155
12,8156
3,8157
7,8158
9,8159
27,8160
35,8161
12,8162
35,8163
5,8164
35,8165
34,8166
3,8167
6,8168
13,8169
32,8170
35,8171
20,8172
45,8173
20,8174
35,8175
21,8176
42,8177
36,8178
25,8179
10,8180
42,8181
36,8182
2,8183
19,8184
31,8185
35,8186
42,8187
42,8188
16,8189
15,8190
19,8191
14,8192
31,8193
11,8194
28,8195
22,8196
35,8197
36,8198
29,8199
22,8200
26,8201
20,8202
25,8203
19,8204
31,8205
28,8206
20,8207
37,8208
6,8209
37,8210
4,8211
2,8212
15,8213
33,8214
4,8215
32,8216
10,8217
25,8218
9,8219
34,8220
25,8221
24,8222
18,8223
44,8224
8,8225
49,8226
11,8227
22,8228
20,8229
22,8230
39,8231
23,8232
21,8233
31,8234
11,8235
44,8236
48,8237
7,8238
47,8239
1,8240
11,8241
38,8242
9,8243
13,8244
13,8245
9,8246
21,8247
6,8248
45,8249
6,8250
13,8251
30,8252
19,8253
26,8254
32,8255
46,8256
20,8257
0,8258
29,8259
48,8260
6,8261
37,8262
40,8263
25,8264
36,8265
24,8266
21,8267
3,8268
9,8269
49,8270
40,8271
48,8272
45,8273
29,8274
33,8275
17,8276
9,8277
38,8278
49,8279
14,8280
22,8281
31,8282
27,8283
4,8284
47,8285
4,8286
11,8287
42,8288
38,8289
30,8290
0,8291
12,8292
14,8293
45,8294
2,8295
34,8296
38,8297
4,8298
9,8299
32,8300
9,8301
22,8302
18,8303
15,8304
8,8305
25,8306
6,8307
26,8308
0,8309
18,8310
0,8311
19,8312
38,8313
28,8314
31,8315
43,8316
47,8317
11,8318
6,8319
12,8320
21,8321
44,8322
25,8323
36,8324
3,8325
41,8326
5,8327
15,8328
9,8329
2,8330
30,8331
12,8332
47,8333
49,8334
27,8335
25,8336
34,8337
23,8338
29,8339
11,8340
23,8341
47,8342
30,8343
9,8344
16,8345
23,8346
49,8347
35,8348
15,8349
32,8350
10,8351
25,8352
11,8353
8,8354
18,8355
29,8356
12,8357
43,8358
33,8359
27,8360
45,8361
15,8362
38,8363
18,8364
47,8365
13,8366
42,8367
48,8368
19,8369
41,8370
5,8371
18,8372
27,8373
16,8374
36,8375
21,8376
41,8377
11,8378
27,8379
30,8380
23,8381
24,8382
13,8383
16,8384
10,8385
32,8386
42,8387
15,8388
42,8389
16,8390
49,8391
30,8392
8,8393
2,8394
30,8395
18,8396
16,8397
43,8398
31,8399
22,8400
18,8401
14,8402
42,8403
21,8404
29,8405
46,8406
41,8407
25,8408
23,8409
16,8410
13,8411
44,8412
12,8413
23,8414
6,8415
17,8416
26,8417
29,8418
36,8419
34,8420
41,8421
42,8422
5,8423
47,8424
12,8425
39,8426
33,8427
30,8428
4,8429
16,8430
14,8431
29,8432
35,8433
32,8434
16,8435
19,8436
23,8437
13,8438
3,8439
24,8440
17,8441
30,8442
0,8443
13,8444
10,8445
30,8446
8,8447
9,8448
36,8449
7,8450
16,8451
15,8452
7,8453
38,8454
25,8455
36,8456
42,8457
48,8458
11,8459
5,8460
49,8461
4,8462
49,8463
14,8464
19,8465
21,8466
44,8467
47,8468
43,8469
3,8470
31,8471
30,8472
31,8473
13,8474
30,8475
42,8476
19,8477
6,8478
5,8479
36,8480
22,8481
12,8482
47,8483
30,8484
45,8485
10,8486
31,8487
6,8488
30,8489
38,8490
14,8491
40,8492
34,8493
31,8494
13,8495
9,8496
32,8497
45,8498
36,8499
33,8500
40,8501
20,8502
19,8503
2,8504
38,8505
29,8506
38,8507
35,8508
16,8509
15,8510
48,8511
24,8512
26,8513
49,8514
27,8515
27,8516
5,8517
46,8518
32,8519
38,8520
45,8521
2,8522
43,8523
32,8524
30,8525
30,8526
42,8527
13,8528
22,8529
46,8530
31,8531
48,8532
42,8533
21,8534
31,8535
40,8536
19,8537
11,8538
19,8539
16,8540
35,8541
26,8542
46,8543
34,8544
47,8545
19,8546
26,8547
1,8548
20,8549
43,8550
48,8551
19,8552
40,8553
19,8554
18,8555
30,8556
38,8557
42,8558
22,8559
37,8560
47,8561
17,8562
15,8563
48,8564
7,8565
21,8566
49,8567
7,8568
24,8569
24,8570
19,8571
0,8572
20,8573
31,8574
43,8575
18,8576
19,8577
47,8578
45,8579
0,8580
24,8581
3,8582
37,8583
8,8584
32,8585
2,8586
27,8587
43,8588
7,8589
5,8590
30,8591
42,8592
7,8593
43,8594
5,8595
46,8596
34,8597
40,8598
19,8599
7,8600
44,8601
49,8602
26,8603
21,8604
14,8605
22,8606
22,8607
33,8608
41,8609
32,8610
47,8611
48,8612
6,8613
49,8614
27,8615
22,8616
21,8617
12,8618
49,8619
22,8620
15,8621
8,8622
47,8623
20,8624
30,8625
36,8626
25,8627
35,8628
18,8629
37,8630
19,8631
47,8632
36,8633
0,8634
32,8635
18,8636
49,8637
5,8638
24,8639
48,8640
11,8641
20,8642
44,8643
4,8644
16,8645
3,8646
14,8647
46,8648
43,8649
45,8650
18,8651
27,8652
17,8653
1,8654
17,8655
34,8656
39,8657
24,8658
37,8659
9,8660
21,8661
25,8662
25,8663
41,8664
48,8665
37,8666
49,8667
41,8668
42,8669
25,8670
4,8671
49,8672
22,8673
9,8674
13,8675
22,8676
37,8677
47,8678
42,8679
8,8680
40,8681
45,8682
28,8683
48,8684
33,8685
2,8686
46,8687
37,8688
2,8689
20,8690
2,8691
34,8692
27,8693
43,8694
18,8695
44,8696
11,8697
28,8698
8,8699
15,8700
34,8701
46,8702
39,8703
7,8704
25,8705
5,8706
48,8707
38,8708
45,8709
18,8710
3,8711
16,8712
14,8713
42,8714
39,8715
24,8716
14,8717
46,8718
14,8719
12,8720
6,8721
46,8722
8,8723
11,8724
26,8725
15,8726
10,8727
4,8728
33,8729
49,8730
20,8731
40,8732
4,8733
45,8734
10,8735
41,8736
1,8737
6,8738
28,8739
23,8740
36,8741
47,8742
45,8743
36,8744
20,8745
15,8746
48,8747
1,8748
14,8749
1,8750
42,8751
2,8752
3,8753
7,8754
47,8755
10,8756
11,8757
18,8758
4,8759
32,8760
24,8761
47,8762
43,8763
29,8764
37,8765
26,8766
44,8767
31,8768
9,8769
37,8770
23,8771
12,8772
10,8773
26,8774
24,8775
18,8776
49,8777
16,8778
38,8779
18,8780
17,8781
12,8782
2,8783
9,8784
26,8785
8,8786
10,8787
32,8788
18,8789
19,8790
19,8791
16,8792
46,8793
21,8794
41,8795
42,8796
29,8797
24,8798
9,8799
9,8800
3,8801
34,8802
12,8803
1,8804
32,8805
34,8806
49,8807
32,8808
11,8809
14,8810
40,8811
23,8812
5,8813
47,8814
22,8815
24,8816
16,8817
21,8818
23,8819
44,8820
30,8821
28,8822
2,8823
8,8824
39,8825
2,8826
17,8827
6,8828
3,8829
27,8830
31,8831
38,8832
27,8833
17,8834
1,8835
39,8836
41,8837
3,8838
39,8839
22,8840
0,8841
14,8842
47,8843
27,8844
33,8845
40,8846
42,8847
0,8848
21,8849
20,8850
29,8851
27,8852
32,8853
4,8854
22,8855
39,8856
24,8857
0,8858
27,8859
30,8860
49,8861
12,8862
10,8863
13,8864
41,8865
37,8866
46,8867
16,8868
6,8869
46,8870
48,8871
47,8872
24,8873
32,8874
32,8875
23,8876
16,8877
19,8878
48,8879
1,8880
39,8881
33,8882
37,8883
36,8884
9,8885
26,8886
23,8887
43,8888
21,8889
25,8890
11,8891
18,8892
35,8893
26,8894
27,8895
37,8896
42,8897
26,8898
23,8899
49,8900
48,8901
10,8902
23,8903
43,8904
39,8905
19,8906
38,8907
34,8908
39,8909
17,8910
30,8911
34,8912
4,8913
28,8914
33,8915
49,8916
1,8917
25,8918
40,8919
10,8920
29,8921
3,8922
37,8923
12,8924
41,8925
16,8926
46,8927
21,8928
35,8929
29,8930
37,8931
42,8932
33,8933
17,8934
37,8935
13,8936
13,8937
13,8938
13,8939
49,8940
26,8941
30,8942
23,8943
29,8944
21,8945
9,8946
16,8947
2,8948
10,8949
40,8950
11,8951
11,8952
23,8953
24,8954
26,8955
35,8956
30,8957
34,8958
23,8959
19,8960
48,8961
43,8962
1,8963
23,8964
47,8965
14,8966
6,8967
36,8968
36,8969
20,8970
36,8971
48,8972
47,8973
7,8974
47,8975
22,8976
20,8977
44,8978
14,8979
37,8980
11,8981
42,8982
49,8983
17,8984
46,8985
3,8986
23,8987
6,8988
16,8989
38,8990
46,8991
6,8992
28,8993
30,8994
43,8995
4,8996
9,8997
9,8998
30,8999
46,9000
10,9001
26,9002
48,9003
17,9004
36,9005
33,9006
38,9007
30,9008
1,9009
16,9010
48,9011
47,9012
33,9013
42,9014
49,9015
44,9016
16,9017
15,9018
1,9019
38,9020
30,9021
15,9022
11,9023
29,9024
37,9025
39,9026
30,9027
4,9028
34,9029
28,9030
42,9031
28,9032
3,9033
29,9034
5,9035
12,9036
22,9037
29,9038
22,9039
11,9040
42,9041
33,9042
46,9043
5,9044
37,9045
4,9046
4,9047
14,9048
32,9049
27,9050
25,9051
14,9052
23,9053
0,9054
16,9055
3,9056
40,9057
43,9058
35,9059
4,9060
12,9061
29,9062
29,9063
21,9064
29,9065
48,9066
44,9067
10,9068
35,9069
35,9070
5,9071
4,9072
49,9073
44,9074
43,9075
19,9076
21,9077
19,9078
12,9079
27,9080
36,9081
27,9082
18,9083
4,9084
3,9085
3,9086
39,9087
3,9088
5,9089
23,9090
1,9091
29,9092
31,9093
14,9094
39,9095
12,9096
25,9097
26,9098
4,9099
20,9100
37,9101
14,9102
25,9103
14,9104
43,9105
7,9106
9,9107
6,9108
27,9109
30,9110
5,9111
16,9112
39,9113
12,9114
20,9115
12,9116
47,9117
1,9118
25,9119
36,9120
19,9121
43,9122
39,9123
15,9124
10,9125
17,9126
35,9127
14,9128
27,9129
21,9130
6,9131
35,9132
31,9133
2,9134
8,9135
43,9136
12,9137
8,9138
28,9139
26,9140
22,9141
22,9142
18,9143
7,9144
41,9145
5,9146
17,9147
31,9148
14,9149
5,9150
0,9151
46,9152
33,9153
24,9154
40,9155
26,9156
25,9157
41,9158
40,9159
31,9160
7,9161
2,9162
13,9163
26,9164
6,9165
39,9166
10,9167
38,9168
24,9169
4,9170
49,9171
14,9172
25,9173
0,9174
46,9175
6,9176
48,9177
22,9178
45,9179
16,9180
44,9181
36,9182
1,9183
31,9184
15,9185
48,9186
39,9187
8,9188
39,9189
39,9190
32,9191
1,9192
42,9193
43,9194
16,9195
33,9196
47,9197
17,9198
46,9199
49,9200
5,9201
9,9202
25,9203
41,9204
42,9205
10,9206
6,9207
28,9208
31,9209
20,9210
31,9211
9,9212
2,9213
45,9214
21,9215
1,9216
1,9217
10,9218
3,9219
16,9220
46,9221
22,9222
14,9223
17,9224
34,9225
49,9226
15,9227
37,9228
15,9229
9,9230
48,9231
4,9232
41,9233
21,9234
10,9235
0,9236
11,9237
15,9238
1,9239
4,9240
42,9241
42,9242
6,9243
20,9244
22,9245
20,9246
24,9247
21,9248
44,9249
32,9250
16,9251
0,9252
23,9253
30,9254
2,9255
44,9256
15,9257
40,9258
31,9259
0,9260
11,9261
20,9262
15,9263
1,9264
23,9265
7,9266
41,9267
26,9268
19,9269
5,9270
9,9271
13,9272
49,9273
37,9274
26,9275
32,9276
48,9277
24,9278
19,9279
32,9280
49,9281
47,9282
42,9283
3,9284
7,9285
24,9286
37,9287
24,9288
21,9289
40,9290
27,9291
46,9292
20,9293
12,9294
35,9295
8,9296
9,9297
5,9298
47,9299
15,9300
48,9301
31,9302
17,9303
5,9304
49,9305
14,9306
33,9307
14,9308
7,9309
5,9310
47,9311
28,9312
10,9313
8,9314
37,9315
10,9316
46,9317
26,9318
6,9319
12,9320
9,9321
43,9322
1,9323
26,9324
37,9325
43,9326
38,9327
4,9328
16,9329
47,9330
42,9331
17,9332
12,9333
23,9334
12,9335
30,9336
35,9337
47,9338
43,9339
23,9340
46,9341
45,9342
21,9343
4,9344
9,9345
7,9346
21,9347
41,9348
1,9349
22,9350
34,9351
4,9352
1,9353
49,9354
43,9355
30,9356
11,9357
20,9358
6,9359
34,9360
23,9361
27,9362
48,9363
32,9364
43,9365
18,9366
33,9367
11,9368
2,9369
40,9370
27,9371
30,9372
12,9373
6,9374
34,9375
49,9376
34,9377
40,9378
49,9379
41,9380
34,9381
19,9382
19,9383
0,9384
35,9385
32,9386
10,9387
9,9388
19,9389
27,9390
4,9391
32,9392
5,9393
16,9394
17,9395
35,9396
35,9397
11,9398
3,9399
4,9400
4,9401
3,9402
12,9403
0,9404
7,9405
40,9406
14,9407
15,9408
34,9409
49,9410
37,9411
13,9412
23,9413
10,9414
11,9415
16,9416
15,9417
48,9418
24,9419
9,9420
46,9421
28,9422
21,9423
27,9424
11,9425
30,9426
45,9427
20,9428
11,9429
0,9430
10,9431
33,9432
14,9433
43,9434
10,9435
41,9436
46,9437
15,9438
26,9439
8,9440
27,9441
19,9442
3,9443
19,9444
23,9445
43,9446
43,9447
8,9448
13,9449
29,9450
5,9451
3,9452
34,9453
43,9454
41,9455
42,9456
17,9457
36,9458
27,9459
32,9460
1,9461
47,9462
13,9463
49,9464
46,9465
1,9466
49,9467
6,9468
8,9469
3,9470
16,9471
0,9472
10,9473
25,9474
32,9475
13,9476
40,9477
9,9478
1,9479
30,9480
28,9481
31,9482
29,9483
48,9484
7,9485
27,9486
36,9487
17,9488
31,9489
32,9490
44,9491
10,9492
49,9493
22,9494
12,9495
49,9496
10,9497
7,9498
2,9499
39,9500
34,9501
13,9502
24,9503
21,9504
22,9505
44,9506
42,9507
42,9508
1,9509
18,9510
24,9511
23,9512
49,9513
25,9514
12,9515
32,9516
11,9517
40,9518
47,9519
35,9520
6,9521
17,9522
0,9523
12,9524
35,9525
14,9526
32,9527
24,9528
36,9529
19,9530
30,9531
21,9532
8,9533
2,9534
46,9535
21,9536
42,9537
35,9538
16,9539
26,9540
20,9541
44,9542
46,9543
3,9544
23,9545
33,9546
5,9547
12,9548
48,9549
35,9550
20,9551
27,9552
11,9553
43,9554
38,9555
44,9556
18,9557
37,9558
6,9559
45,9560
25,9561
45,9562
42,9563
36,9564
10,9565
17,9566
49,9567
19,9568
41,9569
46,9570
15,9571
6,9572
45,9573
32,9574
38,9575
26,9576
18,9577
26,9578
24,9579
12,9580
22,9581
10,9582
1,9583
27,9584
41,9585
32,9586
8,9587
20,9588
37,9589
49,9590
15,9591
38,9592
36,9593
37,9594
19,9595
23,9596
43,9597
20,9598
35,9599
33,9600
39,9601
1,9602
6,9603
2,9604
44,9605
48,9606
43,9607
0,9608
33,9609
29,9610
42,9611
2,9612
6,9613
3,9614
38,9615
25,9616
5,9617
2,9618
41,9619
23,9620
29,9621
48,9622
40,9623
0,9624
9,9625
30,9626
29,9627
9,9628
19,9629
16,9630
44,9631
6,9632
37,9633
43,9634
15,9635
19,9636
42,9637
33,9638
8,9639
11,9640
15,9641
48,9642
46,9643
30,9644
35,9645
9,9646
15,9647
23,9648
6,9649
33,9650
10,9651
46,9652
14,9653
25,9654
27,9655
21,9656
31,9657
45,9658
26,9659
19,9660
26,9661
9,9662
28,9663
38,9664
45,9665
0,9666
31,9667
29,9668
30,9669
43,9670
25,9671
0,9672
45,9673
34,9674
27,9675
21,9676
46,9677
0,9678
33,9679
19,9680
2,9681
6,9682
14,9683
21,9684
3,9685
27,9686
4,9687
26,9688
8,9689
13,9690
15,9691
20,9692
30,9693
19,9694
4,9695
14,9696
6,9697
35,9698
48,9699
21,9700
41,9701
33,9702
38,9703
0,9704
34,9705
47,9706
39,9707
38,9708
40,9709
24,9710
2,9711
8,9712
49,9713
16,9714
15,9715
11,9716
33,9717
4,9718
25,9719
7,9720
12,9721
22,9722
34,9723
5,9724
42,9725
22,9726
42,9727
13,9728
43,9729
7,9730
19,9731
32,9732
45,9733
6,9734
28,9735
29,9736
7,9737
0,9738
23,9739
20,9740
16,9741
1,9742
31,9743
35,9744
24,9745
43,9746
30,9747
0,9748
46,9749
7,9750
19,9751
33,9752
38,9753
5,9754
49,9755
41,9756
39,9757
48,9758
0,9759
14,9760
18,9761
15,9762
4,9763
48,9764
1,9765
8,9766
37,9767
7,9768
14,9769
14,9770
42,9771
6,9772
13,9773
45,9774
31,9775
36,9776
7,9777
38,9778
29,9779
37,9780
4,9781
39,9782
1,9783
30,9784
7,9785
14,9786
42,9787
33,9788
21,9789
26,9790
44,9791
29,9792
45,9793
29,9794
20,9795
9,9796
37,9797
33,9798
14,9799
18,9800
49,9801
18,9802
9,9803
29,9804
1,9805
45,9806
8,9807
33,9808
19,9809
12,9810
47,9811
47,9812
37,9813
14,9814
22,9815
23,9816
4,9817
28,9818
37,9819
11,9820
28,9821
6,9822
5,9823
23,9824
30,9825
34,9826
43,9827
10,9828
45,9829
40,9830
24,9831
45,9832
3,9833
32,9834
6,9835
7,9836
43,9837
13,9838
20,9839
7,9840
42,9841
18,9842
33,9843
47,9844
36,9845
38,9846
49,9847
43,9848
10,9849
48,9850
7,9851
35,9852
1,9853
30,9854
18,9855
12,9856
23,9857
7,9858
37,9859
20,9860
20,9861
44,9862
40,9863
12,9864
44,9865
29,9866
29,9867
26,9868
2,9869
2,9870
13,9871
39,9872
34,9873
42,9874
21,9875
16,9876
18,9877
28,9878
3,9879
39,9880
23,9881
38,9882
48,9883
46,9884
20,9885
37,9886
3,9887
38,9888
4,9889
3,9890
44,9891
45,9892
11,9893
27,9894
46,9895
30,9896
12,9897
10,9898
42,9899
38,9900
14,9901
43,9902
26,9903
28,9904
25,9905
33,9906
47,9907
49,9908
42,9909
29,9910
40,9911
18,9912
16,9913
19,9914
31,9915
49,9916
0,9917
32,9918
35,9919
33,9920
10,9921
5,9922
35,9923
46,9924
34,9925
9,9926
45,9927
43,9928
6,9929
45,9930
19,9931
29,9932
23,9933
33,9934
32,9935
49,9936
37,9937
2,9938
26,9939
40,9940
40,9941
22,9942
35,9943
45,9944
11,9945
42,9946
27,9947
1,9948
30,9949
25,9950
28,9951
37,9952
35,9953
33,9954
19,9955
0,9956
18,9957
29,9958
38,9959
33,9960
48,9961
40,9962
35,9963
8,9964
49,9965
23,9966
29,9967
0,9968
32,9969
27,9970
28,9971
5,9972
37,9973
6,9974
2,9975
22,9976
42,9977
11,9978
30,9979
20,9980
15,9981
49,9982
34,9983
34,9984
18,9985
32,9986
36,9987
44,9988
23,9989
16,9990
36,9991
7,9992
5,9993
16,9994
9,9995
11,9996
46,9997
45,9998
24,9999
