16,0
2,1
6,2
23,3
20,4
26,5
18,6
2,7
3,8
23,9
8,10
0,11
12,12
13,13
5,14
16,15
20,16
5,17
8,18
1,19
11,20
3,21
16,22
0,23
24,24
20,25
29,26
23,27
6,28
21,29
15,30
19,31
3,32
28,33
4,34
24,35
20,36
20,37
21,38
13,39
15,40
7,41
3,42
13,43
12,44
29,45
18,46
18,47
29,48
13,49
0,50
7,51
7,52
4,53
18,54
26,55
8,56
11,57
27,58
15,59
24,60
24,61
26,62
9,63
24,64
13,65
19,66
9,67
27,68
10,69
11,70
11,71
0,72
18,73
17,74
15,75
25,76
11,77
8,78
12,79
4,80
22,81
2,82
6,83
0,84
9,85
17,86
10,87
19,88
18,89
22,90
11,91
16,92
24,93
18,94
14,95
24,96
15,97
15,98
13,99
15,100
19,101
16,102
20,103
1,104
0,105
22,106
15,107
9,108
15,109
1,110
24,111
15,112
15,113
12,114
29,115
1,116
8,117
12,118
12,119
14,120
7,121
7,122
21,123
12,124
3,125
2,126
17,127
5,128
14,129
21,130
29,131
16,132
9,133
8,134
29,135
28,136
9,137
7,138
25,139
0,140
16,141
16,142
18,143
0,144
20,145
22,146
13,147
24,148
28,149
20,150
16,151
12,152
13,153
11,154
3,155
25,156
4,157
19,158
11,159
13,160
21,161
14,162
7,163
29,164
20,165
12,166
13,167
27,168
25,169
13,170
15,171
28,172
6,173
13,174
2,175
4,176
21,177
26,178
17,179
6,180
28,181
10,182
20,183
2,184
24,185
26,186
8,187
4,188
6,189
28,190
10,191
4,192
12,193
15,194
21,195
6,196
19,197
3,198
23,199
24,200
13,201
25,202
22,203
25,204
11,205
5,206
21,207
0,208
8,209
4,210
19,211
14,212
6,213
10,214
18,215
4,216
6,217
28,218
0,219
11,220
7,221
5,222
27,223
3,224
14,225
2,226
1,227
8,228
27,229
20,230
5,231
14,232
21,233
27,234
5,235
16,236
17,237
27,238
26,239
11,240
15,241
6,242
29,243
16,244
25,245
29,246
28,247
6,248
7,249
12,250
14,251
28,252
29,253
25,254
2,255
17,256
23,257
2,258
29,259
13,260
8,261
27,262
25,263
20,264
9,265
16,266
22,267
0,268
23,269
24,270
7,271
10,272
13,273
26,274
12,275
17,276
22,277
2,278
6,279
6,280
17,281
15,282
21,283
13,284
18,285
26,286
10,287
24,288
9,289
0,290
12,291
22,292
29,293
20,294
3,295
2,296
7,297
16,298
29,299
13,300
15,301
6,302
11,303
0,304
0,305
18,306
10,307
12,308
5,309
18,310
19,311
15,312
16,313
27,314
18,315
15,316
23,317
19,318
18,319
28,320
6,321
29,322
17,323
5,324
7,325
10,326
12,327
13,328
27,329
12,330
8,331
21,332
13,333
2,334
10,335
2,336
4,337
18,338
8,339
3,340
23,341
0,342
15,343
29,344
26,345
8,346
26,347
5,348
7,349
28,350
28,351
21,352
16,353
4,354
1,355
11,356
13,357
11,358
4,359
9,360
19,361
21,362
12,363
22,364
0,365
16,366
25,367
12,368
0,369
3,370
25,371
6,372
13,373
1,374
2,375
16,376
2,377
23,378
13,379
17,380
26,381
2,382
5,383
8,384
4,385
4,386
28,387
25,388
11,389
0,390
27,391
19,392
11,393
19,394
17,395
29,396
0,397
23,398
0,399
16,400
12,401
17,402
1,403
23,404
16,405
28,406
18,407
6,408
15,409
5,410
1,411
28,412
6,413
1,414
24,415
7,416
8,417
11,418
9,419
9,420
26,421
24,422
19,423
25,424
19,425
19,426
11,427
23,428
20,429
14,430
6,431
19,432
13,433
22,434
25,435
24,436
13,437
2,438
23,439
10,440
27,441
22,442
16,443
20,444
2,445
2,446
5,447
9,448
8,449
2,450
12,451
9,452
23,453
21,454
1,455
29,456
14,457
20,458
3,459
8,460
10,461
7,462
16,463
19,464
14,465
5,466
25,467
8,468
18,469
7,470
8,471
4,472
26,473
20,474
3,475
24,476
18,477
22,478
25,479
17,480
6,481
20,482
0,483
24,484
24,485
22,486
20,487
10,488
1,489
8,490
2,491
11,492
4,493
26,494
15,495
20,496
21,497
0,498
11,499
28,500
6,501
28,502
12,503
11,504
16,505
15,506
1,507
7,508
11,509
16,510
4,511
22,512
10,513
26,514
7,515
10,516
11,517
12,518
28,519
9,520
16,521
5,522
15,523
16,524
5,525
18,526
25,527
22,528
29,529
15,530
12,531
21,532
19,533
8,534
8,535
28,536
13,537
28,538
29,539
13,540
9,541
6,542
8,543
26,544
12,545
17,546
12,547
18,548
26,549
15,550
15,551
20,552
3,553
28,554
18,555
29,556
12,557
11,558
19,559
26,560
1,561
1,562
10,563
14,564
13,565
26,566
22,567
5,568
0,569
20,570
21,571
8,572
16,573
8,574
15,575
11,576
27,577
2,578
29,579
15,580
23,581
22,582
27,583
19,584
15,585
23,586
11,587
5,588
24,589
8,590
27,591
3,592
19,593
5,594
1,595
12,596
26,597
10,598
4,599
16,600
15,601
22,602
29,603
27,604
18,605
29,606
0,607
3,608
24,609
10,610
25,611
1,612
15,613
9,614
24,615
0,616
15,617
29,618
13,619
11,620
4,621
9,622
17,623
12,624
4,625
6,626
12,627
1,628
25,629
7,630
7,631
24,632
28,633
29,634
21,635
8,636
13,637
22,638
10,639
5,640
12,641
14,642
26,643
8,644
26,645
21,646
6,647
11,648
15,649
8,650
12,651
1,652
28,653
6,654
5,655
25,656
28,657
29,658
16,659
19,660
2,661
15,662
3,663
24,664
14,665
12,666
16,667
22,668
13,669
17,670
1,671
10,672
4,673
20,674
3,675
0,676
10,677
19,678
17,679
20,680
3,681
10,682
25,683
9,684
14,685
14,686
3,687
9,688
3,689
19,690
1,691
12,692
25,693
5,694
26,695
24,696
8,697
5,698
20,699
3,700
25,701
7,702
16,703
9,704
25,705
27,706
19,707
12,708
16,709
11,710
29,711
18,712
29,713
5,714
11,715
13,716
22,717
13,718
17,719
22,720
29,721
8,722
24,723
18,724
3,725
13,726
12,727
8,728
11,729
6,730
6,731
22,732
8,733
14,734
0,735
15,736
15,737
29,738
1,739
5,740
4,741
15,742
26,743
2,744
21,745
16,746
11,747
23,748
12,749
13,750
27,751
21,752
5,753
0,754
7,755
3,756
16,757
22,758
12,759
19,760
17,761
9,762
9,763
15,764
25,765
11,766
27,767
15,768
23,769
11,770
23,771
16,772
5,773
15,774
29,775
29,776
22,777
1,778
14,779
23,780
27,781
13,782
10,783
25,784
15,785
16,786
8,787
13,788
20,789
24,790
1,791
6,792
4,793
10,794
12,795
21,796
25,797
6,798
14,799
28,800
11,801
9,802
25,803
8,804
6,805
17,806
1,807
3,808
19,809
24,810
8,811
2,812
3,813
11,814
16,815
6,816
26,817
15,818
28,819
26,820
2,821
20,822
12,823
0,824
22,825
1,826
25,827
11,828
11,829
3,830
18,831
18,832
4,833
8,834
26,835
2,836
16,837
19,838
22,839
8,840
10,841
19,842
9,843
27,844
5,845
26,846
13,847
26,848
13,849
29,850
3,851
1,852
3,853
8,854
2,855
1,856
8,857
13,858
26,859
2,860
15,861
14,862
12,863
28,864
12,865
13,866
22,867
4,868
24,869
20,870
25,871
29,872
19,873
26,874
12,875
26,876
15,877
15,878
27,879
9,880
18,881
4,882
17,883
9,884
23,885
15,886
1,887
6,888
27,889
13,890
11,891
8,892
11,893
26,894
13,895
14,896
21,897
8,898
2,899
24,900
3,901
25,902
27,903
23,904
25,905
20,906
22,907
21,908
26,909
9,910
8,911
12,912
10,913
13,914
24,915
3,916
22,917
5,918
0,919
6,920
1,921
22,922
3,923
29,924
25,925
13,926
15,927
15,928
29,929
10,930
28,931
14,932
11,933
5,934
20,935
27,936
26,937
0,938
6,939
9,940
15,941
9,942
4,943
23,944
11,945
0,946
7,947
6,948
1,949
8,950
1,951
29,952
19,953
4,954
9,955
1,956
10,957
4,958
19,959
29,960
0,961
6,962
6,963
16,964
18,965
6,966
19,967
10,968
9,969
7,970
0,971
22,972
29,973
15,974
6,975
24,976
13,977
27,978
3,979
17,980
28,981
26,982
9,983
25,984
0,985
27,986
8,987
4,988
3,989
22,990
21,991
5,992
26,993
23,994
21,995
7,996
7,997
27,998
25,999
17,1000
19,1001
10,1002
13,1003
20,1004
12,1005
18,1006
15,1007
21,1008
10,1009
7,1010
10,1011
18,1012
2,1013
16,1014
24,1015
16,1016
4,1017
12,1018
10,1019
8,1020
1,1021
10,1022
4,1023
8,1024
24,1025
0,1026
1,1027
8,1028
14,1029
15,1030
20,1031
3,1032
1,1033
6,1034
5,1035
19,1036
9,1037
3,1038
25,1039
23,1040
28,1041
10,1042
26,1043
3,1044
17,1045
3,1046
29,1047
18,1048
27,1049
1,1050
27,1051
6,1052
23,1053
1,1054
7,1055
16,1056
27,1057
7,1058
13,1059
29,1060
16,1061
11,1062
22,1063
8,1064
11,1065
13,1066
26,1067
1,1068
8,1069
20,1070
26,1071
10,1072
12,1073
24,1074
9,1075
14,1076
10,1077
25,1078
5,1079
25,1080
11,1081
4,1082
8,1083
13,1084
5,1085
7,1086
19,1087
19,1088
7,1089
17,1090
2,1091
16,1092
1,1093
10,1094
25,1095
28,1096
23,1097
28,1098
15,1099
16,1100
22,1101
29,1102
21,1103
29,1104
28,1105
11,1106
26,1107
12,1108
21,1109
26,1110
9,1111
24,1112
13,1113
21,1114
19,1115
6,1116
7,1117
4,1118
3,1119
25,1120
3,1121
21,1122
0,1123
2,1124
14,1125
16,1126
1,1127
22,1128
20,1129
24,1130
3,1131
7,1132
15,1133
23,1134
14,1135
28,1136
9,1137
22,1138
29,1139
15,1140
18,1141
11,1142
23,1143
25,1144
28,1145
15,1146
3,1147
28,1148
0,1149
8,1150
1,1151
0,1152
26,1153
28,1154
29,1155
3,1156
23,1157
28,1158
15,1159
11,1160
5,1161
4,1162
28,1163
6,1164
15,1165
23,1166
7,1167
0,1168
24,1169
15,1170
24,1171
24,1172
10,1173
12,1174
12,1175
10,1176
23,1177
27,1178
11,1179
23,1180
28,1181
28,1182
25,1183
17,1184
19,1185
11,1186
16,1187
17,1188
22,1189
12,1190
26,1191
21,1192
17,1193
29,1194
8,1195
27,1196
10,1197
28,1198
26,1199
2,1200
13,1201
29,1202
25,1203
19,1204
18,1205
22,1206
28,1207
15,1208
29,1209
15,1210
4,1211
17,1212
20,1213
20,1214
29,1215
20,1216
17,1217
5,1218
2,1219
6,1220
5,1221
9,1222
16,1223
17,1224
15,1225
17,1226
24,1227
18,1228
5,1229
17,1230
23,1231
12,1232
12,1233
26,1234
4,1235
19,1236
3,1237
27,1238
11,1239
16,1240
4,1241
27,1242
3,1243
27,1244
18,1245
26,1246
2,1247
19,1248
8,1249
18,1250
5,1251
28,1252
15,1253
11,1254
9,1255
5,1256
26,1257
4,1258
0,1259
16,1260
4,1261
8,1262
25,1263
7,1264
11,1265
19,1266
4,1267
12,1268
2,1269
4,1270
9,1271
17,1272
1,1273
2,1274
24,1275
27,1276
1,1277
12,1278
13,1279
16,1280
15,1281
18,1282
8,1283
2,1284
1,1285
2,1286
12,1287
12,1288
3,1289
1,1290
28,1291
23,1292
23,1293
16,1294
6,1295
23,1296
3,1297
11,1298
13,1299
21,1300
10,1301
13,1302
17,1303
4,1304
2,1305
5,1306
17,1307
22,1308
13,1309
9,1310
24,1311
10,1312
3,1313
0,1314
8,1315
1,1316
5,1317
3,1318
11,1319
20,1320
0,1321
29,1322
4,1323
27,1324
27,1325
10,1326
5,1327
2,1328
17,1329
2,1330
25,1331
20,1332
25,1333
20,1334
25,1335
21,1336
27,1337
10,1338
28,1339
25,1340
26,1341
15,1342
14,1343
1,1344
28,1345
16,1346
1,1347
8,1348
15,1349
26,1350
1,1351
0,1352
25,1353
19,1354
5,1355
3,1356
13,1357
11,1358
29,1359
14,1360
21,1361
0,1362
18,1363
13,1364
25,1365
13,1366
1,1367
9,1368
18,1369
3,1370
16,1371
27,1372
17,1373
23,1374
17,1375
11,1376
22,1377
2,1378
8,1379
26,1380
20,1381
8,1382
25,1383
15,1384
25,1385
25,1386
27,1387
18,1388
29,1389
3,1390
6,1391
1,1392
25,1393
7,1394
5,1395
1,1396
25,1397
15,1398
19,1399
25,1400
27,1401
2,1402
10,1403
13,1404
18,1405
24,1406
7,1407
7,1408
25,1409
20,1410
24,1411
26,1412
12,1413
4,1414
1,1415
26,1416
29,1417
18,1418
23,1419
6,1420
10,1421
7,1422
18,1423
8,1424
28,1425
13,1426
15,1427
15,1428
29,1429
27,1430
3,1431
1,1432
12,1433
29,1434
25,1435
15,1436
17,1437
2,1438
19,1439
10,1440
25,1441
7,1442
23,1443
20,1444
20,1445
9,1446
5,1447
9,1448
9,1449
24,1450
18,1451
6,1452
26,1453
8,1454
23,1455
0,1456
7,1457
23,1458
1,1459
20,1460
29,1461
21,1462
14,1463
20,1464
20,1465
24,1466
16,1467
22,1468
27,1469
21,1470
8,1471
1,1472
12,1473
19,1474
15,1475
18,1476
25,1477
17,1478
13,1479
0,1480
14,1481
27,1482
1,1483
6,1484
1,1485
4,1486
12,1487
13,1488
21,1489
0,1490
5,1491
4,1492
22,1493
23,1494
18,1495
18,1496
4,1497
1,1498
14,1499
15,1500
23,1501
3,1502
4,1503
15,1504
26,1505
15,1506
22,1507
2,1508
25,1509
25,1510
17,1511
15,1512
0,1513
23,1514
12,1515
22,1516
27,1517
11,1518
1,1519
18,1520
20,1521
25,1522
12,1523
3,1524
15,1525
15,1526
0,1527
27,1528
27,1529
5,1530
1,1531
3,1532
10,1533
7,1534
17,1535
23,1536
10,1537
19,1538
25,1539
27,1540
0,1541
12,1542
11,1543
0,1544
29,1545
7,1546
16,1547
14,1548
18,1549
9,1550
26,1551
6,1552
17,1553
19,1554
21,1555
14,1556
13,1557
9,1558
11,1559
7,1560
3,1561
28,1562
23,1563
5,1564
1,1565
25,1566
7,1567
3,1568
0,1569
24,1570
9,1571
1,1572
2,1573
11,1574
17,1575
5,1576
8,1577
2,1578
23,1579
15,1580
12,1581
2,1582
0,1583
12,1584
19,1585
12,1586
13,1587
0,1588
20,1589
25,1590
23,1591
7,1592
25,1593
25,1594
21,1595
18,1596
23,1597
27,1598
25,1599
8,1600
2,1601
5,1602
19,1603
6,1604
27,1605
27,1606
12,1607
18,1608
23,1609
9,1610
1,1611
14,1612
9,1613
10,1614
8,1615
12,1616
20,1617
5,1618
17,1619
20,1620
14,1621
21,1622
4,1623
27,1624
14,1625
18,1626
1,1627
9,1628
29,1629
14,1630
9,1631
21,1632
25,1633
8,1634
2,1635
5,1636
23,1637
19,1638
13,1639
5,1640
6,1641
10,1642
9,1643
14,1644
3,1645
6,1646
28,1647
24,1648
3,1649
25,1650
9,1651
17,1652
13,1653
23,1654
15,1655
15,1656
12,1657
21,1658
1,1659
28,1660
25,1661
13,1662
9,1663
3,1664
17,1665
25,1666
23,1667
14,1668
17,1669
23,1670
6,1671
6,1672
5,1673
25,1674
10,1675
20,1676
25,1677
13,1678
13,1679
13,1680
29,1681
18,1682
23,1683
8,1684
21,1685
5,1686
12,1687
13,1688
2,1689
22,1690
17,1691
8,1692
0,1693
27,1694
13,1695
6,1696
19,1697
17,1698
13,1699
0,1700
21,1701
23,1702
2,1703
4,1704
27,1705
6,1706
14,1707
4,1708
22,1709
13,1710
26,1711
1,1712
18,1713
6,1714
9,1715
0,1716
1,1717
0,1718
0,1719
20,1720
19,1721
15,1722
27,1723
26,1724
18,1725
0,1726
14,1727
9,1728
2,1729
19,1730
17,1731
16,1732
12,1733
14,1734
12,1735
2,1736
22,1737
20,1738
22,1739
19,1740
29,1741
18,1742
0,1743
11,1744
7,1745
21,1746
4,1747
26,1748
10,1749
5,1750
1,1751
6,1752
24,1753
28,1754
11,1755
5,1756
8,1757
2,1758
5,1759
6,1760
21,1761
21,1762
17,1763
23,1764
1,1765
24,1766
27,1767
10,1768
9,1769
21,1770
28,1771
6,1772
1,1773
16,1774
24,1775
18,1776
17,1777
25,1778
9,1779
5,1780
25,1781
3,1782
20,1783
12,1784
18,1785
23,1786
23,1787
9,1788
24,1789
16,1790
18,1791
5,1792
14,1793
20,1794
0,1795
24,1796
1,1797
24,1798
21,1799
11,1800
11,1801
17,1802
12,1803
17,1804
16,1805
1,1806
28,1807
4,1808
18,1809
16,1810
1,1811
25,1812
10,1813
5,1814
7,1815
23,1816
29,1817
11,1818
5,1819
15,1820
15,1821
16,1822
28,1823
26,1824
15,1825
18,1826
10,1827
4,1828
28,1829
15,1830
19,1831
1,1832
9,1833
3,1834
24,1835
19,1836
7,1837
25,1838
15,1839
8,1840
14,1841
24,1842
16,1843
16,1844
8,1845
24,1846
27,1847
7,1848
8,1849
5,1850
24,1851
16,1852
28,1853
25,1854
13,1855
18,1856
29,1857
22,1858
29,1859
9,1860
8,1861
16,1862
28,1863
14,1864
10,1865
24,1866
5,1867
15,1868
23,1869
1,1870
24,1871
6,1872
12,1873
10,1874
13,1875
16,1876
3,1877
14,1878
15,1879
1,1880
5,1881
18,1882
29,1883
2,1884
15,1885
15,1886
12,1887
4,1888
22,1889
17,1890
24,1891
16,1892
18,1893
23,1894
11,1895
24,1896
21,1897
25,1898
29,1899
29,1900
13,1901
21,1902
5,1903
28,1904
9,1905
14,1906
27,1907
13,1908
2,1909
29,1910
21,1911
23,1912
1,1913
14,1914
17,1915
29,1916
28,1917
9,1918
28,1919
2,1920
3,1921
8,1922
5,1923
28,1924
28,1925
12,1926
25,1927
20,1928
12,1929
8,1930
0,1931
3,1932
16,1933
4,1934
9,1935
10,1936
25,1937
25,1938
19,1939
12,1940
16,1941
11,1942
18,1943
19,1944
21,1945
14,1946
24,1947
10,1948
1,1949
10,1950
8,1951
12,1952
1,1953
0,1954
8,1955
16,1956
21,1957
1,1958
16,1959
1,1960
3,1961
16,1962
18,1963
8,1964
29,1965
26,1966
17,1967
22,1968
25,1969
20,1970
11,1971
7,1972
5,1973
20,1974
3,1975
9,1976
16,1977
22,1978
26,1979
24,1980
20,1981
13,1982
0,1983
15,1984
24,1985
23,1986
11,1987
12,1988
16,1989
11,1990
2,1991
14,1992
20,1993
24,1994
21,1995
4,1996
2,1997
11,1998
24,1999
23,2000
9,2001
22,2002
21,2003
21,2004
17,2005
0,2006
6,2007
7,2008
24,2009
26,2010
20,2011
10,2012
19,2013
7,2014
18,2015
10,2016
14,2017
23,2018
14,2019
14,2020
2,2021
3,2022
24,2023
9,2024
25,2025
2,2026
16,2027
26,2028
11,2029
26,2030
1,2031
9,2032
4,2033
27,2034
21,2035
3,2036
3,2037
28,2038
26,2039
18,2040
4,2041
1,2042
20,2043
21,2044
6,2045
5,2046
23,2047
23,2048
3,2049
14,2050
28,2051
12,2052
21,2053
4,2054
18,2055
18,2056
0,2057
8,2058
18,2059
19,2060
27,2061
22,2062
18,2063
20,2064
13,2065
15,2066
2,2067
6,2068
16,2069
23,2070
5,2071
0,2072
6,2073
18,2074
28,2075
10,2076
22,2077
22,2078
16,2079
20,2080
19,2081
11,2082
4,2083
6,2084
5,2085
15,2086
18,2087
16,2088
22,2089
5,2090
15,2091
19,2092
7,2093
11,2094
17,2095
20,2096
26,2097
14,2098
19,2099
10,2100
5,2101
5,2102
19,2103
27,2104
13,2105
2,2106
18,2107
6,2108
17,2109
13,2110
11,2111
19,2112
15,2113
14,2114
20,2115
3,2116
28,2117
15,2118
0,2119
24,2120
28,2121
18,2122
6,2123
17,2124
9,2125
6,2126
1,2127
10,2128
12,2129
27,2130
25,2131
18,2132
29,2133
14,2134
0,2135
8,2136
8,2137
20,2138
3,2139
21,2140
17,2141
13,2142
16,2143
9,2144
17,2145
8,2146
0,2147
2,2148
17,2149
6,2150
9,2151
0,2152
23,2153
12,2154
15,2155
6,2156
26,2157
28,2158
13,2159
29,2160
24,2161
6,2162
29,2163
1,2164
5,2165
7,2166
16,2167
25,2168
25,2169
18,2170
1,2171
13,2172
14,2173
22,2174
25,2175
8,2176
23,2177
25,2178
18,2179
25,2180
17,2181
5,2182
25,2183
12,2184
25,2185
20,2186
0,2187
10,2188
26,2189
11,2190
2,2191
3,2192
11,2193
22,2194
25,2195
11,2196
21,2197
9,2198
13,2199
15,2200
12,2201
14,2202
20,2203
9,2204
5,2205
17,2206
13,2207
11,2208
7,2209
24,2210
19,2211
17,2212
2,2213
22,2214
23,2215
14,2216
21,2217
27,2218
6,2219
6,2220
17,2221
24,2222
1,2223
9,2224
21,2225
25,2226
19,2227
2,2228
5,2229
28,2230
16,2231
16,2232
0,2233
11,2234
23,2235
20,2236
28,2237
4,2238
4,2239
9,2240
1,2241
6,2242
8,2243
27,2244
19,2245
11,2246
0,2247
24,2248
29,2249
28,2250
24,2251
20,2252
15,2253
7,2254
11,2255
9,2256
17,2257
8,2258
21,2259
25,2260
14,2261
5,2262
20,2263
15,2264
12,2265
26,2266
24,2267
12,2268
16,2269
17,2270
1,2271
17,2272
12,2273
18,2274
19,2275
8,2276
12,2277
23,2278
16,2279
16,2280
13,2281
13,2282
4,2283
27,2284
14,2285
26,2286
15,2287
27,2288
12,2289
22,2290
5,2291
25,2292
1,2293
20,2294
0,2295
22,2296
1,2297
11,2298
25,2299
7,2300
6,2301
14,2302
26,2303
9,2304
15,2305
22,2306
22,2307
1,2308
15,2309
5,2310
14,2311
22,2312
3,2313
0,2314
7,2315
12,2316
13,2317
9,2318
5,2319
6,2320
26,2321
4,2322
2,2323
29,2324
8,2325
24,2326
26,2327
2,2328
13,2329
18,2330
9,2331
12,2332
6,2333
26,2334
16,2335
4,2336
7,2337
6,2338
16,2339
20,2340
29,2341
28,2342
16,2343
27,2344
5,2345
23,2346
15,2347
20,2348
12,2349
1,2350
5,2351
4,2352
0,2353
20,2354
13,2355
4,2356
0,2357
3,2358
21,2359
26,2360
22,2361
22,2362
14,2363
29,2364
27,2365
1,2366
28,2367
27,2368
5,2369
16,2370
12,2371
2,2372
5,2373
10,2374
26,2375
27,2376
6,2377
22,2378
11,2379
3,2380
0,2381
1,2382
1,2383
2,2384
17,2385
16,2386
12,2387
14,2388
12,2389
12,2390
25,2391
0,2392
7,2393
0,2394
2,2395
13,2396
16,2397
0,2398
15,2399
25,2400
0,2401
19,2402
26,2403
8,2404
21,2405
14,2406
26,2407
19,2408
25,2409
28,2410
18,2411
11,2412
2,2413
9,2414
26,2415
17,2416
6,2417
28,2418
4,2419
23,2420
1,2421
22,2422
19,2423
11,2424
27,2425
13,2426
20,2427
6,2428
22,2429
28,2430
6,2431
15,2432
15,2433
23,2434
15,2435
28,2436
6,2437
23,2438
10,2439
21,2440
4,2441
22,2442
16,2443
3,2444
19,2445
19,2446
8,2447
5,2448
27,2449
1,2450
28,2451
4,2452
15,2453
11,2454
29,2455
27,2456
10,2457
28,2458
10,2459
20,2460
24,2461
26,2462
8,2463
26,2464
20,2465
21,2466
5,2467
16,2468
24,2469
1,2470
28,2471
14,2472
3,2473
24,2474
10,2475
24,2476
5,2477
26,2478
22,2479
19,2480
26,2481
4,2482
25,2483
4,2484
2,2485
22,2486
13,2487
11,2488
13,2489
23,2490
19,2491
27,2492
12,2493
23,2494
25,2495
5,2496
19,2497
10,2498
4,2499
23,2500
1,2501
2,2502
25,2503
6,2504
6,2505
7,2506
26,2507
6,2508
5,2509
21,2510
22,2511
25,2512
16,2513
0,2514
2,2515
19,2516
24,2517
1,2518
26,2519
15,2520
8,2521
2,2522
18,2523
29,2524
19,2525
12,2526
14,2527
14,2528
29,2529
12,2530
14,2531
22,2532
16,2533
5,2534
9,2535
27,2536
10,2537
2,2538
19,2539
24,2540
13,2541
11,2542
19,2543
4,2544
2,2545
29,2546
19,2547
18,2548
11,2549
3,2550
24,2551
6,2552
24,2553
20,2554
2,2555
10,2556
2,2557
3,2558
0,2559
15,2560
8,2561
13,2562
21,2563
15,2564
20,2565
7,2566
16,2567
22,2568
18,2569
5,2570
1,2571
6,2572
9,2573
10,2574
2,2575
3,2576
6,2577
2,2578
20,2579
29,2580
16,2581
10,2582
19,2583
18,2584
26,2585
28,2586
14,2587
27,2588
8,2589
19,2590
7,2591
23,2592
15,2593
15,2594
16,2595
28,2596
26,2597
17,2598
18,2599
28,2600
2,2601
24,2602
16,2603
17,2604
13,2605
11,2606
5,2607
7,2608
21,2609
16,2610
1,2611
13,2612
14,2613
15,2614
23,2615
28,2616
4,2617
10,2618
26,2619
8,2620
26,2621
22,2622
20,2623
25,2624
20,2625
3,2626
19,2627
10,2628
20,2629
3,2630
6,2631
7,2632
24,2633
20,2634
18,2635
16,2636
28,2637
15,2638
14,2639
8,2640
16,2641
5,2642
12,2643
12,2644
22,2645
5,2646
12,2647
13,2648
12,2649
29,2650
3,2651
6,2652
22,2653
6,2654
17,2655
20,2656
29,2657
26,2658
18,2659
22,2660
8,2661
27,2662
0,2663
8,2664
3,2665
18,2666
0,2667
7,2668
8,2669
5,2670
27,2671
1,2672
12,2673
25,2674
16,2675
18,2676
23,2677
18,2678
19,2679
11,2680
15,2681
20,2682
12,2683
11,2684
21,2685
8,2686
26,2687
15,2688
29,2689
18,2690
15,2691
19,2692
18,2693
20,2694
12,2695
11,2696
20,2697
11,2698
14,2699
4,2700
0,2701
12,2702
11,2703
25,2704
15,2705
22,2706
5,2707
20,2708
18,2709
20,2710
5,2711
4,2712
6,2713
23,2714
20,2715
11,2716
13,2717
12,2718
1,2719
20,2720
17,2721
9,2722
24,2723
6,2724
2,2725
28,2726
21,2727
24,2728
24,2729
3,2730
13,2731
21,2732
2,2733
0,2734
5,2735
24,2736
11,2737
12,2738
8,2739
1,2740
9,2741
5,2742
21,2743
28,2744
24,2745
18,2746
1,2747
1,2748
4,2749
26,2750
17,2751
6,2752
21,2753
12,2754
2,2755
9,2756
27,2757
6,2758
16,2759
26,2760
1,2761
11,2762
4,2763
8,2764
18,2765
9,2766
19,2767
9,2768
24,2769
6,2770
26,2771
18,2772
19,2773
18,2774
17,2775
26,2776
11,2777
4,2778
23,2779
14,2780
28,2781
1,2782
10,2783
12,2784
18,2785
11,2786
5,2787
12,2788
26,2789
12,2790
22,2791
3,2792
25,2793
14,2794
28,2795
22,2796
18,2797
9,2798
4,2799
27,2800
13,2801
4,2802
29,2803
24,2804
28,2805
15,2806
0,2807
6,2808
5,2809
15,2810
2,2811
23,2812
1,2813
3,2814
26,2815
7,2816
4,2817
15,2818
20,2819
22,2820
20,2821
24,2822
2,2823
22,2824
16,2825
2,2826
5,2827
6,2828
23,2829
20,2830
8,2831
12,2832
10,2833
26,2834
0,2835
2,2836
27,2837
13,2838
20,2839
16,2840
21,2841
7,2842
2,2843
23,2844
3,2845
14,2846
26,2847
29,2848
0,2849
22,2850
25,2851
17,2852
24,2853
20,2854
7,2855
17,2856
2,2857
22,2858
29,2859
20,2860
1,2861
25,2862
20,2863
16,2864
13,2865
6,2866
25,2867
17,2868
24,2869
9,2870
9,2871
9,2872
22,2873
17,2874
4,2875
11,2876
14,2877
0,2878
21,2879
17,2880
27,2881
0,2882
11,2883
21,2884
19,2885
13,2886
18,2887
8,2888
21,2889
8,2890
3,2891
14,2892
24,2893
5,2894
1,2895
11,2896
27,2897
1,2898
8,2899
3,2900
26,2901
5,2902
0,2903
23,2904
20,2905
20,2906
12,2907
12,2908
20,2909
10,2910
19,2911
29,2912
23,2913
25,2914
0,2915
16,2916
26,2917
15,2918
8,2919
5,2920
1,2921
0,2922
25,2923
3,2924
29,2925
3,2926
13,2927
2,2928
19,2929
0,2930
3,2931
24,2932
20,2933
0,2934
2,2935
26,2936
12,2937
13,2938
14,2939
7,2940
0,2941
14,2942
20,2943
0,2944
29,2945
2,2946
24,2947
2,2948
27,2949
2,2950
19,2951
1,2952
9,2953
4,2954
18,2955
6,2956
21,2957
27,2958
26,2959
9,2960
8,2961
20,2962
7,2963
19,2964
12,2965
18,2966
22,2967
27,2968
11,2969
15,2970
21,2971
21,2972
12,2973
11,2974
21,2975
6,2976
10,2977
1,2978
6,2979
2,2980
16,2981
0,2982
4,2983
8,2984
1,2985
14,2986
11,2987
2,2988
1,2989
2,2990
21,2991
1,2992
14,2993
18,2994
2,2995
6,2996
5,2997
23,2998
23,2999
8,3000
1,3001
16,3002
20,3003
3,3004
9,3005
17,3006
18,3007
15,3008
23,3009
28,3010
26,3011
8,3012
2,3013
18,3014
17,3015
9,3016
8,3017
27,3018
4,3019
3,3020
11,3021
24,3022
21,3023
26,3024
2,3025
2,3026
1,3027
9,3028
7,3029
4,3030
20,3031
21,3032
18,3033
15,3034
5,3035
16,3036
20,3037
24,3038
21,3039
5,3040
25,3041
8,3042
4,3043
16,3044
20,3045
2,3046
25,3047
15,3048
12,3049
18,3050
6,3051
17,3052
5,3053
22,3054
8,3055
6,3056
6,3057
21,3058
1,3059
27,3060
25,3061
21,3062
7,3063
12,3064
29,3065
11,3066
7,3067
11,3068
3,3069
22,3070
3,3071
19,3072
1,3073
6,3074
5,3075
9,3076
10,3077
18,3078
11,3079
13,3080
26,3081
11,3082
6,3083
5,3084
6,3085
8,3086
24,3087
20,3088
0,3089
4,3090
16,3091
28,3092
10,3093
11,3094
5,3095
6,3096
21,3097
16,3098
17,3099
21,3100
23,3101
19,3102
11,3103
16,3104
4,3105
11,3106
22,3107
7,3108
5,3109
9,3110
1,3111
4,3112
22,3113
7,3114
3,3115
0,3116
1,3117
11,3118
14,3119
28,3120
29,3121
20,3122
28,3123
15,3124
7,3125
11,3126
14,3127
5,3128
11,3129
14,3130
6,3131
19,3132
17,3133
29,3134
19,3135
27,3136
15,3137
1,3138
6,3139
1,3140
6,3141
13,3142
3,3143
28,3144
8,3145
11,3146
14,3147
25,3148
21,3149
25,3150
18,3151
4,3152
27,3153
10,3154
20,3155
0,3156
27,3157
12,3158
9,3159
2,3160
5,3161
7,3162
17,3163
8,3164
3,3165
3,3166
4,3167
23,3168
23,3169
3,3170
24,3171
28,3172
23,3173
25,3174
2,3175
0,3176
7,3177
29,3178
20,3179
5,3180
7,3181
5,3182
17,3183
9,3184
17,3185
8,3186
27,3187
4,3188
11,3189
5,3190
12,3191
11,3192
11,3193
23,3194
25,3195
20,3196
22,3197
4,3198
1,3199
5,3200
19,3201
14,3202
12,3203
2,3204
6,3205
18,3206
23,3207
20,3208
22,3209
16,3210
7,3211
24,3212
20,3213
22,3214
29,3215
2,3216
3,3217
14,3218
19,3219
20,3220
12,3221
16,3222
22,3223
3,3224
0,3225
20,3226
0,3227
2,3228
17,3229
22,3230
27,3231
5,3232
9,3233
4,3234
21,3235
27,3236
22,3237
11,3238
17,3239
12,3240
6,3241
17,3242
20,3243
22,3244
14,3245
0,3246
11,3247
24,3248
9,3249
22,3250
19,3251
11,3252
1,3253
25,3254
11,3255
20,3256
26,3257
9,3258
3,3259
5,3260
6,3261
5,3262
21,3263
28,3264
19,3265
26,3266
19,3267
2,3268
10,3269
19,3270
8,3271
5,3272
16,3273
19,3274
24,3275
19,3276
18,3277
15,3278
8,3279
15,3280
25,3281
14,3282
25,3283
9,3284
14,3285
28,3286
0,3287
29,3288
6,3289
22,3290
10,3291
17,3292
19,3293
1,3294
29,3295
0,3296
12,3297
18,3298
15,3299
23,3300
20,3301
3,3302
9,3303
17,3304
1,3305
5,3306
0,3307
20,3308
11,3309
0,3310
27,3311
1,3312
25,3313
13,3314
21,3315
4,3316
9,3317
0,3318
7,3319
0,3320
8,3321
13,3322
11,3323
19,3324
21,3325
27,3326
28,3327
19,3328
2,3329
9,3330
16,3331
16,3332
6,3333
20,3334
6,3335
2,3336
2,3337
19,3338
23,3339
1,3340
7,3341
13,3342
2,3343
11,3344
11,3345
17,3346
7,3347
14,3348
8,3349
22,3350
0,3351
25,3352
3,3353
10,3354
4,3355
25,3356
2,3357
29,3358
26,3359
22,3360
16,3361
12,3362
25,3363
11,3364
8,3365
9,3366
0,3367
1,3368
11,3369
28,3370
2,3371
7,3372
29,3373
25,3374
18,3375
8,3376
12,3377
12,3378
25,3379
17,3380
14,3381
9,3382
3,3383
9,3384
10,3385
28,3386
25,3387
16,3388
19,3389
26,3390
9,3391
1,3392
26,3393
10,3394
2,3395
11,3396
12,3397
29,3398
14,3399
3,3400
11,3401
24,3402
6,3403
21,3404
12,3405
11,3406
27,3407
13,3408
13,3409
15,3410
22,3411
2,3412
13,3413
8,3414
2,3415
18,3416
24,3417
21,3418
3,3419
6,3420
9,3421
1,3422
14,3423
18,3424
5,3425
9,3426
16,3427
19,3428
17,3429
29,3430
10,3431
24,3432
1,3433
20,3434
25,3435
14,3436
12,3437
4,3438
7,3439
3,3440
15,3441
12,3442
3,3443
25,3444
27,3445
18,3446
17,3447
2,3448
23,3449
9,3450
15,3451
11,3452
26,3453
17,3454
26,3455
22,3456
4,3457
24,3458
0,3459
16,3460
25,3461
2,3462
25,3463
28,3464
22,3465
4,3466
13,3467
15,3468
21,3469
13,3470
0,3471
21,3472
4,3473
24,3474
15,3475
15,3476
17,3477
2,3478
28,3479
6,3480
28,3481
25,3482
11,3483
1,3484
2,3485
17,3486
22,3487
29,3488
10,3489
21,3490
15,3491
8,3492
21,3493
18,3494
13,3495
14,3496
24,3497
9,3498
20,3499
23,3500
7,3501
18,3502
27,3503
10,3504
26,3505
29,3506
26,3507
2,3508
17,3509
9,3510
26,3511
20,3512
19,3513
19,3514
11,3515
22,3516
24,3517
21,3518
27,3519
1,3520
28,3521
28,3522
6,3523
7,3524
12,3525
17,3526
13,3527
9,3528
3,3529
10,3530
11,3531
3,3532
19,3533
17,3534
8,3535
12,3536
1,3537
6,3538
20,3539
6,3540
26,3541
26,3542
24,3543
7,3544
6,3545
27,3546
27,3547
16,3548
17,3549
29,3550
9,3551
0,3552
6,3553
14,3554
12,3555
12,3556
10,3557
1,3558
2,3559
18,3560
23,3561
6,3562
6,3563
6,3564
25,3565
19,3566
26,3567
29,3568
24,3569
8,3570
3,3571
6,3572
27,3573
23,3574
16,3575
28,3576
22,3577
7,3578
27,3579
15,3580
24,3581
15,3582
16,3583
22,3584
29,3585
2,3586
3,3587
1,3588
11,3589
26,3590
17,3591
24,3592
29,3593
20,3594
6,3595
17,3596
18,3597
23,3598
2,3599
12,3600
2,3601
2,3602
12,3603
25,3604
4,3605
22,3606
16,3607
0,3608
1,3609
3,3610
18,3611
20,3612
8,3613
22,3614
20,3615
15,3616
11,3617
19,3618
15,3619
15,3620
16,3621
11,3622
13,3623
19,3624
11,3625
3,3626
19,3627
24,3628
8,3629
6,3630
21,3631
22,3632
5,3633
8,3634
9,3635
22,3636
15,3637
3,3638
13,3639
2,3640
18,3641
23,3642
17,3643
1,3644
10,3645
9,3646
2,3647
21,3648
15,3649
5,3650
18,3651
27,3652
13,3653
27,3654
6,3655
16,3656
0,3657
7,3658
24,3659
17,3660
25,3661
11,3662
11,3663
24,3664
19,3665
27,3666
21,3667
17,3668
22,3669
11,3670
23,3671
8,3672
18,3673
21,3674
13,3675
16,3676
14,3677
12,3678
16,3679
13,3680
6,3681
2,3682
4,3683
4,3684
0,3685
8,3686
22,3687
0,3688
0,3689
6,3690
27,3691
9,3692
20,3693
14,3694
18,3695
23,3696
28,3697
21,3698
28,3699
29,3700
23,3701
24,3702
1,3703
1,3704
7,3705
21,3706
9,3707
5,3708
28,3709
15,3710
27,3711
29,3712
15,3713
14,3714
0,3715
0,3716
1,3717
10,3718
14,3719
26,3720
10,3721
2,3722
12,3723
28,3724
25,3725
20,3726
3,3727
22,3728
20,3729
0,3730
15,3731
11,3732
23,3733
15,3734
26,3735
22,3736
17,3737
6,3738
18,3739
19,3740
18,3741
6,3742
28,3743
19,3744
11,3745
17,3746
12,3747
26,3748
28,3749
21,3750
5,3751
23,3752
20,3753
3,3754
26,3755
22,3756
20,3757
25,3758
3,3759
23,3760
1,3761
11,3762
15,3763
7,3764
4,3765
2,3766
12,3767
2,3768
6,3769
28,3770
25,3771
28,3772
16,3773
8,3774
0,3775
3,3776
19,3777
23,3778
25,3779
11,3780
0,3781
11,3782
16,3783
7,3784
13,3785
10,3786
6,3787
11,3788
22,3789
7,3790
11,3791
26,3792
15,3793
26,3794
29,3795
11,3796
16,3797
8,3798
13,3799
26,3800
17,3801
25,3802
29,3803
23,3804
28,3805
29,3806
28,3807
9,3808
24,3809
5,3810
18,3811
27,3812
23,3813
19,3814
9,3815
26,3816
15,3817
8,3818
3,3819
14,3820
25,3821
24,3822
10,3823
3,3824
13,3825
13,3826
16,3827
29,3828
4,3829
28,3830
2,3831
3,3832
10,3833
12,3834
10,3835
25,3836
3,3837
20,3838
21,3839
28,3840
6,3841
9,3842
26,3843
10,3844
6,3845
13,3846
1,3847
10,3848
12,3849
22,3850
20,3851
5,3852
0,3853
3,3854
21,3855
27,3856
1,3857
2,3858
10,3859
13,3860
0,3861
16,3862
12,3863
4,3864
6,3865
27,3866
25,3867
25,3868
15,3869
24,3870
16,3871
19,3872
25,3873
27,3874
16,3875
19,3876
25,3877
4,3878
3,3879
11,3880
22,3881
29,3882
28,3883
4,3884
0,3885
16,3886
12,3887
6,3888
8,3889
26,3890
5,3891
20,3892
29,3893
13,3894
17,3895
29,3896
26,3897
12,3898
8,3899
3,3900
20,3901
9,3902
14,3903
4,3904
4,3905
18,3906
2,3907
4,3908
11,3909
20,3910
2,3911
13,3912
1,3913
17,3914
6,3915
14,3916
26,3917
4,3918
23,3919
19,3920
3,3921
17,3922
8,3923
28,3924
6,3925
27,3926
11,3927
1,3928
24,3929
1,3930
29,3931
18,3932
29,3933
21,3934
9,3935
18,3936
20,3937
20,3938
2,3939
17,3940
29,3941
23,3942
26,3943
0,3944
19,3945
21,3946
4,3947
10,3948
5,3949
18,3950
18,3951
6,3952
28,3953
25,3954
23,3955
1,3956
7,3957
6,3958
27,3959
2,3960
4,3961
27,3962
16,3963
8,3964
12,3965
18,3966
0,3967
7,3968
10,3969
26,3970
29,3971
22,3972
23,3973
15,3974
22,3975
8,3976
24,3977
19,3978
9,3979
20,3980
0,3981
23,3982
5,3983
16,3984
4,3985
8,3986
27,3987
5,3988
12,3989
15,3990
27,3991
2,3992
9,3993
0,3994
27,3995
19,3996
7,3997
19,3998
26,3999
5,4000
17,4001
27,4002
4,4003
25,4004
20,4005
3,4006
22,4007
26,4008
21,4009
27,4010
14,4011
14,4012
24,4013
13,4014
27,4015
29,4016
11,4017
29,4018
13,4019
15,4020
7,4021
4,4022
23,4023
2,4024
6,4025
9,4026
8,4027
26,4028
3,4029
17,4030
24,4031
27,4032
3,4033
10,4034
28,4035
29,4036
27,4037
13,4038
21,4039
3,4040
10,4041
27,4042
21,4043
25,4044
17,4045
26,4046
11,4047
3,4048
0,4049
27,4050
15,4051
12,4052
23,4053
3,4054
28,4055
20,4056
7,4057
22,4058
11,4059
9,4060
10,4061
21,4062
22,4063
21,4064
10,4065
22,4066
13,4067
21,4068
19,4069
21,4070
8,4071
16,4072
12,4073
25,4074
7,4075
24,4076
1,4077
0,4078
8,4079
17,4080
13,4081
0,4082
16,4083
4,4084
15,4085
5,4086
18,4087
28,4088
2,4089
2,4090
11,4091
2,4092
6,4093
29,4094
13,4095
25,4096
0,4097
6,4098
15,4099
22,4100
29,4101
9,4102
19,4103
26,4104
22,4105
16,4106
20,4107
10,4108
0,4109
22,4110
18,4111
23,4112
24,4113
5,4114
28,4115
28,4116
18,4117
9,4118
12,4119
20,4120
7,4121
7,4122
16,4123
25,4124
5,4125
28,4126
26,4127
10,4128
13,4129
4,4130
7,4131
23,4132
12,4133
10,4134
5,4135
18,4136
11,4137
18,4138
25,4139
25,4140
14,4141
15,4142
23,4143
7,4144
16,4145
6,4146
21,4147
6,4148
28,4149
3,4150
16,4151
28,4152
26,4153
0,4154
24,4155
26,4156
24,4157
8,4158
4,4159
7,4160
21,4161
8,4162
21,4163
0,4164
6,4165
17,4166
1,4167
7,4168
16,4169
11,4170
7,4171
12,4172
14,4173
25,4174
15,4175
29,4176
25,4177
13,4178
17,4179
6,4180
1,4181
24,4182
18,4183
16,4184
4,4185
20,4186
24,4187
18,4188
26,4189
14,4190
28,4191
6,4192
12,4193
19,4194
6,4195
7,4196
2,4197
8,4198
2,4199
22,4200
18,4201
14,4202
17,4203
2,4204
15,4205
16,4206
5,4207
16,4208
18,4209
4,4210
29,4211
3,4212
3,4213
21,4214
21,4215
8,4216
13,4217
4,4218
23,4219
15,4220
23,4221
9,4222
27,4223
9,4224
4,4225
21,4226
4,4227
24,4228
7,4229
6,4230
11,4231
23,4232
5,4233
25,4234
27,4235
10,4236
2,4237
11,4238
13,4239
10,4240
29,4241
22,4242
19,4243
15,4244
17,4245
23,4246
25,4247
13,4248
25,4249
2,4250
11,4251
8,4252
2,4253
5,4254
29,4255
16,4256
10,4257
29,4258
29,4259
27,4260
15,4261
0,4262
15,4263
11,4264
4,4265
9,4266
10,4267
9,4268
14,4269
17,4270
13,4271
2,4272
5,4273
4,4274
17,4275
24,4276
12,4277
26,4278
21,4279
17,4280
23,4281
26,4282
0,4283
6,4284
24,4285
3,4286
4,4287
17,4288
21,4289
20,4290
7,4291
6,4292
9,4293
28,4294
28,4295
6,4296
22,4297
5,4298
8,4299
7,4300
8,4301
25,4302
7,4303
6,4304
9,4305
24,4306
13,4307
13,4308
4,4309
20,4310
5,4311
12,4312
2,4313
19,4314
17,4315
5,4316
13,4317
24,4318
5,4319
9,4320
17,4321
6,4322
20,4323
14,4324
28,4325
0,4326
29,4327
7,4328
7,4329
8,4330
20,4331
4,4332
8,4333
27,4334
4,4335
0,4336
17,4337
13,4338
12,4339
23,4340
25,4341
19,4342
25,4343
27,4344
18,4345
22,4346
1,4347
15,4348
29,4349
10,4350
14,4351
26,4352
12,4353
28,4354
6,4355
17,4356
13,4357
15,4358
27,4359
9,4360
28,4361
8,4362
3,4363
26,4364
1,4365
9,4366
7,4367
4,4368
12,4369
0,4370
16,4371
15,4372
24,4373
21,4374
23,4375
15,4376
1,4377
12,4378
7,4379
23,4380
13,4381
2,4382
23,4383
20,4384
29,4385
0,4386
3,4387
25,4388
17,4389
13,4390
3,4391
14,4392
28,4393
9,4394
29,4395
0,4396
0,4397
15,4398
8,4399
18,4400
11,4401
3,4402
9,4403
15,4404
12,4405
5,4406
0,4407
10,4408
25,4409
8,4410
21,4411
4,4412
8,4413
28,4414
17,4415
16,4416
11,4417
27,4418
4,4419
8,4420
21,4421
8,4422
15,4423
11,4424
0,4425
19,4426
27,4427
6,4428
20,4429
25,4430
15,4431
0,4432
27,4433
4,4434
8,4435
3,4436
15,4437
7,4438
5,4439
27,4440
2,4441
15,4442
15,4443
16,4444
0,4445
21,4446
4,4447
18,4448
18,4449
7,4450
0,4451
16,4452
4,4453
1,4454
5,4455
17,4456
1,4457
19,4458
5,4459
2,4460
29,4461
12,4462
17,4463
15,4464
9,4465
13,4466
11,4467
14,4468
13,4469
25,4470
18,4471
21,4472
15,4473
15,4474
13,4475
27,4476
25,4477
23,4478
0,4479
12,4480
22,4481
7,4482
10,4483
21,4484
26,4485
10,4486
9,4487
8,4488
11,4489
20,4490
12,4491
16,4492
26,4493
15,4494
11,4495
20,4496
12,4497
6,4498
9,4499
1,4500
6,4501
1,4502
17,4503
20,4504
22,4505
7,4506
7,4507
7,4508
13,4509
13,4510
8,4511
8,4512
3,4513
28,4514
14,4515
28,4516
20,4517
20,4518
16,4519
28,4520
25,4521
20,4522
18,4523
26,4524
0,4525
11,4526
5,4527
23,4528
9,4529
19,4530
9,4531
27,4532
16,4533
27,4534
13,4535
21,4536
3,4537
29,4538
1,4539
5,4540
3,4541
12,4542
14,4543
21,4544
25,4545
9,4546
6,4547
7,4548
0,4549
11,4550
27,4551
5,4552
28,4553
15,4554
18,4555
28,4556
23,4557
14,4558
28,4559
24,4560
19,4561
7,4562
0,4563
12,4564
22,4565
1,4566
9,4567
18,4568
26,4569
8,4570
4,4571
13,4572
9,4573
2,4574
12,4575
12,4576
29,4577
18,4578
25,4579
27,4580
2,4581
9,4582
2,4583
19,4584
23,4585
2,4586
15,4587
24,4588
16,4589
10,4590
4,4591
1,4592
14,4593
4,4594
17,4595
9,4596
15,4597
19,4598
10,4599
25,4600
19,4601
19,4602
18,4603
10,4604
20,4605
10,4606
9,4607
17,4608
8,4609
1,4610
17,4611
14,4612
20,4613
3,4614
4,4615
18,4616
28,4617
10,4618
22,4619
5,4620
18,4621
27,4622
19,4623
29,4624
9,4625
24,4626
13,4627
26,4628
17,4629
8,4630
19,4631
15,4632
24,4633
26,4634
12,4635
29,4636
1,4637
17,4638
29,4639
6,4640
6,4641
28,4642
16,4643
21,4644
26,4645
21,4646
1,4647
14,4648
25,4649
9,4650
0,4651
1,4652
18,4653
4,4654
12,4655
28,4656
27,4657
23,4658
12,4659
16,4660
16,4661
19,4662
4,4663
26,4664
2,4665
9,4666
24,4667
8,4668
3,4669
13,4670
2,4671
10,4672
29,4673
22,4674
26,4675
12,4676
20,4677
15,4678
26,4679
19,4680
11,4681
23,4682
15,4683
28,4684
16,4685
1,4686
25,4687
0,4688
6,4689
16,4690
25,4691
23,4692
9,4693
3,4694
8,4695
0,4696
20,4697
8,4698
12,4699
13,4700
23,4701
7,4702
20,4703
22,4704
7,4705
6,4706
21,4707
18,4708
27,4709
1,4710
6,4711
10,4712
12,4713
16,4714
13,4715
11,4716
28,4717
9,4718
3,4719
0,4720
0,4721
27,4722
19,4723
11,4724
24,4725
13,4726
19,4727
3,4728
25,4729
14,4730
22,4731
27,4732
23,4733
4,4734
7,4735
12,4736
17,4737
19,4738
19,4739
5,4740
9,4741
15,4742
4,4743
12,4744
14,4745
5,4746
18,4747
5,4748
10,4749
2,4750
12,4751
9,4752
3,4753
11,4754
0,4755
21,4756
25,4757
17,4758
16,4759
3,4760
15,4761
9,4762
15,4763
16,4764
28,4765
5,4766
28,4767
29,4768
17,4769
5,4770
5,4771
5,4772
9,4773
15,4774
26,4775
21,4776
22,4777
0,4778
24,4779
20,4780
14,4781
15,4782
16,4783
0,4784
25,4785
25,4786
11,4787
19,4788
18,4789
19,4790
15,4791
29,4792
2,4793
21,4794
0,4795
12,4796
10,4797
11,4798
20,4799
7,4800
6,4801
27,4802
25,4803
19,4804
29,4805
21,4806
6,4807
17,4808
20,4809
7,4810
14,4811
12,4812
0,4813
2,4814
2,4815
4,4816
7,4817
8,4818
27,4819
4,4820
24,4821
21,4822
28,4823
16,4824
27,4825
18,4826
22,4827
7,4828
29,4829
11,4830
27,4831
15,4832
7,4833
1,4834
24,4835
29,4836
10,4837
28,4838
15,4839
6,4840
22,4841
26,4842
1,4843
11,4844
9,4845
0,4846
20,4847
21,4848
18,4849
26,4850
19,4851
12,4852
7,4853
25,4854
17,4855
23,4856
0,4857
21,4858
6,4859
21,4860
14,4861
18,4862
29,4863
26,4864
27,4865
3,4866
14,4867
7,4868
4,4869
21,4870
18,4871
19,4872
9,4873
20,4874
6,4875
10,4876
0,4877
15,4878
29,4879
1,4880
13,4881
3,4882
21,4883
8,4884
4,4885
4,4886
27,4887
29,4888
15,4889
20,4890
5,4891
6,4892
0,4893
29,4894
15,4895
13,4896
22,4897
28,4898
10,4899
18,4900
9,4901
5,4902
9,4903
16,4904
26,4905
13,4906
26,4907
29,4908
22,4909
10,4910
26,4911
22,4912
25,4913
21,4914
29,4915
3,4916
26,4917
28,4918
17,4919
23,4920
16,4921
12,4922
16,4923
13,4924
6,4925
2,4926
25,4927
19,4928
7,4929
3,4930
14,4931
18,4932
14,4933
14,4934
21,4935
25,4936
3,4937
1,4938
4,4939
25,4940
27,4941
23,4942
19,4943
8,4944
1,4945
29,4946
22,4947
27,4948
15,4949
11,4950
2,4951
18,4952
15,4953
15,4954
0,4955
21,4956
24,4957
26,4958
14,4959
20,4960
24,4961
11,4962
1,4963
14,4964
14,4965
13,4966
14,4967
19,4968
14,4969
4,4970
23,4971
9,4972
15,4973
23,4974
28,4975
5,4976
6,4977
0,4978
13,4979
24,4980
15,4981
8,4982
1,4983
20,4984
16,4985
18,4986
8,4987
23,4988
28,4989
26,4990
9,4991
27,4992
8,4993
11,4994
1,4995
11,4996
22,4997
8,4998
16,4999
5,5000
29,5001
8,5002
1,5003
23,5004
13,5005
23,5006
22,5007
4,5008
1,5009
10,5010
14,5011
24,5012
0,5013
18,5014
6,5015
21,5016
7,5017
23,5018
10,5019
15,5020
15,5021
27,5022
0,5023
8,5024
25,5025
5,5026
1,5027
8,5028
26,5029
7,5030
7,5031
16,5032
17,5033
1,5034
6,5035
13,5036
29,5037
17,5038
6,5039
5,5040
21,5041
1,5042
7,5043
21,5044
19,5045
9,5046
2,5047
22,5048
18,5049
11,5050
22,5051
11,5052
1,5053
6,5054
1,5055
8,5056
13,5057
19,5058
12,5059
25,5060
21,5061
6,5062
18,5063
17,5064
4,5065
20,5066
4,5067
11,5068
17,5069
18,5070
26,5071
10,5072
28,5073
18,5074
29,5075
24,5076
2,5077
22,5078
18,5079
8,5080
2,5081
27,5082
26,5083
11,5084
1,5085
1,5086
18,5087
25,5088
7,5089
9,5090
18,5091
8,5092
21,5093
18,5094
9,5095
14,5096
23,5097
20,5098
28,5099
6,5100
8,5101
26,5102
21,5103
18,5104
29,5105
4,5106
13,5107
23,5108
25,5109
11,5110
7,5111
8,5112
3,5113
28,5114
16,5115
6,5116
6,5117
14,5118
14,5119
11,5120
22,5121
13,5122
26,5123
24,5124
26,5125
24,5126
14,5127
28,5128
18,5129
6,5130
24,5131
29,5132
29,5133
8,5134
18,5135
28,5136
28,5137
28,5138
10,5139
25,5140
24,5141
4,5142
21,5143
2,5144
12,5145
22,5146
23,5147
27,5148
14,5149
21,5150
24,5151
15,5152
23,5153
1,5154
2,5155
10,5156
24,5157
27,5158
20,5159
15,5160
25,5161
26,5162
29,5163
6,5164
24,5165
11,5166
21,5167
29,5168
3,5169
19,5170
4,5171
15,5172
26,5173
27,5174
26,5175
25,5176
5,5177
15,5178
13,5179
8,5180
28,5181
5,5182
14,5183
14,5184
4,5185
24,5186
18,5187
20,5188
22,5189
29,5190
1,5191
11,5192
24,5193
24,5194
0,5195
27,5196
24,5197
17,5198
20,5199
4,5200
15,5201
26,5202
0,5203
8,5204
24,5205
16,5206
4,5207
15,5208
2,5209
24,5210
28,5211
6,5212
28,5213
8,5214
19,5215
20,5216
27,5217
29,5218
7,5219
3,5220
1,5221
6,5222
25,5223
27,5224
19,5225
27,5226
6,5227
22,5228
20,5229
18,5230
18,5231
10,5232
20,5233
7,5234
25,5235
22,5236
7,5237
1,5238
9,5239
10,5240
13,5241
5,5242
6,5243
17,5244
13,5245
15,5246
16,5247
11,5248
5,5249
21,5250
25,5251
28,5252
17,5253
7,5254
13,5255
13,5256
22,5257
25,5258
17,5259
13,5260
15,5261
5,5262
21,5263
18,5264
28,5265
8,5266
27,5267
1,5268
20,5269
6,5270
7,5271
19,5272
4,5273
21,5274
1,5275
12,5276
12,5277
16,5278
18,5279
5,5280
15,5281
14,5282
5,5283
15,5284
25,5285
4,5286
27,5287
17,5288
18,5289
4,5290
10,5291
12,5292
13,5293
28,5294
11,5295
22,5296
9,5297
19,5298
7,5299
5,5300
25,5301
15,5302
15,5303
7,5304
25,5305
17,5306
13,5307
18,5308
22,5309
21,5310
16,5311
19,5312
25,5313
19,5314
8,5315
12,5316
25,5317
18,5318
19,5319
29,5320
2,5321
19,5322
27,5323
2,5324
5,5325
10,5326
24,5327
16,5328
12,5329
4,5330
8,5331
28,5332
20,5333
15,5334
18,5335
23,5336
2,5337
29,5338
3,5339
24,5340
16,5341
1,5342
11,5343
26,5344
17,5345
13,5346
15,5347
23,5348
4,5349
0,5350
7,5351
26,5352
22,5353
11,5354
27,5355
4,5356
4,5357
26,5358
9,5359
29,5360
19,5361
26,5362
24,5363
17,5364
15,5365
29,5366
16,5367
10,5368
20,5369
5,5370
24,5371
19,5372
25,5373
17,5374
1,5375
17,5376
14,5377
4,5378
10,5379
18,5380
23,5381
0,5382
29,5383
13,5384
20,5385
28,5386
26,5387
21,5388
28,5389
3,5390
28,5391
4,5392
3,5393
27,5394
3,5395
3,5396
22,5397
16,5398
12,5399
29,5400
3,5401
25,5402
0,5403
0,5404
21,5405
0,5406
22,5407
29,5408
26,5409
12,5410
25,5411
5,5412
3,5413
3,5414
17,5415
20,5416
10,5417
20,5418
25,5419
11,5420
8,5421
13,5422
14,5423
24,5424
29,5425
25,5426
18,5427
5,5428
19,5429
11,5430
17,5431
9,5432
25,5433
0,5434
9,5435
0,5436
3,5437
3,5438
24,5439
7,5440
24,5441
23,5442
22,5443
1,5444
5,5445
9,5446
24,5447
13,5448
25,5449
14,5450
26,5451
18,5452
7,5453
10,5454
26,5455
9,5456
17,5457
15,5458
28,5459
3,5460
29,5461
8,5462
1,5463
20,5464
17,5465
1,5466
5,5467
1,5468
13,5469
21,5470
27,5471
28,5472
14,5473
4,5474
19,5475
25,5476
2,5477
5,5478
9,5479
19,5480
8,5481
4,5482
21,5483
18,5484
24,5485
0,5486
17,5487
28,5488
29,5489
27,5490
19,5491
27,5492
10,5493
25,5494
2,5495
11,5496
7,5497
5,5498
0,5499
2,5500
13,5501
1,5502
9,5503
19,5504
10,5505
9,5506
12,5507
12,5508
0,5509
19,5510
17,5511
18,5512
19,5513
8,5514
2,5515
15,5516
12,5517
6,5518
14,5519
29,5520
10,5521
4,5522
25,5523
11,5524
22,5525
20,5526
21,5527
8,5528
15,5529
7,5530
23,5531
15,5532
13,5533
26,5534
11,5535
6,5536
2,5537
16,5538
11,5539
2,5540
15,5541
24,5542
24,5543
0,5544
27,5545
17,5546
21,5547
29,5548
18,5549
17,5550
21,5551
15,5552
13,5553
0,5554
22,5555
24,5556
26,5557
1,5558
28,5559
27,5560
25,5561
7,5562
3,5563
24,5564
7,5565
26,5566
7,5567
7,5568
8,5569
0,5570
3,5571
24,5572
15,5573
8,5574
13,5575
8,5576
20,5577
4,5578
9,5579
29,5580
22,5581
27,5582
17,5583
1,5584
16,5585
11,5586
17,5587
29,5588
0,5589
24,5590
19,5591
21,5592
13,5593
15,5594
21,5595
22,5596
18,5597
21,5598
1,5599
17,5600
16,5601
8,5602
21,5603
10,5604
29,5605
6,5606
23,5607
28,5608
11,5609
24,5610
19,5611
5,5612
17,5613
6,5614
29,5615
7,5616
9,5617
19,5618
11,5619
11,5620
7,5621
25,5622
25,5623
24,5624
16,5625
1,5626
11,5627
29,5628
21,5629
6,5630
4,5631
6,5632
8,5633
26,5634
8,5635
12,5636
13,5637
15,5638
14,5639
0,5640
16,5641
24,5642
16,5643
3,5644
21,5645
3,5646
23,5647
5,5648
1,5649
7,5650
8,5651
13,5652
15,5653
14,5654
2,5655
18,5656
17,5657
23,5658
0,5659
11,5660
23,5661
15,5662
8,5663
27,5664
18,5665
12,5666
20,5667
5,5668
15,5669
24,5670
0,5671
25,5672
12,5673
25,5674
4,5675
22,5676
11,5677
2,5678
26,5679
10,5680
22,5681
15,5682
11,5683
4,5684
2,5685
6,5686
29,5687
7,5688
5,5689
9,5690
11,5691
5,5692
25,5693
2,5694
9,5695
9,5696
28,5697
3,5698
26,5699
26,5700
29,5701
9,5702
3,5703
6,5704
1,5705
6,5706
24,5707
0,5708
16,5709
20,5710
20,5711
8,5712
9,5713
1,5714
6,5715
22,5716
29,5717
2,5718
4,5719
4,5720
20,5721
7,5722
4,5723
1,5724
17,5725
10,5726
13,5727
1,5728
18,5729
5,5730
9,5731
17,5732
20,5733
20,5734
12,5735
13,5736
22,5737
2,5738
15,5739
29,5740
26,5741
13,5742
11,5743
13,5744
16,5745
0,5746
11,5747
16,5748
16,5749
19,5750
19,5751
16,5752
19,5753
10,5754
3,5755
2,5756
11,5757
3,5758
28,5759
18,5760
27,5761
4,5762
10,5763
21,5764
27,5765
12,5766
25,5767
4,5768
28,5769
4,5770
17,5771
19,5772
20,5773
22,5774
22,5775
22,5776
28,5777
2,5778
8,5779
27,5780
2,5781
1,5782
1,5783
21,5784
29,5785
8,5786
5,5787
14,5788
6,5789
17,5790
22,5791
5,5792
12,5793
12,5794
12,5795
23,5796
1,5797
21,5798
8,5799
24,5800
10,5801
14,5802
4,5803
9,5804
1,5805
10,5806
21,5807
12,5808
18,5809
11,5810
17,5811
6,5812
10,5813
26,5814
13,5815
14,5816
5,5817
18,5818
25,5819
28,5820
8,5821
11,5822
20,5823
3,5824
24,5825
2,5826
2,5827
0,5828
0,5829
8,5830
12,5831
25,5832
20,5833
9,5834
29,5835
3,5836
1,5837
24,5838
16,5839
22,5840
15,5841
7,5842
10,5843
18,5844
6,5845
27,5846
24,5847
16,5848
13,5849
10,5850
9,5851
22,5852
5,5853
18,5854
21,5855
5,5856
9,5857
8,5858
5,5859
17,5860
4,5861
0,5862
3,5863
29,5864
22,5865
1,5866
16,5867
6,5868
14,5869
27,5870
4,5871
25,5872
23,5873
16,5874
0,5875
20,5876
7,5877
7,5878
21,5879
1,5880
28,5881
7,5882
25,5883
12,5884
26,5885
11,5886
23,5887
28,5888
25,5889
21,5890
11,5891
2,5892
23,5893
9,5894
21,5895
1,5896
0,5897
24,5898
1,5899
16,5900
7,5901
5,5902
23,5903
5,5904
9,5905
17,5906
5,5907
8,5908
9,5909
15,5910
21,5911
3,5912
8,5913
16,5914
25,5915
6,5916
22,5917
11,5918
12,5919
12,5920
4,5921
23,5922
11,5923
19,5924
18,5925
4,5926
27,5927
4,5928
3,5929
9,5930
15,5931
24,5932
19,5933
26,5934
8,5935
12,5936
19,5937
11,5938
7,5939
14,5940
3,5941
16,5942
18,5943
19,5944
19,5945
27,5946
6,5947
16,5948
8,5949
1,5950
6,5951
16,5952
3,5953
1,5954
13,5955
16,5956
17,5957
9,5958
0,5959
3,5960
4,5961
19,5962
18,5963
9,5964
15,5965
12,5966
8,5967
20,5968
25,5969
19,5970
13,5971
2,5972
12,5973
19,5974
10,5975
9,5976
27,5977
11,5978
6,5979
17,5980
9,5981
1,5982
0,5983
3,5984
16,5985
14,5986
21,5987
1,5988
3,5989
16,5990
22,5991
9,5992
23,5993
7,5994
3,5995
1,5996
7,5997
24,5998
2,5999
0,6000
20,6001
20,6002
5,6003
9,6004
15,6005
26,6006
15,6007
0,6008
18,6009
14,6010
27,6011
29,6012
12,6013
22,6014
1,6015
12,6016
22,6017
2,6018
25,6019
0,6020
28,6021
16,6022
2,6023
6,6024
7,6025
10,6026
24,6027
21,6028
27,6029
0,6030
0,6031
8,6032
19,6033
16,6034
1,6035
11,6036
22,6037
26,6038
13,6039
26,6040
19,6041
15,6042
18,6043
10,6044
18,6045
15,6046
25,6047
18,6048
14,6049
12,6050
0,6051
15,6052
9,6053
25,6054
8,6055
8,6056
10,6057
8,6058
27,6059
5,6060
12,6061
17,6062
8,6063
1,6064
28,6065
22,6066
3,6067
17,6068
7,6069
17,6070
13,6071
11,6072
1,6073
6,6074
26,6075
21,6076
1,6077
12,6078
29,6079
16,6080
25,6081
27,6082
13,6083
17,6084
26,6085
10,6086
11,6087
20,6088
3,6089
13,6090
17,6091
16,6092
17,6093
11,6094
14,6095
28,6096
15,6097
1,6098
3,6099
14,6100
20,6101
17,6102
17,6103
10,6104
26,6105
15,6106
8,6107
19,6108
20,6109
21,6110
4,6111
27,6112
29,6113
13,6114
0,6115
23,6116
3,6117
19,6118
6,6119
23,6120
7,6121
0,6122
16,6123
2,6124
29,6125
7,6126
4,6127
9,6128
20,6129
22,6130
10,6131
13,6132
22,6133
27,6134
4,6135
18,6136
21,6137
26,6138
27,6139
11,6140
27,6141
17,6142
4,6143
9,6144
0,6145
4,6146
12,6147
11,6148
22,6149
19,6150
25,6151
10,6152
11,6153
1,6154
11,6155
22,6156
8,6157
6,6158
2,6159
17,6160
24,6161
15,6162
0,6163
18,6164
14,6165
3,6166
17,6167
15,6168
7,6169
2,6170
18,6171
29,6172
12,6173
22,6174
27,6175
5,6176
8,6177
13,6178
2,6179
16,6180
13,6181
26,6182
23,6183
9,6184
18,6185
27,6186
0,6187
6,6188
18,6189
0,6190
25,6191
6,6192
14,6193
6,6194
6,6195
1,6196
3,6197
11,6198
25,6199
26,6200
15,6201
10,6202
21,6203
19,6204
13,6205
2,6206
29,6207
27,6208
25,6209
23,6210
4,6211
1,6212
24,6213
23,6214
8,6215
21,6216
21,6217
8,6218
5,6219
29,6220
29,6221
1,6222
15,6223
27,6224
11,6225
3,6226
19,6227
4,6228
25,6229
10,6230
14,6231
20,6232
5,6233
24,6234
20,6235
12,6236
18,6237
27,6238
14,6239
4,6240
4,6241
9,6242
5,6243
27,6244
19,6245
0,6246
29,6247
15,6248
29,6249
2,6250
25,6251
5,6252
4,6253
26,6254
26,6255
22,6256
7,6257
4,6258
22,6259
8,6260
5,6261
1,6262
20,6263
0,6264
4,6265
6,6266
25,6267
20,6268
22,6269
20,6270
6,6271
27,6272
29,6273
26,6274
24,6275
9,6276
0,6277
7,6278
23,6279
10,6280
10,6281
20,6282
8,6283
3,6284
14,6285
12,6286
28,6287
24,6288
16,6289
24,6290
12,6291
28,6292
15,6293
19,6294
6,6295
6,6296
19,6297
2,6298
10,6299
29,6300
4,6301
4,6302
10,6303
25,6304
17,6305
12,6306
18,6307
0,6308
25,6309
19,6310
17,6311
6,6312
23,6313
18,6314
29,6315
3,6316
19,6317
26,6318
25,6319
19,6320
17,6321
23,6322
15,6323
21,6324
2,6325
24,6326
1,6327
11,6328
0,6329
5,6330
21,6331
25,6332
8,6333
22,6334
17,6335
4,6336
21,6337
12,6338
27,6339
15,6340
13,6341
18,6342
25,6343
28,6344
29,6345
11,6346
0,6347
20,6348
14,6349
1,6350
22,6351
17,6352
9,6353
2,6354
0,6355
22,6356
5,6357
16,6358
2,6359
29,6360
28,6361
3,6362
13,6363
15,6364
1,6365
26,6366
17,6367
1,6368
1,6369
28,6370
13,6371
16,6372
11,6373
2,6374
19,6375
23,6376
27,6377
8,6378
1,6379
5,6380
22,6381
3,6382
3,6383
28,6384
3,6385
4,6386
19,6387
15,6388
13,6389
2,6390
13,6391
27,6392
12,6393
16,6394
20,6395
0,6396
1,6397
22,6398
20,6399
13,6400
17,6401
5,6402
1,6403
25,6404
11,6405
1,6406
20,6407
17,6408
23,6409
23,6410
11,6411
17,6412
23,6413
3,6414
6,6415
10,6416
29,6417
9,6418
3,6419
29,6420
15,6421
11,6422
29,6423
7,6424
18,6425
21,6426
11,6427
6,6428
2,6429
0,6430
1,6431
8,6432
10,6433
21,6434
21,6435
10,6436
0,6437
18,6438
10,6439
29,6440
26,6441
8,6442
16,6443
2,6444
16,6445
28,6446
23,6447
3,6448
26,6449
22,6450
7,6451
12,6452
3,6453
24,6454
23,6455
28,6456
4,6457
22,6458
5,6459
12,6460
6,6461
21,6462
15,6463
11,6464
7,6465
13,6466
11,6467
15,6468
24,6469
0,6470
2,6471
24,6472
8,6473
19,6474
19,6475
18,6476
4,6477
12,6478
0,6479
1,6480
28,6481
16,6482
5,6483
9,6484
18,6485
12,6486
11,6487
24,6488
18,6489
25,6490
13,6491
15,6492
1,6493
23,6494
3,6495
3,6496
15,6497
6,6498
24,6499
1,6500
25,6501
12,6502
26,6503
2,6504
7,6505
8,6506
5,6507
19,6508
29,6509
15,6510
16,6511
12,6512
20,6513
24,6514
19,6515
3,6516
4,6517
29,6518
9,6519
10,6520
12,6521
19,6522
5,6523
21,6524
0,6525
29,6526
5,6527
26,6528
22,6529
28,6530
10,6531
7,6532
2,6533
22,6534
5,6535
14,6536
4,6537
28,6538
20,6539
11,6540
15,6541
8,6542
26,6543
28,6544
15,6545
13,6546
7,6547
8,6548
3,6549
10,6550
29,6551
11,6552
26,6553
4,6554
27,6555
29,6556
18,6557
2,6558
23,6559
5,6560
16,6561
27,6562
2,6563
19,6564
16,6565
29,6566
0,6567
3,6568
1,6569
28,6570
15,6571
19,6572
8,6573
2,6574
20,6575
25,6576
14,6577
22,6578
19,6579
3,6580
19,6581
10,6582
4,6583
25,6584
22,6585
22,6586
29,6587
18,6588
22,6589
19,6590
2,6591
25,6592
16,6593
10,6594
12,6595
23,6596
2,6597
25,6598
5,6599
28,6600
24,6601
16,6602
11,6603
16,6604
21,6605
29,6606
15,6607
13,6608
23,6609
13,6610
17,6611
6,6612
5,6613
25,6614
7,6615
12,6616
2,6617
18,6618
5,6619
5,6620
0,6621
24,6622
12,6623
26,6624
17,6625
15,6626
8,6627
0,6628
15,6629
11,6630
4,6631
16,6632
29,6633
13,6634
26,6635
12,6636
8,6637
14,6638
4,6639
18,6640
21,6641
18,6642
18,6643
23,6644
11,6645
6,6646
17,6647
22,6648
4,6649
7,6650
10,6651
4,6652
10,6653
13,6654
18,6655
17,6656
25,6657
28,6658
2,6659
18,6660
17,6661
20,6662
6,6663
14,6664
14,6665
24,6666
17,6667
23,6668
25,6669
22,6670
20,6671
0,6672
26,6673
0,6674
27,6675
17,6676
13,6677
11,6678
5,6679
9,6680
6,6681
12,6682
27,6683
3,6684
8,6685
11,6686
26,6687
10,6688
17,6689
1,6690
4,6691
7,6692
4,6693
1,6694
10,6695
29,6696
20,6697
5,6698
29,6699
23,6700
9,6701
20,6702
21,6703
2,6704
17,6705
18,6706
8,6707
1,6708
16,6709
5,6710
26,6711
17,6712
1,6713
0,6714
22,6715
29,6716
0,6717
15,6718
23,6719
15,6720
18,6721
12,6722
14,6723
13,6724
6,6725
23,6726
2,6727
25,6728
27,6729
17,6730
17,6731
27,6732
6,6733
21,6734
24,6735
27,6736
15,6737
7,6738
6,6739
5,6740
21,6741
17,6742
6,6743
5,6744
16,6745
6,6746
20,6747
13,6748
19,6749
26,6750
2,6751
16,6752
19,6753
20,6754
9,6755
17,6756
4,6757
0,6758
20,6759
3,6760
19,6761
23,6762
20,6763
3,6764
17,6765
26,6766
28,6767
14,6768
29,6769
2,6770
17,6771
6,6772
15,6773
14,6774
12,6775
14,6776
1,6777
7,6778
21,6779
29,6780
1,6781
5,6782
28,6783
24,6784
25,6785
8,6786
12,6787
18,6788
23,6789
23,6790
16,6791
28,6792
28,6793
18,6794
28,6795
4,6796
6,6797
6,6798
20,6799
22,6800
4,6801
23,6802
4,6803
0,6804
24,6805
23,6806
26,6807
23,6808
28,6809
17,6810
11,6811
21,6812
29,6813
25,6814
17,6815
20,6816
6,6817
14,6818
28,6819
3,6820
6,6821
3,6822
3,6823
27,6824
1,6825
1,6826
2,6827
7,6828
24,6829
14,6830
19,6831
10,6832
5,6833
4,6834
15,6835
11,6836
17,6837
15,6838
21,6839
3,6840
9,6841
29,6842
13,6843
17,6844
22,6845
12,6846
20,6847
25,6848
19,6849
8,6850
2,6851
25,6852
17,6853
23,6854
19,6855
9,6856
18,6857
29,6858
10,6859
21,6860
23,6861
27,6862
12,6863
9,6864
27,6865
25,6866
4,6867
20,6868
2,6869
29,6870
25,6871
2,6872
24,6873
24,6874
20,6875
8,6876
28,6877
29,6878
11,6879
8,6880
20,6881
22,6882
27,6883
16,6884
29,6885
11,6886
29,6887
27,6888
5,6889
15,6890
11,6891
29,6892
16,6893
2,6894
18,6895
29,6896
8,6897
29,6898
23,6899
28,6900
1,6901
29,6902
12,6903
10,6904
18,6905
20,6906
7,6907
9,6908
5,6909
0,6910
26,6911
29,6912
12,6913
24,6914
0,6915
16,6916
28,6917
29,6918
0,6919
13,6920
10,6921
14,6922
0,6923
2,6924
6,6925
21,6926
24,6927
18,6928
20,6929
29,6930
27,6931
11,6932
4,6933
9,6934
19,6935
26,6936
12,6937
11,6938
24,6939
6,6940
7,6941
8,6942
2,6943
4,6944
27,6945
13,6946
15,6947
8,6948
1,6949
5,6950
10,6951
22,6952
3,6953
28,6954
15,6955
15,6956
8,6957
4,6958
20,6959
25,6960
16,6961
28,6962
10,6963
25,6964
19,6965
11,6966
0,6967
20,6968
0,6969
11,6970
8,6971
13,6972
21,6973
15,6974
12,6975
8,6976
26,6977
21,6978
22,6979
11,6980
12,6981
10,6982
11,6983
0,6984
2,6985
27,6986
16,6987
7,6988
26,6989
18,6990
28,6991
25,6992
16,6993
0,6994
3,6995
10,6996
28,6997
24,6998
8,6999
29,7000
27,7001
0,7002
16,7003
10,7004
25,7005
17,7006
20,7007
16,7008
0,7009
0,7010
16,7011
17,7012
9,7013
16,7014
24,7015
6,7016
5,7017
15,7018
16,7019
19,7020
20,7021
0,7022
9,7023
24,7024
17,7025
11,7026
3,7027
21,7028
5,7029
8,7030
6,7031
8,7032
13,7033
1,7034
10,7035
21,7036
27,7037
4,7038
22,7039
1,7040
12,7041
13,7042
21,7043
1,7044
25,7045
11,7046
6,7047
5,7048
5,7049
25,7050
21,7051
7,7052
2,7053
29,7054
13,7055
27,7056
5,7057
21,7058
25,7059
18,7060
16,7061
12,7062
18,7063
0,7064
12,7065
10,7066
21,7067
28,7068
22,7069
25,7070
29,7071
10,7072
22,7073
16,7074
25,7075
23,7076
20,7077
1,7078
28,7079
16,7080
29,7081
26,7082
10,7083
28,7084
1,7085
19,7086
18,7087
11,7088
19,7089
13,7090
12,7091
25,7092
25,7093
12,7094
3,7095
16,7096
23,7097
5,7098
20,7099
10,7100
24,7101
21,7102
7,7103
13,7104
6,7105
7,7106
28,7107
2,7108
17,7109
29,7110
24,7111
29,7112
1,7113
9,7114
14,7115
23,7116
11,7117
19,7118
27,7119
23,7120
21,7121
7,7122
25,7123
13,7124
3,7125
4,7126
15,7127
12,7128
19,7129
19,7130
29,7131
29,7132
1,7133
22,7134
8,7135
3,7136
14,7137
4,7138
26,7139
1,7140
13,7141
8,7142
26,7143
2,7144
11,7145
24,7146
6,7147
29,7148
18,7149
9,7150
13,7151
14,7152
6,7153
13,7154
20,7155
5,7156
12,7157
27,7158
12,7159
7,7160
28,7161
25,7162
23,7163
14,7164
3,7165
7,7166
16,7167
5,7168
0,7169
22,7170
7,7171
16,7172
27,7173
23,7174
9,7175
16,7176
8,7177
25,7178
16,7179
1,7180
20,7181
7,7182
4,7183
4,7184
4,7185
1,7186
3,7187
29,7188
22,7189
1,7190
5,7191
4,7192
28,7193
6,7194
8,7195
22,7196
25,7197
17,7198
9,7199
19,7200
27,7201
6,7202
5,7203
0,7204
12,7205
4,7206
9,7207
10,7208
16,7209
15,7210
21,7211
2,7212
29,7213
22,7214
13,7215
20,7216
22,7217
22,7218
7,7219
19,7220
17,7221
11,7222
20,7223
20,7224
7,7225
16,7226
15,7227
23,7228
6,7229
2,7230
29,7231
9,7232
2,7233
2,7234
4,7235
21,7236
14,7237
4,7238
21,7239
0,7240
7,7241
24,7242
9,7243
17,7244
25,7245
0,7246
29,7247
28,7248
15,7249
13,7250
29,7251
28,7252
3,7253
3,7254
10,7255
25,7256
23,7257
13,7258
14,7259
28,7260
29,7261
10,7262
23,7263
26,7264
10,7265
25,7266
25,7267
12,7268
18,7269
15,7270
20,7271
1,7272
17,7273
11,7274
6,7275
27,7276
11,7277
27,7278
10,7279
2,7280
0,7281
5,7282
18,7283
5,7284
3,7285
28,7286
16,7287
6,7288
9,7289
2,7290
16,7291
22,7292
11,7293
7,7294
7,7295
25,7296
16,7297
18,7298
9,7299
17,7300
13,7301
19,7302
11,7303
11,7304
14,7305
28,7306
26,7307
0,7308
19,7309
18,7310
4,7311
9,7312
5,7313
9,7314
16,7315
22,7316
1,7317
13,7318
18,7319
2,7320
22,7321
23,7322
24,7323
20,7324
0,7325
8,7326
7,7327
29,7328
9,7329
16,7330
19,7331
28,7332
24,7333
18,7334
15,7335
8,7336
2,7337
12,7338
14,7339
19,7340
3,7341
1,7342
8,7343
16,7344
22,7345
21,7346
26,7347
25,7348
16,7349
20,7350
16,7351
26,7352
6,7353
5,7354
20,7355
17,7356
23,7357
3,7358
25,7359
21,7360
5,7361
17,7362
4,7363
17,7364
7,7365
14,7366
0,7367
29,7368
20,7369
11,7370
7,7371
6,7372
22,7373
13,7374
21,7375
1,7376
9,7377
21,7378
5,7379
7,7380
20,7381
3,7382
21,7383
27,7384
4,7385
11,7386
24,7387
10,7388
4,7389
2,7390
29,7391
0,7392
25,7393
17,7394
19,7395
18,7396
16,7397
0,7398
1,7399
17,7400
29,7401
16,7402
12,7403
12,7404
16,7405
4,7406
4,7407
0,7408
27,7409
17,7410
16,7411
4,7412
17,7413
15,7414
23,7415
0,7416
6,7417
9,7418
17,7419
12,7420
2,7421
3,7422
12,7423
12,7424
21,7425
16,7426
5,7427
7,7428
16,7429
8,7430
5,7431
8,7432
2,7433
3,7434
22,7435
13,7436
15,7437
1,7438
11,7439
5,7440
20,7441
15,7442
18,7443
16,7444
3,7445
9,7446
4,7447
0,7448
18,7449
22,7450
19,7451
22,7452
28,7453
19,7454
22,7455
9,7456
19,7457
26,7458
15,7459
4,7460
22,7461
28,7462
4,7463
20,7464
12,7465
13,7466
13,7467
20,7468
15,7469
22,7470
15,7471
0,7472
20,7473
20,7474
20,7475
29,7476
0,7477
2,7478
29,7479
24,7480
20,7481
6,7482
9,7483
16,7484
11,7485
2,7486
4,7487
11,7488
1,7489
19,7490
10,7491
25,7492
18,7493
16,7494
1,7495
12,7496
13,7497
25,7498
27,7499
14,7500
2,7501
28,7502
4,7503
21,7504
12,7505
8,7506
13,7507
0,7508
10,7509
7,7510
6,7511
16,7512
25,7513
11,7514
16,7515
11,7516
23,7517
2,7518
13,7519
12,7520
14,7521
20,7522
3,7523
23,7524
19,7525
7,7526
3,7527
3,7528
21,7529
6,7530
6,7531
28,7532
9,7533
10,7534
2,7535
3,7536
16,7537
5,7538
9,7539
18,7540
24,7541
0,7542
1,7543
20,7544
16,7545
11,7546
17,7547
18,7548
14,7549
9,7550
24,7551
5,7552
23,7553
11,7554
16,7555
1,7556
0,7557
3,7558
19,7559
7,7560
5,7561
17,7562
27,7563
4,7564
6,7565
27,7566
3,7567
24,7568
5,7569
15,7570
18,7571
9,7572
8,7573
18,7574
12,7575
20,7576
4,7577
16,7578
18,7579
2,7580
11,7581
23,7582
9,7583
1,7584
11,7585
27,7586
17,7587
4,7588
11,7589
1,7590
19,7591
14,7592
7,7593
24,7594
27,7595
19,7596
1,7597
1,7598
23,7599
23,7600
3,7601
8,7602
5,7603
16,7604
1,7605
28,7606
26,7607
6,7608
22,7609
20,7610
16,7611
0,7612
1,7613
17,7614
0,7615
0,7616
19,7617
11,7618
24,7619
8,7620
0,7621
1,7622
17,7623
27,7624
21,7625
29,7626
18,7627
25,7628
27,7629
18,7630
2,7631
4,7632
8,7633
18,7634
0,7635
27,7636
19,7637
17,7638
22,7639
20,7640
20,7641
3,7642
18,7643
17,7644
22,7645
13,7646
5,7647
27,7648
18,7649
0,7650
25,7651
8,7652
0,7653
23,7654
19,7655
11,7656
3,7657
8,7658
11,7659
6,7660
24,7661
7,7662
26,7663
17,7664
3,7665
4,7666
10,7667
13,7668
15,7669
18,7670
8,7671
26,7672
29,7673
15,7674
12,7675
20,7676
7,7677
9,7678
3,7679
21,7680
26,7681
18,7682
6,7683
10,7684
25,7685
25,7686
20,7687
23,7688
18,7689
20,7690
28,7691
3,7692
7,7693
23,7694
23,7695
12,7696
23,7697
25,7698
17,7699
5,7700
10,7701
17,7702
4,7703
16,7704
22,7705
9,7706
23,7707
25,7708
27,7709
10,7710
29,7711
8,7712
27,7713
23,7714
20,7715
1,7716
22,7717
27,7718
11,7719
27,7720
12,7721
29,7722
28,7723
10,7724
20,7725
5,7726
18,7727
18,7728
24,7729
23,7730
23,7731
10,7732
19,7733
18,7734
2,7735
16,7736
28,7737
7,7738
4,7739
19,7740
12,7741
6,7742
27,7743
0,7744
24,7745
25,7746
17,7747
29,7748
21,7749
12,7750
17,7751
6,7752
21,7753
22,7754
15,7755
24,7756
1,7757
6,7758
29,7759
29,7760
27,7761
0,7762
12,7763
11,7764
12,7765
12,7766
9,7767
15,7768
12,7769
8,7770
13,7771
21,7772
26,7773
10,7774
3,7775
17,7776
2,7777
9,7778
1,7779
9,7780
14,7781
23,7782
3,7783
1,7784
6,7785
21,7786
17,7787
20,7788
11,7789
6,7790
26,7791
18,7792
25,7793
11,7794
27,7795
10,7796
7,7797
6,7798
13,7799
29,7800
4,7801
18,7802
22,7803
7,7804
24,7805
28,7806
28,7807
29,7808
9,7809
2,7810
0,7811
3,7812
17,7813
5,7814
1,7815
12,7816
9,7817
27,7818
27,7819
12,7820
18,7821
27,7822
17,7823
28,7824
28,7825
22,7826
29,7827
26,7828
28,7829
10,7830
11,7831
7,7832
23,7833
3,7834
1,7835
6,7836
28,7837
28,7838
24,7839
14,7840
11,7841
16,7842
8,7843
2,7844
0,7845
3,7846
13,7847
15,7848
23,7849
2,7850
10,7851
7,7852
28,7853
2,7854
5,7855
3,7856
4,7857
15,7858
24,7859
19,7860
16,7861
20,7862
26,7863
10,7864
18,7865
19,7866
22,7867
1,7868
28,7869
3,7870
18,7871
10,7872
18,7873
19,7874
29,7875
19,7876
1,7877
21,7878
21,7879
17,7880
9,7881
27,7882
10,7883
27,7884
0,7885
8,7886
8,7887
19,7888
14,7889
20,7890
12,7891
26,7892
29,7893
22,7894
2,7895
28,7896
22,7897
27,7898
27,7899
12,7900
8,7901
25,7902
18,7903
19,7904
14,7905
28,7906
26,7907
27,7908
27,7909
26,7910
12,7911
26,7912
14,7913
6,7914
18,7915
28,7916
24,7917
28,7918
23,7919
2,7920
29,7921
7,7922
11,7923
4,7924
1,7925
9,7926
14,7927
5,7928
14,7929
0,7930
2,7931
24,7932
14,7933
28,7934
16,7935
11,7936
15,7937
23,7938
3,7939
28,7940
3,7941
1,7942
0,7943
27,7944
1,7945
2,7946
16,7947
19,7948
22,7949
26,7950
24,7951
12,7952
23,7953
28,7954
26,7955
17,7956
14,7957
0,7958
3,7959
12,7960
26,7961
19,7962
8,7963
5,7964
6,7965
9,7966
2,7967
24,7968
19,7969
1,7970
20,7971
21,7972
17,7973
13,7974
0,7975
12,7976
25,7977
15,7978
3,7979
11,7980
17,7981
5,7982
8,7983
16,7984
17,7985
13,7986
14,7987
28,7988
26,7989
1,7990
6,7991
13,7992
2,7993
5,7994
8,7995
26,7996
22,7997
29,7998
21,7999
23,8000
14,8001
3,8002
6,8003
18,8004
10,8005
26,8006
26,8007
28,8008
16,8009
7,8010
21,8011
24,8012
10,8013
28,8014
23,8015
16,8016
25,8017
9,8018
1,8019
8,8020
5,8021
26,8022
0,8023
25,8024
13,8025
18,8026
0,8027
29,8028
25,8029
0,8030
16,8031
0,8032
6,8033
25,8034
11,8035
29,8036
28,8037
15,8038
22,8039
20,8040
23,8041
2,8042
10,8043
11,8044
6,8045
15,8046
27,8047
1,8048
6,8049
10,8050
13,8051
9,8052
15,8053
2,8054
24,8055
1,8056
8,8057
2,8058
17,8059
16,8060
1,8061
22,8062
26,8063
28,8064
22,8065
20,8066
6,8067
29,8068
29,8069
2,8070
28,8071
16,8072
7,8073
10,8074
6,8075
2,8076
6,8077
23,8078
2,8079
28,8080
10,8081
10,8082
2,8083
27,8084
17,8085
9,8086
5,8087
0,8088
23,8089
16,8090
13,8091
21,8092
29,8093
1,8094
23,8095
16,8096
26,8097
8,8098
8,8099
21,8100
13,8101
14,8102
20,8103
6,8104
12,8105
3,8106
19,8107
10,8108
27,8109
27,8110
8,8111
5,8112
26,8113
23,8114
11,8115
13,8116
18,8117
23,8118
3,8119
11,8120
19,8121
25,8122
7,8123
18,8124
25,8125
18,8126
29,8127
10,8128
14,8129
18,8130
14,8131
28,8132
9,8133
5,8134
18,8135
9,8136
17,8137
24,8138
0,8139
12,8140
20,8141
6,8142
22,8143
3,8144
24,8145
9,8146
10,8147
12,8148
13,8149
24,8150
4,8151
17,8152
16,8153
1,8154
6,8155
26,8156
2,8157
16,8158
23,8159
3,8160
4,8161
2,8162
24,8163
4,8164
23,8165
1,8166
25,8167
7,8168
16,8169
12,8170
13,8171
13,8172
11,8173
14,8174
17,8175
29,8176
0,8177
16,8178
2,8179
16,8180
16,8181
9,8182
0,8183
18,8184
27,8185
13,8186
15,8187
17,8188
13,8189
17,8190
19,8191
22,8192
5,8193
14,8194
28,8195
6,8196
18,8197
15,8198
25,8199
15,8200
18,8201
23,8202
28,8203
1,8204
23,8205
16,8206
13,8207
8,8208
21,8209
11,8210
24,8211
14,8212
5,8213
21,8214
8,8215
28,8216
2,8217
24,8218
3,8219
9,8220
13,8221
7,8222
4,8223
19,8224
4,8225
17,8226
24,8227
28,8228
28,8229
24,8230
25,8231
16,8232
11,8233
7,8234
4,8235
26,8236
10,8237
5,8238
1,8239
11,8240
19,8241
29,8242
11,8243
19,8244
25,8245
25,8246
20,8247
24,8248
15,8249
12,8250
13,8251
25,8252
11,8253
13,8254
27,8255
18,8256
22,8257
4,8258
19,8259
10,8260
2,8261
9,8262
29,8263
27,8264
10,8265
25,8266
21,8267
5,8268
9,8269
15,8270
14,8271
28,8272
17,8273
3,8274
2,8275
10,8276
14,8277
3,8278
1,8279
27,8280
25,8281
17,8282
8,8283
27,8284
5,8285
14,8286
5,8287
25,8288
20,8289
17,8290
29,8291
13,8292
16,8293
0,8294
27,8295
3,8296
1,8297
16,8298
3,8299
0,8300
6,8301
17,8302
11,8303
3,8304
4,8305
23,8306
25,8307
13,8308
5,8309
2,8310
18,8311
14,8312
7,8313
2,8314
29,8315
3,8316
10,8317
13,8318
19,8319
4,8320
13,8321
20,8322
22,8323
22,8324
22,8325
25,8326
8,8327
26,8328
1,8329
24,8330
24,8331
0,8332
16,8333
5,8334
23,8335
16,8336
26,8337
15,8338
17,8339
25,8340
13,8341
22,8342
7,8343
29,8344
22,8345
2,8346
3,8347
5,8348
0,8349
1,8350
12,8351
29,8352
7,8353
8,8354
11,8355
5,8356
3,8357
25,8358
2,8359
5,8360
21,8361
20,8362
0,8363
22,8364
4,8365
10,8366
12,8367
6,8368
7,8369
2,8370
19,8371
11,8372
11,8373
24,8374
28,8375
7,8376
5,8377
14,8378
10,8379
7,8380
3,8381
28,8382
15,8383
5,8384
4,8385
4,8386
2,8387
17,8388
22,8389
13,8390
25,8391
19,8392
5,8393
0,8394
17,8395
20,8396
25,8397
25,8398
17,8399
9,8400
19,8401
25,8402
27,8403
10,8404
0,8405
1,8406
20,8407
24,8408
1,8409
24,8410
24,8411
21,8412
0,8413
25,8414
23,8415
20,8416
12,8417
13,8418
7,8419
22,8420
7,8421
10,8422
18,8423
26,8424
18,8425
13,8426
17,8427
3,8428
13,8429
29,8430
4,8431
20,8432
29,8433
22,8434
10,8435
20,8436
5,8437
6,8438
0,8439
22,8440
17,8441
17,8442
6,8443
28,8444
0,8445
6,8446
13,8447
28,8448
20,8449
2,8450
25,8451
21,8452
6,8453
16,8454
12,8455
23,8456
18,8457
25,8458
19,8459
5,8460
9,8461
24,8462
19,8463
22,8464
25,8465
0,8466
24,8467
17,8468
17,8469
12,8470
7,8471
16,8472
24,8473
13,8474
12,8475
13,8476
15,8477
29,8478
13,8479
16,8480
0,8481
3,8482
26,8483
2,8484
18,8485
11,8486
27,8487
12,8488
27,8489
19,8490
11,8491
23,8492
19,8493
6,8494
16,8495
21,8496
2,8497
6,8498
23,8499
5,8500
14,8501
23,8502
21,8503
11,8504
17,8505
12,8506
12,8507
25,8508
25,8509
16,8510
24,8511
26,8512
11,8513
7,8514
29,8515
2,8516
6,8517
5,8518
12,8519
13,8520
3,8521
21,8522
4,8523
23,8524
10,8525
11,8526
9,8527
5,8528
18,8529
6,8530
27,8531
12,8532
3,8533
3,8534
24,8535
28,8536
22,8537
26,8538
8,8539
5,8540
23,8541
29,8542
22,8543
25,8544
16,8545
8,8546
28,8547
13,8548
1,8549
13,8550
16,8551
10,8552
26,8553
28,8554
18,8555
19,8556
11,8557
26,8558
1,8559
12,8560
23,8561
22,8562
1,8563
5,8564
8,8565
26,8566
7,8567
10,8568
27,8569
1,8570
5,8571
27,8572
13,8573
25,8574
0,8575
16,8576
21,8577
23,8578
2,8579
16,8580
20,8581
11,8582
7,8583
5,8584
14,8585
12,8586
16,8587
23,8588
0,8589
11,8590
15,8591
24,8592
26,8593
22,8594
5,8595
0,8596
19,8597
29,8598
29,8599
28,8600
27,8601
14,8602
21,8603
8,8604
2,8605
18,8606
13,8607
16,8608
1,8609
27,8610
25,8611
28,8612
29,8613
9,8614
29,8615
2,8616
24,8617
6,8618
17,8619
25,8620
27,8621
6,8622
27,8623
22,8624
16,8625
17,8626
25,8627
13,8628
8,8629
5,8630
23,8631
1,8632
9,8633
20,8634
8,8635
13,8636
14,8637
7,8638
1,8639
11,8640
19,8641
25,8642
23,8643
7,8644
12,8645
9,8646
24,8647
22,8648
4,8649
4,8650
1,8651
4,8652
22,8653
15,8654
15,8655
11,8656
16,8657
8,8658
26,8659
29,8660
27,8661
26,8662
14,8663
16,8664
12,8665
21,8666
19,8667
26,8668
27,8669
19,8670
27,8671
4,8672
20,8673
21,8674
25,8675
19,8676
11,8677
22,8678
4,8679
24,8680
15,8681
24,8682
3,8683
12,8684
2,8685
6,8686
19,8687
19,8688
9,8689
9,8690
16,8691
12,8692
12,8693
25,8694
24,8695
8,8696
16,8697
7,8698
7,8699
3,8700
23,8701
14,8702
29,8703
12,8704
13,8705
15,8706
8,8707
23,8708
25,8709
28,8710
25,8711
19,8712
23,8713
14,8714
23,8715
29,8716
27,8717
29,8718
3,8719
11,8720
4,8721
1,8722
22,8723
3,8724
29,8725
18,8726
4,8727
12,8728
26,8729
1,8730
17,8731
29,8732
21,8733
6,8734
22,8735
11,8736
5,8737
6,8738
13,8739
0,8740
12,8741
8,8742
14,8743
6,8744
21,8745
26,8746
18,8747
14,8748
0,8749
1,8750
28,8751
24,8752
3,8753
11,8754
28,8755
1,8756
3,8757
0,8758
7,8759
11,8760
16,8761
29,8762
2,8763
28,8764
26,8765
12,8766
27,8767
24,8768
19,8769
15,8770
29,8771
28,8772
17,8773
29,8774
13,8775
10,8776
20,8777
6,8778
14,8779
0,8780
2,8781
25,8782
21,8783
15,8784
12,8785
12,8786
17,8787
28,8788
15,8789
11,8790
13,8791
4,8792
19,8793
20,8794
6,8795
19,8796
26,8797
16,8798
22,8799
8,8800
25,8801
13,8802
12,8803
29,8804
22,8805
8,8806
3,8807
22,8808
19,8809
23,8810
6,8811
24,8812
12,8813
29,8814
8,8815
22,8816
0,8817
15,8818
22,8819
11,8820
10,8821
28,8822
19,8823
20,8824
28,8825
24,8826
13,8827
0,8828
1,8829
6,8830
6,8831
24,8832
5,8833
1,8834
12,8835
20,8836
22,8837
27,8838
10,8839
7,8840
10,8841
26,8842
11,8843
0,8844
11,8845
8,8846
27,8847
0,8848
20,8849
17,8850
15,8851
29,8852
27,8853
15,8854
15,8855
24,8856
3,8857
27,8858
0,8859
20,8860
11,8861
8,8862
17,8863
6,8864
15,8865
26,8866
21,8867
19,8868
18,8869
7,8870
1,8871
4,8872
6,8873
0,8874
16,8875
19,8876
2,8877
10,8878
11,8879
7,8880
1,8881
17,8882
5,8883
18,8884
0,8885
17,8886
20,8887
24,8888
5,8889
25,8890
21,8891
18,8892
26,8893
15,8894
5,8895
15,8896
18,8897
21,8898
10,8899
23,8900
23,8901
23,8902
7,8903
21,8904
11,8905
16,8906
18,8907
1,8908
7,8909
3,8910
1,8911
1,8912
9,8913
2,8914
29,8915
20,8916
6,8917
17,8918
4,8919
23,8920
14,8921
14,8922
15,8923
29,8924
18,8925
28,8926
8,8927
15,8928
7,8929
6,8930
6,8931
0,8932
0,8933
20,8934
19,8935
21,8936
2,8937
5,8938
14,8939
28,8940
2,8941
22,8942
22,8943
2,8944
5,8945
1,8946
21,8947
17,8948
1,8949
0,8950
0,8951
8,8952
16,8953
17,8954
1,8955
5,8956
14,8957
21,8958
6,8959
13,8960
16,8961
25,8962
9,8963
15,8964
16,8965
18,8966
8,8967
26,8968
24,8969
11,8970
3,8971
6,8972
8,8973
29,8974
19,8975
11,8976
24,8977
9,8978
17,8979
12,8980
26,8981
25,8982
27,8983
4,8984
22,8985
1,8986
0,8987
0,8988
1,8989
17,8990
9,8991
4,8992
21,8993
4,8994
15,8995
20,8996
9,8997
20,8998
22,8999
13,9000
29,9001
28,9002
25,9003
16,9004
15,9005
8,9006
4,9007
2,9008
16,9009
29,9010
16,9011
20,9012
21,9013
12,9014
24,9015
29,9016
13,9017
29,9018
24,9019
20,9020
15,9021
17,9022
1,9023
25,9024
26,9025
15,9026
29,9027
12,9028
26,9029
15,9030
1,9031
20,9032
12,9033
7,9034
20,9035
0,9036
18,9037
19,9038
17,9039
29,9040
19,9041
17,9042
15,9043
24,9044
15,9045
18,9046
20,9047
21,9048
10,9049
13,9050
14,9051
28,9052
10,9053
1,9054
20,9055
9,9056
16,9057
12,9058
16,9059
22,9060
13,9061
28,9062
28,9063
15,9064
12,9065
27,9066
1,9067
9,9068
1,9069
19,9070
18,9071
8,9072
16,9073
21,9074
6,9075
21,9076
23,9077
28,9078
24,9079
15,9080
2,9081
14,9082
25,9083
17,9084
13,9085
20,9086
22,9087
18,9088
20,9089
10,9090
20,9091
9,9092
17,9093
18,9094
0,9095
23,9096
7,9097
7,9098
19,9099
16,9100
0,9101
11,9102
7,9103
6,9104
7,9105
16,9106
10,9107
13,9108
16,9109
24,9110
1,9111
5,9112
21,9113
8,9114
12,9115
16,9116
28,9117
4,9118
22,9119
2,9120
13,9121
8,9122
17,9123
29,9124
27,9125
29,9126
10,9127
20,9128
3,9129
28,9130
5,9131
26,9132
10,9133
20,9134
12,9135
13,9136
15,9137
9,9138
20,9139
28,9140
8,9141
1,9142
0,9143
29,9144
21,9145
21,9146
21,9147
28,9148
12,9149
8,9150
28,9151
2,9152
24,9153
2,9154
24,9155
20,9156
8,9157
20,9158
9,9159
5,9160
16,9161
12,9162
9,9163
27,9164
14,9165
20,9166
13,9167
4,9168
3,9169
7,9170
6,9171
19,9172
23,9173
27,9174
10,9175
24,9176
22,9177
27,9178
14,9179
17,9180
29,9181
10,9182
23,9183
29,9184
15,9185
13,9186
4,9187
15,9188
10,9189
28,9190
17,9191
1,9192
5,9193
15,9194
21,9195
5,9196
5,9197
21,9198
29,9199
3,9200
10,9201
12,9202
8,9203
8,9204
13,9205
2,9206
28,9207
7,9208
6,9209
4,9210
26,9211
16,9212
19,9213
20,9214
9,9215
14,9216
18,9217
0,9218
1,9219
11,9220
21,9221
25,9222
29,9223
11,9224
3,9225
19,9226
26,9227
22,9228
8,9229
3,9230
13,9231
13,9232
5,9233
4,9234
11,9235
4,9236
24,9237
15,9238
23,9239
20,9240
28,9241
4,9242
22,9243
16,9244
0,9245
25,9246
2,9247
13,9248
14,9249
13,9250
5,9251
25,9252
21,9253
7,9254
12,9255
19,9256
10,9257
7,9258
6,9259
27,9260
18,9261
3,9262
9,9263
21,9264
29,9265
28,9266
15,9267
3,9268
28,9269
13,9270
15,9271
12,9272
25,9273
15,9274
18,9275
19,9276
7,9277
19,9278
1,9279
7,9280
19,9281
15,9282
23,9283
27,9284
12,9285
0,9286
12,9287
25,9288
18,9289
23,9290
0,9291
25,9292
16,9293
21,9294
4,9295
15,9296
29,9297
7,9298
24,9299
20,9300
14,9301
26,9302
20,9303
6,9304
22,9305
24,9306
1,9307
9,9308
12,9309
29,9310
27,9311
17,9312
4,9313
25,9314
15,9315
20,9316
17,9317
19,9318
10,9319
9,9320
8,9321
6,9322
21,9323
12,9324
14,9325
28,9326
26,9327
18,9328
6,9329
7,9330
2,9331
0,9332
7,9333
23,9334
22,9335
17,9336
0,9337
25,9338
17,9339
11,9340
9,9341
20,9342
25,9343
26,9344
8,9345
21,9346
0,9347
15,9348
20,9349
9,9350
22,9351
5,9352
24,9353
7,9354
2,9355
6,9356
23,9357
16,9358
16,9359
12,9360
12,9361
19,9362
12,9363
29,9364
6,9365
21,9366
2,9367
3,9368
11,9369
19,9370
5,9371
4,9372
9,9373
14,9374
27,9375
24,9376
15,9377
18,9378
20,9379
17,9380
4,9381
3,9382
14,9383
4,9384
7,9385
8,9386
8,9387
16,9388
11,9389
12,9390
23,9391
28,9392
24,9393
9,9394
21,9395
5,9396
28,9397
9,9398
10,9399
27,9400
26,9401
26,9402
1,9403
8,9404
2,9405
16,9406
6,9407
17,9408
3,9409
13,9410
2,9411
7,9412
19,9413
11,9414
10,9415
14,9416
11,9417
11,9418
24,9419
6,9420
15,9421
6,9422
3,9423
1,9424
6,9425
26,9426
9,9427
26,9428
12,9429
27,9430
11,9431
5,9432
23,9433
8,9434
7,9435
15,9436
26,9437
15,9438
1,9439
12,9440
14,9441
12,9442
7,9443
0,9444
18,9445
11,9446
8,9447
15,9448
13,9449
11,9450
13,9451
0,9452
0,9453
3,9454
24,9455
19,9456
27,9457
14,9458
9,9459
8,9460
2,9461
17,9462
24,9463
11,9464
5,9465
9,9466
0,9467
29,9468
7,9469
24,9470
8,9471
20,9472
7,9473
0,9474
22,9475
7,9476
10,9477
0,9478
14,9479
14,9480
22,9481
27,9482
3,9483
19,9484
22,9485
5,9486
21,9487
6,9488
1,9489
9,9490
5,9491
7,9492
8,9493
27,9494
5,9495
26,9496
14,9497
20,9498
7,9499
19,9500
27,9501
10,9502
20,9503
20,9504
11,9505
9,9506
21,9507
29,9508
13,9509
11,9510
4,9511
6,9512
7,9513
21,9514
5,9515
15,9516
21,9517
17,9518
15,9519
18,9520
13,9521
28,9522
22,9523
3,9524
4,9525
1,9526
4,9527
0,9528
11,9529
23,9530
7,9531
23,9532
27,9533
19,9534
8,9535
7,9536
14,9537
4,9538
10,9539
25,9540
1,9541
20,9542
1,9543
7,9544
16,9545
18,9546
21,9547
13,9548
2,9549
6,9550
16,9551
17,9552
1,9553
12,9554
13,9555
26,9556
26,9557
28,9558
6,9559
27,9560
7,9561
7,9562
29,9563
28,9564
27,9565
26,9566
19,9567
18,9568
5,9569
7,9570
19,9571
17,9572
6,9573
6,9574
21,9575
1,9576
14,9577
20,9578
13,9579
26,9580
10,9581
20,9582
13,9583
22,9584
8,9585
23,9586
3,9587
19,9588
11,9589
16,9590
17,9591
29,9592
27,9593
1,9594
24,9595
28,9596
21,9597
16,9598
25,9599
21,9600
19,9601
26,9602
17,9603
20,9604
13,9605
4,9606
22,9607
19,9608
7,9609
22,9610
8,9611
13,9612
14,9613
4,9614
8,9615
14,9616
14,9617
13,9618
16,9619
11,9620
4,9621
9,9622
5,9623
12,9624
12,9625
13,9626
14,9627
2,9628
27,9629
13,9630
22,9631
4,9632
7,9633
21,9634
29,9635
9,9636
25,9637
29,9638
16,9639
19,9640
17,9641
1,9642
2,9643
29,9644
14,9645
23,9646
18,9647
28,9648
16,9649
23,9650
12,9651
20,9652
15,9653
18,9654
15,9655
28,9656
25,9657
2,9658
29,9659
7,9660
7,9661
24,9662
20,9663
22,9664
8,9665
7,9666
18,9667
20,9668
21,9669
2,9670
18,9671
17,9672
20,9673
13,9674
27,9675
1,9676
5,9677
6,9678
18,9679
27,9680
8,9681
21,9682
8,9683
5,9684
20,9685
15,9686
12,9687
6,9688
6,9689
14,9690
28,9691
12,9692
17,9693
20,9694
0,9695
10,9696
4,9697
10,9698
11,9699
3,9700
9,9701
23,9702
4,9703
9,9704
16,9705
24,9706
13,9707
15,9708
5,9709
5,9710
22,9711
26,9712
18,9713
25,9714
28,9715
20,9716
12,9717
10,9718
10,9719
11,9720
3,9721
14,9722
10,9723
3,9724
9,9725
19,9726
18,9727
23,9728
0,9729
15,9730
9,9731
14,9732
15,9733
15,9734
11,9735
21,9736
12,9737
17,9738
1,9739
5,9740
1,9741
22,9742
25,9743
28,9744
13,9745
29,9746
3,9747
9,9748
1,9749
0,9750
7,9751
10,9752
21,9753
8,9754
21,9755
8,9756
11,9757
7,9758
8,9759
1,9760
3,9761
13,9762
21,9763
27,9764
27,9765
3,9766
3,9767
10,9768
12,9769
8,9770
11,9771
13,9772
17,9773
15,9774
18,9775
11,9776
11,9777
9,9778
13,9779
1,9780
25,9781
16,9782
18,9783
25,9784
26,9785
11,9786
20,9787
6,9788
4,9789
26,9790
27,9791
12,9792
28,9793
3,9794
21,9795
26,9796
2,9797
23,9798
1,9799
29,9800
25,9801
25,9802
24,9803
16,9804
6,9805
6,9806
6,9807
23,9808
2,9809
26,9810
5,9811
0,9812
29,9813
17,9814
20,9815
15,9816
18,9817
18,9818
22,9819
18,9820
5,9821
23,9822
9,9823
23,9824
27,9825
9,9826
2,9827
1,9828
24,9829
1,9830
23,9831
7,9832
10,9833
1,9834
21,9835
13,9836
2,9837
18,9838
11,9839
21,9840
24,9841
2,9842
22,9843
7,9844
7,9845
12,9846
7,9847
19,9848
3,9849
13,9850
18,9851
28,9852
26,9853
12,9854
17,9855
28,9856
6,9857
16,9858
13,9859
14,9860
9,9861
4,9862
2,9863
9,9864
15,9865
0,9866
6,9867
23,9868
12,9869
20,9870
17,9871
9,9872
18,9873
8,9874
8,9875
17,9876
24,9877
14,9878
22,9879
8,9880
6,9881
1,9882
9,9883
26,9884
3,9885
28,9886
26,9887
17,9888
24,9889
26,9890
1,9891
3,9892
17,9893
29,9894
27,9895
1,9896
28,9897
0,9898
24,9899
26,9900
9,9901
28,9902
12,9903
6,9904
25,9905
27,9906
2,9907
6,9908
16,9909
23,9910
29,9911
13,9912
5,9913
1,9914
27,9915
25,9916
25,9917
14,9918
23,9919
2,9920
24,9921
16,9922
1,9923
8,9924
1,9925
25,9926
21,9927
2,9928
24,9929
3,9930
23,9931
10,9932
13,9933
13,9934
2,9935
10,9936
26,9937
27,9938
11,9939
8,9940
17,9941
1,9942
11,9943
25,9944
11,9945
19,9946
2,9947
24,9948
15,9949
25,9950
7,9951
19,9952
18,9953
28,9954
11,9955
26,9956
28,9957
3,9958
14,9959
4,9960
6,9961
16,9962
19,9963
23,9964
16,9965
25,9966
20,9967
18,9968
21,9969
11,9970
19,9971
3,9972
11,9973
2,9974
17,9975
5,9976
26,9977
20,9978
12,9979
25,9980
21,9981
3,9982
8,9983
1,9984
25,9985
22,9986
23,9987
10,9988
22,9989
8,9990
25,9991
2,9992
5,9993
20,9994
24,9995
15,9996
29,9997
3,9998
14,9999
