3,0
35,1
39,2
34,3
4,4
0,5
5,6
28,7
1,8
27,9
26,10
27,11
2,12
36,13
38,14
3,15
34,16
12,17
21,18
22,19
21,20
36,21
5,22
18,23
11,24
25,25
38,26
17,27
0,28
39,29
30,30
1,31
5,32
7,33
2,34
2,35
27,36
3,37
23,38
38,39
15,40
22,41
1,42
1,43
13,44
19,45
21,46
6,47
15,48
32,49
25,50
18,51
17,52
1,53
15,54
32,55
39,56
17,57
12,58
31,59
28,60
32,61
7,62
29,63
13,64
32,65
39,66
1,67
19,68
39,69
11,70
34,71
27,72
8,73
11,74
13,75
29,76
14,77
32,78
19,79
14,80
30,81
39,82
14,83
17,84
11,85
23,86
18,87
37,88
25,89
6,90
23,91
8,92
35,93
26,94
14,95
36,96
39,97
22,98
1,99
18,100
16,101
22,102
2,103
38,104
13,105
39,106
8,107
20,108
36,109
39,110
28,111
11,112
31,113
29,114
39,115
1,116
1,117
5,118
7,119
24,120
35,121
39,122
0,123
4,124
3,125
5,126
8,127
33,128
39,129
28,130
19,131
9,132
38,133
16,134
6,135
13,136
25,137
37,138
4,139
11,140
27,141
37,142
7,143
0,144
30,145
3,146
7,147
10,148
23,149
13,150
3,151
34,152
32,153
31,154
10,155
8,156
30,157
11,158
23,159
26,160
31,161
12,162
1,163
39,164
0,165
33,166
16,167
23,168
35,169
24,170
16,171
2,172
38,173
17,174
27,175
12,176
30,177
38,178
33,179
1,180
38,181
13,182
27,183
34,184
27,185
19,186
7,187
33,188
37,189
11,190
4,191
0,192
2,193
36,194
17,195
17,196
15,197
17,198
35,199
34,200
20,201
39,202
11,203
24,204
15,205
39,206
29,207
12,208
1,209
12,210
3,211
12,212
39,213
33,214
3,215
8,216
5,217
24,218
13,219
39,220
5,221
20,222
19,223
24,224
28,225
21,226
4,227
31,228
5,229
22,230
6,231
34,232
4,233
7,234
25,235
23,236
36,237
29,238
28,239
33,240
30,241
3,242
3,243
23,244
6,245
23,246
29,247
6,248
24,249
15,250
11,251
33,252
12,253
4,254
33,255
25,256
17,257
39,258
12,259
14,260
28,261
4,262
5,263
21,264
18,265
21,266
8,267
1,268
14,269
32,270
38,271
17,272
35,273
16,274
1,275
7,276
6,277
25,278
28,279
22,280
5,281
18,282
33,283
38,284
3,285
2,286
17,287
0,288
31,289
22,290
13,291
19,292
39,293
32,294
7,295
25,296
27,297
35,298
14,299
16,300
18,301
20,302
8,303
30,304
37,305
25,306
2,307
20,308
22,309
32,310
35,311
3,312
1,313
30,314
7,315
36,316
12,317
20,318
8,319
32,320
39,321
10,322
8,323
19,324
24,325
8,326
33,327
4,328
33,329
33,330
18,331
37,332
29,333
5,334
4,335
3,336
27,337
5,338
30,339
5,340
6,341
31,342
35,343
8,344
7,345
2,346
12,347
34,348
8,349
7,350
33,351
2,352
5,353
38,354
25,355
22,356
2,357
19,358
35,359
22,360
17,361
11,362
1,363
6,364
20,365
27,366
33,367
3,368
0,369
24,370
8,371
15,372
9,373
1,374
12,375
11,376
16,377
38,378
13,379
3,380
26,381
7,382
3,383
29,384
32,385
24,386
22,387
30,388
37,389
12,390
13,391
18,392
0,393
1,394
29,395
9,396
18,397
20,398
14,399
37,400
5,401
2,402
25,403
34,404
7,405
23,406
37,407
36,408
39,409
34,410
2,411
21,412
1,413
4,414
21,415
37,416
12,417
4,418
10,419
11,420
30,421
4,422
4,423
16,424
13,425
2,426
13,427
9,428
38,429
30,430
8,431
11,432
18,433
15,434
13,435
37,436
4,437
3,438
1,439
20,440
27,441
32,442
31,443
37,444
35,445
0,446
21,447
25,448
29,449
11,450
12,451
33,452
29,453
28,454
14,455
24,456
11,457
31,458
36,459
39,460
24,461
10,462
4,463
14,464
34,465
16,466
32,467
5,468
9,469
14,470
27,471
6,472
8,473
7,474
5,475
18,476
18,477
29,478
23,479
11,480
31,481
2,482
30,483
8,484
27,485
29,486
4,487
5,488
0,489
7,490
22,491
17,492
6,493
7,494
16,495
2,496
7,497
27,498
3,499
6,500
35,501
25,502
31,503
13,504
17,505
37,506
14,507
29,508
39,509
4,510
0,511
15,512
13,513
9,514
5,515
0,516
34,517
6,518
23,519
31,520
6,521
34,522
28,523
7,524
26,525
11,526
18,527
36,528
21,529
6,530
19,531
29,532
39,533
34,534
21,535
33,536
14,537
19,538
18,539
4,540
38,541
32,542
6,543
0,544
28,545
1,546
32,547
1,548
20,549
2,550
8,551
3,552
9,553
17,554
13,555
17,556
10,557
16,558
18,559
24,560
2,561
29,562
6,563
23,564
35,565
3,566
4,567
19,568
22,569
28,570
33,571
33,572
17,573
16,574
19,575
5,576
20,577
35,578
28,579
34,580
35,581
26,582
16,583
17,584
1,585
32,586
11,587
2,588
14,589
13,590
37,591
4,592
12,593
8,594
5,595
21,596
6,597
6,598
7,599
5,600
2,601
4,602
21,603
22,604
24,605
39,606
27,607
18,608
4,609
1,610
27,611
7,612
36,613
38,614
26,615
18,616
0,617
31,618
7,619
32,620
39,621
38,622
11,623
27,624
14,625
32,626
16,627
38,628
16,629
27,630
7,631
12,632
39,633
16,634
0,635
34,636
7,637
32,638
33,639
23,640
11,641
37,642
11,643
36,644
39,645
16,646
31,647
18,648
35,649
21,650
28,651
31,652
5,653
17,654
17,655
6,656
13,657
15,658
35,659
5,660
20,661
3,662
10,663
26,664
4,665
39,666
5,667
13,668
9,669
18,670
22,671
26,672
10,673
26,674
5,675
18,676
6,677
27,678
7,679
5,680
17,681
30,682
31,683
9,684
21,685
33,686
5,687
0,688
16,689
18,690
31,691
0,692
6,693
1,694
39,695
25,696
8,697
4,698
2,699
34,700
3,701
14,702
9,703
12,704
33,705
31,706
17,707
31,708
34,709
1,710
32,711
39,712
31,713
19,714
39,715
39,716
34,717
35,718
4,719
16,720
5,721
36,722
6,723
14,724
7,725
10,726
34,727
9,728
11,729
38,730
20,731
0,732
15,733
39,734
18,735
17,736
19,737
5,738
24,739
25,740
0,741
39,742
17,743
1,744
39,745
27,746
2,747
24,748
26,749
3,750
8,751
24,752
32,753
5,754
8,755
14,756
9,757
34,758
35,759
17,760
30,761
24,762
21,763
32,764
30,765
30,766
19,767
10,768
19,769
39,770
23,771
14,772
37,773
6,774
22,775
31,776
37,777
23,778
20,779
33,780
3,781
32,782
6,783
20,784
36,785
39,786
31,787
4,788
12,789
5,790
16,791
1,792
20,793
27,794
31,795
39,796
24,797
18,798
4,799
39,800
5,801
39,802
6,803
15,804
16,805
14,806
7,807
29,808
24,809
22,810
18,811
30,812
28,813
28,814
21,815
32,816
39,817
31,818
0,819
36,820
11,821
17,822
3,823
1,824
14,825
2,826
22,827
11,828
38,829
3,830
26,831
35,832
1,833
7,834
30,835
39,836
13,837
21,838
23,839
5,840
29,841
30,842
34,843
18,844
26,845
22,846
3,847
15,848
30,849
21,850
8,851
24,852
8,853
20,854
16,855
4,856
34,857
5,858
28,859
26,860
6,861
11,862
33,863
7,864
10,865
39,866
24,867
32,868
4,869
28,870
28,871
21,872
33,873
11,874
18,875
25,876
13,877
11,878
5,879
36,880
17,881
24,882
22,883
25,884
4,885
31,886
12,887
4,888
7,889
19,890
27,891
32,892
7,893
29,894
19,895
23,896
32,897
31,898
3,899
26,900
18,901
27,902
32,903
9,904
21,905
21,906
7,907
20,908
2,909
14,910
24,911
36,912
26,913
27,914
0,915
38,916
38,917
16,918
18,919
39,920
29,921
12,922
9,923
39,924
28,925
39,926
32,927
9,928
35,929
7,930
33,931
36,932
36,933
39,934
29,935
19,936
6,937
34,938
17,939
6,940
17,941
15,942
25,943
12,944
13,945
33,946
3,947
27,948
35,949
23,950
4,951
10,952
0,953
21,954
19,955
4,956
33,957
17,958
39,959
18,960
5,961
28,962
27,963
29,964
12,965
31,966
4,967
11,968
5,969
36,970
13,971
6,972
26,973
7,974
6,975
25,976
14,977
11,978
13,979
23,980
37,981
39,982
14,983
23,984
27,985
35,986
31,987
26,988
24,989
35,990
26,991
0,992
30,993
2,994
13,995
39,996
39,997
18,998
22,999
17,1000
11,1001
25,1002
1,1003
39,1004
20,1005
3,1006
22,1007
38,1008
18,1009
26,1010
37,1011
17,1012
22,1013
4,1014
11,1015
1,1016
5,1017
37,1018
6,1019
3,1020
7,1021
30,1022
39,1023
17,1024
35,1025
10,1026
7,1027
4,1028
7,1029
10,1030
6,1031
21,1032
28,1033
28,1034
39,1035
37,1036
7,1037
32,1038
16,1039
17,1040
21,1041
4,1042
32,1043
25,1044
12,1045
23,1046
25,1047
2,1048
26,1049
32,1050
16,1051
19,1052
22,1053
24,1054
24,1055
39,1056
28,1057
35,1058
20,1059
29,1060
1,1061
1,1062
2,1063
5,1064
20,1065
38,1066
26,1067
7,1068
30,1069
39,1070
10,1071
3,1072
22,1073
8,1074
32,1075
22,1076
8,1077
28,1078
0,1079
5,1080
35,1081
25,1082
26,1083
25,1084
14,1085
39,1086
37,1087
24,1088
6,1089
18,1090
39,1091
0,1092
33,1093
1,1094
2,1095
34,1096
2,1097
33,1098
3,1099
25,1100
25,1101
3,1102
10,1103
24,1104
3,1105
7,1106
24,1107
9,1108
30,1109
8,1110
32,1111
2,1112
33,1113
12,1114
23,1115
6,1116
20,1117
14,1118
4,1119
6,1120
18,1121
2,1122
36,1123
29,1124
39,1125
31,1126
39,1127
2,1128
27,1129
21,1130
11,1131
10,1132
26,1133
4,1134
14,1135
30,1136
13,1137
5,1138
8,1139
12,1140
6,1141
5,1142
7,1143
20,1144
3,1145
6,1146
10,1147
7,1148
3,1149
25,1150
22,1151
31,1152
7,1153
4,1154
39,1155
5,1156
6,1157
6,1158
17,1159
39,1160
19,1161
33,1162
28,1163
33,1164
30,1165
39,1166
23,1167
14,1168
3,1169
31,1170
2,1171
38,1172
24,1173
1,1174
36,1175
26,1176
7,1177
26,1178
1,1179
29,1180
17,1181
4,1182
13,1183
36,1184
23,1185
38,1186
18,1187
7,1188
20,1189
25,1190
4,1191
30,1192
13,1193
33,1194
1,1195
15,1196
39,1197
39,1198
0,1199
5,1200
0,1201
10,1202
5,1203
20,1204
11,1205
13,1206
21,1207
7,1208
20,1209
5,1210
32,1211
4,1212
11,1213
38,1214
13,1215
4,1216
10,1217
5,1218
13,1219
6,1220
11,1221
7,1222
8,1223
27,1224
36,1225
29,1226
36,1227
24,1228
8,1229
15,1230
22,1231
10,1232
39,1233
36,1234
24,1235
0,1236
39,1237
37,1238
2,1239
5,1240
8,1241
27,1242
25,1243
14,1244
24,1245
37,1246
9,1247
23,1248
5,1249
0,1250
30,1251
28,1252
33,1253
36,1254
35,1255
31,1256
27,1257
37,1258
36,1259
13,1260
37,1261
29,1262
0,1263
10,1264
1,1265
8,1266
29,1267
2,1268
26,1269
3,1270
2,1271
14,1272
17,1273
39,1274
20,1275
39,1276
23,1277
21,1278
22,1279
19,1280
30,1281
8,1282
13,1283
13,1284
28,1285
19,1286
39,1287
20,1288
36,1289
39,1290
9,1291
8,1292
15,1293
39,1294
19,1295
0,1296
39,1297
8,1298
12,1299
4,1300
1,1301
3,1302
5,1303
36,1304
3,1305
6,1306
5,1307
28,1308
7,1309
36,1310
21,1311
2,1312
30,1313
19,1314
12,1315
31,1316
12,1317
6,1318
37,1319
16,1320
37,1321
39,1322
18,1323
14,1324
3,1325
14,1326
31,1327
22,1328
8,1329
17,1330
13,1331
19,1332
31,1333
8,1334
20,1335
31,1336
19,1337
30,1338
34,1339
17,1340
12,1341
30,1342
39,1343
24,1344
27,1345
20,1346
39,1347
39,1348
5,1349
34,1350
22,1351
29,1352
18,1353
27,1354
21,1355
7,1356
13,1357
18,1358
20,1359
2,1360
6,1361
21,1362
0,1363
39,1364
28,1365
16,1366
26,1367
17,1368
0,1369
7,1370
26,1371
23,1372
10,1373
25,1374
14,1375
4,1376
33,1377
5,1378
34,1379
9,1380
13,1381
37,1382
6,1383
9,1384
28,1385
7,1386
38,1387
27,1388
11,1389
0,1390
28,1391
28,1392
32,1393
25,1394
10,1395
30,1396
39,1397
0,1398
8,1399
24,1400
10,1401
3,1402
9,1403
12,1404
7,1405
30,1406
18,1407
35,1408
39,1409
5,1410
28,1411
26,1412
24,1413
28,1414
21,1415
39,1416
4,1417
32,1418
5,1419
25,1420
15,1421
6,1422
37,1423
7,1424
15,1425
4,1426
34,1427
37,1428
4,1429
30,1430
39,1431
18,1432
13,1433
9,1434
7,1435
15,1436
5,1437
27,1438
14,1439
27,1440
30,1441
27,1442
0,1443
30,1444
22,1445
2,1446
23,1447
38,1448
24,1449
36,1450
30,1451
18,1452
39,1453
33,1454
20,1455
39,1456
39,1457
38,1458
17,1459
2,1460
37,1461
13,1462
23,1463
34,1464
31,1465
33,1466
19,1467
15,1468
7,1469
23,1470
31,1471
34,1472
35,1473
32,1474
39,1475
27,1476
11,1477
39,1478
8,1479
20,1480
2,1481
37,1482
19,1483
22,1484
20,1485
1,1486
36,1487
23,1488
13,1489
0,1490
32,1491
0,1492
5,1493
3,1494
17,1495
2,1496
4,1497
3,1498
28,1499
8,1500
18,1501
19,1502
30,1503
23,1504
38,1505
11,1506
26,1507
17,1508
29,1509
7,1510
34,1511
39,1512
32,1513
14,1514
32,1515
30,1516
25,1517
13,1518
30,1519
16,1520
34,1521
39,1522
10,1523
0,1524
10,1525
8,1526
24,1527
24,1528
28,1529
11,1530
19,1531
39,1532
18,1533
35,1534
31,1535
5,1536
24,1537
37,1538
17,1539
0,1540
33,1541
25,1542
9,1543
18,1544
8,1545
11,1546
13,1547
36,1548
39,1549
33,1550
14,1551
36,1552
18,1553
29,1554
30,1555
21,1556
32,1557
39,1558
12,1559
37,1560
24,1561
8,1562
37,1563
16,1564
19,1565
7,1566
29,1567
15,1568
39,1569
1,1570
7,1571
13,1572
3,1573
25,1574
15,1575
7,1576
30,1577
29,1578
19,1579
29,1580
3,1581
34,1582
6,1583
10,1584
26,1585
22,1586
5,1587
4,1588
31,1589
29,1590
17,1591
1,1592
13,1593
18,1594
4,1595
35,1596
39,1597
3,1598
23,1599
10,1600
34,1601
7,1602
13,1603
35,1604
22,1605
9,1606
3,1607
6,1608
7,1609
32,1610
39,1611
1,1612
39,1613
19,1614
4,1615
15,1616
39,1617
34,1618
7,1619
6,1620
33,1621
22,1622
38,1623
25,1624
32,1625
31,1626
9,1627
36,1628
25,1629
7,1630
5,1631
24,1632
5,1633
35,1634
10,1635
39,1636
20,1637
14,1638
14,1639
16,1640
16,1641
7,1642
1,1643
32,1644
28,1645
20,1646
38,1647
8,1648
33,1649
37,1650
5,1651
33,1652
39,1653
0,1654
26,1655
1,1656
11,1657
36,1658
18,1659
26,1660
34,1661
25,1662
12,1663
38,1664
17,1665
24,1666
3,1667
23,1668
20,1669
33,1670
25,1671
9,1672
9,1673
9,1674
34,1675
31,1676
34,1677
22,1678
34,1679
34,1680
27,1681
18,1682
17,1683
16,1684
15,1685
13,1686
30,1687
19,1688
28,1689
6,1690
22,1691
18,1692
11,1693
37,1694
2,1695
14,1696
29,1697
27,1698
16,1699
33,1700
26,1701
7,1702
10,1703
38,1704
2,1705
35,1706
28,1707
23,1708
7,1709
17,1710
38,1711
26,1712
23,1713
13,1714
2,1715
33,1716
21,1717
10,1718
12,1719
18,1720
17,1721
25,1722
10,1723
1,1724
27,1725
36,1726
39,1727
16,1728
0,1729
9,1730
23,1731
32,1732
38,1733
4,1734
5,1735
11,1736
0,1737
5,1738
1,1739
13,1740
2,1741
11,1742
3,1743
13,1744
7,1745
32,1746
38,1747
39,1748
11,1749
4,1750
20,1751
8,1752
34,1753
9,1754
31,1755
10,1756
9,1757
17,1758
7,1759
18,1760
17,1761
32,1762
21,1763
23,1764
14,1765
34,1766
31,1767
17,1768
7,1769
14,1770
30,1771
32,1772
13,1773
4,1774
20,1775
39,1776
6,1777
29,1778
17,1779
19,1780
33,1781
30,1782
39,1783
21,1784
13,1785
25,1786
7,1787
3,1788
18,1789
0,1790
28,1791
14,1792
36,1793
39,1794
16,1795
1,1796
3,1797
7,1798
14,1799
23,1800
2,1801
24,1802
10,1803
34,1804
39,1805
4,1806
35,1807
8,1808
13,1809
6,1810
23,1811
5,1812
7,1813
6,1814
35,1815
7,1816
8,1817
20,1818
8,1819
19,1820
6,1821
20,1822
18,1823
39,1824
8,1825
4,1826
0,1827
3,1828
16,1829
23,1830
24,1831
22,1832
32,1833
18,1834
22,1835
27,1836
24,1837
30,1838
30,1839
0,1840
10,1841
1,1842
28,1843
7,1844
2,1845
2,1846
6,1847
29,1848
3,1849
24,1850
29,1851
39,1852
15,1853
13,1854
10,1855
26,1856
5,1857
36,1858
4,1859
7,1860
38,1861
14,1862
3,1863
39,1864
21,1865
25,1866
4,1867
20,1868
36,1869
33,1870
14,1871
14,1872
8,1873
7,1874
4,1875
5,1876
28,1877
26,1878
7,1879
22,1880
30,1881
19,1882
14,1883
14,1884
1,1885
11,1886
20,1887
28,1888
22,1889
8,1890
19,1891
34,1892
34,1893
27,1894
39,1895
12,1896
33,1897
0,1898
35,1899
16,1900
1,1901
28,1902
15,1903
35,1904
2,1905
36,1906
3,1907
14,1908
17,1909
3,1910
7,1911
26,1912
2,1913
13,1914
36,1915
16,1916
11,1917
36,1918
12,1919
6,1920
1,1921
11,1922
34,1923
6,1924
12,1925
6,1926
37,1927
28,1928
21,1929
11,1930
38,1931
16,1932
37,1933
0,1934
37,1935
1,1936
19,1937
2,1938
22,1939
38,1940
3,1941
31,1942
27,1943
12,1944
25,1945
18,1946
8,1947
13,1948
18,1949
7,1950
8,1951
34,1952
1,1953
3,1954
24,1955
39,1956
11,1957
38,1958
38,1959
16,1960
6,1961
11,1962
18,1963
23,1964
32,1965
38,1966
31,1967
36,1968
10,1969
23,1970
15,1971
26,1972
0,1973
39,1974
27,1975
35,1976
10,1977
18,1978
19,1979
0,1980
10,1981
5,1982
23,1983
31,1984
0,1985
2,1986
3,1987
18,1988
4,1989
30,1990
3,1991
18,1992
4,1993
31,1994
22,1995
2,1996
2,1997
26,1998
7,1999
23,2000
37,2001
7,2002
32,2003
20,2004
4,2005
30,2006
2,2007
12,2008
9,2009
18,2010
22,2011
24,2012
25,2013
23,2014
21,2015
13,2016
6,2017
31,2018
34,2019
17,2020
39,2021
12,2022
34,2023
26,2024
15,2025
33,2026
0,2027
31,2028
10,2029
9,2030
38,2031
33,2032
7,2033
8,2034
27,2035
8,2036
4,2037
27,2038
35,2039
39,2040
26,2041
27,2042
0,2043
17,2044
23,2045
6,2046
0,2047
27,2048
21,2049
18,2050
21,2051
1,2052
38,2053
2,2054
27,2055
3,2056
14,2057
17,2058
25,2059
4,2060
22,2061
22,2062
38,2063
27,2064
16,2065
8,2066
1,2067
10,2068
0,2069
5,2070
1,2071
25,2072
4,2073
18,2074
7,2075
8,2076
27,2077
2,2078
2,2079
3,2080
14,2081
27,2082
26,2083
32,2084
31,2085
12,2086
37,2087
35,2088
34,2089
6,2090
15,2091
24,2092
10,2093
6,2094
17,2095
8,2096
0,2097
24,2098
24,2099
2,2100
39,2101
16,2102
39,2103
24,2104
36,2105
17,2106
9,2107
28,2108
25,2109
31,2110
18,2111
35,2112
15,2113
39,2114
16,2115
4,2116
2,2117
2,2118
27,2119
21,2120
34,2121
26,2122
23,2123
19,2124
33,2125
29,2126
7,2127
31,2128
39,2129
36,2130
32,2131
8,2132
39,2133
11,2134
5,2135
10,2136
39,2137
30,2138
32,2139
0,2140
39,2141
1,2142
30,2143
2,2144
37,2145
3,2146
12,2147
6,2148
4,2149
10,2150
5,2151
0,2152
1,2153
14,2154
6,2155
35,2156
6,2157
13,2158
7,2159
7,2160
31,2161
5,2162
7,2163
10,2164
25,2165
38,2166
15,2167
39,2168
2,2169
4,2170
2,2171
34,2172
25,2173
15,2174
33,2175
31,2176
2,2177
2,2178
30,2179
22,2180
30,2181
22,2182
6,2183
15,2184
39,2185
30,2186
37,2187
31,2188
28,2189
26,2190
5,2191
19,2192
33,2193
2,2194
4,2195
22,2196
5,2197
38,2198
16,2199
6,2200
13,2201
7,2202
11,2203
1,2204
36,2205
35,2206
30,2207
34,2208
9,2209
33,2210
31,2211
16,2212
1,2213
13,2214
26,2215
12,2216
34,2217
17,2218
33,2219
31,2220
27,2221
33,2222
12,2223
0,2224
21,2225
4,2226
11,2227
30,2228
28,2229
13,2230
20,2231
19,2232
34,2233
30,2234
30,2235
34,2236
18,2237
29,2238
20,2239
22,2240
30,2241
27,2242
21,2243
24,2244
7,2245
5,2246
13,2247
17,2248
16,2249
13,2250
34,2251
27,2252
16,2253
8,2254
33,2255
25,2256
22,2257
39,2258
8,2259
5,2260
36,2261
36,2262
3,2263
13,2264
32,2265
37,2266
27,2267
0,2268
3,2269
39,2270
34,2271
38,2272
3,2273
19,2274
25,2275
20,2276
11,2277
22,2278
10,2279
8,2280
0,2281
12,2282
17,2283
39,2284
4,2285
27,2286
18,2287
19,2288
1,2289
19,2290
19,2291
22,2292
1,2293
11,2294
34,2295
31,2296
17,2297
27,2298
33,2299
17,2300
16,2301
8,2302
17,2303
8,2304
39,2305
28,2306
38,2307
38,2308
18,2309
7,2310
13,2311
6,2312
30,2313
39,2314
5,2315
1,2316
1,2317
12,2318
38,2319
21,2320
0,2321
9,2322
35,2323
26,2324
14,2325
1,2326
5,2327
6,2328
16,2329
2,2330
20,2331
18,2332
4,2333
24,2334
39,2335
1,2336
19,2337
4,2338
33,2339
39,2340
39,2341
14,2342
39,2343
16,2344
31,2345
27,2346
33,2347
15,2348
21,2349
7,2350
16,2351
21,2352
8,2353
0,2354
4,2355
18,2356
17,2357
6,2358
11,2359
10,2360
1,2361
27,2362
10,2363
10,2364
27,2365
21,2366
3,2367
17,2368
4,2369
35,2370
5,2371
31,2372
0,2373
6,2374
15,2375
39,2376
10,2377
9,2378
7,2379
7,2380
27,2381
33,2382
26,2383
36,2384
18,2385
35,2386
39,2387
0,2388
6,2389
27,2390
16,2391
4,2392
12,2393
5,2394
37,2395
23,2396
6,2397
5,2398
7,2399
34,2400
6,2401
27,2402
0,2403
3,2404
10,2405
9,2406
34,2407
11,2408
28,2409
1,2410
24,2411
16,2412
16,2413
17,2414
16,2415
31,2416
22,2417
0,2418
39,2419
39,2420
20,2421
2,2422
2,2423
14,2424
35,2425
31,2426
37,2427
13,2428
32,2429
17,2430
11,2431
39,2432
30,2433
37,2434
7,2435
16,2436
16,2437
20,2438
0,2439
14,2440
9,2441
29,2442
10,2443
27,2444
16,2445
2,2446
29,2447
29,2448
14,2449
33,2450
2,2451
5,2452
2,2453
21,2454
19,2455
8,2456
28,2457
28,2458
4,2459
13,2460
34,2461
22,2462
18,2463
19,2464
20,2465
37,2466
9,2467
14,2468
0,2469
39,2470
24,2471
1,2472
3,2473
3,2474
2,2475
14,2476
22,2477
3,2478
26,2479
11,2480
9,2481
30,2482
35,2483
13,2484
32,2485
4,2486
36,2487
17,2488
9,2489
5,2490
37,2491
6,2492
16,2493
21,2494
7,2495
21,2496
25,2497
26,2498
27,2499
9,2500
17,2501
29,2502
23,2503
19,2504
10,2505
8,2506
28,2507
32,2508
3,2509
8,2510
38,2511
38,2512
17,2513
24,2514
11,2515
39,2516
11,2517
39,2518
12,2519
8,2520
26,2521
21,2522
0,2523
31,2524
29,2525
37,2526
9,2527
37,2528
5,2529
1,2530
2,2531
26,2532
13,2533
2,2534
9,2535
38,2536
18,2537
31,2538
36,2539
18,2540
22,2541
5,2542
18,2543
1,2544
4,2545
1,2546
24,2547
37,2548
7,2549
26,2550
24,2551
33,2552
26,2553
28,2554
31,2555
0,2556
10,2557
35,2558
30,2559
13,2560
25,2561
10,2562
26,2563
10,2564
39,2565
31,2566
39,2567
34,2568
7,2569
30,2570
5,2571
8,2572
17,2573
36,2574
39,2575
33,2576
2,2577
28,2578
18,2579
6,2580
11,2581
39,2582
16,2583
14,2584
5,2585
21,2586
16,2587
26,2588
18,2589
20,2590
11,2591
24,2592
25,2593
10,2594
22,2595
27,2596
39,2597
24,2598
35,2599
37,2600
3,2601
20,2602
12,2603
33,2604
7,2605
20,2606
31,2607
39,2608
10,2609
39,2610
0,2611
29,2612
23,2613
17,2614
28,2615
39,2616
39,2617
24,2618
8,2619
39,2620
39,2621
11,2622
33,2623
22,2624
21,2625
1,2626
14,2627
17,2628
20,2629
39,2630
28,2631
7,2632
36,2633
4,2634
10,2635
22,2636
34,2637
32,2638
39,2639
26,2640
1,2641
26,2642
14,2643
34,2644
37,2645
39,2646
34,2647
29,2648
20,2649
5,2650
29,2651
29,2652
39,2653
28,2654
23,2655
38,2656
24,2657
39,2658
24,2659
33,2660
8,2661
6,2662
29,2663
30,2664
4,2665
1,2666
26,2667
34,2668
30,2669
28,2670
30,2671
13,2672
0,2673
13,2674
1,2675
5,2676
2,2677
33,2678
3,2679
35,2680
4,2681
22,2682
5,2683
20,2684
6,2685
25,2686
22,2687
11,2688
10,2689
34,2690
7,2691
3,2692
4,2693
31,2694
6,2695
20,2696
15,2697
27,2698
11,2699
26,2700
22,2701
4,2702
12,2703
16,2704
3,2705
32,2706
1,2707
39,2708
11,2709
39,2710
39,2711
34,2712
12,2713
34,2714
33,2715
26,2716
29,2717
19,2718
10,2719
23,2720
32,2721
27,2722
11,2723
27,2724
28,2725
8,2726
9,2727
33,2728
4,2729
4,2730
11,2731
5,2732
30,2733
22,2734
6,2735
26,2736
7,2737
15,2738
32,2739
0,2740
0,2741
4,2742
15,2743
5,2744
1,2745
28,2746
31,2747
6,2748
29,2749
7,2750
27,2751
16,2752
14,2753
29,2754
8,2755
3,2756
15,2757
10,2758
21,2759
9,2760
24,2761
30,2762
0,2763
9,2764
37,2765
0,2766
39,2767
22,2768
29,2769
2,2770
14,2771
13,2772
30,2773
10,2774
13,2775
26,2776
23,2777
13,2778
37,2779
23,2780
14,2781
16,2782
2,2783
37,2784
39,2785
22,2786
17,2787
16,2788
19,2789
32,2790
33,2791
21,2792
7,2793
36,2794
29,2795
29,2796
30,2797
32,2798
31,2799
34,2800
15,2801
25,2802
11,2803
34,2804
38,2805
11,2806
7,2807
32,2808
10,2809
9,2810
39,2811
29,2812
19,2813
9,2814
7,2815
22,2816
8,2817
27,2818
0,2819
36,2820
17,2821
18,2822
18,2823
5,2824
0,2825
39,2826
33,2827
16,2828
2,2829
0,2830
32,2831
37,2832
7,2833
21,2834
28,2835
0,2836
34,2837
29,2838
25,2839
34,2840
4,2841
15,2842
31,2843
10,2844
30,2845
5,2846
35,2847
1,2848
0,2849
0,2850
39,2851
1,2852
2,2853
6,2854
2,2855
22,2856
3,2857
36,2858
21,2859
11,2860
9,2861
34,2862
9,2863
17,2864
21,2865
39,2866
0,2867
10,2868
1,2869
39,2870
19,2871
2,2872
9,2873
3,2874
20,2875
5,2876
1,2877
33,2878
0,2879
3,2880
9,2881
20,2882
18,2883
9,2884
37,2885
16,2886
35,2887
10,2888
6,2889
37,2890
17,2891
12,2892
16,2893
27,2894
14,2895
8,2896
19,2897
39,2898
2,2899
17,2900
37,2901
22,2902
10,2903
6,2904
33,2905
35,2906
22,2907
21,2908
36,2909
11,2910
9,2911
38,2912
10,2913
6,2914
9,2915
37,2916
25,2917
18,2918
5,2919
10,2920
25,2921
25,2922
38,2923
30,2924
15,2925
31,2926
9,2927
15,2928
17,2929
7,2930
15,2931
5,2932
35,2933
37,2934
19,2935
29,2936
23,2937
7,2938
23,2939
21,2940
34,2941
0,2942
12,2943
31,2944
26,2945
33,2946
23,2947
31,2948
28,2949
31,2950
23,2951
20,2952
39,2953
5,2954
22,2955
17,2956
21,2957
11,2958
24,2959
18,2960
14,2961
33,2962
26,2963
24,2964
38,2965
12,2966
35,2967
37,2968
11,2969
16,2970
32,2971
17,2972
4,2973
26,2974
2,2975
24,2976
3,2977
4,2978
9,2979
5,2980
6,2981
30,2982
39,2983
39,2984
19,2985
30,2986
18,2987
26,2988
29,2989
27,2990
30,2991
18,2992
39,2993
16,2994
10,2995
32,2996
21,2997
14,2998
17,2999
4,3000
39,3001
24,3002
30,3003
38,3004
28,3005
39,3006
2,3007
24,3008
5,3009
11,3010
24,3011
12,3012
4,3013
11,3014
5,3015
37,3016
39,3017
6,3018
22,3019
11,3020
7,3021
27,3022
11,3023
24,3024
2,3025
12,3026
1,3027
14,3028
19,3029
39,3030
13,3031
39,3032
34,3033
17,3034
4,3035
0,3036
39,3037
28,3038
33,3039
28,3040
32,3041
15,3042
16,3043
0,3044
14,3045
32,3046
19,3047
3,3048
8,3049
32,3050
10,3051
4,3052
39,3053
5,3054
6,3055
11,3056
9,3057
17,3058
28,3059
39,3060
1,3061
23,3062
21,3063
19,3064
0,3065
9,3066
5,3067
20,3068
38,3069
14,3070
31,3071
28,3072
28,3073
15,3074
7,3075
25,3076
39,3077
11,3078
20,3079
11,3080
5,3081
27,3082
4,3083
24,3084
38,3085
33,3086
39,3087
20,3088
18,3089
0,3090
24,3091
16,3092
1,3093
39,3094
26,3095
11,3096
29,3097
35,3098
34,3099
38,3100
4,3101
3,3102
12,3103
17,3104
4,3105
8,3106
38,3107
5,3108
4,3109
38,3110
17,3111
6,3112
18,3113
7,3114
32,3115
39,3116
4,3117
38,3118
32,3119
17,3120
17,3121
33,3122
29,3123
24,3124
36,3125
33,3126
37,3127
12,3128
17,3129
39,3130
21,3131
1,3132
38,3133
22,3134
4,3135
6,3136
9,3137
32,3138
33,3139
39,3140
11,3141
15,3142
4,3143
27,3144
33,3145
33,3146
38,3147
2,3148
5,3149
1,3150
2,3151
33,3152
0,3153
6,3154
20,3155
5,3156
7,3157
0,3158
18,3159
15,3160
13,3161
37,3162
24,3163
30,3164
23,3165
34,3166
1,3167
34,3168
36,3169
20,3170
21,3171
14,3172
3,3173
39,3174
32,3175
13,3176
2,3177
33,3178
31,3179
29,3180
7,3181
32,3182
38,3183
24,3184
35,3185
28,3186
13,3187
11,3188
1,3189
28,3190
39,3191
21,3192
23,3193
0,3194
34,3195
29,3196
12,3197
14,3198
35,3199
0,3200
39,3201
1,3202
8,3203
7,3204
26,3205
21,3206
12,3207
22,3208
29,3209
39,3210
6,3211
9,3212
13,3213
34,3214
2,3215
6,3216
31,3217
12,3218
37,3219
17,3220
6,3221
9,3222
4,3223
23,3224
25,3225
25,3226
5,3227
38,3228
6,3229
37,3230
39,3231
5,3232
7,3233
31,3234
5,3235
28,3236
5,3237
15,3238
27,3239
20,3240
2,3241
29,3242
2,3243
7,3244
0,3245
30,3246
21,3247
14,3248
32,3249
1,3250
39,3251
6,3252
2,3253
36,3254
3,3255
16,3256
9,3257
16,3258
8,3259
28,3260
11,3261
39,3262
27,3263
39,3264
10,3265
16,3266
38,3267
13,3268
36,3269
32,3270
10,3271
8,3272
34,3273
2,3274
7,3275
9,3276
0,3277
18,3278
1,3279
39,3280
10,3281
13,3282
14,3283
2,3284
21,3285
3,3286
13,3287
38,3288
32,3289
39,3290
8,3291
25,3292
25,3293
33,3294
39,3295
16,3296
34,3297
16,3298
15,3299
35,3300
13,3301
12,3302
13,3303
4,3304
8,3305
26,3306
5,3307
6,3308
6,3309
25,3310
3,3311
7,3312
20,3313
39,3314
18,3315
31,3316
0,3317
39,3318
34,3319
10,3320
0,3321
3,3322
31,3323
37,3324
21,3325
24,3326
32,3327
16,3328
32,3329
14,3330
22,3331
34,3332
16,3333
0,3334
16,3335
23,3336
0,3337
38,3338
38,3339
20,3340
18,3341
17,3342
11,3343
15,3344
5,3345
35,3346
37,3347
24,3348
5,3349
31,3350
29,3351
10,3352
21,3353
21,3354
7,3355
17,3356
7,3357
9,3358
27,3359
2,3360
3,3361
27,3362
38,3363
16,3364
16,3365
23,3366
6,3367
27,3368
33,3369
33,3370
26,3371
19,3372
29,3373
19,3374
3,3375
31,3376
5,3377
28,3378
33,3379
13,3380
37,3381
39,3382
37,3383
3,3384
26,3385
36,3386
39,3387
28,3388
1,3389
37,3390
2,3391
5,3392
20,3393
11,3394
1,3395
33,3396
26,3397
24,3398
11,3399
17,3400
7,3401
30,3402
13,3403
10,3404
25,3405
26,3406
33,3407
27,3408
21,3409
31,3410
33,3411
37,3412
22,3413
25,3414
27,3415
38,3416
32,3417
8,3418
12,3419
9,3420
8,3421
13,3422
29,3423
37,3424
5,3425
36,3426
0,3427
23,3428
33,3429
1,3430
34,3431
2,3432
27,3433
3,3434
7,3435
12,3436
13,3437
29,3438
34,3439
8,3440
19,3441
25,3442
26,3443
6,3444
31,3445
28,3446
28,3447
31,3448
9,3449
24,3450
39,3451
37,3452
22,3453
25,3454
16,3455
2,3456
2,3457
20,3458
24,3459
6,3460
26,3461
5,3462
30,3463
39,3464
22,3465
18,3466
35,3467
28,3468
31,3469
5,3470
16,3471
1,3472
0,3473
24,3474
37,3475
39,3476
4,3477
16,3478
5,3479
5,3480
18,3481
26,3482
13,3483
7,3484
21,3485
23,3486
9,3487
11,3488
25,3489
24,3490
37,3491
32,3492
16,3493
18,3494
22,3495
26,3496
1,3497
16,3498
6,3499
0,3500
8,3501
19,3502
1,3503
21,3504
10,3505
2,3506
22,3507
3,3508
12,3509
20,3510
37,3511
15,3512
14,3513
12,3514
5,3515
37,3516
27,3517
14,3518
36,3519
17,3520
7,3521
14,3522
3,3523
4,3524
35,3525
5,3526
15,3527
5,3528
39,3529
6,3530
7,3531
2,3532
21,3533
7,3534
27,3535
23,3536
23,3537
24,3538
0,3539
18,3540
25,3541
22,3542
9,3543
17,3544
17,3545
27,3546
24,3547
32,3548
33,3549
1,3550
11,3551
37,3552
37,3553
12,3554
35,3555
21,3556
21,3557
26,3558
18,3559
11,3560
37,3561
17,3562
16,3563
39,3564
16,3565
26,3566
39,3567
39,3568
18,3569
21,3570
22,3571
30,3572
36,3573
16,3574
23,3575
15,3576
17,3577
33,3578
39,3579
1,3580
37,3581
23,3582
23,3583
19,3584
21,3585
8,3586
36,3587
39,3588
20,3589
38,3590
1,3591
3,3592
5,3593
2,3594
13,3595
27,3596
20,3597
27,3598
37,3599
29,3600
29,3601
21,3602
0,3603
20,3604
16,3605
21,3606
27,3607
26,3608
11,3609
37,3610
9,3611
13,3612
27,3613
37,3614
1,3615
20,3616
3,3617
6,3618
11,3619
16,3620
39,3621
31,3622
4,3623
39,3624
31,3625
11,3626
12,3627
17,3628
22,3629
13,3630
23,3631
14,3632
9,3633
10,3634
26,3635
14,3636
16,3637
28,3638
19,3639
29,3640
5,3641
37,3642
24,3643
19,3644
25,3645
1,3646
1,3647
4,3648
35,3649
38,3650
12,3651
32,3652
36,3653
29,3654
31,3655
22,3656
3,3657
20,3658
39,3659
2,3660
21,3661
19,3662
27,3663
13,3664
6,3665
5,3666
21,3667
31,3668
3,3669
8,3670
15,3671
37,3672
16,3673
4,3674
6,3675
5,3676
4,3677
0,3678
5,3679
19,3680
37,3681
18,3682
19,3683
6,3684
7,3685
15,3686
7,3687
20,3688
37,3689
2,3690
22,3691
28,3692
38,3693
9,3694
21,3695
14,3696
22,3697
36,3698
31,3699
4,3700
7,3701
8,3702
16,3703
5,3704
23,3705
15,3706
35,3707
3,3708
16,3709
35,3710
26,3711
22,3712
24,3713
35,3714
23,3715
10,3716
17,3717
3,3718
11,3719
13,3720
25,3721
4,3722
3,3723
20,3724
33,3725
5,3726
25,3727
37,3728
39,3729
18,3730
28,3731
3,3732
39,3733
21,3734
17,3735
36,3736
39,3737
30,3738
25,3739
6,3740
18,3741
4,3742
12,3743
22,3744
16,3745
4,3746
14,3747
2,3748
5,3749
18,3750
6,3751
29,3752
36,3753
22,3754
26,3755
7,3756
36,3757
39,3758
14,3759
25,3760
29,3761
27,3762
13,3763
37,3764
21,3765
5,3766
38,3767
18,3768
9,3769
23,3770
29,3771
15,3772
30,3773
26,3774
35,3775
20,3776
33,3777
15,3778
24,3779
2,3780
18,3781
0,3782
8,3783
11,3784
18,3785
30,3786
1,3787
11,3788
19,3789
0,3790
31,3791
7,3792
38,3793
32,3794
20,3795
34,3796
27,3797
27,3798
16,3799
33,3800
23,3801
20,3802
3,3803
13,3804
37,3805
9,3806
36,3807
6,3808
31,3809
39,3810
33,3811
14,3812
36,3813
10,3814
31,3815
26,3816
16,3817
18,3818
25,3819
0,3820
18,3821
0,3822
15,3823
17,3824
1,3825
2,3826
2,3827
24,3828
3,3829
13,3830
3,3831
33,3832
30,3833
39,3834
28,3835
37,3836
7,3837
31,3838
38,3839
12,3840
34,3841
15,3842
16,3843
4,3844
31,3845
2,3846
5,3847
14,3848
6,3849
35,3850
39,3851
9,3852
7,3853
1,3854
4,3855
17,3856
3,3857
27,3858
20,3859
17,3860
0,3861
14,3862
31,3863
1,3864
27,3865
2,3866
20,3867
3,3868
35,3869
26,3870
32,3871
16,3872
9,3873
11,3874
13,3875
4,3876
14,3877
5,3878
35,3879
1,3880
20,3881
6,3882
13,3883
30,3884
19,3885
6,3886
10,3887
7,3888
26,3889
10,3890
0,3891
18,3892
6,3893
14,3894
12,3895
22,3896
8,3897
20,3898
5,3899
15,3900
23,3901
30,3902
37,3903
11,3904
36,3905
39,3906
1,3907
21,3908
34,3909
24,3910
32,3911
3,3912
9,3913
32,3914
13,3915
31,3916
27,3917
30,3918
32,3919
39,3920
11,3921
12,3922
0,3923
27,3924
33,3925
22,3926
5,3927
18,3928
30,3929
16,3930
2,3931
6,3932
4,3933
13,3934
17,3935
39,3936
9,3937
38,3938
18,3939
0,3940
36,3941
39,3942
18,3943
26,3944
1,3945
0,3946
22,3947
33,3948
11,3949
1,3950
23,3951
30,3952
39,3953
2,3954
8,3955
17,3956
27,3957
5,3958
4,3959
39,3960
3,3961
35,3962
26,3963
7,3964
30,3965
12,3966
33,3967
25,3968
28,3969
20,3970
4,3971
31,3972
5,3973
3,3974
2,3975
21,3976
0,3977
39,3978
0,3979
23,3980
6,3981
15,3982
35,3983
7,3984
30,3985
9,3986
26,3987
22,3988
8,3989
33,3990
33,3991
5,3992
35,3993
22,3994
10,3995
11,3996
12,3997
10,3998
26,3999
20,4000
20,4001
38,4002
16,4003
0,4004
32,4005
39,4006
2,4007
1,4008
39,4009
2,4010
9,4011
21,4012
2,4013
17,4014
3,4015
11,4016
31,4017
5,4018
7,4019
36,4020
36,4021
12,4022
23,4023
34,4024
6,4025
32,4026
10,4027
21,4028
27,4029
33,4030
25,4031
39,4032
7,4033
10,4034
39,4035
12,4036
18,4037
25,4038
37,4039
39,4040
34,4041
39,4042
32,4043
13,4044
33,4045
25,4046
31,4047
35,4048
17,4049
33,4050
0,4051
29,4052
4,4053
20,4054
32,4055
10,4056
13,4057
11,4058
24,4059
27,4060
33,4061
39,4062
6,4063
3,4064
18,4065
0,4066
10,4067
26,4068
1,4069
11,4070
2,4071
30,4072
3,4073
6,4074
26,4075
36,4076
39,4077
34,4078
11,4079
38,4080
20,4081
6,4082
7,4083
13,4084
22,4085
2,4086
32,4087
5,4088
35,4089
24,4090
20,4091
4,4092
12,4093
30,4094
15,4095
39,4096
11,4097
33,4098
31,4099
3,4100
33,4101
0,4102
24,4103
26,4104
24,4105
0,4106
6,4107
20,4108
7,4109
22,4110
39,4111
2,4112
23,4113
7,4114
34,4115
22,4116
20,4117
20,4118
7,4119
12,4120
18,4121
0,4122
20,4123
22,4124
30,4125
37,4126
5,4127
5,4128
13,4129
33,4130
12,4131
9,4132
11,4133
26,4134
10,4135
9,4136
33,4137
26,4138
28,4139
27,4140
17,4141
20,4142
16,4143
31,4144
17,4145
35,4146
16,4147
13,4148
4,4149
24,4150
22,4151
1,4152
16,4153
34,4154
9,4155
27,4156
35,4157
17,4158
0,4159
14,4160
36,4161
24,4162
13,4163
6,4164
7,4165
22,4166
14,4167
1,4168
28,4169
3,4170
9,4171
12,4172
0,4173
4,4174
0,4175
5,4176
0,4177
6,4178
5,4179
7,4180
35,4181
0,4182
19,4183
23,4184
26,4185
8,4186
39,4187
30,4188
17,4189
14,4190
17,4191
2,4192
6,4193
18,4194
25,4195
4,4196
23,4197
22,4198
6,4199
25,4200
18,4201
39,4202
13,4203
22,4204
8,4205
28,4206
38,4207
36,4208
16,4209
14,4210
34,4211
36,4212
31,4213
28,4214
33,4215
4,4216
12,4217
5,4218
16,4219
14,4220
6,4221
28,4222
7,4223
30,4224
3,4225
13,4226
23,4227
38,4228
28,4229
20,4230
37,4231
17,4232
8,4233
26,4234
7,4235
17,4236
39,4237
39,4238
21,4239
6,4240
14,4241
3,4242
6,4243
31,4244
5,4245
12,4246
13,4247
15,4248
27,4249
16,4250
30,4251
38,4252
26,4253
39,4254
10,4255
8,4256
30,4257
21,4258
22,4259
12,4260
14,4261
34,4262
9,4263
34,4264
37,4265
27,4266
29,4267
6,4268
34,4269
22,4270
37,4271
28,4272
5,4273
13,4274
22,4275
16,4276
27,4277
26,4278
13,4279
14,4280
3,4281
20,4282
0,4283
14,4284
10,4285
9,4286
8,4287
12,4288
27,4289
35,4290
14,4291
22,4292
29,4293
32,4294
15,4295
39,4296
30,4297
15,4298
34,4299
0,4300
18,4301
33,4302
26,4303
37,4304
27,4305
27,4306
13,4307
33,4308
14,4309
31,4310
15,4311
13,4312
12,4313
1,4314
38,4315
36,4316
18,4317
16,4318
8,4319
11,4320
28,4321
13,4322
3,4323
20,4324
37,4325
18,4326
26,4327
33,4328
0,4329
0,4330
32,4331
39,4332
29,4333
23,4334
9,4335
6,4336
2,4337
2,4338
22,4339
13,4340
29,4341
7,4342
14,4343
18,4344
29,4345
21,4346
8,4347
4,4348
16,4349
5,4350
3,4351
11,4352
26,4353
6,4354
22,4355
7,4356
13,4357
0,4358
39,4359
28,4360
22,4361
5,4362
17,4363
16,4364
38,4365
17,4366
22,4367
3,4368
39,4369
24,4370
37,4371
2,4372
20,4373
16,4374
35,4375
39,4376
0,4377
32,4378
15,4379
39,4380
38,4381
9,4382
35,4383
31,4384
22,4385
28,4386
34,4387
31,4388
9,4389
26,4390
12,4391
13,4392
16,4393
18,4394
10,4395
5,4396
38,4397
0,4398
22,4399
1,4400
36,4401
2,4402
38,4403
35,4404
29,4405
3,4406
8,4407
17,4408
23,4409
17,4410
11,4411
5,4412
5,4413
35,4414
26,4415
6,4416
6,4417
38,4418
31,4419
29,4420
19,4421
0,4422
0,4423
17,4424
17,4425
8,4426
5,4427
23,4428
31,4429
21,4430
15,4431
22,4432
33,4433
30,4434
19,4435
4,4436
14,4437
16,4438
16,4439
16,4440
14,4441
22,4442
22,4443
39,4444
31,4445
28,4446
18,4447
14,4448
9,4449
18,4450
33,4451
30,4452
32,4453
7,4454
28,4455
32,4456
38,4457
35,4458
15,4459
8,4460
4,4461
12,4462
0,4463
27,4464
19,4465
6,4466
13,4467
21,4468
39,4469
39,4470
38,4471
11,4472
38,4473
27,4474
1,4475
26,4476
10,4477
34,4478
6,4479
28,4480
4,4481
3,4482
36,4483
4,4484
10,4485
39,4486
11,4487
38,4488
8,4489
36,4490
21,4491
35,4492
30,4493
11,4494
39,4495
14,4496
38,4497
8,4498
4,4499
12,4500
9,4501
11,4502
39,4503
0,4504
35,4505
11,4506
30,4507
29,4508
39,4509
19,4510
39,4511
16,4512
5,4513
0,4514
7,4515
1,4516
39,4517
2,4518
5,4519
3,4520
24,4521
20,4522
24,4523
16,4524
32,4525
15,4526
7,4527
18,4528
29,4529
24,4530
18,4531
27,4532
21,4533
11,4534
20,4535
37,4536
38,4537
17,4538
39,4539
2,4540
22,4541
11,4542
38,4543
31,4544
13,4545
20,4546
5,4547
7,4548
32,4549
3,4550
1,4551
34,4552
11,4553
39,4554
30,4555
20,4556
33,4557
38,4558
16,4559
35,4560
10,4561
30,4562
22,4563
18,4564
4,4565
4,4566
28,4567
5,4568
28,4569
26,4570
28,4571
31,4572
38,4573
6,4574
38,4575
37,4576
15,4577
7,4578
8,4579
24,4580
34,4581
7,4582
6,4583
38,4584
16,4585
32,4586
38,4587
35,4588
14,4589
11,4590
6,4591
37,4592
12,4593
35,4594
8,4595
19,4596
39,4597
22,4598
16,4599
26,4600
36,4601
16,4602
28,4603
31,4604
10,4605
8,4606
29,4607
36,4608
0,4609
34,4610
1,4611
39,4612
34,4613
2,4614
15,4615
26,4616
3,4617
32,4618
30,4619
16,4620
20,4621
22,4622
37,4623
17,4624
35,4625
34,4626
30,4627
32,4628
6,4629
33,4630
38,4631
0,4632
23,4633
33,4634
0,4635
18,4636
1,4637
33,4638
39,4639
2,4640
24,4641
11,4642
3,4643
0,4644
30,4645
28,4646
3,4647
38,4648
13,4649
10,4650
2,4651
17,4652
8,4653
14,4654
16,4655
4,4656
10,4657
21,4658
19,4659
16,4660
32,4661
2,4662
33,4663
38,4664
3,4665
14,4666
8,4667
27,4668
14,4669
6,4670
18,4671
4,4672
18,4673
30,4674
1,4675
26,4676
35,4677
28,4678
39,4679
29,4680
39,4681
5,4682
0,4683
5,4684
3,4685
17,4686
25,4687
4,4688
26,4689
5,4690
34,4691
6,4692
8,4693
29,4694
20,4695
3,4696
29,4697
7,4698
15,4699
36,4700
39,4701
6,4702
13,4703
22,4704
30,4705
24,4706
0,4707
23,4708
25,4709
23,4710
10,4711
0,4712
5,4713
35,4714
22,4715
20,4716
31,4717
4,4718
18,4719
31,4720
9,4721
32,4722
31,4723
8,4724
39,4725
11,4726
14,4727
30,4728
3,4729
0,4730
39,4731
20,4732
1,4733
26,4734
2,4735
34,4736
3,4737
30,4738
3,4739
9,4740
10,4741
7,4742
21,4743
25,4744
19,4745
31,4746
17,4747
4,4748
5,4749
2,4750
13,4751
21,4752
14,4753
22,4754
22,4755
39,4756
36,4757
39,4758
10,4759
10,4760
9,4761
24,4762
7,4763
34,4764
25,4765
33,4766
21,4767
23,4768
30,4769
13,4770
23,4771
0,4772
9,4773
32,4774
10,4775
34,4776
5,4777
15,4778
19,4779
30,4780
9,4781
12,4782
3,4783
13,4784
6,4785
31,4786
12,4787
17,4788
39,4789
34,4790
22,4791
36,4792
39,4793
5,4794
34,4795
0,4796
35,4797
35,4798
1,4799
29,4800
2,4801
30,4802
7,4803
0,4804
23,4805
37,4806
39,4807
3,4808
0,4809
28,4810
15,4811
35,4812
25,4813
14,4814
22,4815
2,4816
2,4817
5,4818
10,4819
23,4820
24,4821
4,4822
24,4823
10,4824
39,4825
26,4826
5,4827
27,4828
11,4829
1,4830
5,4831
33,4832
39,4833
21,4834
5,4835
36,4836
27,4837
7,4838
35,4839
4,4840
10,4841
5,4842
35,4843
6,4844
31,4845
16,4846
7,4847
15,4848
39,4849
31,4850
29,4851
30,4852
0,4853
24,4854
2,4855
24,4856
16,4857
39,4858
4,4859
25,4860
5,4861
27,4862
6,4863
20,4864
39,4865
28,4866
7,4867
7,4868
35,4869
27,4870
24,4871
34,4872
8,4873
34,4874
21,4875
13,4876
23,4877
21,4878
1,4879
1,4880
24,4881
32,4882
9,4883
27,4884
32,4885
17,4886
7,4887
16,4888
18,4889
22,4890
18,4891
30,4892
27,4893
3,4894
18,4895
21,4896
33,4897
29,4898
39,4899
26,4900
39,4901
18,4902
29,4903
39,4904
10,4905
30,4906
3,4907
30,4908
22,4909
4,4910
16,4911
27,4912
33,4913
5,4914
29,4915
17,4916
6,4917
32,4918
10,4919
7,4920
0,4921
34,4922
27,4923
14,4924
1,4925
23,4926
14,4927
31,4928
21,4929
26,4930
6,4931
2,4932
11,4933
6,4934
27,4935
28,4936
11,4937
39,4938
13,4939
39,4940
5,4941
13,4942
14,4943
16,4944
14,4945
35,4946
39,4947
8,4948
27,4949
4,4950
17,4951
23,4952
28,4953
4,4954
16,4955
14,4956
29,4957
13,4958
23,4959
18,4960
37,4961
29,4962
3,4963
22,4964
39,4965
9,4966
29,4967
5,4968
30,4969
11,4970
1,4971
8,4972
16,4973
2,4974
4,4975
36,4976
15,4977
26,4978
14,4979
1,4980
25,4981
22,4982
9,4983
39,4984
38,4985
8,4986
2,4987
11,4988
6,4989
17,4990
21,4991
9,4992
8,4993
39,4994
1,4995
11,4996
24,4997
34,4998
11,4999
11,5000
26,5001
13,5002
26,5003
13,5004
13,5005
14,5006
25,5007
4,5008
17,5009
4,5010
3,5011
0,5012
24,5013
39,5014
6,5015
2,5016
4,5017
12,5018
14,5019
39,5020
22,5021
38,5022
27,5023
30,5024
29,5025
21,5026
32,5027
39,5028
39,5029
17,5030
30,5031
29,5032
38,5033
32,5034
6,5035
5,5036
20,5037
16,5038
33,5039
23,5040
15,5041
7,5042
36,5043
11,5044
24,5045
35,5046
17,5047
25,5048
4,5049
3,5050
33,5051
35,5052
23,5053
38,5054
20,5055
10,5056
7,5057
5,5058
27,5059
35,5060
10,5061
18,5062
35,5063
22,5064
5,5065
21,5066
1,5067
24,5068
7,5069
39,5070
11,5071
14,5072
16,5073
15,5074
39,5075
0,5076
31,5077
37,5078
11,5079
33,5080
31,5081
30,5082
10,5083
32,5084
38,5085
11,5086
9,5087
11,5088
14,5089
15,5090
9,5091
14,5092
3,5093
5,5094
20,5095
14,5096
22,5097
27,5098
5,5099
26,5100
14,5101
1,5102
13,5103
14,5104
24,5105
0,5106
0,5107
34,5108
7,5109
1,5110
11,5111
14,5112
31,5113
2,5114
32,5115
6,5116
24,5117
29,5118
3,5119
3,5120
2,5121
0,5122
27,5123
7,5124
25,5125
30,5126
0,5127
29,5128
11,5129
26,5130
14,5131
31,5132
36,5133
4,5134
37,5135
29,5136
7,5137
27,5138
25,5139
8,5140
5,5141
23,5142
0,5143
39,5144
23,5145
1,5146
36,5147
2,5148
23,5149
3,5150
7,5151
34,5152
33,5153
39,5154
5,5155
22,5156
32,5157
33,5158
0,5159
10,5160
23,5161
0,5162
20,5163
39,5164
5,5165
34,5166
39,5167
22,5168
16,5169
11,5170
39,5171
9,5172
23,5173
37,5174
37,5175
12,5176
10,5177
4,5178
20,5179
5,5180
5,5181
7,5182
7,5183
6,5184
27,5185
23,5186
36,5187
36,5188
7,5189
15,5190
13,5191
3,5192
4,5193
31,5194
21,5195
5,5196
12,5197
15,5198
6,5199
32,5200
9,5201
7,5202
5,5203
7,5204
31,5205
22,5206
26,5207
7,5208
35,5209
23,5210
26,5211
8,5212
14,5213
9,5214
32,5215
17,5216
39,5217
39,5218
4,5219
12,5220
5,5221
28,5222
6,5223
34,5224
22,5225
22,5226
7,5227
0,5228
32,5229
19,5230
4,5231
0,5232
15,5233
4,5234
24,5235
5,5236
3,5237
6,5238
24,5239
8,5240
7,5241
10,5242
25,5243
10,5244
30,5245
39,5246
5,5247
35,5248
19,5249
4,5250
24,5251
22,5252
38,5253
34,5254
9,5255
8,5256
0,5257
34,5258
36,5259
1,5260
1,5261
16,5262
38,5263
2,5264
7,5265
3,5266
5,5267
27,5268
4,5269
10,5270
39,5271
39,5272
5,5273
18,5274
1,5275
6,5276
3,5277
22,5278
20,5279
7,5280
16,5281
29,5282
19,5283
7,5284
18,5285
29,5286
39,5287
2,5288
35,5289
23,5290
35,5291
18,5292
15,5293
27,5294
7,5295
19,5296
12,5297
3,5298
5,5299
24,5300
38,5301
10,5302
21,5303
17,5304
17,5305
17,5306
4,5307
4,5308
12,5309
17,5310
39,5311
21,5312
16,5313
22,5314
21,5315
5,5316
8,5317
26,5318
29,5319
12,5320
20,5321
8,5322
28,5323
11,5324
6,5325
10,5326
39,5327
8,5328
12,5329
33,5330
33,5331
37,5332
17,5333
6,5334
20,5335
26,5336
12,5337
16,5338
19,5339
12,5340
16,5341
34,5342
24,5343
37,5344
15,5345
38,5346
9,5347
1,5348
21,5349
0,5350
8,5351
30,5352
34,5353
8,5354
26,5355
18,5356
18,5357
27,5358
20,5359
12,5360
0,5361
9,5362
37,5363
1,5364
10,5365
39,5366
31,5367
6,5368
4,5369
30,5370
16,5371
31,5372
17,5373
39,5374
28,5375
16,5376
33,5377
2,5378
17,5379
14,5380
28,5381
19,5382
21,5383
14,5384
21,5385
0,5386
7,5387
2,5388
12,5389
37,5390
34,5391
34,5392
34,5393
38,5394
22,5395
22,5396
38,5397
29,5398
0,5399
20,5400
1,5401
8,5402
2,5403
18,5404
25,5405
3,5406
3,5407
25,5408
14,5409
27,5410
28,5411
27,5412
29,5413
4,5414
36,5415
21,5416
35,5417
21,5418
19,5419
29,5420
7,5421
10,5422
7,5423
32,5424
15,5425
11,5426
38,5427
34,5428
11,5429
29,5430
8,5431
26,5432
21,5433
39,5434
20,5435
21,5436
19,5437
0,5438
31,5439
39,5440
29,5441
21,5442
0,5443
39,5444
18,5445
1,5446
1,5447
2,5448
38,5449
21,5450
4,5451
28,5452
27,5453
32,5454
16,5455
31,5456
23,5457
29,5458
15,5459
5,5460
12,5461
32,5462
6,5463
0,5464
37,5465
30,5466
1,5467
39,5468
2,5469
18,5470
21,5471
30,5472
9,5473
16,5474
3,5475
18,5476
3,5477
30,5478
38,5479
14,5480
11,5481
6,5482
16,5483
2,5484
7,5485
19,5486
1,5487
14,5488
29,5489
32,5490
38,5491
37,5492
39,5493
17,5494
12,5495
16,5496
32,5497
25,5498
30,5499
27,5500
35,5501
16,5502
35,5503
14,5504
18,5505
29,5506
8,5507
34,5508
7,5509
26,5510
9,5511
27,5512
27,5513
35,5514
4,5515
39,5516
8,5517
11,5518
5,5519
8,5520
6,5521
29,5522
9,5523
7,5524
22,5525
14,5526
6,5527
34,5528
22,5529
28,5530
21,5531
35,5532
39,5533
26,5534
27,5535
37,5536
13,5537
14,5538
11,5539
34,5540
6,5541
5,5542
8,5543
9,5544
31,5545
13,5546
37,5547
1,5548
2,5549
0,5550
5,5551
34,5552
8,5553
27,5554
23,5555
32,5556
39,5557
13,5558
35,5559
26,5560
32,5561
9,5562
17,5563
34,5564
30,5565
31,5566
26,5567
5,5568
8,5569
26,5570
18,5571
16,5572
35,5573
1,5574
2,5575
0,5576
3,5577
23,5578
11,5579
30,5580
39,5581
12,5582
32,5583
31,5584
27,5585
14,5586
4,5587
32,5588
28,5589
5,5590
28,5591
6,5592
5,5593
7,5594
30,5595
18,5596
28,5597
17,5598
32,5599
19,5600
33,5601
1,5602
26,5603
13,5604
22,5605
21,5606
14,5607
5,5608
1,5609
37,5610
4,5611
11,5612
4,5613
32,5614
39,5615
5,5616
16,5617
6,5618
10,5619
7,5620
1,5621
29,5622
22,5623
2,5624
21,5625
22,5626
19,5627
0,5628
4,5629
1,5630
39,5631
11,5632
39,5633
23,5634
9,5635
0,5636
10,5637
1,5638
3,5639
2,5640
33,5641
3,5642
38,5643
34,5644
29,5645
17,5646
16,5647
13,5648
33,5649
24,5650
6,5651
2,5652
13,5653
26,5654
22,5655
3,5656
9,5657
32,5658
24,5659
21,5660
2,5661
2,5662
12,5663
27,5664
29,5665
2,5666
24,5667
38,5668
20,5669
26,5670
13,5671
32,5672
31,5673
23,5674
34,5675
29,5676
12,5677
39,5678
30,5679
27,5680
8,5681
17,5682
22,5683
39,5684
8,5685
11,5686
29,5687
10,5688
22,5689
24,5690
34,5691
23,5692
5,5693
37,5694
38,5695
34,5696
29,5697
5,5698
34,5699
31,5700
8,5701
2,5702
20,5703
0,5704
36,5705
1,5706
7,5707
3,5708
12,5709
6,5710
10,5711
29,5712
39,5713
2,5714
25,5715
3,5716
18,5717
4,5718
34,5719
22,5720
13,5721
9,5722
33,5723
33,5724
29,5725
29,5726
32,5727
4,5728
16,5729
34,5730
39,5731
19,5732
27,5733
33,5734
37,5735
24,5736
11,5737
33,5738
32,5739
9,5740
25,5741
37,5742
2,5743
29,5744
34,5745
37,5746
6,5747
38,5748
28,5749
31,5750
22,5751
21,5752
36,5753
10,5754
12,5755
3,5756
10,5757
8,5758
17,5759
31,5760
23,5761
21,5762
0,5763
28,5764
21,5765
1,5766
38,5767
31,5768
2,5769
33,5770
3,5771
3,5772
19,5773
39,5774
39,5775
4,5776
33,5777
5,5778
3,5779
1,5780
6,5781
5,5782
23,5783
21,5784
28,5785
7,5786
26,5787
23,5788
31,5789
1,5790
0,5791
34,5792
9,5793
26,5794
34,5795
21,5796
34,5797
0,5798
23,5799
1,5800
15,5801
8,5802
16,5803
5,5804
23,5805
29,5806
12,5807
1,5808
8,5809
19,5810
11,5811
6,5812
16,5813
32,5814
11,5815
18,5816
15,5817
12,5818
5,5819
37,5820
19,5821
3,5822
26,5823
4,5824
34,5825
1,5826
12,5827
32,5828
39,5829
32,5830
25,5831
22,5832
17,5833
28,5834
32,5835
20,5836
22,5837
24,5838
2,5839
21,5840
11,5841
24,5842
8,5843
7,5844
36,5845
6,5846
8,5847
15,5848
30,5849
30,5850
15,5851
4,5852
19,5853
10,5854
39,5855
21,5856
7,5857
34,5858
22,5859
14,5860
24,5861
22,5862
20,5863
39,5864
22,5865
35,5866
39,5867
34,5868
34,5869
2,5870
18,5871
13,5872
21,5873
32,5874
39,5875
30,5876
5,5877
32,5878
37,5879
7,5880
34,5881
35,5882
21,5883
17,5884
23,5885
24,5886
18,5887
10,5888
8,5889
17,5890
7,5891
9,5892
18,5893
5,5894
27,5895
31,5896
39,5897
2,5898
37,5899
39,5900
22,5901
20,5902
36,5903
0,5904
27,5905
20,5906
1,5907
36,5908
2,5909
26,5910
31,5911
3,5912
30,5913
9,5914
39,5915
0,5916
39,5917
19,5918
10,5919
10,5920
39,5921
24,5922
39,5923
34,5924
33,5925
18,5926
0,5927
9,5928
8,5929
32,5930
39,5931
37,5932
32,5933
24,5934
17,5935
27,5936
35,5937
21,5938
23,5939
16,5940
38,5941
12,5942
18,5943
4,5944
12,5945
5,5946
5,5947
8,5948
35,5949
17,5950
39,5951
22,5952
32,5953
4,5954
3,5955
23,5956
5,5957
35,5958
6,5959
9,5960
7,5961
13,5962
10,5963
0,5964
15,5965
11,5966
1,5967
39,5968
2,5969
15,5970
24,5971
39,5972
3,5973
2,5974
32,5975
5,5976
2,5977
21,5978
14,5979
27,5980
14,5981
38,5982
16,5983
5,5984
36,5985
17,5986
2,5987
2,5988
3,5989
5,5990
35,5991
7,5992
0,5993
2,5994
33,5995
14,5996
12,5997
23,5998
12,5999
13,6000
6,6001
18,6002
11,6003
0,6004
5,6005
1,6006
12,6007
17,6008
26,6009
31,6010
2,6011
30,6012
24,6013
3,6014
5,6015
19,6016
0,6017
33,6018
1,6019
3,6020
1,6021
1,6022
19,6023
12,6024
11,6025
37,6026
39,6027
29,6028
4,6029
27,6030
5,6031
6,6032
30,6033
8,6034
39,6035
9,6036
16,6037
16,6038
1,6039
1,6040
38,6041
27,6042
19,6043
29,6044
9,6045
28,6046
11,6047
4,6048
11,6049
30,6050
6,6051
5,6052
12,6053
11,6054
37,6055
13,6056
37,6057
2,6058
38,6059
37,6060
17,6061
10,6062
0,6063
5,6064
28,6065
34,6066
20,6067
39,6068
9,6069
39,6070
24,6071
6,6072
23,6073
26,6074
4,6075
1,6076
39,6077
23,6078
14,6079
30,6080
22,6081
5,6082
0,6083
16,6084
7,6085
11,6086
5,6087
1,6088
1,6089
1,6090
2,6091
14,6092
3,6093
28,6094
8,6095
11,6096
15,6097
11,6098
1,6099
28,6100
22,6101
4,6102
31,6103
12,6104
30,6105
24,6106
11,6107
38,6108
32,6109
36,6110
1,6111
39,6112
32,6113
33,6114
29,6115
12,6116
13,6117
6,6118
28,6119
38,6120
5,6121
36,6122
11,6123
31,6124
19,6125
27,6126
6,6127
34,6128
34,6129
29,6130
3,6131
11,6132
31,6133
23,6134
26,6135
33,6136
16,6137
29,6138
21,6139
4,6140
33,6141
39,6142
1,6143
13,6144
10,6145
28,6146
28,6147
33,6148
28,6149
18,6150
27,6151
0,6152
30,6153
22,6154
22,6155
29,6156
39,6157
29,6158
1,6159
39,6160
16,6161
22,6162
24,6163
2,6164
7,6165
2,6166
3,6167
31,6168
18,6169
17,6170
39,6171
24,6172
27,6173
29,6174
31,6175
26,6176
37,6177
6,6178
2,6179
5,6180
35,6181
33,6182
27,6183
2,6184
25,6185
23,6186
37,6187
0,6188
21,6189
1,6190
33,6191
2,6192
0,6193
0,6194
20,6195
3,6196
34,6197
17,6198
32,6199
34,6200
1,6201
39,6202
26,6203
7,6204
36,6205
31,6206
22,6207
25,6208
38,6209
6,6210
34,6211
17,6212
10,6213
37,6214
11,6215
39,6216
18,6217
4,6218
19,6219
10,6220
0,6221
39,6222
22,6223
18,6224
8,6225
35,6226
17,6227
16,6228
2,6229
12,6230
24,6231
32,6232
16,6233
32,6234
13,6235
21,6236
33,6237
3,6238
13,6239
8,6240
35,6241
34,6242
22,6243
0,6244
7,6245
20,6246
5,6247
16,6248
23,6249
35,6250
14,6251
32,6252
39,6253
28,6254
33,6255
1,6256
39,6257
18,6258
16,6259
37,6260
19,6261
27,6262
24,6263
4,6264
26,6265
23,6266
5,6267
35,6268
5,6269
19,6270
0,6271
2,6272
0,6273
37,6274
23,6275
4,6276
24,6277
34,6278
27,6279
16,6280
10,6281
0,6282
32,6283
31,6284
12,6285
24,6286
5,6287
28,6288
39,6289
39,6290
14,6291
4,6292
24,6293
4,6294
35,6295
1,6296
32,6297
16,6298
33,6299
4,6300
32,6301
31,6302
17,6303
10,6304
10,6305
12,6306
37,6307
30,6308
19,6309
20,6310
18,6311
6,6312
19,6313
33,6314
26,6315
4,6316
14,6317
5,6318
16,6319
6,6320
12,6321
7,6322
17,6323
31,6324
30,6325
28,6326
31,6327
3,6328
37,6329
9,6330
17,6331
10,6332
39,6333
25,6334
3,6335
4,6336
25,6337
17,6338
32,6339
5,6340
24,6341
13,6342
23,6343
30,6344
3,6345
24,6346
39,6347
7,6348
1,6349
29,6350
12,6351
13,6352
33,6353
36,6354
34,6355
19,6356
15,6357
11,6358
37,6359
21,6360
7,6361
25,6362
30,6363
39,6364
10,6365
31,6366
2,6367
6,6368
32,6369
33,6370
39,6371
32,6372
19,6373
21,6374
17,6375
7,6376
36,6377
26,6378
12,6379
11,6380
24,6381
4,6382
35,6383
26,6384
28,6385
4,6386
24,6387
5,6388
15,6389
21,6390
6,6391
23,6392
7,6393
4,6394
3,6395
3,6396
24,6397
28,6398
11,6399
39,6400
21,6401
22,6402
1,6403
15,6404
29,6405
14,6406
29,6407
39,6408
6,6409
35,6410
0,6411
32,6412
1,6413
5,6414
28,6415
28,6416
2,6417
22,6418
3,6419
26,6420
18,6421
28,6422
28,6423
38,6424
32,6425
35,6426
31,6427
8,6428
10,6429
8,6430
4,6431
29,6432
5,6433
30,6434
39,6435
6,6436
14,6437
7,6438
8,6439
26,6440
21,6441
35,6442
29,6443
12,6444
24,6445
1,6446
28,6447
1,6448
4,6449
3,6450
25,6451
13,6452
25,6453
16,6454
19,6455
22,6456
24,6457
0,6458
3,6459
1,6460
39,6461
2,6462
2,6463
28,6464
38,6465
3,6466
13,6467
23,6468
22,6469
38,6470
15,6471
13,6472
14,6473
22,6474
0,6475
14,6476
36,6477
39,6478
34,6479
29,6480
21,6481
32,6482
1,6483
10,6484
4,6485
14,6486
37,6487
39,6488
1,6489
10,6490
39,6491
26,6492
28,6493
1,6494
19,6495
33,6496
21,6497
27,6498
0,6499
10,6500
8,6501
32,6502
39,6503
12,6504
14,6505
29,6506
10,6507
29,6508
13,6509
33,6510
27,6511
36,6512
39,6513
14,6514
22,6515
34,6516
27,6517
27,6518
6,6519
22,6520
24,6521
0,6522
34,6523
30,6524
20,6525
39,6526
16,6527
2,6528
30,6529
32,6530
4,6531
11,6532
5,6533
5,6534
7,6535
38,6536
6,6537
38,6538
17,6539
28,6540
26,6541
39,6542
7,6543
27,6544
0,6545
19,6546
23,6547
1,6548
16,6549
2,6550
18,6551
9,6552
3,6553
16,6554
3,6555
17,6556
18,6557
15,6558
22,6559
1,6560
13,6561
11,6562
6,6563
28,6564
35,6565
18,6566
23,6567
4,6568
35,6569
3,6570
4,6571
20,6572
7,6573
31,6574
10,6575
25,6576
36,6577
7,6578
31,6579
17,6580
28,6581
36,6582
5,6583
17,6584
13,6585
19,6586
11,6587
18,6588
33,6589
21,6590
30,6591
3,6592
5,6593
28,6594
26,6595
32,6596
39,6597
1,6598
23,6599
5,6600
29,6601
28,6602
9,6603
11,6604
32,6605
8,6606
6,6607
27,6608
14,6609
17,6610
8,6611
33,6612
23,6613
9,6614
37,6615
39,6616
26,6617
13,6618
5,6619
33,6620
20,6621
36,6622
39,6623
32,6624
39,6625
23,6626
1,6627
2,6628
12,6629
39,6630
19,6631
3,6632
4,6633
12,6634
3,6635
33,6636
22,6637
5,6638
19,6639
16,6640
32,6641
38,6642
6,6643
16,6644
39,6645
6,6646
4,6647
25,6648
29,6649
0,6650
38,6651
5,6652
33,6653
0,6654
24,6655
1,6656
39,6657
34,6658
35,6659
2,6660
35,6661
3,6662
38,6663
18,6664
27,6665
13,6666
36,6667
32,6668
34,6669
18,6670
11,6671
29,6672
39,6673
5,6674
28,6675
30,6676
15,6677
36,6678
3,6679
19,6680
22,6681
16,6682
38,6683
22,6684
15,6685
37,6686
2,6687
17,6688
36,6689
39,6690
34,6691
5,6692
35,6693
3,6694
24,6695
38,6696
16,6697
22,6698
39,6699
11,6700
16,6701
12,6702
18,6703
5,6704
0,6705
35,6706
30,6707
12,6708
36,6709
39,6710
33,6711
3,6712
18,6713
28,6714
19,6715
4,6716
3,6717
12,6718
6,6719
5,6720
5,6721
8,6722
6,6723
16,6724
7,6725
38,6726
22,6727
5,6728
10,6729
36,6730
12,6731
4,6732
23,6733
2,6734
17,6735
0,6736
25,6737
9,6738
1,6739
11,6740
2,6741
5,6742
3,6743
30,6744
9,6745
28,6746
39,6747
10,6748
9,6749
14,6750
34,6751
4,6752
11,6753
5,6754
7,6755
6,6756
33,6757
7,6758
8,6759
37,6760
18,6761
0,6762
35,6763
14,6764
34,6765
36,6766
34,6767
17,6768
17,6769
5,6770
28,6771
11,6772
3,6773
14,6774
39,6775
16,6776
27,6777
1,6778
1,6779
23,6780
1,6781
5,6782
35,6783
8,6784
24,6785
37,6786
39,6787
20,6788
23,6789
7,6790
10,6791
0,6792
22,6793
23,6794
19,6795
1,6796
6,6797
19,6798
38,6799
2,6800
9,6801
14,6802
7,6803
15,6804
13,6805
34,6806
33,6807
28,6808
30,6809
26,6810
25,6811
25,6812
10,6813
30,6814
16,6815
1,6816
27,6817
18,6818
24,6819
30,6820
18,6821
9,6822
32,6823
14,6824
1,6825
3,6826
11,6827
4,6828
34,6829
5,6830
28,6831
6,6832
31,6833
7,6834
31,6835
15,6836
11,6837
25,6838
4,6839
19,6840
36,6841
0,6842
23,6843
37,6844
5,6845
7,6846
6,6847
18,6848
7,6849
27,6850
37,6851
25,6852
13,6853
11,6854
36,6855
25,6856
39,6857
30,6858
37,6859
3,6860
3,6861
2,6862
17,6863
39,6864
33,6865
32,6866
30,6867
3,6868
24,6869
38,6870
16,6871
37,6872
39,6873
34,6874
13,6875
36,6876
5,6877
10,6878
7,6879
9,6880
34,6881
6,6882
22,6883
25,6884
7,6885
2,6886
31,6887
23,6888
30,6889
25,6890
38,6891
7,6892
1,6893
26,6894
27,6895
0,6896
12,6897
1,6898
33,6899
6,6900
16,6901
12,6902
12,6903
23,6904
28,6905
8,6906
2,6907
25,6908
35,6909
3,6910
24,6911
25,6912
23,6913
30,6914
19,6915
0,6916
32,6917
1,6918
24,6919
22,6920
2,6921
33,6922
24,6923
2,6924
33,6925
3,6926
23,6927
34,6928
26,6929
34,6930
34,6931
31,6932
24,6933
16,6934
18,6935
5,6936
0,6937
39,6938
39,6939
5,6940
2,6941
38,6942
12,6943
3,6944
19,6945
6,6946
30,6947
15,6948
32,6949
18,6950
28,6951
1,6952
15,6953
12,6954
16,6955
27,6956
18,6957
9,6958
29,6959
2,6960
35,6961
4,6962
14,6963
29,6964
13,6965
5,6966
34,6967
6,6968
22,6969
24,6970
7,6971
13,6972
36,6973
31,6974
7,6975
23,6976
14,6977
18,6978
16,6979
34,6980
36,6981
8,6982
21,6983
25,6984
17,6985
36,6986
4,6987
11,6988
39,6989
4,6990
27,6991
5,6992
21,6993
22,6994
6,6995
30,6996
0,6997
7,6998
17,6999
25,7000
5,7001
3,7002
25,7003
37,7004
29,7005
39,7006
29,7007
30,7008
38,7009
9,7010
39,7011
30,7012
24,7013
17,7014
21,7015
13,7016
32,7017
0,7018
9,7019
11,7020
38,7021
5,7022
4,7023
8,7024
24,7025
4,7026
5,7027
3,7028
23,7029
24,7030
33,7031
37,7032
7,7033
20,7034
7,7035
29,7036
0,7037
8,7038
1,7039
4,7040
2,7041
13,7042
3,7043
26,7044
27,7045
3,7046
11,7047
26,7048
10,7049
5,7050
33,7051
2,7052
27,7053
8,7054
0,7055
23,7056
5,7057
2,7058
4,7059
34,7060
3,7061
11,7062
28,7063
22,7064
8,7065
2,7066
5,7067
16,7068
1,7069
30,7070
37,7071
11,7072
20,7073
38,7074
34,7075
30,7076
5,7077
37,7078
10,7079
25,7080
0,7081
3,7082
1,7083
24,7084
24,7085
2,7086
37,7087
2,7088
18,7089
33,7090
3,7091
31,7092
12,7093
5,7094
27,7095
28,7096
39,7097
19,7098
0,7099
28,7100
34,7101
35,7102
17,7103
22,7104
35,7105
23,7106
11,7107
20,7108
33,7109
21,7110
11,7111
23,7112
37,7113
13,7114
13,7115
21,7116
15,7117
20,7118
3,7119
35,7120
4,7121
17,7122
10,7123
31,7124
39,7125
21,7126
6,7127
31,7128
6,7129
38,7130
20,7131
18,7132
0,7133
30,7134
1,7135
30,7136
2,7137
36,7138
3,7139
14,7140
29,7141
27,7142
34,7143
13,7144
21,7145
15,7146
39,7147
30,7148
8,7149
19,7150
39,7151
5,7152
3,7153
23,7154
7,7155
24,7156
0,7157
0,7158
3,7159
22,7160
38,7161
12,7162
33,7163
7,7164
16,7165
8,7166
20,7167
35,7168
14,7169
16,7170
34,7171
24,7172
26,7173
31,7174
24,7175
39,7176
5,7177
0,7178
25,7179
22,7180
34,7181
15,7182
26,7183
25,7184
20,7185
37,7186
29,7187
39,7188
10,7189
5,7190
12,7191
9,7192
14,7193
39,7194
6,7195
33,7196
25,7197
8,7198
0,7199
14,7200
23,7201
6,7202
25,7203
36,7204
34,7205
24,7206
26,7207
26,7208
0,7209
3,7210
35,7211
1,7212
14,7213
2,7214
21,7215
3,7216
10,7217
39,7218
24,7219
19,7220
23,7221
34,7222
22,7223
15,7224
37,7225
2,7226
7,7227
16,7228
5,7229
1,7230
39,7231
30,7232
30,7233
37,7234
27,7235
31,7236
1,7237
6,7238
37,7239
21,7240
28,7241
26,7242
35,7243
37,7244
39,7245
14,7246
36,7247
39,7248
34,7249
36,7250
7,7251
19,7252
27,7253
14,7254
33,7255
29,7256
3,7257
10,7258
0,7259
16,7260
3,7261
28,7262
14,7263
17,7264
39,7265
11,7266
12,7267
1,7268
39,7269
2,7270
38,7271
3,7272
5,7273
22,7274
25,7275
19,7276
23,7277
26,7278
4,7279
28,7280
26,7281
27,7282
6,7283
0,7284
7,7285
35,7286
23,7287
38,7288
1,7289
34,7290
2,7291
2,7292
3,7293
3,7294
30,7295
32,7296
7,7297
7,7298
13,7299
28,7300
21,7301
10,7302
5,7303
24,7304
35,7305
22,7306
30,7307
39,7308
8,7309
4,7310
18,7311
30,7312
19,7313
27,7314
33,7315
38,7316
28,7317
28,7318
39,7319
29,7320
0,7321
32,7322
1,7323
29,7324
36,7325
39,7326
12,7327
2,7328
23,7329
9,7330
3,7331
20,7332
39,7333
3,7334
19,7335
39,7336
19,7337
33,7338
6,7339
33,7340
13,7341
9,7342
31,7343
8,7344
19,7345
18,7346
24,7347
39,7348
5,7349
9,7350
10,7351
5,7352
8,7353
5,7354
7,7355
31,7356
11,7357
13,7358
34,7359
31,7360
27,7361
24,7362
10,7363
39,7364
32,7365
39,7366
5,7367
6,7368
20,7369
32,7370
30,7371
32,7372
8,7373
33,7374
21,7375
19,7376
18,7377
4,7378
10,7379
5,7380
5,7381
18,7382
20,7383
17,7384
18,7385
9,7386
26,7387
26,7388
12,7389
12,7390
6,7391
31,7392
17,7393
38,7394
8,7395
1,7396
8,7397
25,7398
21,7399
32,7400
1,7401
5,7402
29,7403
39,7404
20,7405
39,7406
9,7407
36,7408
0,7409
0,7410
25,7411
12,7412
1,7413
19,7414
2,7415
4,7416
19,7417
15,7418
8,7419
3,7420
6,7421
10,7422
30,7423
29,7424
19,7425
15,7426
0,7427
0,7428
2,7429
27,7430
5,7431
29,7432
39,7433
32,7434
36,7435
39,7436
16,7437
10,7438
21,7439
7,7440
30,7441
18,7442
25,7443
6,7444
3,7445
21,7446
14,7447
14,7448
10,7449
39,7450
19,7451
9,7452
12,7453
16,7454
34,7455
23,7456
29,7457
30,7458
0,7459
39,7460
9,7461
15,7462
4,7463
31,7464
39,7465
5,7466
32,7467
33,7468
17,7469
6,7470
30,7471
7,7472
12,7473
2,7474
33,7475
28,7476
10,7477
36,7478
11,7479
28,7480
33,7481
28,7482
39,7483
9,7484
18,7485
28,7486
21,7487
12,7488
26,7489
11,7490
26,7491
31,7492
0,7493
15,7494
36,7495
1,7496
13,7497
27,7498
2,7499
28,7500
39,7501
3,7502
27,7503
14,7504
3,7505
9,7506
35,7507
38,7508
35,7509
26,7510
1,7511
36,7512
39,7513
0,7514
36,7515
33,7516
24,7517
22,7518
11,7519
25,7520
22,7521
8,7522
10,7523
13,7524
26,7525
5,7526
14,7527
2,7528
23,7529
3,7530
37,7531
36,7532
4,7533
5,7534
27,7535
18,7536
3,7537
3,7538
1,7539
5,7540
24,7541
3,7542
33,7543
28,7544
11,7545
26,7546
26,7547
27,7548
19,7549
39,7550
34,7551
13,7552
8,7553
39,7554
0,7555
37,7556
18,7557
36,7558
30,7559
39,7560
33,7561
38,7562
14,7563
34,7564
30,7565
3,7566
24,7567
33,7568
31,7569
12,7570
4,7571
35,7572
37,7573
11,7574
8,7575
32,7576
17,7577
34,7578
39,7579
27,7580
20,7581
20,7582
7,7583
39,7584
26,7585
13,7586
3,7587
28,7588
30,7589
0,7590
7,7591
29,7592
1,7593
28,7594
4,7595
12,7596
5,7597
2,7598
22,7599
3,7600
8,7601
7,7602
22,7603
24,7604
0,7605
30,7606
13,7607
14,7608
28,7609
30,7610
29,7611
0,7612
18,7613
16,7614
32,7615
11,7616
1,7617
14,7618
34,7619
38,7620
21,7621
15,7622
8,7623
2,7624
13,7625
14,7626
3,7627
39,7628
0,7629
7,7630
36,7631
27,7632
35,7633
28,7634
37,7635
2,7636
0,7637
32,7638
1,7639
26,7640
18,7641
26,7642
21,7643
24,7644
39,7645
35,7646
31,7647
10,7648
3,7649
13,7650
26,7651
18,7652
8,7653
14,7654
7,7655
32,7656
39,7657
27,7658
32,7659
8,7660
19,7661
7,7662
12,7663
28,7664
39,7665
28,7666
11,7667
9,7668
35,7669
16,7670
23,7671
20,7672
16,7673
17,7674
21,7675
28,7676
39,7677
19,7678
0,7679
18,7680
1,7681
3,7682
7,7683
2,7684
25,7685
3,7686
37,7687
12,7688
29,7689
3,7690
11,7691
28,7692
17,7693
27,7694
19,7695
36,7696
39,7697
30,7698
28,7699
28,7700
34,7701
17,7702
39,7703
4,7704
31,7705
17,7706
10,7707
5,7708
4,7709
6,7710
5,7711
7,7712
6,7713
38,7714
14,7715
39,7716
12,7717
39,7718
2,7719
27,7720
10,7721
5,7722
29,7723
39,7724
19,7725
34,7726
21,7727
17,7728
28,7729
21,7730
30,7731
23,7732
31,7733
23,7734
14,7735
11,7736
33,7737
8,7738
29,7739
3,7740
36,7741
39,7742
12,7743
11,7744
15,7745
1,7746
10,7747
25,7748
6,7749
20,7750
39,7751
19,7752
15,7753
5,7754
12,7755
17,7756
36,7757
1,7758
36,7759
37,7760
27,7761
21,7762
37,7763
39,7764
35,7765
1,7766
14,7767
8,7768
27,7769
11,7770
39,7771
34,7772
11,7773
29,7774
19,7775
37,7776
23,7777
36,7778
2,7779
10,7780
28,7781
17,7782
10,7783
32,7784
14,7785
3,7786
10,7787
7,7788
27,7789
0,7790
14,7791
33,7792
39,7793
11,7794
38,7795
32,7796
7,7797
25,7798
6,7799
21,7800
35,7801
1,7802
25,7803
22,7804
22,7805
30,7806
39,7807
28,7808
35,7809
16,7810
39,7811
9,7812
17,7813
39,7814
11,7815
13,7816
22,7817
22,7818
19,7819
0,7820
15,7821
24,7822
1,7823
37,7824
30,7825
2,7826
38,7827
3,7828
23,7829
21,7830
35,7831
11,7832
19,7833
39,7834
17,7835
6,7836
9,7837
22,7838
0,7839
18,7840
1,7841
1,7842
3,7843
27,7844
2,7845
24,7846
3,7847
23,7848
4,7849
4,7850
23,7851
28,7852
7,7853
25,7854
39,7855
34,7856
8,7857
9,7858
27,7859
25,7860
23,7861
6,7862
4,7863
3,7864
5,7865
13,7866
16,7867
6,7868
0,7869
7,7870
29,7871
39,7872
26,7873
36,7874
31,7875
19,7876
31,7877
3,7878
39,7879
11,7880
5,7881
16,7882
17,7883
23,7884
13,7885
2,7886
4,7887
5,7888
5,7889
16,7890
27,7891
6,7892
7,7893
7,7894
26,7895
8,7896
27,7897
25,7898
25,7899
37,7900
34,7901
4,7902
30,7903
2,7904
13,7905
21,7906
5,7907
3,7908
28,7909
15,7910
22,7911
39,7912
12,7913
11,7914
18,7915
18,7916
3,7917
16,7918
26,7919
14,7920
17,7921
19,7922
22,7923
23,7924
13,7925
8,7926
10,7927
15,7928
24,7929
30,7930
5,7931
34,7932
38,7933
25,7934
37,7935
11,7936
32,7937
30,7938
25,7939
15,7940
36,7941
9,7942
11,7943
37,7944
20,7945
6,7946
18,7947
35,7948
26,7949
7,7950
11,7951
5,7952
14,7953
7,7954
23,7955
20,7956
23,7957
23,7958
9,7959
12,7960
31,7961
10,7962
30,7963
38,7964
14,7965
9,7966
18,7967
0,7968
4,7969
13,7970
28,7971
21,7972
6,7973
34,7974
34,7975
24,7976
37,7977
26,7978
7,7979
34,7980
36,7981
28,7982
3,7983
13,7984
2,7985
24,7986
39,7987
39,7988
34,7989
9,7990
11,7991
38,7992
5,7993
28,7994
33,7995
7,7996
33,7997
5,7998
29,7999
16,8000
39,8001
10,8002
0,8003
18,8004
0,8005
28,8006
0,8007
1,8008
20,8009
36,8010
23,8011
22,8012
23,8013
26,8014
23,8015
1,8016
26,8017
0,8018
0,8019
34,8020
18,8021
1,8022
39,8023
1,8024
37,8025
34,8026
2,8027
38,8028
3,8029
28,8030
28,8031
34,8032
22,8033
25,8034
2,8035
26,8036
35,8037
31,8038
17,8039
39,8040
27,8041
24,8042
32,8043
14,8044
29,8045
12,8046
9,8047
16,8048
4,8049
10,8050
2,8051
7,8052
11,8053
32,8054
10,8055
14,8056
8,8057
36,8058
13,8059
14,8060
27,8061
14,8062
19,8063
22,8064
22,8065
30,8066
39,8067
24,8068
20,8069
12,8070
7,8071
26,8072
36,8073
22,8074
24,8075
27,8076
16,8077
4,8078
22,8079
20,8080
8,8081
26,8082
27,8083
13,8084
26,8085
28,8086
37,8087
18,8088
26,8089
6,8090
19,8091
14,8092
31,8093
0,8094
27,8095
1,8096
15,8097
39,8098
2,8099
6,8100
2,8101
6,8102
8,8103
3,8104
10,8105
9,8106
38,8107
36,8108
32,8109
39,8110
39,8111
8,8112
21,8113
7,8114
6,8115
10,8116
12,8117
9,8118
16,8119
37,8120
39,8121
24,8122
10,8123
4,8124
34,8125
38,8126
18,8127
19,8128
34,8129
38,8130
23,8131
35,8132
5,8133
28,8134
19,8135
39,8136
3,8137
8,8138
17,8139
3,8140
29,8141
27,8142
14,8143
26,8144
5,8145
18,8146
26,8147
11,8148
39,8149
34,8150
11,8151
4,8152
3,8153
4,8154
33,8155
33,8156
16,8157
16,8158
3,8159
29,8160
27,8161
0,8162
34,8163
35,8164
21,8165
12,8166
31,8167
33,8168
6,8169
25,8170
22,8171
24,8172
26,8173
1,8174
29,8175
2,8176
4,8177
10,8178
5,8179
19,8180
9,8181
36,8182
17,8183
9,8184
28,8185
5,8186
20,8187
12,8188
38,8189
6,8190
8,8191
6,8192
23,8193
29,8194
39,8195
32,8196
6,8197
32,8198
33,8199
7,8200
13,8201
8,8202
13,8203
28,8204
31,8205
8,8206
27,8207
1,8208
0,8209
7,8210
0,8211
14,8212
39,8213
18,8214
25,8215
38,8216
25,8217
0,8218
39,8219
6,8220
1,8221
28,8222
10,8223
2,8224
33,8225
3,8226
5,8227
28,8228
30,8229
14,8230
24,8231
16,8232
33,8233
2,8234
10,8235
9,8236
1,8237
3,8238
19,8239
38,8240
32,8241
11,8242
39,8243
39,8244
20,8245
25,8246
4,8247
1,8248
6,8249
32,8250
10,8251
27,8252
21,8253
6,8254
6,8255
7,8256
13,8257
11,8258
20,8259
30,8260
27,8261
30,8262
9,8263
38,8264
16,8265
39,8266
11,8267
24,8268
37,8269
20,8270
4,8271
23,8272
5,8273
5,8274
20,8275
6,8276
38,8277
7,8278
34,8279
38,8280
9,8281
8,8282
29,8283
39,8284
27,8285
28,8286
23,8287
0,8288
14,8289
18,8290
1,8291
7,8292
30,8293
4,8294
1,8295
5,8296
5,8297
14,8298
6,8299
10,8300
32,8301
3,8302
23,8303
37,8304
35,8305
7,8306
10,8307
8,8308
25,8309
12,8310
34,8311
10,8312
14,8313
31,8314
0,8315
10,8316
8,8317
6,8318
35,8319
1,8320
5,8321
5,8322
4,8323
29,8324
19,8325
4,8326
11,8327
2,8328
21,8329
34,8330
5,8331
39,8332
6,8333
19,8334
7,8335
2,8336
3,8337
27,8338
12,8339
28,8340
3,8341
5,8342
2,8343
14,8344
18,8345
8,8346
20,8347
9,8348
37,8349
19,8350
36,8351
2,8352
18,8353
35,8354
30,8355
37,8356
17,8357
19,8358
13,8359
3,8360
39,8361
34,8362
15,8363
39,8364
9,8365
36,8366
26,8367
0,8368
20,8369
39,8370
8,8371
28,8372
22,8373
20,8374
21,8375
36,8376
26,8377
12,8378
8,8379
11,8380
33,8381
29,8382
8,8383
0,8384
11,8385
28,8386
1,8387
28,8388
37,8389
3,8390
2,8391
21,8392
24,8393
3,8394
28,8395
0,8396
14,8397
39,8398
22,8399
32,8400
21,8401
1,8402
14,8403
2,8404
12,8405
14,8406
38,8407
26,8408
18,8409
5,8410
0,8411
6,8412
1,8413
11,8414
38,8415
21,8416
2,8417
24,8418
3,8419
13,8420
11,8421
12,8422
22,8423
10,8424
31,8425
3,8426
7,8427
30,8428
24,8429
35,8430
17,8431
27,8432
32,8433
17,8434
34,8435
32,8436
19,8437
12,8438
17,8439
16,8440
3,8441
29,8442
19,8443
3,8444
2,8445
8,8446
30,8447
20,8448
28,8449
15,8450
22,8451
2,8452
33,8453
39,8454
0,8455
10,8456
31,8457
30,8458
8,8459
27,8460
32,8461
30,8462
7,8463
28,8464
33,8465
21,8466
5,8467
34,8468
35,8469
19,8470
39,8471
16,8472
6,8473
13,8474
18,8475
19,8476
27,8477
4,8478
3,8479
36,8480
33,8481
22,8482
29,8483
21,8484
30,8485
11,8486
19,8487
4,8488
20,8489
6,8490
31,8491
31,8492
7,8493
0,8494
21,8495
26,8496
3,8497
8,8498
2,8499
5,8500
1,8501
9,8502
28,8503
25,8504
0,8505
31,8506
16,8507
14,8508
7,8509
35,8510
0,8511
8,8512
1,8513
5,8514
39,8515
2,8516
24,8517
5,8518
24,8519
3,8520
29,8521
23,8522
36,8523
26,8524
22,8525
9,8526
29,8527
5,8528
9,8529
35,8530
39,8531
32,8532
37,8533
24,8534
39,8535
11,8536
13,8537
13,8538
16,8539
14,8540
0,8541
26,8542
1,8543
6,8544
2,8545
37,8546
39,8547
34,8548
3,8549
32,8550
3,8551
24,8552
38,8553
13,8554
25,8555
9,8556
37,8557
16,8558
38,8559
16,8560
1,8561
36,8562
33,8563
18,8564
11,8565
28,8566
39,8567
28,8568
38,8569
34,8570
9,8571
27,8572
3,8573
4,8574
29,8575
34,8576
12,8577
5,8578
36,8579
37,8580
20,8581
39,8582
4,8583
2,8584
6,8585
35,8586
39,8587
9,8588
25,8589
37,8590
15,8591
23,8592
32,8593
37,8594
3,8595
30,8596
15,8597
4,8598
9,8599
30,8600
38,8601
11,8602
32,8603
33,8604
31,8605
15,8606
35,8607
29,8608
6,8609
19,8610
31,8611
13,8612
39,8613
39,8614
18,8615
5,8616
31,8617
25,8618
5,8619
29,8620
34,8621
39,8622
34,8623
32,8624
18,8625
33,8626
14,8627
36,8628
38,8629
16,8630
16,8631
22,8632
16,8633
31,8634
4,8635
16,8636
23,8637
9,8638
21,8639
26,8640
35,8641
32,8642
34,8643
3,8644
28,8645
17,8646
32,8647
18,8648
36,8649
3,8650
8,8651
20,8652
33,8653
21,8654
13,8655
4,8656
6,8657
17,8658
31,8659
15,8660
9,8661
18,8662
22,8663
2,8664
6,8665
7,8666
26,8667
33,8668
1,8669
36,8670
39,8671
23,8672
16,8673
23,8674
35,8675
32,8676
38,8677
21,8678
24,8679
39,8680
11,8681
12,8682
13,8683
39,8684
5,8685
4,8686
0,8687
3,8688
1,8689
34,8690
14,8691
39,8692
38,8693
16,8694
16,8695
18,8696
28,8697
0,8698
1,8699
19,8700
14,8701
29,8702
14,8703
29,8704
23,8705
17,8706
30,8707
39,8708
11,8709
39,8710
0,8711
39,8712
39,8713
1,8714
36,8715
39,8716
39,8717
21,8718
17,8719
36,8720
1,8721
39,8722
30,8723
34,8724
6,8725
20,8726
33,8727
9,8728
32,8729
33,8730
12,8731
16,8732
22,8733
0,8734
30,8735
27,8736
25,8737
30,8738
39,8739
39,8740
22,8741
32,8742
39,8743
25,8744
17,8745
0,8746
29,8747
24,8748
9,8749
20,8750
39,8751
25,8752
30,8753
25,8754
7,8755
25,8756
30,8757
7,8758
30,8759
13,8760
39,8761
26,8762
16,8763
22,8764
22,8765
18,8766
3,8767
10,8768
14,8769
23,8770
33,8771
33,8772
26,8773
16,8774
15,8775
0,8776
37,8777
17,8778
32,8779
1,8780
2,8781
2,8782
33,8783
12,8784
29,8785
32,8786
9,8787
28,8788
31,8789
29,8790
29,8791
23,8792
19,8793
17,8794
27,8795
28,8796
18,8797
11,8798
19,8799
20,8800
7,8801
27,8802
32,8803
19,8804
7,8805
0,8806
34,8807
23,8808
25,8809
18,8810
7,8811
9,8812
23,8813
6,8814
0,8815
23,8816
1,8817
34,8818
24,8819
39,8820
28,8821
21,8822
2,8823
10,8824
4,8825
8,8826
14,8827
27,8828
38,8829
38,8830
16,8831
2,8832
34,8833
3,8834
25,8835
1,8836
15,8837
37,8838
5,8839
18,8840
36,8841
17,8842
28,8843
34,8844
17,8845
6,8846
23,8847
29,8848
32,8849
15,8850
4,8851
15,8852
18,8853
14,8854
3,8855
8,8856
22,8857
11,8858
0,8859
37,8860
12,8861
30,8862
5,8863
15,8864
14,8865
11,8866
13,8867
2,8868
35,8869
9,8870
16,8871
1,8872
6,8873
32,8874
12,8875
7,8876
22,8877
28,8878
7,8879
31,8880
29,8881
21,8882
27,8883
33,8884
38,8885
5,8886
12,8887
39,8888
26,8889
4,8890
39,8891
29,8892
7,8893
2,8894
25,8895
39,8896
12,8897
8,8898
12,8899
15,8900
7,8901
12,8902
0,8903
39,8904
17,8905
10,8906
4,8907
4,8908
23,8909
12,8910
34,8911
15,8912
5,8913
29,8914
21,8915
21,8916
25,8917
9,8918
23,8919
34,8920
25,8921
38,8922
35,8923
21,8924
26,8925
27,8926
16,8927
39,8928
19,8929
4,8930
5,8931
5,8932
8,8933
6,8934
33,8935
7,8936
34,8937
16,8938
23,8939
24,8940
39,8941
30,8942
27,8943
36,8944
39,8945
0,8946
21,8947
21,8948
33,8949
29,8950
30,8951
28,8952
18,8953
18,8954
39,8955
9,8956
24,8957
32,8958
19,8959
10,8960
2,8961
25,8962
36,8963
18,8964
17,8965
8,8966
21,8967
33,8968
24,8969
3,8970
11,8971
15,8972
21,8973
8,8974
3,8975
16,8976
22,8977
35,8978
5,8979
36,8980
39,8981
26,8982
21,8983
24,8984
4,8985
34,8986
22,8987
1,8988
5,8989
18,8990
6,8991
9,8992
37,8993
4,8994
34,8995
5,8996
27,8997
36,8998
6,8999
5,9000
35,9001
7,9002
31,9003
39,9004
4,9005
12,9006
5,9007
27,9008
6,9009
28,9010
7,9011
13,9012
17,9013
7,9014
19,9015
16,9016
32,9017
18,9018
19,9019
29,9020
34,9021
16,9022
16,9023
7,9024
27,9025
19,9026
39,9027
9,9028
11,9029
13,9030
13,9031
26,9032
35,9033
5,9034
16,9035
14,9036
3,9037
31,9038
4,9039
37,9040
23,9041
13,9042
20,9043
18,9044
19,9045
6,9046
27,9047
25,9048
26,9049
33,9050
39,9051
2,9052
10,9053
3,9054
24,9055
0,9056
29,9057
5,9058
27,9059
1,9060
34,9061
33,9062
31,9063
4,9064
20,9065
11,9066
24,9067
38,9068
18,9069
28,9070
0,9071
18,9072
32,9073
15,9074
1,9075
39,9076
7,9077
0,9078
39,9079
16,9080
31,9081
1,9082
6,9083
27,9084
31,9085
4,9086
24,9087
2,9088
2,9089
18,9090
23,9091
3,9092
34,9093
0,9094
39,9095
1,9096
23,9097
1,9098
3,9099
2,9100
10,9101
10,9102
3,9103
25,9104
7,9105
15,9106
37,9107
35,9108
16,9109
4,9110
4,9111
22,9112
4,9113
15,9114
0,9115
4,9116
1,9117
6,9118
2,9119
13,9120
3,9121
0,9122
9,9123
38,9124
9,9125
21,9126
31,9127
27,9128
13,9129
2,9130
3,9131
36,9132
39,9133
39,9134
2,9135
4,9136
30,9137
5,9138
0,9139
8,9140
34,9141
22,9142
39,9143
37,9144
24,9145
17,9146
10,9147
39,9148
30,9149
19,9150
12,9151
2,9152
24,9153
29,9154
28,9155
37,9156
7,9157
4,9158
16,9159
11,9160
13,9161
16,9162
19,9163
39,9164
28,9165
19,9166
26,9167
13,9168
16,9169
31,9170
15,9171
39,9172
29,9173
11,9174
15,9175
23,9176
15,9177
13,9178
29,9179
30,9180
24,9181
15,9182
26,9183
0,9184
4,9185
14,9186
5,9187
35,9188
6,9189
18,9190
7,9191
34,9192
25,9193
20,9194
32,9195
33,9196
11,9197
15,9198
13,9199
36,9200
39,9201
33,9202
3,9203
24,9204
8,9205
14,9206
22,9207
38,9208
30,9209
19,9210
15,9211
21,9212
36,9213
38,9214
22,9215
17,9216
7,9217
30,9218
30,9219
27,9220
11,9221
17,9222
1,9223
17,9224
33,9225
16,9226
14,9227
8,9228
6,9229
24,9230
23,9231
18,9232
10,9233
33,9234
31,9235
15,9236
3,9237
33,9238
37,9239
35,9240
18,9241
5,9242
20,9243
3,9244
11,9245
18,9246
14,9247
23,9248
10,9249
29,9250
39,9251
39,9252
16,9253
22,9254
20,9255
2,9256
25,9257
14,9258
5,9259
34,9260
8,9261
37,9262
29,9263
11,9264
30,9265
19,9266
24,9267
3,9268
26,9269
39,9270
30,9271
10,9272
31,9273
3,9274
24,9275
29,9276
39,9277
10,9278
10,9279
39,9280
34,9281
29,9282
21,9283
20,9284
35,9285
17,9286
33,9287
21,9288
23,9289
29,9290
37,9291
19,9292
16,9293
7,9294
7,9295
36,9296
15,9297
26,9298
3,9299
7,9300
14,9301
9,9302
4,9303
26,9304
39,9305
18,9306
27,9307
31,9308
5,9309
2,9310
30,9311
30,9312
9,9313
7,9314
39,9315
22,9316
8,9317
13,9318
29,9319
19,9320
36,9321
39,9322
35,9323
10,9324
8,9325
19,9326
7,9327
32,9328
10,9329
24,9330
6,9331
5,9332
6,9333
16,9334
21,9335
26,9336
14,9337
17,9338
13,9339
5,9340
38,9341
17,9342
14,9343
26,9344
10,9345
39,9346
2,9347
11,9348
1,9349
6,9350
16,9351
29,9352
34,9353
24,9354
31,9355
3,9356
9,9357
24,9358
14,9359
14,9360
25,9361
22,9362
34,9363
16,9364
35,9365
37,9366
35,9367
23,9368
24,9369
19,9370
39,9371
0,9372
5,9373
33,9374
25,9375
38,9376
14,9377
4,9378
16,9379
16,9380
4,9381
19,9382
22,9383
25,9384
10,9385
4,9386
12,9387
33,9388
17,9389
26,9390
13,9391
5,9392
35,9393
25,9394
30,9395
19,9396
0,9397
33,9398
14,9399
33,9400
27,9401
10,9402
4,9403
8,9404
37,9405
35,9406
10,9407
0,9408
23,9409
14,9410
27,9411
36,9412
2,9413
16,9414
1,9415
15,9416
32,9417
38,9418
4,9419
20,9420
25,9421
26,9422
22,9423
12,9424
13,9425
2,9426
29,9427
7,9428
18,9429
19,9430
17,9431
13,9432
13,9433
39,9434
16,9435
2,9436
13,9437
32,9438
37,9439
30,9440
8,9441
11,9442
38,9443
8,9444
7,9445
9,9446
28,9447
38,9448
12,9449
5,9450
5,9451
3,9452
29,9453
38,9454
14,9455
4,9456
5,9457
1,9458
11,9459
4,9460
31,9461
17,9462
20,9463
2,9464
38,9465
7,9466
32,9467
20,9468
8,9469
6,9470
5,9471
36,9472
30,9473
10,9474
27,9475
3,9476
9,9477
24,9478
6,9479
34,9480
39,9481
27,9482
24,9483
22,9484
23,9485
33,9486
27,9487
28,9488
8,9489
20,9490
24,9491
18,9492
1,9493
7,9494
22,9495
29,9496
19,9497
35,9498
2,9499
12,9500
2,9501
31,9502
15,9503
8,9504
29,9505
32,9506
0,9507
30,9508
1,9509
13,9510
36,9511
8,9512
2,9513
30,9514
39,9515
33,9516
3,9517
12,9518
2,9519
24,9520
25,9521
12,9522
39,9523
27,9524
29,9525
7,9526
13,9527
13,9528
37,9529
9,9530
34,9531
11,9532
19,9533
24,9534
8,9535
26,9536
37,9537
39,9538
39,9539
34,9540
3,9541
5,9542
14,9543
22,9544
29,9545
0,9546
27,9547
1,9548
24,9549
2,9550
5,9551
3,9552
37,9553
7,9554
8,9555
33,9556
27,9557
36,9558
0,9559
0,9560
27,9561
3,9562
12,9563
39,9564
14,9565
39,9566
23,9567
12,9568
14,9569
11,9570
9,9571
3,9572
34,9573
38,9574
7,9575
16,9576
34,9577
25,9578
39,9579
12,9580
39,9581
26,9582
16,9583
15,9584
17,9585
32,9586
39,9587
2,9588
15,9589
30,9590
7,9591
34,9592
10,9593
14,9594
16,9595
20,9596
33,9597
0,9598
10,9599
19,9600
3,9601
24,9602
9,9603
37,9604
3,9605
32,9606
1,9607
24,9608
4,9609
5,9610
34,9611
7,9612
9,9613
0,9614
34,9615
22,9616
30,9617
18,9618
12,9619
1,9620
37,9621
2,9622
35,9623
3,9624
5,9625
6,9626
7,9627
8,9628
0,9629
27,9630
30,9631
39,9632
1,9633
3,9634
2,9635
2,9636
1,9637
19,9638
3,9639
23,9640
7,9641
0,9642
23,9643
35,9644
31,9645
37,9646
35,9647
8,9648
26,9649
1,9650
33,9651
30,9652
31,9653
5,9654
6,9655
13,9656
5,9657
27,9658
17,9659
14,9660
11,9661
25,9662
3,9663
0,9664
20,9665
39,9666
7,9667
20,9668
3,9669
8,9670
33,9671
32,9672
7,9673
6,9674
7,9675
32,9676
12,9677
32,9678
13,9679
26,9680
16,9681
39,9682
0,9683
0,9684
1,9685
33,9686
2,9687
33,9688
28,9689
3,9690
12,9691
34,9692
38,9693
28,9694
30,9695
0,9696
12,9697
9,9698
4,9699
20,9700
23,9701
8,9702
30,9703
0,9704
28,9705
1,9706
5,9707
2,9708
13,9709
3,9710
17,9711
11,9712
25,9713
2,9714
25,9715
11,9716
17,9717
10,9718
25,9719
12,9720
22,9721
38,9722
22,9723
20,9724
39,9725
0,9726
12,9727
38,9728
20,9729
8,9730
32,9731
13,9732
10,9733
0,9734
10,9735
5,9736
12,9737
20,9738
31,9739
8,9740
21,9741
5,9742
33,9743
2,9744
7,9745
26,9746
18,9747
0,9748
39,9749
1,9750
3,9751
8,9752
26,9753
2,9754
10,9755
34,9756
7,9757
3,9758
14,9759
9,9760
28,9761
27,9762
2,9763
0,9764
31,9765
1,9766
2,9767
2,9768
3,9769
23,9770
7,9771
3,9772
7,9773
33,9774
29,9775
12,9776
9,9777
38,9778
28,9779
25,9780
14,9781
13,9782
32,9783
38,9784
16,9785
16,9786
0,9787
17,9788
22,9789
36,9790
39,9791
24,9792
32,9793
29,9794
8,9795
32,9796
10,9797
5,9798
5,9799
20,9800
11,9801
30,9802
38,9803
24,9804
20,9805
16,9806
27,9807
3,9808
16,9809
28,9810
0,9811
37,9812
0,9813
15,9814
4,9815
16,9816
7,9817
38,9818
22,9819
0,9820
35,9821
19,9822
1,9823
8,9824
33,9825
29,9826
8,9827
19,9828
0,9829
29,9830
38,9831
14,9832
12,9833
20,9834
16,9835
18,9836
21,9837
0,9838
39,9839
34,9840
0,9841
18,9842
3,9843
32,9844
13,9845
17,9846
14,9847
26,9848
39,9849
27,9850
21,9851
5,9852
3,9853
7,9854
8,9855
37,9856
12,9857
35,9858
3,9859
25,9860
34,9861
24,9862
5,9863
18,9864
35,9865
37,9866
39,9867
38,9868
17,9869
16,9870
37,9871
15,9872
24,9873
31,9874
4,9875
32,9876
5,9877
13,9878
25,9879
12,9880
13,9881
6,9882
11,9883
34,9884
7,9885
32,9886
4,9887
15,9888
5,9889
32,9890
38,9891
34,9892
23,9893
6,9894
38,9895
20,9896
7,9897
27,9898
8,9899
23,9900
6,9901
24,9902
29,9903
2,9904
31,9905
27,9906
9,9907
37,9908
39,9909
32,9910
18,9911
29,9912
11,9913
2,9914
36,9915
15,9916
29,9917
10,9918
36,9919
27,9920
0,9921
39,9922
14,9923
5,9924
4,9925
1,9926
5,9927
20,9928
6,9929
32,9930
7,9931
10,9932
38,9933
23,9934
11,9935
39,9936
20,9937
10,9938
21,9939
35,9940
20,9941
33,9942
39,9943
11,9944
39,9945
28,9946
21,9947
0,9948
39,9949
25,9950
10,9951
1,9952
39,9953
34,9954
22,9955
2,9956
37,9957
3,9958
26,9959
7,9960
26,9961
21,9962
37,9963
35,9964
2,9965
2,9966
33,9967
3,9968
5,9969
35,9970
0,9971
9,9972
26,9973
17,9974
7,9975
8,9976
7,9977
34,9978
23,9979
19,9980
4,9981
22,9982
19,9983
4,9984
20,9985
22,9986
1,9987
31,9988
22,9989
10,9990
25,9991
0,9992
23,9993
1,9994
13,9995
31,9996
2,9997
27,9998
3,9999
