16,0
4,1
10,2
6,3
18,4
7,5
2,6
13,7
4,8
8,9
13,10
4,11
12,12
3,13
10,14
0,15
10,16
3,17
4,18
7,19
8,20
16,21
4,22
10,23
0,24
1,25
3,26
19,27
19,28
17,29
0,30
2,31
6,32
10,33
16,34
2,35
6,36
15,37
6,38
4,39
3,40
0,41
2,42
13,43
15,44
6,45
1,46
10,47
5,48
10,49
0,50
3,51
3,52
2,53
11,54
7,55
7,56
15,57
19,58
17,59
18,60
6,61
1,62
5,63
1,64
16,65
17,66
7,67
18,68
10,69
1,70
1,71
6,72
9,73
6,74
2,75
17,76
5,77
9,78
1,79
1,80
3,81
11,82
14,83
0,84
1,85
13,86
5,87
4,88
13,89
5,90
15,91
14,92
2,93
14,94
9,95
19,96
8,97
13,98
12,99
4,100
4,101
16,102
17,103
14,104
5,105
0,106
19,107
17,108
9,109
13,110
3,111
15,112
2,113
9,114
19,115
6,116
9,117
19,118
7,119
0,120
2,121
9,122
1,123
16,124
3,125
13,126
11,127
12,128
12,129
12,130
14,131
19,132
18,133
2,134
10,135
19,136
12,137
15,138
9,139
11,140
4,141
11,142
7,143
15,144
5,145
16,146
13,147
3,148
12,149
3,150
11,151
10,152
2,153
1,154
2,155
16,156
2,157
5,158
14,159
1,160
18,161
15,162
3,163
0,164
15,165
12,166
1,167
15,168
3,169
2,170
6,171
14,172
7,173
16,174
0,175
4,176
15,177
19,178
11,179
9,180
5,181
9,182
15,183
5,184
18,185
17,186
19,187
1,188
13,189
0,190
0,191
3,192
6,193
6,194
14,195
15,196
7,197
14,198
1,199
12,200
16,201
10,202
13,203
10,204
12,205
8,206
14,207
16,208
5,209
16,210
19,211
5,212
14,213
16,214
5,215
3,216
1,217
7,218
0,219
17,220
8,221
17,222
5,223
15,224
5,225
2,226
2,227
1,228
5,229
7,230
16,231
9,232
13,233
1,234
16,235
17,236
19,237
8,238
12,239
1,240
5,241
19,242
9,243
10,244
7,245
15,246
4,247
1,248
14,249
5,250
2,251
2,252
11,253
16,254
6,255
14,256
18,257
10,258
16,259
17,260
17,261
8,262
3,263
5,264
14,265
4,266
1,267
11,268
1,269
13,270
12,271
11,272
2,273
12,274
4,275
13,276
5,277
14,278
1,279
8,280
0,281
9,282
1,283
3,284
19,285
9,286
7,287
13,288
6,289
16,290
12,291
3,292
13,293
6,294
4,295
5,296
1,297
16,298
12,299
5,300
2,301
15,302
8,303
11,304
9,305
0,306
11,307
16,308
3,309
12,310
11,311
13,312
2,313
15,314
17,315
15,316
4,317
15,318
17,319
16,320
19,321
2,322
15,323
15,324
4,325
18,326
1,327
17,328
19,329
18,330
3,331
5,332
2,333
14,334
5,335
4,336
12,337
17,338
3,339
16,340
2,341
6,342
5,343
1,344
16,345
6,346
9,347
9,348
0,349
12,350
18,351
5,352
3,353
18,354
12,355
19,356
19,357
9,358
12,359
17,360
6,361
16,362
17,363
11,364
7,365
5,366
2,367
6,368
4,369
3,370
11,371
10,372
6,373
18,374
8,375
15,376
12,377
13,378
5,379
12,380
1,381
8,382
2,383
6,384
17,385
2,386
6,387
7,388
17,389
6,390
4,391
12,392
14,393
9,394
17,395
15,396
1,397
3,398
0,399
3,400
19,401
15,402
19,403
11,404
17,405
1,406
10,407
11,408
6,409
18,410
11,411
18,412
17,413
0,414
0,415
7,416
17,417
13,418
14,419
12,420
18,421
17,422
1,423
5,424
7,425
19,426
6,427
19,428
6,429
14,430
0,431
6,432
17,433
6,434
9,435
13,436
13,437
10,438
6,439
9,440
11,441
3,442
7,443
17,444
13,445
17,446
4,447
11,448
17,449
13,450
17,451
17,452
18,453
14,454
9,455
0,456
13,457
11,458
0,459
7,460
8,461
3,462
8,463
13,464
14,465
10,466
19,467
16,468
17,469
12,470
9,471
1,472
6,473
15,474
12,475
14,476
19,477
10,478
7,479
14,480
9,481
15,482
8,483
12,484
12,485
5,486
7,487
1,488
0,489
13,490
16,491
11,492
4,493
9,494
12,495
15,496
11,497
15,498
3,499
5,500
6,501
14,502
10,503
12,504
15,505
11,506
18,507
16,508
0,509
13,510
15,511
15,512
2,513
5,514
15,515
0,516
5,517
0,518
0,519
3,520
7,521
1,522
5,523
5,524
16,525
11,526
15,527
1,528
8,529
16,530
1,531
12,532
16,533
9,534
11,535
18,536
3,537
6,538
16,539
7,540
19,541
1,542
4,543
9,544
10,545
13,546
14,547
17,548
0,549
0,550
9,551
17,552
18,553
10,554
15,555
5,556
1,557
18,558
19,559
10,560
0,561
17,562
6,563
11,564
19,565
19,566
2,567
14,568
3,569
1,570
6,571
15,572
5,573
19,574
4,575
15,576
11,577
18,578
3,579
13,580
10,581
15,582
11,583
1,584
0,585
18,586
10,587
10,588
4,589
11,590
16,591
0,592
10,593
6,594
15,595
18,596
17,597
13,598
18,599
8,600
9,601
10,602
2,603
12,604
11,605
4,606
18,607
13,608
19,609
17,610
4,611
0,612
11,613
0,614
17,615
5,616
2,617
11,618
6,619
5,620
13,621
10,622
11,623
17,624
11,625
19,626
0,627
14,628
18,629
5,630
6,631
13,632
1,633
14,634
5,635
11,636
2,637
0,638
16,639
6,640
2,641
13,642
9,643
4,644
6,645
11,646
16,647
2,648
7,649
12,650
0,651
11,652
1,653
16,654
10,655
8,656
8,657
13,658
18,659
11,660
16,661
18,662
3,663
13,664
5,665
6,666
7,667
3,668
16,669
7,670
16,671
7,672
3,673
13,674
18,675
9,676
14,677
16,678
14,679
10,680
5,681
8,682
11,683
3,684
16,685
16,686
1,687
1,688
10,689
10,690
11,691
13,692
17,693
18,694
16,695
16,696
16,697
13,698
10,699
2,700
13,701
3,702
11,703
1,704
11,705
3,706
3,707
18,708
7,709
8,710
4,711
9,712
11,713
5,714
15,715
5,716
6,717
17,718
5,719
0,720
18,721
17,722
16,723
9,724
11,725
3,726
2,727
3,728
10,729
19,730
15,731
11,732
3,733
7,734
19,735
14,736
2,737
18,738
18,739
0,740
8,741
9,742
6,743
7,744
17,745
18,746
9,747
1,748
11,749
17,750
0,751
18,752
3,753
11,754
17,755
6,756
6,757
0,758
2,759
9,760
18,761
17,762
4,763
18,764
7,765
19,766
17,767
14,768
14,769
16,770
7,771
10,772
19,773
10,774
16,775
3,776
15,777
7,778
3,779
12,780
0,781
2,782
7,783
12,784
15,785
11,786
2,787
4,788
15,789
14,790
8,791
15,792
13,793
13,794
7,795
8,796
6,797
5,798
15,799
16,800
6,801
14,802
10,803
4,804
5,805
17,806
6,807
7,808
5,809
9,810
5,811
6,812
10,813
6,814
2,815
0,816
8,817
2,818
17,819
1,820
18,821
0,822
11,823
19,824
2,825
2,826
5,827
15,828
19,829
18,830
12,831
19,832
4,833
0,834
10,835
3,836
18,837
5,838
0,839
12,840
8,841
17,842
12,843
16,844
2,845
1,846
5,847
14,848
0,849
18,850
2,851
9,852
3,853
2,854
12,855
6,856
10,857
8,858
11,859
2,860
2,861
9,862
18,863
2,864
2,865
6,866
5,867
2,868
4,869
11,870
7,871
4,872
17,873
6,874
15,875
0,876
0,877
19,878
17,879
14,880
0,881
1,882
17,883
4,884
14,885
5,886
17,887
13,888
5,889
4,890
5,891
1,892
10,893
5,894
8,895
11,896
8,897
18,898
12,899
17,900
4,901
8,902
16,903
14,904
4,905
8,906
5,907
5,908
3,909
19,910
18,911
13,912
14,913
1,914
6,915
2,916
3,917
6,918
12,919
5,920
4,921
6,922
14,923
8,924
1,925
7,926
19,927
16,928
5,929
14,930
7,931
14,932
7,933
7,934
12,935
6,936
4,937
2,938
5,939
2,940
7,941
16,942
2,943
11,944
8,945
18,946
10,947
2,948
13,949
15,950
11,951
11,952
2,953
8,954
14,955
16,956
10,957
12,958
13,959
18,960
0,961
19,962
9,963
1,964
15,965
10,966
13,967
17,968
8,969
3,970
5,971
13,972
3,973
11,974
4,975
14,976
5,977
8,978
0,979
7,980
17,981
19,982
14,983
8,984
16,985
6,986
9,987
5,988
4,989
1,990
10,991
14,992
12,993
15,994
9,995
8,996
13,997
5,998
11,999
10,1000
9,1001
4,1002
3,1003
17,1004
16,1005
6,1006
17,1007
10,1008
11,1009
11,1010
11,1011
10,1012
7,1013
13,1014
16,1015
15,1016
2,1017
5,1018
13,1019
14,1020
17,1021
6,1022
11,1023
8,1024
3,1025
5,1026
6,1027
9,1028
10,1029
16,1030
19,1031
2,1032
8,1033
17,1034
16,1035
5,1036
9,1037
1,1038
13,1039
18,1040
13,1041
3,1042
15,1043
12,1044
18,1045
11,1046
11,1047
16,1048
16,1049
11,1050
15,1051
19,1052
13,1053
18,1054
11,1055
11,1056
9,1057
14,1058
14,1059
16,1060
3,1061
17,1062
0,1063
8,1064
19,1065
13,1066
13,1067
6,1068
15,1069
5,1070
0,1071
19,1072
4,1073
5,1074
2,1075
7,1076
4,1077
13,1078
1,1079
13,1080
16,1081
5,1082
8,1083
2,1084
19,1085
14,1086
8,1087
8,1088
11,1089
0,1090
0,1091
2,1092
16,1093
18,1094
8,1095
7,1096
11,1097
13,1098
3,1099
16,1100
19,1101
2,1102
18,1103
8,1104
5,1105
10,1106
15,1107
6,1108
10,1109
0,1110
4,1111
8,1112
15,1113
3,1114
11,1115
18,1116
19,1117
0,1118
8,1119
12,1120
0,1121
6,1122
9,1123
17,1124
8,1125
1,1126
5,1127
5,1128
4,1129
8,1130
17,1131
4,1132
17,1133
3,1134
9,1135
4,1136
15,1137
8,1138
5,1139
1,1140
6,1141
17,1142
17,1143
15,1144
13,1145
8,1146
13,1147
15,1148
11,1149
8,1150
4,1151
6,1152
7,1153
1,1154
15,1155
7,1156
6,1157
4,1158
3,1159
15,1160
3,1161
9,1162
0,1163
2,1164
3,1165
15,1166
8,1167
5,1168
9,1169
13,1170
9,1171
2,1172
13,1173
18,1174
6,1175
12,1176
10,1177
14,1178
4,1179
3,1180
10,1181
18,1182
8,1183
15,1184
12,1185
17,1186
3,1187
12,1188
5,1189
19,1190
19,1191
10,1192
9,1193
10,1194
16,1195
5,1196
2,1197
11,1198
5,1199
9,1200
12,1201
11,1202
14,1203
6,1204
3,1205
17,1206
8,1207
2,1208
11,1209
5,1210
1,1211
15,1212
19,1213
8,1214
6,1215
14,1216
3,1217
13,1218
7,1219
3,1220
16,1221
19,1222
2,1223
0,1224
0,1225
18,1226
5,1227
8,1228
9,1229
2,1230
11,1231
17,1232
16,1233
5,1234
12,1235
11,1236
15,1237
6,1238
6,1239
7,1240
9,1241
14,1242
11,1243
18,1244
11,1245
4,1246
7,1247
0,1248
10,1249
9,1250
9,1251
3,1252
4,1253
10,1254
8,1255
13,1256
6,1257
14,1258
14,1259
4,1260
14,1261
2,1262
18,1263
13,1264
3,1265
9,1266
1,1267
18,1268
11,1269
17,1270
18,1271
2,1272
5,1273
2,1274
11,1275
4,1276
11,1277
14,1278
2,1279
18,1280
18,1281
14,1282
17,1283
7,1284
7,1285
17,1286
9,1287
8,1288
8,1289
12,1290
2,1291
12,1292
7,1293
1,1294
10,1295
17,1296
5,1297
18,1298
17,1299
9,1300
17,1301
15,1302
17,1303
7,1304
4,1305
5,1306
17,1307
14,1308
13,1309
9,1310
0,1311
13,1312
0,1313
12,1314
17,1315
0,1316
2,1317
1,1318
7,1319
13,1320
1,1321
17,1322
18,1323
4,1324
19,1325
18,1326
8,1327
13,1328
19,1329
18,1330
5,1331
11,1332
7,1333
16,1334
4,1335
9,1336
12,1337
4,1338
6,1339
10,1340
16,1341
8,1342
14,1343
2,1344
1,1345
15,1346
14,1347
12,1348
8,1349
9,1350
2,1351
0,1352
17,1353
3,1354
19,1355
14,1356
12,1357
19,1358
3,1359
4,1360
17,1361
14,1362
19,1363
1,1364
4,1365
5,1366
15,1367
8,1368
6,1369
10,1370
8,1371
17,1372
16,1373
13,1374
19,1375
6,1376
8,1377
1,1378
13,1379
13,1380
2,1381
8,1382
17,1383
0,1384
10,1385
5,1386
8,1387
5,1388
12,1389
3,1390
4,1391
7,1392
17,1393
10,1394
0,1395
10,1396
11,1397
7,1398
0,1399
5,1400
2,1401
16,1402
8,1403
9,1404
14,1405
0,1406
14,1407
5,1408
18,1409
0,1410
0,1411
12,1412
6,1413
15,1414
6,1415
13,1416
11,1417
0,1418
2,1419
3,1420
7,1421
9,1422
11,1423
6,1424
5,1425
4,1426
15,1427
11,1428
7,1429
2,1430
2,1431
16,1432
18,1433
15,1434
13,1435
6,1436
16,1437
13,1438
13,1439
13,1440
0,1441
14,1442
19,1443
8,1444
15,1445
15,1446
15,1447
5,1448
13,1449
15,1450
1,1451
0,1452
6,1453
2,1454
18,1455
14,1456
17,1457
2,1458
15,1459
5,1460
7,1461
5,1462
15,1463
15,1464
9,1465
7,1466
6,1467
8,1468
1,1469
17,1470
19,1471
9,1472
13,1473
1,1474
19,1475
9,1476
9,1477
18,1478
4,1479
13,1480
3,1481
1,1482
10,1483
13,1484
4,1485
3,1486
19,1487
5,1488
5,1489
17,1490
15,1491
13,1492
15,1493
11,1494
4,1495
15,1496
7,1497
6,1498
4,1499
17,1500
13,1501
8,1502
0,1503
1,1504
8,1505
12,1506
0,1507
0,1508
0,1509
16,1510
14,1511
14,1512
18,1513
15,1514
6,1515
19,1516
18,1517
13,1518
8,1519
7,1520
13,1521
14,1522
4,1523
19,1524
10,1525
17,1526
7,1527
12,1528
9,1529
6,1530
15,1531
4,1532
7,1533
8,1534
0,1535
17,1536
4,1537
4,1538
12,1539
8,1540
3,1541
5,1542
1,1543
9,1544
0,1545
14,1546
6,1547
19,1548
6,1549
11,1550
8,1551
3,1552
4,1553
11,1554
5,1555
5,1556
7,1557
2,1558
1,1559
18,1560
19,1561
16,1562
1,1563
12,1564
14,1565
6,1566
14,1567
9,1568
14,1569
14,1570
5,1571
18,1572
3,1573
3,1574
3,1575
5,1576
5,1577
8,1578
11,1579
12,1580
1,1581
14,1582
10,1583
6,1584
17,1585
5,1586
9,1587
12,1588
19,1589
17,1590
6,1591
11,1592
3,1593
10,1594
0,1595
14,1596
10,1597
14,1598
12,1599
8,1600
10,1601
13,1602
18,1603
14,1604
15,1605
18,1606
1,1607
5,1608
19,1609
6,1610
0,1611
12,1612
1,1613
14,1614
15,1615
3,1616
4,1617
12,1618
5,1619
0,1620
17,1621
4,1622
3,1623
12,1624
14,1625
16,1626
1,1627
18,1628
12,1629
13,1630
4,1631
19,1632
4,1633
6,1634
11,1635
15,1636
4,1637
11,1638
15,1639
11,1640
2,1641
10,1642
19,1643
7,1644
13,1645
7,1646
17,1647
1,1648
9,1649
8,1650
5,1651
1,1652
15,1653
13,1654
2,1655
15,1656
3,1657
16,1658
12,1659
16,1660
13,1661
14,1662
15,1663
6,1664
15,1665
9,1666
2,1667
10,1668
14,1669
9,1670
6,1671
10,1672
0,1673
7,1674
13,1675
10,1676
11,1677
11,1678
0,1679
7,1680
17,1681
4,1682
4,1683
11,1684
12,1685
8,1686
10,1687
4,1688
19,1689
19,1690
3,1691
15,1692
16,1693
7,1694
10,1695
18,1696
19,1697
15,1698
16,1699
18,1700
17,1701
5,1702
6,1703
9,1704
7,1705
2,1706
15,1707
3,1708
7,1709
13,1710
8,1711
19,1712
16,1713
0,1714
2,1715
12,1716
9,1717
9,1718
8,1719
16,1720
5,1721
0,1722
18,1723
18,1724
16,1725
15,1726
13,1727
2,1728
2,1729
14,1730
9,1731
15,1732
16,1733
9,1734
2,1735
1,1736
16,1737
12,1738
18,1739
0,1740
8,1741
5,1742
16,1743
3,1744
10,1745
4,1746
4,1747
1,1748
5,1749
17,1750
10,1751
16,1752
2,1753
9,1754
7,1755
0,1756
13,1757
1,1758
18,1759
15,1760
12,1761
10,1762
8,1763
12,1764
8,1765
8,1766
13,1767
18,1768
10,1769
5,1770
9,1771
10,1772
4,1773
12,1774
15,1775
15,1776
18,1777
2,1778
5,1779
14,1780
15,1781
16,1782
0,1783
15,1784
5,1785
19,1786
5,1787
19,1788
19,1789
6,1790
8,1791
2,1792
19,1793
3,1794
11,1795
11,1796
2,1797
9,1798
17,1799
1,1800
11,1801
10,1802
19,1803
17,1804
16,1805
1,1806
3,1807
6,1808
19,1809
17,1810
17,1811
18,1812
11,1813
13,1814
0,1815
0,1816
12,1817
13,1818
6,1819
1,1820
7,1821
3,1822
3,1823
0,1824
18,1825
13,1826
14,1827
1,1828
1,1829
12,1830
5,1831
6,1832
6,1833
17,1834
8,1835
2,1836
0,1837
2,1838
12,1839
12,1840
14,1841
4,1842
2,1843
4,1844
2,1845
6,1846
14,1847
4,1848
18,1849
17,1850
7,1851
16,1852
18,1853
6,1854
17,1855
1,1856
11,1857
11,1858
10,1859
13,1860
5,1861
6,1862
11,1863
1,1864
6,1865
16,1866
7,1867
0,1868
5,1869
6,1870
15,1871
14,1872
5,1873
10,1874
12,1875
5,1876
5,1877
15,1878
5,1879
6,1880
16,1881
2,1882
17,1883
12,1884
2,1885
14,1886
12,1887
13,1888
0,1889
4,1890
0,1891
9,1892
13,1893
15,1894
4,1895
16,1896
6,1897
0,1898
4,1899
2,1900
19,1901
1,1902
5,1903
5,1904
2,1905
14,1906
2,1907
7,1908
14,1909
11,1910
9,1911
6,1912
18,1913
0,1914
7,1915
13,1916
16,1917
5,1918
15,1919
12,1920
6,1921
12,1922
2,1923
19,1924
13,1925
18,1926
6,1927
13,1928
16,1929
12,1930
13,1931
0,1932
4,1933
16,1934
2,1935
10,1936
8,1937
14,1938
9,1939
8,1940
0,1941
6,1942
1,1943
2,1944
7,1945
7,1946
1,1947
12,1948
5,1949
18,1950
8,1951
5,1952
19,1953
14,1954
11,1955
15,1956
14,1957
14,1958
13,1959
11,1960
10,1961
19,1962
1,1963
3,1964
0,1965
16,1966
2,1967
5,1968
13,1969
7,1970
14,1971
1,1972
18,1973
18,1974
19,1975
7,1976
6,1977
10,1978
11,1979
12,1980
17,1981
11,1982
17,1983
11,1984
3,1985
10,1986
5,1987
12,1988
19,1989
2,1990
19,1991
8,1992
9,1993
16,1994
14,1995
2,1996
13,1997
3,1998
0,1999
15,2000
0,2001
15,2002
11,2003
11,2004
0,2005
9,2006
16,2007
17,2008
4,2009
9,2010
17,2011
7,2012
4,2013
1,2014
13,2015
17,2016
14,2017
6,2018
17,2019
2,2020
6,2021
11,2022
17,2023
14,2024
5,2025
0,2026
9,2027
19,2028
18,2029
3,2030
3,2031
17,2032
9,2033
15,2034
12,2035
16,2036
8,2037
19,2038
8,2039
11,2040
16,2041
14,2042
14,2043
7,2044
11,2045
11,2046
10,2047
12,2048
0,2049
4,2050
14,2051
5,2052
12,2053
10,2054
8,2055
7,2056
0,2057
8,2058
7,2059
5,2060
10,2061
0,2062
18,2063
3,2064
13,2065
1,2066
11,2067
15,2068
18,2069
11,2070
13,2071
1,2072
4,2073
13,2074
9,2075
6,2076
0,2077
13,2078
8,2079
12,2080
8,2081
12,2082
1,2083
14,2084
15,2085
13,2086
1,2087
5,2088
1,2089
16,2090
14,2091
13,2092
16,2093
13,2094
1,2095
16,2096
7,2097
7,2098
15,2099
8,2100
6,2101
10,2102
5,2103
1,2104
6,2105
2,2106
15,2107
8,2108
2,2109
1,2110
9,2111
19,2112
19,2113
16,2114
17,2115
1,2116
5,2117
17,2118
17,2119
8,2120
12,2121
17,2122
13,2123
18,2124
8,2125
2,2126
0,2127
3,2128
14,2129
3,2130
0,2131
10,2132
0,2133
2,2134
16,2135
2,2136
19,2137
0,2138
16,2139
19,2140
9,2141
2,2142
1,2143
0,2144
9,2145
1,2146
2,2147
6,2148
1,2149
19,2150
7,2151
0,2152
3,2153
11,2154
1,2155
7,2156
17,2157
7,2158
3,2159
11,2160
8,2161
10,2162
11,2163
0,2164
18,2165
18,2166
10,2167
3,2168
4,2169
12,2170
1,2171
10,2172
18,2173
9,2174
0,2175
10,2176
19,2177
16,2178
1,2179
16,2180
4,2181
3,2182
3,2183
5,2184
10,2185
10,2186
7,2187
10,2188
10,2189
3,2190
17,2191
16,2192
6,2193
14,2194
2,2195
17,2196
7,2197
4,2198
14,2199
13,2200
0,2201
15,2202
9,2203
0,2204
12,2205
18,2206
8,2207
4,2208
9,2209
7,2210
17,2211
12,2212
0,2213
14,2214
0,2215
1,2216
18,2217
13,2218
5,2219
18,2220
8,2221
8,2222
0,2223
4,2224
14,2225
13,2226
16,2227
11,2228
13,2229
15,2230
10,2231
15,2232
19,2233
9,2234
19,2235
8,2236
8,2237
6,2238
8,2239
6,2240
4,2241
18,2242
6,2243
17,2244
4,2245
15,2246
12,2247
8,2248
18,2249
19,2250
11,2251
17,2252
15,2253
19,2254
12,2255
15,2256
19,2257
8,2258
19,2259
9,2260
19,2261
15,2262
12,2263
13,2264
3,2265
8,2266
4,2267
3,2268
10,2269
2,2270
13,2271
9,2272
7,2273
10,2274
10,2275
13,2276
4,2277
17,2278
0,2279
11,2280
1,2281
8,2282
18,2283
10,2284
1,2285
1,2286
8,2287
8,2288
16,2289
1,2290
14,2291
10,2292
7,2293
12,2294
10,2295
4,2296
0,2297
10,2298
7,2299
19,2300
3,2301
12,2302
16,2303
4,2304
19,2305
0,2306
0,2307
0,2308
0,2309
9,2310
15,2311
18,2312
14,2313
6,2314
9,2315
3,2316
10,2317
17,2318
4,2319
4,2320
4,2321
16,2322
13,2323
0,2324
14,2325
11,2326
5,2327
7,2328
12,2329
6,2330
10,2331
12,2332
13,2333
16,2334
9,2335
8,2336
18,2337
2,2338
11,2339
8,2340
17,2341
1,2342
15,2343
19,2344
18,2345
15,2346
1,2347
14,2348
19,2349
0,2350
7,2351
19,2352
5,2353
15,2354
10,2355
2,2356
17,2357
2,2358
6,2359
3,2360
10,2361
0,2362
5,2363
11,2364
9,2365
15,2366
8,2367
15,2368
17,2369
4,2370
1,2371
14,2372
2,2373
3,2374
11,2375
4,2376
9,2377
11,2378
8,2379
11,2380
0,2381
1,2382
15,2383
12,2384
7,2385
2,2386
7,2387
19,2388
13,2389
15,2390
9,2391
18,2392
14,2393
9,2394
1,2395
3,2396
5,2397
3,2398
18,2399
0,2400
10,2401
3,2402
4,2403
3,2404
11,2405
17,2406
3,2407
6,2408
12,2409
5,2410
12,2411
8,2412
7,2413
19,2414
1,2415
6,2416
16,2417
9,2418
2,2419
11,2420
12,2421
19,2422
16,2423
3,2424
18,2425
16,2426
8,2427
5,2428
4,2429
13,2430
10,2431
11,2432
1,2433
8,2434
3,2435
9,2436
6,2437
18,2438
19,2439
14,2440
10,2441
7,2442
11,2443
3,2444
19,2445
7,2446
4,2447
18,2448
2,2449
3,2450
14,2451
1,2452
18,2453
13,2454
10,2455
0,2456
4,2457
8,2458
10,2459
13,2460
12,2461
7,2462
17,2463
3,2464
6,2465
6,2466
2,2467
12,2468
14,2469
12,2470
0,2471
11,2472
19,2473
14,2474
3,2475
1,2476
10,2477
2,2478
7,2479
18,2480
6,2481
11,2482
2,2483
7,2484
16,2485
15,2486
0,2487
18,2488
2,2489
14,2490
16,2491
5,2492
14,2493
10,2494
5,2495
6,2496
5,2497
9,2498
14,2499
6,2500
6,2501
15,2502
9,2503
12,2504
5,2505
13,2506
13,2507
11,2508
19,2509
0,2510
17,2511
9,2512
12,2513
19,2514
14,2515
1,2516
19,2517
19,2518
9,2519
12,2520
11,2521
16,2522
17,2523
5,2524
16,2525
3,2526
7,2527
8,2528
0,2529
18,2530
12,2531
13,2532
2,2533
13,2534
17,2535
17,2536
18,2537
17,2538
16,2539
3,2540
7,2541
9,2542
14,2543
6,2544
0,2545
7,2546
17,2547
8,2548
8,2549
4,2550
13,2551
13,2552
10,2553
15,2554
0,2555
11,2556
14,2557
7,2558
12,2559
12,2560
17,2561
18,2562
4,2563
7,2564
2,2565
15,2566
8,2567
6,2568
12,2569
9,2570
16,2571
7,2572
8,2573
8,2574
18,2575
3,2576
15,2577
18,2578
14,2579
16,2580
9,2581
2,2582
7,2583
4,2584
14,2585
14,2586
5,2587
0,2588
3,2589
14,2590
4,2591
8,2592
4,2593
4,2594
6,2595
8,2596
6,2597
13,2598
2,2599
5,2600
4,2601
17,2602
12,2603
17,2604
1,2605
8,2606
1,2607
1,2608
0,2609
15,2610
4,2611
11,2612
10,2613
7,2614
4,2615
19,2616
18,2617
17,2618
3,2619
18,2620
9,2621
0,2622
5,2623
17,2624
16,2625
12,2626
14,2627
8,2628
1,2629
18,2630
5,2631
0,2632
14,2633
6,2634
0,2635
4,2636
17,2637
11,2638
1,2639
19,2640
14,2641
12,2642
2,2643
18,2644
8,2645
1,2646
5,2647
12,2648
8,2649
4,2650
1,2651
14,2652
3,2653
18,2654
13,2655
2,2656
16,2657
1,2658
18,2659
17,2660
7,2661
12,2662
16,2663
9,2664
0,2665
12,2666
0,2667
15,2668
9,2669
4,2670
6,2671
0,2672
8,2673
4,2674
2,2675
17,2676
5,2677
8,2678
0,2679
9,2680
15,2681
10,2682
5,2683
3,2684
8,2685
18,2686
5,2687
10,2688
16,2689
7,2690
7,2691
6,2692
17,2693
12,2694
2,2695
17,2696
3,2697
9,2698
14,2699
0,2700
9,2701
11,2702
5,2703
2,2704
4,2705
16,2706
10,2707
16,2708
5,2709
2,2710
12,2711
0,2712
6,2713
11,2714
5,2715
8,2716
10,2717
13,2718
14,2719
12,2720
16,2721
19,2722
12,2723
13,2724
18,2725
8,2726
3,2727
8,2728
3,2729
16,2730
13,2731
9,2732
18,2733
7,2734
10,2735
16,2736
0,2737
17,2738
9,2739
17,2740
4,2741
14,2742
14,2743
7,2744
19,2745
1,2746
2,2747
1,2748
17,2749
1,2750
15,2751
12,2752
15,2753
15,2754
10,2755
14,2756
12,2757
17,2758
18,2759
2,2760
10,2761
1,2762
9,2763
10,2764
5,2765
0,2766
18,2767
2,2768
18,2769
17,2770
2,2771
15,2772
19,2773
13,2774
11,2775
9,2776
13,2777
18,2778
17,2779
16,2780
12,2781
2,2782
1,2783
1,2784
19,2785
16,2786
0,2787
0,2788
0,2789
8,2790
10,2791
15,2792
13,2793
3,2794
0,2795
18,2796
17,2797
10,2798
6,2799
11,2800
6,2801
9,2802
9,2803
6,2804
18,2805
15,2806
4,2807
14,2808
19,2809
3,2810
16,2811
12,2812
18,2813
9,2814
1,2815
8,2816
19,2817
8,2818
8,2819
11,2820
19,2821
3,2822
11,2823
2,2824
7,2825
15,2826
2,2827
6,2828
9,2829
4,2830
17,2831
17,2832
19,2833
18,2834
9,2835
6,2836
9,2837
1,2838
17,2839
16,2840
9,2841
3,2842
13,2843
2,2844
7,2845
3,2846
11,2847
5,2848
8,2849
1,2850
2,2851
2,2852
15,2853
9,2854
13,2855
10,2856
16,2857
15,2858
7,2859
9,2860
18,2861
13,2862
5,2863
9,2864
10,2865
1,2866
10,2867
12,2868
13,2869
1,2870
16,2871
13,2872
7,2873
8,2874
15,2875
17,2876
14,2877
5,2878
3,2879
15,2880
1,2881
8,2882
11,2883
7,2884
15,2885
14,2886
11,2887
7,2888
11,2889
0,2890
1,2891
7,2892
6,2893
10,2894
0,2895
3,2896
16,2897
4,2898
0,2899
12,2900
18,2901
11,2902
13,2903
5,2904
7,2905
11,2906
18,2907
3,2908
0,2909
11,2910
0,2911
1,2912
8,2913
18,2914
0,2915
8,2916
10,2917
14,2918
19,2919
1,2920
6,2921
12,2922
5,2923
4,2924
13,2925
3,2926
3,2927
3,2928
15,2929
13,2930
14,2931
5,2932
9,2933
10,2934
5,2935
15,2936
3,2937
17,2938
13,2939
0,2940
4,2941
8,2942
5,2943
4,2944
19,2945
9,2946
13,2947
2,2948
19,2949
13,2950
9,2951
17,2952
3,2953
3,2954
10,2955
7,2956
18,2957
0,2958
18,2959
14,2960
11,2961
6,2962
17,2963
14,2964
17,2965
5,2966
16,2967
19,2968
8,2969
11,2970
11,2971
3,2972
18,2973
18,2974
16,2975
9,2976
11,2977
0,2978
2,2979
1,2980
3,2981
13,2982
17,2983
9,2984
12,2985
13,2986
4,2987
1,2988
0,2989
19,2990
3,2991
15,2992
16,2993
16,2994
0,2995
5,2996
19,2997
18,2998
5,2999
11,3000
18,3001
13,3002
10,3003
11,3004
18,3005
8,3006
17,3007
4,3008
7,3009
7,3010
11,3011
11,3012
11,3013
10,3014
14,3015
9,3016
18,3017
11,3018
4,3019
17,3020
13,3021
1,3022
6,3023
8,3024
11,3025
5,3026
1,3027
12,3028
0,3029
18,3030
19,3031
2,3032
10,3033
6,3034
10,3035
1,3036
4,3037
12,3038
1,3039
9,3040
2,3041
16,3042
18,3043
0,3044
14,3045
16,3046
15,3047
9,3048
4,3049
0,3050
16,3051
3,3052
2,3053
6,3054
5,3055
11,3056
7,3057
14,3058
18,3059
16,3060
12,3061
19,3062
17,3063
6,3064
0,3065
6,3066
19,3067
9,3068
11,3069
8,3070
13,3071
0,3072
13,3073
2,3074
3,3075
7,3076
16,3077
14,3078
9,3079
10,3080
13,3081
17,3082
2,3083
15,3084
8,3085
19,3086
14,3087
11,3088
13,3089
7,3090
3,3091
9,3092
2,3093
9,3094
7,3095
3,3096
19,3097
9,3098
19,3099
9,3100
17,3101
2,3102
11,3103
2,3104
19,3105
9,3106
11,3107
9,3108
1,3109
3,3110
9,3111
19,3112
3,3113
19,3114
8,3115
6,3116
15,3117
7,3118
4,3119
19,3120
6,3121
8,3122
14,3123
7,3124
9,3125
19,3126
10,3127
16,3128
12,3129
17,3130
0,3131
17,3132
7,3133
0,3134
2,3135
11,3136
3,3137
11,3138
2,3139
6,3140
0,3141
19,3142
1,3143
1,3144
5,3145
13,3146
0,3147
11,3148
9,3149
5,3150
15,3151
11,3152
6,3153
6,3154
8,3155
2,3156
2,3157
19,3158
0,3159
9,3160
13,3161
1,3162
14,3163
16,3164
5,3165
2,3166
6,3167
5,3168
7,3169
0,3170
6,3171
1,3172
14,3173
15,3174
15,3175
19,3176
1,3177
11,3178
18,3179
5,3180
14,3181
4,3182
16,3183
8,3184
11,3185
1,3186
14,3187
18,3188
10,3189
13,3190
9,3191
9,3192
7,3193
12,3194
19,3195
0,3196
11,3197
15,3198
8,3199
14,3200
11,3201
7,3202
12,3203
5,3204
12,3205
3,3206
17,3207
8,3208
1,3209
8,3210
14,3211
14,3212
5,3213
6,3214
6,3215
8,3216
9,3217
16,3218
0,3219
0,3220
1,3221
15,3222
8,3223
16,3224
7,3225
17,3226
13,3227
16,3228
3,3229
1,3230
18,3231
16,3232
18,3233
7,3234
19,3235
13,3236
8,3237
7,3238
16,3239
3,3240
1,3241
3,3242
12,3243
2,3244
5,3245
12,3246
15,3247
10,3248
10,3249
19,3250
7,3251
11,3252
11,3253
10,3254
12,3255
15,3256
19,3257
10,3258
18,3259
15,3260
7,3261
2,3262
8,3263
0,3264
6,3265
13,3266
14,3267
15,3268
13,3269
7,3270
13,3271
15,3272
8,3273
15,3274
18,3275
10,3276
16,3277
15,3278
17,3279
12,3280
10,3281
1,3282
13,3283
5,3284
5,3285
19,3286
15,3287
1,3288
3,3289
2,3290
1,3291
5,3292
16,3293
2,3294
15,3295
15,3296
4,3297
8,3298
2,3299
11,3300
15,3301
17,3302
0,3303
2,3304
8,3305
6,3306
19,3307
19,3308
19,3309
5,3310
9,3311
0,3312
3,3313
15,3314
18,3315
12,3316
0,3317
16,3318
7,3319
18,3320
4,3321
11,3322
17,3323
7,3324
13,3325
1,3326
11,3327
13,3328
2,3329
7,3330
12,3331
16,3332
2,3333
6,3334
0,3335
18,3336
4,3337
9,3338
14,3339
4,3340
14,3341
15,3342
15,3343
3,3344
10,3345
5,3346
4,3347
2,3348
0,3349
5,3350
2,3351
18,3352
19,3353
11,3354
19,3355
16,3356
18,3357
17,3358
7,3359
9,3360
11,3361
6,3362
5,3363
9,3364
18,3365
2,3366
9,3367
12,3368
13,3369
9,3370
11,3371
14,3372
15,3373
12,3374
13,3375
11,3376
7,3377
9,3378
4,3379
9,3380
3,3381
9,3382
5,3383
1,3384
2,3385
15,3386
14,3387
12,3388
7,3389
10,3390
5,3391
9,3392
17,3393
1,3394
14,3395
7,3396
4,3397
2,3398
2,3399
6,3400
7,3401
6,3402
0,3403
2,3404
10,3405
15,3406
13,3407
12,3408
13,3409
0,3410
8,3411
11,3412
3,3413
13,3414
9,3415
11,3416
17,3417
0,3418
3,3419
13,3420
14,3421
17,3422
6,3423
11,3424
10,3425
14,3426
15,3427
5,3428
14,3429
10,3430
2,3431
15,3432
9,3433
8,3434
19,3435
2,3436
18,3437
10,3438
16,3439
11,3440
18,3441
10,3442
19,3443
3,3444
15,3445
12,3446
10,3447
6,3448
8,3449
17,3450
9,3451
2,3452
1,3453
5,3454
14,3455
5,3456
17,3457
17,3458
5,3459
1,3460
8,3461
2,3462
15,3463
5,3464
2,3465
19,3466
7,3467
4,3468
9,3469
13,3470
2,3471
15,3472
14,3473
18,3474
13,3475
12,3476
14,3477
14,3478
13,3479
3,3480
16,3481
16,3482
6,3483
17,3484
7,3485
0,3486
4,3487
5,3488
17,3489
4,3490
1,3491
10,3492
16,3493
10,3494
15,3495
3,3496
13,3497
14,3498
15,3499
0,3500
6,3501
5,3502
18,3503
3,3504
2,3505
13,3506
14,3507
10,3508
0,3509
18,3510
12,3511
14,3512
18,3513
15,3514
2,3515
0,3516
1,3517
6,3518
18,3519
11,3520
14,3521
13,3522
10,3523
5,3524
11,3525
0,3526
17,3527
3,3528
18,3529
5,3530
8,3531
19,3532
10,3533
10,3534
8,3535
17,3536
9,3537
18,3538
10,3539
2,3540
14,3541
6,3542
16,3543
12,3544
18,3545
15,3546
18,3547
11,3548
7,3549
10,3550
18,3551
5,3552
19,3553
3,3554
19,3555
4,3556
0,3557
16,3558
2,3559
5,3560
6,3561
19,3562
6,3563
3,3564
9,3565
6,3566
11,3567
3,3568
4,3569
17,3570
4,3571
16,3572
10,3573
17,3574
4,3575
0,3576
3,3577
6,3578
11,3579
4,3580
7,3581
18,3582
1,3583
1,3584
19,3585
1,3586
5,3587
12,3588
3,3589
0,3590
1,3591
6,3592
0,3593
19,3594
18,3595
16,3596
19,3597
16,3598
10,3599
5,3600
14,3601
8,3602
5,3603
1,3604
2,3605
13,3606
18,3607
5,3608
4,3609
9,3610
13,3611
8,3612
6,3613
18,3614
16,3615
8,3616
10,3617
17,3618
19,3619
8,3620
12,3621
12,3622
3,3623
0,3624
13,3625
11,3626
5,3627
14,3628
8,3629
3,3630
12,3631
10,3632
18,3633
9,3634
0,3635
11,3636
1,3637
16,3638
2,3639
19,3640
8,3641
0,3642
9,3643
0,3644
10,3645
19,3646
18,3647
15,3648
14,3649
17,3650
11,3651
19,3652
7,3653
13,3654
7,3655
17,3656
15,3657
9,3658
0,3659
3,3660
1,3661
6,3662
7,3663
16,3664
11,3665
13,3666
16,3667
10,3668
15,3669
3,3670
8,3671
7,3672
18,3673
9,3674
1,3675
17,3676
17,3677
13,3678
5,3679
18,3680
15,3681
3,3682
10,3683
18,3684
4,3685
14,3686
4,3687
19,3688
12,3689
16,3690
18,3691
12,3692
14,3693
1,3694
11,3695
3,3696
7,3697
8,3698
15,3699
5,3700
17,3701
7,3702
1,3703
11,3704
12,3705
3,3706
3,3707
6,3708
4,3709
11,3710
9,3711
14,3712
5,3713
14,3714
6,3715
8,3716
3,3717
10,3718
18,3719
17,3720
2,3721
3,3722
18,3723
2,3724
2,3725
15,3726
12,3727
14,3728
17,3729
19,3730
11,3731
0,3732
16,3733
12,3734
8,3735
19,3736
11,3737
10,3738
10,3739
17,3740
6,3741
18,3742
14,3743
3,3744
9,3745
16,3746
14,3747
1,3748
3,3749
8,3750
1,3751
9,3752
4,3753
1,3754
13,3755
3,3756
7,3757
13,3758
9,3759
4,3760
6,3761
15,3762
15,3763
17,3764
16,3765
7,3766
3,3767
11,3768
18,3769
19,3770
14,3771
4,3772
10,3773
11,3774
3,3775
17,3776
11,3777
9,3778
13,3779
9,3780
10,3781
9,3782
10,3783
13,3784
15,3785
9,3786
11,3787
7,3788
18,3789
13,3790
18,3791
5,3792
11,3793
5,3794
19,3795
3,3796
5,3797
18,3798
16,3799
6,3800
14,3801
5,3802
8,3803
19,3804
13,3805
0,3806
2,3807
3,3808
16,3809
7,3810
11,3811
10,3812
4,3813
18,3814
0,3815
3,3816
4,3817
9,3818
11,3819
3,3820
3,3821
16,3822
9,3823
4,3824
4,3825
8,3826
19,3827
19,3828
1,3829
2,3830
4,3831
9,3832
15,3833
0,3834
10,3835
11,3836
18,3837
4,3838
6,3839
17,3840
19,3841
7,3842
17,3843
15,3844
10,3845
3,3846
2,3847
3,3848
7,3849
3,3850
14,3851
4,3852
18,3853
6,3854
14,3855
6,3856
8,3857
0,3858
17,3859
10,3860
14,3861
9,3862
15,3863
15,3864
11,3865
13,3866
15,3867
4,3868
8,3869
18,3870
11,3871
11,3872
8,3873
4,3874
9,3875
3,3876
10,3877
11,3878
15,3879
13,3880
10,3881
15,3882
3,3883
5,3884
2,3885
12,3886
10,3887
4,3888
11,3889
0,3890
19,3891
18,3892
12,3893
7,3894
1,3895
12,3896
8,3897
2,3898
12,3899
9,3900
0,3901
5,3902
10,3903
3,3904
9,3905
9,3906
12,3907
15,3908
8,3909
11,3910
16,3911
5,3912
6,3913
5,3914
4,3915
17,3916
14,3917
0,3918
7,3919
11,3920
1,3921
8,3922
13,3923
11,3924
10,3925
9,3926
5,3927
16,3928
12,3929
6,3930
11,3931
11,3932
13,3933
16,3934
7,3935
7,3936
10,3937
7,3938
2,3939
10,3940
13,3941
0,3942
18,3943
4,3944
18,3945
6,3946
3,3947
17,3948
5,3949
4,3950
14,3951
10,3952
9,3953
16,3954
15,3955
18,3956
19,3957
17,3958
6,3959
15,3960
1,3961
18,3962
1,3963
10,3964
10,3965
13,3966
13,3967
2,3968
11,3969
2,3970
11,3971
11,3972
4,3973
4,3974
19,3975
4,3976
6,3977
9,3978
8,3979
4,3980
0,3981
1,3982
7,3983
0,3984
14,3985
13,3986
0,3987
16,3988
4,3989
13,3990
17,3991
14,3992
8,3993
11,3994
10,3995
10,3996
9,3997
14,3998
13,3999
4,4000
13,4001
19,4002
12,4003
13,4004
7,4005
11,4006
6,4007
18,4008
5,4009
15,4010
17,4011
0,4012
14,4013
1,4014
19,4015
10,4016
12,4017
3,4018
15,4019
6,4020
10,4021
2,4022
13,4023
5,4024
14,4025
8,4026
15,4027
9,4028
5,4029
6,4030
16,4031
19,4032
15,4033
9,4034
8,4035
6,4036
7,4037
8,4038
3,4039
12,4040
15,4041
5,4042
8,4043
1,4044
0,4045
11,4046
18,4047
2,4048
15,4049
1,4050
17,4051
15,4052
18,4053
8,4054
13,4055
13,4056
4,4057
9,4058
2,4059
17,4060
12,4061
15,4062
4,4063
15,4064
14,4065
5,4066
9,4067
11,4068
9,4069
6,4070
11,4071
17,4072
4,4073
0,4074
8,4075
6,4076
8,4077
8,4078
11,4079
14,4080
3,4081
8,4082
13,4083
15,4084
1,4085
12,4086
4,4087
19,4088
11,4089
10,4090
14,4091
9,4092
18,4093
0,4094
16,4095
2,4096
5,4097
14,4098
1,4099
2,4100
11,4101
7,4102
4,4103
8,4104
19,4105
16,4106
12,4107
0,4108
14,4109
12,4110
12,4111
5,4112
2,4113
9,4114
3,4115
15,4116
2,4117
7,4118
17,4119
14,4120
17,4121
19,4122
16,4123
18,4124
11,4125
15,4126
15,4127
5,4128
12,4129
5,4130
9,4131
16,4132
11,4133
2,4134
8,4135
18,4136
11,4137
17,4138
6,4139
2,4140
9,4141
0,4142
0,4143
1,4144
18,4145
8,4146
13,4147
17,4148
17,4149
13,4150
15,4151
5,4152
0,4153
13,4154
16,4155
7,4156
13,4157
12,4158
8,4159
13,4160
2,4161
3,4162
8,4163
12,4164
7,4165
12,4166
4,4167
1,4168
11,4169
5,4170
7,4171
4,4172
16,4173
18,4174
6,4175
9,4176
6,4177
15,4178
11,4179
12,4180
16,4181
8,4182
10,4183
10,4184
5,4185
3,4186
12,4187
6,4188
3,4189
6,4190
17,4191
15,4192
16,4193
0,4194
1,4195
16,4196
12,4197
12,4198
15,4199
5,4200
9,4201
4,4202
2,4203
2,4204
12,4205
18,4206
18,4207
19,4208
5,4209
8,4210
15,4211
2,4212
13,4213
19,4214
11,4215
17,4216
18,4217
7,4218
13,4219
8,4220
14,4221
19,4222
4,4223
5,4224
6,4225
17,4226
6,4227
19,4228
17,4229
1,4230
14,4231
19,4232
4,4233
3,4234
4,4235
7,4236
12,4237
19,4238
7,4239
15,4240
13,4241
2,4242
14,4243
16,4244
14,4245
16,4246
12,4247
17,4248
10,4249
8,4250
4,4251
17,4252
3,4253
11,4254
12,4255
4,4256
15,4257
19,4258
13,4259
10,4260
3,4261
2,4262
19,4263
15,4264
3,4265
5,4266
19,4267
6,4268
10,4269
8,4270
18,4271
19,4272
9,4273
1,4274
11,4275
13,4276
19,4277
6,4278
19,4279
14,4280
11,4281
12,4282
1,4283
10,4284
5,4285
2,4286
11,4287
11,4288
4,4289
7,4290
1,4291
2,4292
6,4293
1,4294
7,4295
19,4296
6,4297
8,4298
7,4299
11,4300
11,4301
19,4302
13,4303
12,4304
5,4305
7,4306
13,4307
19,4308
17,4309
0,4310
4,4311
12,4312
4,4313
3,4314
9,4315
7,4316
17,4317
18,4318
0,4319
5,4320
5,4321
2,4322
6,4323
6,4324
6,4325
6,4326
9,4327
8,4328
7,4329
17,4330
14,4331
13,4332
6,4333
15,4334
10,4335
13,4336
3,4337
18,4338
16,4339
6,4340
10,4341
6,4342
1,4343
18,4344
5,4345
8,4346
10,4347
8,4348
7,4349
7,4350
17,4351
18,4352
7,4353
10,4354
15,4355
18,4356
11,4357
13,4358
6,4359
19,4360
10,4361
10,4362
1,4363
5,4364
16,4365
16,4366
5,4367
14,4368
8,4369
3,4370
19,4371
6,4372
4,4373
10,4374
17,4375
12,4376
0,4377
17,4378
8,4379
17,4380
2,4381
2,4382
16,4383
2,4384
14,4385
2,4386
11,4387
8,4388
9,4389
0,4390
18,4391
3,4392
19,4393
19,4394
11,4395
5,4396
4,4397
16,4398
9,4399
1,4400
12,4401
1,4402
10,4403
8,4404
15,4405
9,4406
4,4407
18,4408
19,4409
7,4410
4,4411
13,4412
14,4413
3,4414
10,4415
2,4416
3,4417
9,4418
2,4419
5,4420
6,4421
1,4422
2,4423
3,4424
9,4425
7,4426
14,4427
7,4428
8,4429
5,4430
0,4431
6,4432
5,4433
5,4434
11,4435
11,4436
13,4437
4,4438
0,4439
18,4440
14,4441
1,4442
0,4443
17,4444
2,4445
0,4446
19,4447
5,4448
12,4449
8,4450
9,4451
2,4452
13,4453
17,4454
17,4455
6,4456
15,4457
12,4458
7,4459
15,4460
16,4461
15,4462
13,4463
10,4464
2,4465
5,4466
5,4467
10,4468
17,4469
9,4470
10,4471
12,4472
14,4473
4,4474
1,4475
19,4476
12,4477
14,4478
16,4479
13,4480
19,4481
9,4482
4,4483
7,4484
4,4485
1,4486
14,4487
6,4488
12,4489
16,4490
19,4491
7,4492
1,4493
19,4494
3,4495
0,4496
19,4497
8,4498
3,4499
3,4500
2,4501
4,4502
1,4503
5,4504
18,4505
14,4506
14,4507
16,4508
18,4509
15,4510
9,4511
10,4512
0,4513
1,4514
7,4515
16,4516
15,4517
14,4518
7,4519
2,4520
4,4521
17,4522
5,4523
17,4524
12,4525
3,4526
17,4527
8,4528
0,4529
12,4530
3,4531
13,4532
17,4533
4,4534
11,4535
18,4536
0,4537
15,4538
1,4539
13,4540
12,4541
15,4542
15,4543
10,4544
17,4545
3,4546
3,4547
0,4548
18,4549
8,4550
16,4551
5,4552
15,4553
12,4554
19,4555
1,4556
0,4557
7,4558
1,4559
13,4560
15,4561
17,4562
16,4563
7,4564
15,4565
15,4566
19,4567
17,4568
8,4569
2,4570
17,4571
6,4572
0,4573
17,4574
4,4575
14,4576
19,4577
4,4578
17,4579
2,4580
13,4581
3,4582
16,4583
5,4584
2,4585
13,4586
10,4587
8,4588
7,4589
17,4590
10,4591
3,4592
10,4593
4,4594
9,4595
11,4596
12,4597
11,4598
7,4599
0,4600
0,4601
6,4602
8,4603
9,4604
0,4605
8,4606
3,4607
4,4608
11,4609
4,4610
4,4611
7,4612
8,4613
2,4614
2,4615
9,4616
6,4617
4,4618
16,4619
1,4620
17,4621
7,4622
16,4623
4,4624
13,4625
17,4626
3,4627
2,4628
5,4629
13,4630
14,4631
4,4632
1,4633
12,4634
7,4635
7,4636
3,4637
9,4638
15,4639
13,4640
5,4641
19,4642
14,4643
13,4644
10,4645
11,4646
14,4647
9,4648
10,4649
9,4650
11,4651
4,4652
12,4653
1,4654
3,4655
16,4656
4,4657
17,4658
9,4659
10,4660
0,4661
1,4662
11,4663
0,4664
2,4665
8,4666
14,4667
9,4668
1,4669
3,4670
15,4671
5,4672
14,4673
0,4674
17,4675
11,4676
10,4677
11,4678
12,4679
14,4680
19,4681
16,4682
3,4683
0,4684
15,4685
16,4686
0,4687
14,4688
5,4689
8,4690
13,4691
10,4692
14,4693
2,4694
9,4695
8,4696
0,4697
9,4698
15,4699
14,4700
4,4701
16,4702
12,4703
11,4704
12,4705
15,4706
0,4707
12,4708
13,4709
15,4710
1,4711
2,4712
16,4713
15,4714
13,4715
2,4716
4,4717
10,4718
3,4719
16,4720
16,4721
19,4722
16,4723
6,4724
19,4725
2,4726
12,4727
3,4728
12,4729
17,4730
9,4731
6,4732
2,4733
19,4734
2,4735
0,4736
4,4737
14,4738
16,4739
11,4740
19,4741
12,4742
8,4743
0,4744
0,4745
9,4746
19,4747
2,4748
8,4749
19,4750
17,4751
2,4752
5,4753
10,4754
14,4755
5,4756
1,4757
15,4758
7,4759
6,4760
1,4761
10,4762
9,4763
11,4764
9,4765
13,4766
3,4767
9,4768
2,4769
4,4770
16,4771
9,4772
19,4773
19,4774
19,4775
2,4776
18,4777
16,4778
13,4779
17,4780
17,4781
10,4782
8,4783
7,4784
15,4785
2,4786
6,4787
1,4788
9,4789
4,4790
5,4791
14,4792
1,4793
5,4794
5,4795
19,4796
19,4797
15,4798
0,4799
12,4800
11,4801
2,4802
13,4803
5,4804
11,4805
4,4806
9,4807
8,4808
9,4809
6,4810
2,4811
5,4812
18,4813
12,4814
11,4815
14,4816
11,4817
14,4818
9,4819
19,4820
0,4821
11,4822
12,4823
17,4824
16,4825
11,4826
11,4827
3,4828
6,4829
12,4830
9,4831
14,4832
2,4833
3,4834
0,4835
9,4836
5,4837
0,4838
12,4839
11,4840
5,4841
10,4842
3,4843
8,4844
18,4845
14,4846
18,4847
15,4848
10,4849
15,4850
5,4851
3,4852
7,4853
3,4854
0,4855
5,4856
14,4857
3,4858
3,4859
15,4860
1,4861
1,4862
15,4863
11,4864
4,4865
1,4866
13,4867
8,4868
9,4869
1,4870
1,4871
9,4872
6,4873
12,4874
11,4875
5,4876
15,4877
16,4878
8,4879
0,4880
8,4881
15,4882
2,4883
9,4884
1,4885
2,4886
2,4887
0,4888
6,4889
12,4890
4,4891
6,4892
9,4893
9,4894
6,4895
17,4896
7,4897
10,4898
13,4899
13,4900
4,4901
11,4902
16,4903
1,4904
10,4905
11,4906
18,4907
11,4908
14,4909
18,4910
12,4911
17,4912
4,4913
2,4914
2,4915
12,4916
4,4917
9,4918
4,4919
3,4920
15,4921
2,4922
5,4923
19,4924
0,4925
16,4926
4,4927
4,4928
3,4929
10,4930
11,4931
18,4932
4,4933
17,4934
17,4935
0,4936
9,4937
9,4938
17,4939
11,4940
8,4941
2,4942
19,4943
9,4944
8,4945
4,4946
11,4947
19,4948
6,4949
6,4950
16,4951
5,4952
2,4953
1,4954
10,4955
11,4956
11,4957
17,4958
19,4959
3,4960
12,4961
11,4962
6,4963
4,4964
10,4965
2,4966
10,4967
11,4968
3,4969
18,4970
13,4971
19,4972
4,4973
18,4974
10,4975
14,4976
18,4977
14,4978
19,4979
6,4980
2,4981
13,4982
16,4983
10,4984
10,4985
9,4986
2,4987
16,4988
10,4989
11,4990
4,4991
11,4992
0,4993
3,4994
6,4995
11,4996
8,4997
4,4998
10,4999
12,5000
16,5001
16,5002
4,5003
15,5004
0,5005
0,5006
8,5007
14,5008
3,5009
19,5010
19,5011
13,5012
1,5013
14,5014
8,5015
15,5016
18,5017
1,5018
15,5019
6,5020
0,5021
6,5022
4,5023
18,5024
4,5025
5,5026
0,5027
16,5028
12,5029
8,5030
6,5031
12,5032
0,5033
7,5034
6,5035
0,5036
8,5037
6,5038
18,5039
1,5040
15,5041
13,5042
18,5043
10,5044
8,5045
8,5046
2,5047
16,5048
5,5049
2,5050
7,5051
18,5052
15,5053
11,5054
4,5055
12,5056
17,5057
0,5058
7,5059
5,5060
6,5061
9,5062
16,5063
7,5064
11,5065
4,5066
15,5067
11,5068
0,5069
11,5070
9,5071
8,5072
10,5073
10,5074
16,5075
4,5076
13,5077
17,5078
3,5079
19,5080
16,5081
6,5082
14,5083
0,5084
16,5085
14,5086
12,5087
13,5088
4,5089
10,5090
7,5091
9,5092
15,5093
19,5094
19,5095
13,5096
14,5097
1,5098
9,5099
12,5100
14,5101
3,5102
13,5103
0,5104
8,5105
12,5106
5,5107
16,5108
14,5109
19,5110
15,5111
5,5112
2,5113
1,5114
9,5115
6,5116
8,5117
13,5118
0,5119
7,5120
4,5121
13,5122
9,5123
15,5124
11,5125
1,5126
4,5127
15,5128
3,5129
14,5130
16,5131
9,5132
1,5133
13,5134
0,5135
9,5136
18,5137
4,5138
15,5139
5,5140
3,5141
2,5142
18,5143
19,5144
0,5145
9,5146
2,5147
2,5148
1,5149
8,5150
4,5151
6,5152
10,5153
0,5154
3,5155
10,5156
7,5157
19,5158
16,5159
12,5160
9,5161
16,5162
6,5163
9,5164
11,5165
12,5166
19,5167
3,5168
15,5169
5,5170
15,5171
10,5172
19,5173
5,5174
16,5175
3,5176
8,5177
6,5178
14,5179
0,5180
14,5181
15,5182
3,5183
6,5184
5,5185
11,5186
13,5187
12,5188
0,5189
13,5190
18,5191
9,5192
16,5193
1,5194
18,5195
1,5196
0,5197
17,5198
9,5199
3,5200
18,5201
13,5202
2,5203
15,5204
9,5205
6,5206
1,5207
10,5208
6,5209
12,5210
11,5211
11,5212
1,5213
0,5214
7,5215
4,5216
8,5217
17,5218
2,5219
8,5220
5,5221
2,5222
4,5223
19,5224
12,5225
0,5226
8,5227
3,5228
4,5229
16,5230
11,5231
10,5232
10,5233
8,5234
16,5235
10,5236
10,5237
12,5238
16,5239
19,5240
14,5241
13,5242
11,5243
0,5244
1,5245
10,5246
3,5247
13,5248
4,5249
10,5250
19,5251
19,5252
19,5253
17,5254
17,5255
2,5256
6,5257
3,5258
11,5259
19,5260
4,5261
9,5262
16,5263
13,5264
1,5265
13,5266
16,5267
10,5268
12,5269
15,5270
2,5271
8,5272
14,5273
13,5274
6,5275
12,5276
16,5277
18,5278
18,5279
15,5280
7,5281
11,5282
5,5283
12,5284
1,5285
6,5286
6,5287
9,5288
3,5289
3,5290
1,5291
18,5292
11,5293
13,5294
1,5295
19,5296
19,5297
3,5298
7,5299
13,5300
8,5301
19,5302
18,5303
16,5304
3,5305
19,5306
12,5307
12,5308
9,5309
17,5310
2,5311
13,5312
2,5313
4,5314
3,5315
3,5316
8,5317
15,5318
16,5319
9,5320
16,5321
10,5322
5,5323
15,5324
7,5325
1,5326
6,5327
3,5328
13,5329
11,5330
17,5331
6,5332
18,5333
6,5334
12,5335
14,5336
18,5337
8,5338
2,5339
11,5340
9,5341
2,5342
17,5343
18,5344
6,5345
18,5346
6,5347
13,5348
19,5349
17,5350
2,5351
10,5352
18,5353
8,5354
12,5355
3,5356
7,5357
18,5358
1,5359
9,5360
1,5361
5,5362
11,5363
10,5364
10,5365
14,5366
18,5367
8,5368
6,5369
12,5370
1,5371
5,5372
16,5373
15,5374
13,5375
17,5376
16,5377
9,5378
12,5379
18,5380
19,5381
13,5382
19,5383
5,5384
18,5385
16,5386
7,5387
15,5388
6,5389
8,5390
5,5391
10,5392
9,5393
16,5394
11,5395
14,5396
2,5397
19,5398
18,5399
15,5400
2,5401
4,5402
10,5403
8,5404
6,5405
8,5406
18,5407
2,5408
8,5409
0,5410
13,5411
16,5412
15,5413
1,5414
16,5415
15,5416
7,5417
5,5418
8,5419
15,5420
13,5421
14,5422
11,5423
15,5424
19,5425
15,5426
2,5427
5,5428
11,5429
3,5430
5,5431
19,5432
7,5433
18,5434
17,5435
10,5436
4,5437
6,5438
5,5439
13,5440
12,5441
19,5442
7,5443
1,5444
7,5445
14,5446
8,5447
15,5448
6,5449
14,5450
11,5451
13,5452
0,5453
13,5454
4,5455
2,5456
4,5457
2,5458
9,5459
12,5460
1,5461
2,5462
11,5463
15,5464
15,5465
7,5466
15,5467
18,5468
17,5469
15,5470
12,5471
17,5472
8,5473
11,5474
18,5475
13,5476
8,5477
7,5478
14,5479
10,5480
12,5481
1,5482
0,5483
1,5484
14,5485
4,5486
7,5487
2,5488
6,5489
2,5490
12,5491
5,5492
15,5493
15,5494
12,5495
2,5496
10,5497
6,5498
4,5499
10,5500
8,5501
19,5502
16,5503
7,5504
4,5505
2,5506
5,5507
11,5508
0,5509
5,5510
12,5511
19,5512
2,5513
5,5514
8,5515
4,5516
1,5517
8,5518
17,5519
12,5520
2,5521
3,5522
16,5523
17,5524
12,5525
12,5526
16,5527
11,5528
4,5529
19,5530
5,5531
6,5532
7,5533
15,5534
9,5535
9,5536
13,5537
18,5538
3,5539
10,5540
12,5541
7,5542
11,5543
4,5544
15,5545
15,5546
7,5547
6,5548
16,5549
2,5550
0,5551
16,5552
7,5553
5,5554
3,5555
11,5556
1,5557
14,5558
6,5559
6,5560
15,5561
18,5562
1,5563
6,5564
13,5565
6,5566
17,5567
14,5568
17,5569
3,5570
1,5571
7,5572
15,5573
15,5574
7,5575
18,5576
15,5577
12,5578
5,5579
16,5580
11,5581
15,5582
9,5583
6,5584
0,5585
15,5586
0,5587
19,5588
8,5589
8,5590
14,5591
0,5592
8,5593
12,5594
15,5595
13,5596
0,5597
14,5598
16,5599
0,5600
0,5601
13,5602
9,5603
0,5604
12,5605
2,5606
19,5607
3,5608
17,5609
5,5610
8,5611
12,5612
3,5613
16,5614
11,5615
13,5616
11,5617
6,5618
3,5619
1,5620
4,5621
7,5622
7,5623
14,5624
13,5625
15,5626
15,5627
8,5628
15,5629
11,5630
11,5631
16,5632
4,5633
9,5634
15,5635
7,5636
16,5637
13,5638
3,5639
18,5640
2,5641
8,5642
14,5643
10,5644
1,5645
2,5646
16,5647
8,5648
14,5649
18,5650
2,5651
17,5652
1,5653
2,5654
9,5655
18,5656
6,5657
2,5658
5,5659
19,5660
0,5661
18,5662
8,5663
17,5664
10,5665
14,5666
17,5667
11,5668
19,5669
10,5670
19,5671
4,5672
13,5673
14,5674
6,5675
12,5676
14,5677
2,5678
4,5679
0,5680
13,5681
14,5682
3,5683
7,5684
18,5685
3,5686
17,5687
12,5688
6,5689
11,5690
2,5691
15,5692
17,5693
18,5694
11,5695
6,5696
3,5697
7,5698
17,5699
3,5700
2,5701
11,5702
2,5703
18,5704
11,5705
0,5706
7,5707
15,5708
5,5709
19,5710
13,5711
13,5712
7,5713
0,5714
8,5715
14,5716
10,5717
5,5718
9,5719
7,5720
6,5721
8,5722
5,5723
6,5724
6,5725
6,5726
18,5727
17,5728
12,5729
15,5730
2,5731
13,5732
14,5733
13,5734
9,5735
11,5736
13,5737
13,5738
18,5739
13,5740
19,5741
8,5742
10,5743
5,5744
11,5745
13,5746
7,5747
15,5748
8,5749
12,5750
4,5751
4,5752
13,5753
4,5754
0,5755
16,5756
0,5757
10,5758
10,5759
12,5760
19,5761
11,5762
11,5763
1,5764
3,5765
1,5766
15,5767
19,5768
7,5769
1,5770
19,5771
19,5772
1,5773
8,5774
12,5775
1,5776
3,5777
3,5778
12,5779
4,5780
8,5781
7,5782
9,5783
13,5784
6,5785
7,5786
8,5787
8,5788
12,5789
4,5790
2,5791
6,5792
3,5793
14,5794
19,5795
2,5796
10,5797
11,5798
11,5799
11,5800
3,5801
13,5802
8,5803
19,5804
8,5805
4,5806
15,5807
4,5808
3,5809
4,5810
10,5811
2,5812
2,5813
7,5814
0,5815
11,5816
9,5817
9,5818
19,5819
13,5820
4,5821
3,5822
5,5823
1,5824
10,5825
7,5826
18,5827
5,5828
17,5829
18,5830
3,5831
18,5832
15,5833
7,5834
4,5835
7,5836
3,5837
16,5838
1,5839
4,5840
10,5841
3,5842
13,5843
2,5844
14,5845
1,5846
9,5847
9,5848
7,5849
18,5850
13,5851
0,5852
16,5853
6,5854
7,5855
4,5856
1,5857
18,5858
0,5859
16,5860
0,5861
3,5862
10,5863
6,5864
9,5865
19,5866
13,5867
11,5868
10,5869
11,5870
16,5871
17,5872
9,5873
12,5874
17,5875
19,5876
4,5877
0,5878
14,5879
2,5880
6,5881
16,5882
16,5883
4,5884
19,5885
7,5886
6,5887
13,5888
16,5889
16,5890
7,5891
5,5892
3,5893
5,5894
15,5895
12,5896
15,5897
9,5898
8,5899
17,5900
4,5901
7,5902
3,5903
15,5904
16,5905
5,5906
1,5907
16,5908
9,5909
5,5910
13,5911
19,5912
12,5913
3,5914
10,5915
11,5916
18,5917
6,5918
4,5919
17,5920
10,5921
18,5922
16,5923
1,5924
10,5925
16,5926
17,5927
6,5928
14,5929
3,5930
15,5931
17,5932
2,5933
13,5934
5,5935
3,5936
13,5937
7,5938
19,5939
14,5940
6,5941
7,5942
6,5943
4,5944
6,5945
14,5946
19,5947
7,5948
2,5949
16,5950
1,5951
10,5952
15,5953
0,5954
17,5955
9,5956
3,5957
10,5958
14,5959
15,5960
6,5961
1,5962
16,5963
3,5964
7,5965
17,5966
10,5967
0,5968
17,5969
1,5970
3,5971
10,5972
8,5973
2,5974
10,5975
10,5976
11,5977
5,5978
18,5979
9,5980
1,5981
15,5982
7,5983
9,5984
1,5985
6,5986
7,5987
17,5988
12,5989
1,5990
8,5991
1,5992
0,5993
1,5994
15,5995
13,5996
2,5997
3,5998
9,5999
11,6000
18,6001
0,6002
18,6003
6,6004
17,6005
16,6006
1,6007
4,6008
3,6009
12,6010
16,6011
1,6012
4,6013
12,6014
2,6015
11,6016
1,6017
9,6018
10,6019
11,6020
1,6021
15,6022
5,6023
12,6024
3,6025
1,6026
11,6027
8,6028
16,6029
8,6030
18,6031
5,6032
12,6033
16,6034
5,6035
0,6036
18,6037
6,6038
15,6039
9,6040
16,6041
16,6042
3,6043
14,6044
16,6045
9,6046
14,6047
5,6048
17,6049
2,6050
11,6051
6,6052
0,6053
11,6054
19,6055
18,6056
19,6057
19,6058
2,6059
1,6060
9,6061
2,6062
12,6063
1,6064
3,6065
16,6066
0,6067
18,6068
0,6069
14,6070
8,6071
2,6072
18,6073
9,6074
10,6075
9,6076
5,6077
11,6078
18,6079
5,6080
5,6081
5,6082
1,6083
0,6084
8,6085
1,6086
4,6087
5,6088
16,6089
12,6090
0,6091
17,6092
13,6093
2,6094
2,6095
9,6096
5,6097
11,6098
8,6099
10,6100
19,6101
2,6102
3,6103
14,6104
9,6105
15,6106
14,6107
11,6108
17,6109
4,6110
0,6111
14,6112
7,6113
0,6114
4,6115
6,6116
8,6117
16,6118
12,6119
11,6120
1,6121
5,6122
17,6123
13,6124
14,6125
18,6126
11,6127
14,6128
3,6129
13,6130
13,6131
1,6132
3,6133
10,6134
14,6135
6,6136
16,6137
1,6138
18,6139
17,6140
18,6141
12,6142
14,6143
0,6144
6,6145
12,6146
3,6147
10,6148
0,6149
3,6150
0,6151
10,6152
1,6153
16,6154
14,6155
19,6156
12,6157
9,6158
12,6159
17,6160
6,6161
7,6162
1,6163
19,6164
3,6165
8,6166
5,6167
19,6168
14,6169
19,6170
0,6171
18,6172
7,6173
9,6174
0,6175
6,6176
4,6177
2,6178
6,6179
13,6180
4,6181
15,6182
10,6183
4,6184
0,6185
4,6186
12,6187
8,6188
12,6189
14,6190
2,6191
2,6192
14,6193
13,6194
8,6195
10,6196
2,6197
7,6198
0,6199
2,6200
0,6201
15,6202
6,6203
17,6204
9,6205
16,6206
15,6207
15,6208
18,6209
8,6210
17,6211
2,6212
8,6213
9,6214
10,6215
2,6216
17,6217
12,6218
16,6219
17,6220
5,6221
3,6222
18,6223
12,6224
6,6225
14,6226
16,6227
10,6228
13,6229
19,6230
17,6231
12,6232
6,6233
17,6234
16,6235
16,6236
0,6237
3,6238
4,6239
10,6240
10,6241
7,6242
9,6243
9,6244
5,6245
15,6246
13,6247
2,6248
5,6249
4,6250
15,6251
15,6252
15,6253
0,6254
8,6255
17,6256
12,6257
9,6258
18,6259
1,6260
10,6261
10,6262
18,6263
1,6264
3,6265
11,6266
11,6267
16,6268
4,6269
3,6270
8,6271
2,6272
1,6273
12,6274
19,6275
3,6276
8,6277
10,6278
2,6279
12,6280
11,6281
5,6282
17,6283
1,6284
15,6285
2,6286
9,6287
6,6288
18,6289
9,6290
10,6291
14,6292
7,6293
2,6294
12,6295
1,6296
14,6297
11,6298
5,6299
11,6300
11,6301
0,6302
8,6303
16,6304
11,6305
1,6306
13,6307
5,6308
12,6309
8,6310
10,6311
8,6312
6,6313
0,6314
6,6315
14,6316
13,6317
8,6318
18,6319
19,6320
13,6321
2,6322
2,6323
15,6324
11,6325
4,6326
11,6327
5,6328
9,6329
10,6330
6,6331
0,6332
13,6333
6,6334
8,6335
7,6336
11,6337
14,6338
10,6339
10,6340
9,6341
2,6342
0,6343
9,6344
11,6345
19,6346
13,6347
3,6348
5,6349
12,6350
7,6351
6,6352
1,6353
6,6354
14,6355
13,6356
18,6357
11,6358
1,6359
8,6360
8,6361
3,6362
18,6363
6,6364
11,6365
17,6366
15,6367
9,6368
16,6369
6,6370
18,6371
4,6372
4,6373
15,6374
1,6375
11,6376
1,6377
16,6378
17,6379
8,6380
2,6381
8,6382
11,6383
5,6384
4,6385
2,6386
6,6387
8,6388
2,6389
11,6390
14,6391
9,6392
14,6393
16,6394
15,6395
8,6396
9,6397
19,6398
5,6399
8,6400
17,6401
10,6402
4,6403
15,6404
19,6405
10,6406
10,6407
2,6408
7,6409
0,6410
11,6411
1,6412
0,6413
7,6414
11,6415
19,6416
17,6417
1,6418
10,6419
17,6420
6,6421
5,6422
15,6423
13,6424
13,6425
11,6426
8,6427
18,6428
0,6429
19,6430
14,6431
5,6432
4,6433
19,6434
12,6435
2,6436
1,6437
19,6438
8,6439
0,6440
3,6441
3,6442
17,6443
3,6444
9,6445
15,6446
15,6447
12,6448
5,6449
11,6450
4,6451
2,6452
14,6453
14,6454
12,6455
3,6456
12,6457
19,6458
11,6459
8,6460
14,6461
4,6462
2,6463
7,6464
11,6465
15,6466
16,6467
1,6468
14,6469
10,6470
18,6471
4,6472
9,6473
7,6474
15,6475
14,6476
17,6477
4,6478
10,6479
4,6480
12,6481
14,6482
7,6483
10,6484
1,6485
7,6486
12,6487
4,6488
9,6489
17,6490
0,6491
1,6492
19,6493
8,6494
14,6495
11,6496
5,6497
11,6498
12,6499
13,6500
19,6501
13,6502
9,6503
12,6504
17,6505
1,6506
0,6507
18,6508
5,6509
4,6510
5,6511
6,6512
2,6513
12,6514
8,6515
12,6516
18,6517
4,6518
10,6519
10,6520
9,6521
8,6522
8,6523
15,6524
4,6525
0,6526
18,6527
5,6528
9,6529
4,6530
16,6531
2,6532
18,6533
13,6534
18,6535
11,6536
16,6537
5,6538
8,6539
1,6540
3,6541
12,6542
19,6543
9,6544
11,6545
16,6546
6,6547
9,6548
2,6549
6,6550
4,6551
9,6552
8,6553
4,6554
0,6555
11,6556
16,6557
2,6558
17,6559
18,6560
15,6561
0,6562
7,6563
19,6564
1,6565
16,6566
18,6567
16,6568
5,6569
0,6570
12,6571
8,6572
18,6573
12,6574
12,6575
2,6576
8,6577
11,6578
14,6579
6,6580
1,6581
0,6582
8,6583
15,6584
12,6585
18,6586
16,6587
10,6588
15,6589
4,6590
7,6591
18,6592
11,6593
17,6594
0,6595
12,6596
14,6597
1,6598
17,6599
15,6600
17,6601
15,6602
0,6603
16,6604
2,6605
14,6606
14,6607
5,6608
18,6609
2,6610
3,6611
1,6612
7,6613
2,6614
0,6615
3,6616
15,6617
15,6618
6,6619
0,6620
5,6621
5,6622
9,6623
15,6624
11,6625
5,6626
1,6627
12,6628
2,6629
12,6630
15,6631
11,6632
13,6633
4,6634
16,6635
11,6636
6,6637
19,6638
14,6639
18,6640
15,6641
7,6642
5,6643
4,6644
14,6645
11,6646
3,6647
13,6648
8,6649
14,6650
5,6651
19,6652
13,6653
0,6654
6,6655
15,6656
10,6657
5,6658
12,6659
18,6660
19,6661
19,6662
12,6663
1,6664
14,6665
11,6666
2,6667
11,6668
12,6669
11,6670
18,6671
9,6672
4,6673
4,6674
18,6675
18,6676
13,6677
8,6678
13,6679
11,6680
0,6681
10,6682
9,6683
7,6684
12,6685
9,6686
13,6687
8,6688
6,6689
11,6690
8,6691
17,6692
6,6693
6,6694
12,6695
9,6696
17,6697
7,6698
1,6699
1,6700
15,6701
12,6702
17,6703
3,6704
10,6705
4,6706
19,6707
1,6708
10,6709
15,6710
9,6711
6,6712
17,6713
4,6714
16,6715
2,6716
3,6717
17,6718
7,6719
18,6720
14,6721
6,6722
16,6723
3,6724
15,6725
18,6726
4,6727
12,6728
11,6729
13,6730
13,6731
14,6732
7,6733
15,6734
13,6735
18,6736
6,6737
16,6738
19,6739
0,6740
6,6741
8,6742
16,6743
7,6744
14,6745
0,6746
3,6747
11,6748
14,6749
18,6750
15,6751
3,6752
3,6753
0,6754
7,6755
2,6756
6,6757
12,6758
0,6759
5,6760
12,6761
8,6762
5,6763
13,6764
12,6765
3,6766
18,6767
16,6768
13,6769
14,6770
4,6771
10,6772
0,6773
15,6774
19,6775
6,6776
11,6777
10,6778
2,6779
11,6780
14,6781
2,6782
16,6783
9,6784
17,6785
2,6786
19,6787
5,6788
19,6789
8,6790
13,6791
9,6792
8,6793
8,6794
16,6795
4,6796
1,6797
0,6798
10,6799
11,6800
18,6801
15,6802
6,6803
5,6804
9,6805
17,6806
2,6807
16,6808
15,6809
8,6810
14,6811
1,6812
15,6813
13,6814
5,6815
4,6816
7,6817
2,6818
18,6819
6,6820
8,6821
1,6822
11,6823
7,6824
14,6825
16,6826
9,6827
12,6828
17,6829
18,6830
9,6831
17,6832
4,6833
10,6834
17,6835
19,6836
6,6837
0,6838
10,6839
16,6840
4,6841
14,6842
14,6843
3,6844
3,6845
10,6846
2,6847
5,6848
6,6849
8,6850
9,6851
5,6852
13,6853
15,6854
12,6855
6,6856
17,6857
18,6858
7,6859
10,6860
18,6861
8,6862
4,6863
16,6864
12,6865
18,6866
14,6867
17,6868
9,6869
19,6870
7,6871
2,6872
16,6873
3,6874
9,6875
12,6876
17,6877
7,6878
8,6879
9,6880
1,6881
10,6882
13,6883
3,6884
19,6885
14,6886
6,6887
3,6888
7,6889
1,6890
11,6891
10,6892
4,6893
4,6894
9,6895
13,6896
2,6897
16,6898
8,6899
7,6900
11,6901
7,6902
13,6903
1,6904
16,6905
2,6906
9,6907
11,6908
16,6909
11,6910
16,6911
17,6912
19,6913
2,6914
8,6915
15,6916
6,6917
12,6918
13,6919
12,6920
11,6921
18,6922
15,6923
17,6924
16,6925
5,6926
4,6927
5,6928
8,6929
14,6930
11,6931
2,6932
17,6933
7,6934
16,6935
10,6936
19,6937
18,6938
13,6939
6,6940
18,6941
3,6942
7,6943
17,6944
18,6945
3,6946
6,6947
2,6948
13,6949
13,6950
0,6951
10,6952
2,6953
19,6954
8,6955
7,6956
15,6957
18,6958
1,6959
19,6960
11,6961
9,6962
12,6963
9,6964
10,6965
11,6966
5,6967
13,6968
12,6969
19,6970
17,6971
9,6972
18,6973
8,6974
6,6975
14,6976
14,6977
14,6978
14,6979
6,6980
9,6981
11,6982
0,6983
13,6984
14,6985
2,6986
6,6987
18,6988
8,6989
12,6990
7,6991
18,6992
1,6993
1,6994
17,6995
13,6996
0,6997
15,6998
12,6999
10,7000
8,7001
16,7002
7,7003
2,7004
8,7005
12,7006
7,7007
4,7008
8,7009
14,7010
11,7011
6,7012
14,7013
0,7014
7,7015
14,7016
9,7017
13,7018
19,7019
13,7020
16,7021
6,7022
2,7023
11,7024
12,7025
13,7026
12,7027
9,7028
7,7029
4,7030
6,7031
12,7032
7,7033
18,7034
0,7035
3,7036
5,7037
14,7038
13,7039
4,7040
5,7041
3,7042
5,7043
11,7044
5,7045
16,7046
8,7047
6,7048
10,7049
4,7050
7,7051
19,7052
5,7053
14,7054
8,7055
5,7056
5,7057
6,7058
17,7059
11,7060
5,7061
8,7062
12,7063
14,7064
18,7065
6,7066
5,7067
9,7068
0,7069
17,7070
18,7071
11,7072
10,7073
14,7074
19,7075
3,7076
18,7077
10,7078
11,7079
12,7080
12,7081
8,7082
1,7083
7,7084
3,7085
18,7086
8,7087
4,7088
13,7089
12,7090
11,7091
12,7092
2,7093
13,7094
9,7095
2,7096
8,7097
19,7098
0,7099
19,7100
5,7101
17,7102
17,7103
8,7104
12,7105
8,7106
13,7107
8,7108
8,7109
9,7110
17,7111
10,7112
8,7113
5,7114
8,7115
8,7116
1,7117
1,7118
17,7119
12,7120
0,7121
18,7122
9,7123
10,7124
19,7125
19,7126
0,7127
11,7128
10,7129
8,7130
18,7131
11,7132
12,7133
8,7134
13,7135
12,7136
17,7137
10,7138
13,7139
19,7140
17,7141
10,7142
11,7143
18,7144
1,7145
2,7146
3,7147
6,7148
19,7149
16,7150
16,7151
17,7152
11,7153
11,7154
5,7155
10,7156
18,7157
1,7158
6,7159
12,7160
8,7161
14,7162
2,7163
18,7164
3,7165
2,7166
18,7167
17,7168
3,7169
1,7170
15,7171
3,7172
8,7173
2,7174
7,7175
1,7176
5,7177
2,7178
11,7179
1,7180
18,7181
1,7182
16,7183
12,7184
15,7185
17,7186
6,7187
14,7188
7,7189
5,7190
18,7191
9,7192
15,7193
18,7194
11,7195
15,7196
10,7197
6,7198
14,7199
7,7200
13,7201
4,7202
5,7203
0,7204
0,7205
19,7206
5,7207
2,7208
3,7209
5,7210
18,7211
14,7212
3,7213
14,7214
2,7215
3,7216
2,7217
13,7218
5,7219
16,7220
4,7221
12,7222
0,7223
10,7224
10,7225
12,7226
7,7227
8,7228
17,7229
1,7230
12,7231
14,7232
0,7233
8,7234
17,7235
4,7236
19,7237
10,7238
14,7239
1,7240
10,7241
10,7242
9,7243
18,7244
17,7245
4,7246
8,7247
2,7248
11,7249
5,7250
4,7251
1,7252
16,7253
5,7254
11,7255
7,7256
19,7257
11,7258
4,7259
9,7260
1,7261
6,7262
15,7263
17,7264
3,7265
4,7266
7,7267
14,7268
15,7269
8,7270
15,7271
1,7272
16,7273
18,7274
19,7275
13,7276
1,7277
18,7278
4,7279
18,7280
16,7281
3,7282
7,7283
6,7284
15,7285
6,7286
0,7287
13,7288
8,7289
3,7290
6,7291
15,7292
2,7293
0,7294
6,7295
17,7296
13,7297
16,7298
7,7299
13,7300
6,7301
3,7302
1,7303
14,7304
5,7305
14,7306
6,7307
1,7308
12,7309
12,7310
10,7311
14,7312
11,7313
0,7314
4,7315
5,7316
9,7317
5,7318
14,7319
19,7320
5,7321
10,7322
15,7323
17,7324
14,7325
14,7326
7,7327
4,7328
3,7329
16,7330
18,7331
6,7332
11,7333
11,7334
18,7335
14,7336
16,7337
6,7338
16,7339
11,7340
1,7341
9,7342
10,7343
6,7344
12,7345
8,7346
1,7347
14,7348
10,7349
2,7350
7,7351
0,7352
6,7353
17,7354
11,7355
13,7356
17,7357
6,7358
16,7359
8,7360
11,7361
17,7362
7,7363
8,7364
5,7365
16,7366
1,7367
9,7368
3,7369
9,7370
17,7371
10,7372
17,7373
4,7374
0,7375
8,7376
5,7377
3,7378
0,7379
13,7380
18,7381
18,7382
7,7383
17,7384
4,7385
6,7386
10,7387
18,7388
15,7389
3,7390
8,7391
10,7392
17,7393
4,7394
19,7395
14,7396
17,7397
17,7398
18,7399
0,7400
4,7401
9,7402
18,7403
3,7404
17,7405
1,7406
11,7407
5,7408
5,7409
17,7410
17,7411
18,7412
1,7413
16,7414
16,7415
7,7416
11,7417
9,7418
8,7419
8,7420
19,7421
16,7422
5,7423
5,7424
12,7425
12,7426
7,7427
4,7428
15,7429
7,7430
3,7431
2,7432
17,7433
4,7434
16,7435
7,7436
13,7437
2,7438
6,7439
17,7440
4,7441
13,7442
8,7443
5,7444
19,7445
12,7446
5,7447
6,7448
18,7449
0,7450
14,7451
4,7452
17,7453
0,7454
19,7455
8,7456
19,7457
8,7458
4,7459
11,7460
8,7461
8,7462
16,7463
12,7464
10,7465
0,7466
17,7467
15,7468
5,7469
7,7470
0,7471
16,7472
3,7473
1,7474
16,7475
4,7476
16,7477
13,7478
6,7479
6,7480
9,7481
7,7482
10,7483
12,7484
3,7485
17,7486
11,7487
14,7488
5,7489
4,7490
10,7491
18,7492
14,7493
17,7494
5,7495
8,7496
9,7497
17,7498
17,7499
3,7500
8,7501
8,7502
0,7503
14,7504
8,7505
0,7506
14,7507
3,7508
9,7509
6,7510
17,7511
8,7512
3,7513
17,7514
9,7515
2,7516
2,7517
10,7518
11,7519
16,7520
11,7521
0,7522
0,7523
1,7524
9,7525
8,7526
0,7527
18,7528
14,7529
2,7530
10,7531
16,7532
15,7533
2,7534
12,7535
13,7536
11,7537
4,7538
16,7539
0,7540
18,7541
2,7542
16,7543
10,7544
0,7545
18,7546
10,7547
2,7548
14,7549
5,7550
5,7551
13,7552
15,7553
3,7554
15,7555
13,7556
8,7557
17,7558
7,7559
12,7560
13,7561
15,7562
8,7563
10,7564
15,7565
9,7566
6,7567
8,7568
6,7569
19,7570
12,7571
18,7572
7,7573
3,7574
15,7575
9,7576
19,7577
0,7578
12,7579
17,7580
13,7581
16,7582
14,7583
8,7584
17,7585
9,7586
4,7587
10,7588
2,7589
19,7590
13,7591
13,7592
1,7593
16,7594
9,7595
17,7596
4,7597
8,7598
1,7599
1,7600
4,7601
7,7602
9,7603
10,7604
11,7605
19,7606
18,7607
19,7608
4,7609
8,7610
16,7611
4,7612
4,7613
9,7614
18,7615
9,7616
19,7617
4,7618
14,7619
9,7620
9,7621
17,7622
2,7623
3,7624
15,7625
17,7626
3,7627
1,7628
15,7629
8,7630
5,7631
9,7632
14,7633
4,7634
19,7635
14,7636
15,7637
0,7638
9,7639
4,7640
18,7641
3,7642
14,7643
3,7644
15,7645
11,7646
5,7647
6,7648
5,7649
15,7650
11,7651
17,7652
7,7653
14,7654
4,7655
18,7656
2,7657
5,7658
1,7659
10,7660
16,7661
19,7662
11,7663
16,7664
7,7665
15,7666
11,7667
17,7668
6,7669
3,7670
11,7671
9,7672
12,7673
14,7674
4,7675
3,7676
5,7677
7,7678
2,7679
2,7680
8,7681
8,7682
7,7683
14,7684
19,7685
12,7686
11,7687
6,7688
5,7689
1,7690
16,7691
19,7692
12,7693
11,7694
12,7695
11,7696
13,7697
5,7698
12,7699
18,7700
14,7701
18,7702
18,7703
14,7704
3,7705
9,7706
1,7707
0,7708
2,7709
11,7710
9,7711
3,7712
12,7713
19,7714
14,7715
13,7716
13,7717
6,7718
15,7719
3,7720
7,7721
5,7722
0,7723
5,7724
8,7725
9,7726
16,7727
7,7728
18,7729
3,7730
9,7731
10,7732
14,7733
14,7734
11,7735
0,7736
0,7737
4,7738
14,7739
14,7740
15,7741
8,7742
1,7743
4,7744
13,7745
10,7746
13,7747
5,7748
3,7749
17,7750
1,7751
4,7752
0,7753
5,7754
0,7755
3,7756
17,7757
16,7758
0,7759
10,7760
17,7761
8,7762
5,7763
5,7764
1,7765
3,7766
16,7767
14,7768
4,7769
3,7770
16,7771
9,7772
14,7773
18,7774
11,7775
10,7776
7,7777
18,7778
11,7779
1,7780
10,7781
17,7782
9,7783
17,7784
14,7785
16,7786
10,7787
13,7788
19,7789
18,7790
0,7791
9,7792
17,7793
15,7794
10,7795
12,7796
5,7797
8,7798
13,7799
5,7800
7,7801
6,7802
6,7803
16,7804
11,7805
12,7806
2,7807
0,7808
11,7809
6,7810
1,7811
9,7812
6,7813
3,7814
6,7815
18,7816
11,7817
0,7818
6,7819
19,7820
12,7821
2,7822
2,7823
8,7824
9,7825
12,7826
1,7827
6,7828
8,7829
5,7830
13,7831
10,7832
10,7833
19,7834
19,7835
16,7836
6,7837
11,7838
4,7839
15,7840
16,7841
16,7842
17,7843
3,7844
15,7845
15,7846
5,7847
6,7848
9,7849
13,7850
13,7851
0,7852
3,7853
14,7854
17,7855
4,7856
13,7857
17,7858
8,7859
4,7860
5,7861
16,7862
6,7863
6,7864
11,7865
10,7866
17,7867
7,7868
10,7869
16,7870
15,7871
3,7872
11,7873
18,7874
3,7875
1,7876
13,7877
15,7878
6,7879
9,7880
6,7881
17,7882
1,7883
18,7884
10,7885
18,7886
19,7887
6,7888
11,7889
5,7890
16,7891
13,7892
4,7893
11,7894
18,7895
10,7896
12,7897
16,7898
9,7899
1,7900
6,7901
13,7902
10,7903
17,7904
9,7905
6,7906
2,7907
2,7908
18,7909
9,7910
1,7911
17,7912
9,7913
11,7914
6,7915
11,7916
18,7917
14,7918
19,7919
7,7920
9,7921
1,7922
8,7923
0,7924
11,7925
13,7926
7,7927
8,7928
12,7929
5,7930
8,7931
10,7932
5,7933
6,7934
15,7935
2,7936
4,7937
15,7938
0,7939
2,7940
18,7941
3,7942
12,7943
9,7944
2,7945
7,7946
12,7947
9,7948
3,7949
9,7950
0,7951
13,7952
3,7953
14,7954
19,7955
6,7956
16,7957
0,7958
9,7959
19,7960
2,7961
13,7962
9,7963
15,7964
13,7965
19,7966
5,7967
14,7968
11,7969
17,7970
15,7971
6,7972
18,7973
6,7974
7,7975
15,7976
18,7977
2,7978
9,7979
9,7980
2,7981
12,7982
19,7983
4,7984
3,7985
6,7986
12,7987
0,7988
17,7989
1,7990
16,7991
6,7992
0,7993
3,7994
1,7995
13,7996
12,7997
8,7998
19,7999
12,8000
4,8001
5,8002
3,8003
7,8004
2,8005
4,8006
8,8007
1,8008
12,8009
15,8010
18,8011
10,8012
16,8013
15,8014
16,8015
11,8016
6,8017
16,8018
16,8019
15,8020
14,8021
7,8022
0,8023
2,8024
9,8025
0,8026
1,8027
13,8028
16,8029
4,8030
17,8031
4,8032
4,8033
16,8034
3,8035
19,8036
19,8037
9,8038
5,8039
17,8040
15,8041
9,8042
12,8043
16,8044
10,8045
15,8046
3,8047
2,8048
5,8049
8,8050
15,8051
1,8052
5,8053
7,8054
0,8055
11,8056
18,8057
19,8058
14,8059
7,8060
2,8061
5,8062
19,8063
16,8064
19,8065
0,8066
0,8067
4,8068
3,8069
11,8070
6,8071
17,8072
13,8073
17,8074
12,8075
18,8076
18,8077
0,8078
13,8079
11,8080
15,8081
3,8082
18,8083
11,8084
5,8085
14,8086
19,8087
3,8088
18,8089
9,8090
5,8091
2,8092
1,8093
18,8094
4,8095
6,8096
10,8097
13,8098
16,8099
2,8100
2,8101
0,8102
4,8103
11,8104
4,8105
2,8106
2,8107
11,8108
4,8109
7,8110
17,8111
2,8112
1,8113
7,8114
13,8115
15,8116
8,8117
8,8118
5,8119
1,8120
15,8121
9,8122
16,8123
13,8124
16,8125
1,8126
6,8127
16,8128
3,8129
18,8130
3,8131
14,8132
11,8133
4,8134
11,8135
1,8136
6,8137
10,8138
1,8139
12,8140
17,8141
4,8142
2,8143
17,8144
16,8145
0,8146
3,8147
5,8148
0,8149
7,8150
15,8151
0,8152
9,8153
10,8154
16,8155
17,8156
6,8157
5,8158
5,8159
1,8160
15,8161
3,8162
0,8163
11,8164
13,8165
17,8166
17,8167
5,8168
8,8169
4,8170
4,8171
18,8172
5,8173
15,8174
7,8175
18,8176
19,8177
17,8178
0,8179
4,8180
9,8181
14,8182
13,8183
12,8184
10,8185
15,8186
17,8187
12,8188
0,8189
15,8190
19,8191
12,8192
16,8193
19,8194
12,8195
4,8196
17,8197
17,8198
14,8199
10,8200
11,8201
19,8202
19,8203
10,8204
0,8205
13,8206
15,8207
15,8208
2,8209
11,8210
1,8211
13,8212
8,8213
3,8214
15,8215
6,8216
4,8217
19,8218
14,8219
6,8220
17,8221
10,8222
14,8223
12,8224
17,8225
15,8226
3,8227
2,8228
10,8229
13,8230
12,8231
3,8232
6,8233
15,8234
17,8235
19,8236
1,8237
14,8238
4,8239
16,8240
7,8241
2,8242
10,8243
11,8244
18,8245
18,8246
7,8247
16,8248
19,8249
19,8250
3,8251
4,8252
4,8253
7,8254
10,8255
18,8256
19,8257
15,8258
2,8259
11,8260
0,8261
3,8262
13,8263
18,8264
17,8265
3,8266
15,8267
1,8268
4,8269
7,8270
3,8271
11,8272
13,8273
12,8274
14,8275
19,8276
3,8277
14,8278
17,8279
16,8280
4,8281
19,8282
7,8283
15,8284
13,8285
17,8286
6,8287
13,8288
1,8289
17,8290
12,8291
2,8292
4,8293
4,8294
19,8295
6,8296
19,8297
10,8298
12,8299
9,8300
6,8301
2,8302
9,8303
17,8304
15,8305
0,8306
19,8307
2,8308
1,8309
9,8310
5,8311
7,8312
16,8313
5,8314
16,8315
12,8316
16,8317
4,8318
12,8319
11,8320
7,8321
8,8322
5,8323
14,8324
14,8325
16,8326
14,8327
17,8328
4,8329
5,8330
12,8331
13,8332
8,8333
11,8334
1,8335
2,8336
3,8337
3,8338
12,8339
10,8340
14,8341
17,8342
16,8343
7,8344
0,8345
8,8346
2,8347
7,8348
16,8349
16,8350
2,8351
2,8352
10,8353
6,8354
13,8355
6,8356
18,8357
10,8358
8,8359
13,8360
9,8361
17,8362
18,8363
7,8364
9,8365
17,8366
3,8367
7,8368
7,8369
13,8370
8,8371
4,8372
12,8373
7,8374
18,8375
7,8376
12,8377
12,8378
4,8379
12,8380
14,8381
3,8382
3,8383
19,8384
8,8385
2,8386
5,8387
12,8388
12,8389
7,8390
9,8391
13,8392
9,8393
14,8394
5,8395
1,8396
12,8397
2,8398
5,8399
11,8400
4,8401
7,8402
0,8403
15,8404
17,8405
12,8406
19,8407
2,8408
10,8409
19,8410
17,8411
4,8412
17,8413
2,8414
1,8415
18,8416
19,8417
3,8418
7,8419
4,8420
13,8421
12,8422
10,8423
14,8424
1,8425
6,8426
18,8427
5,8428
2,8429
1,8430
17,8431
12,8432
19,8433
7,8434
5,8435
10,8436
6,8437
3,8438
10,8439
17,8440
9,8441
6,8442
17,8443
0,8444
2,8445
2,8446
2,8447
0,8448
4,8449
16,8450
13,8451
11,8452
15,8453
0,8454
19,8455
16,8456
9,8457
1,8458
12,8459
12,8460
10,8461
17,8462
2,8463
6,8464
18,8465
16,8466
12,8467
18,8468
6,8469
0,8470
10,8471
3,8472
13,8473
9,8474
6,8475
15,8476
17,8477
12,8478
10,8479
14,8480
9,8481
6,8482
9,8483
16,8484
17,8485
15,8486
5,8487
6,8488
5,8489
9,8490
10,8491
6,8492
8,8493
5,8494
11,8495
6,8496
16,8497
4,8498
12,8499
19,8500
8,8501
6,8502
10,8503
0,8504
5,8505
12,8506
1,8507
4,8508
0,8509
8,8510
0,8511
5,8512
19,8513
8,8514
1,8515
13,8516
1,8517
13,8518
11,8519
19,8520
0,8521
12,8522
2,8523
1,8524
8,8525
1,8526
7,8527
18,8528
15,8529
0,8530
10,8531
2,8532
1,8533
9,8534
11,8535
1,8536
3,8537
11,8538
1,8539
9,8540
6,8541
1,8542
11,8543
3,8544
1,8545
8,8546
12,8547
11,8548
15,8549
9,8550
12,8551
13,8552
1,8553
16,8554
14,8555
8,8556
3,8557
3,8558
10,8559
8,8560
0,8561
8,8562
14,8563
2,8564
5,8565
16,8566
15,8567
10,8568
6,8569
16,8570
1,8571
0,8572
6,8573
3,8574
15,8575
16,8576
0,8577
15,8578
3,8579
2,8580
8,8581
6,8582
14,8583
12,8584
11,8585
16,8586
15,8587
2,8588
1,8589
16,8590
4,8591
4,8592
5,8593
11,8594
11,8595
15,8596
9,8597
7,8598
16,8599
15,8600
6,8601
2,8602
2,8603
18,8604
8,8605
13,8606
16,8607
7,8608
13,8609
6,8610
2,8611
9,8612
9,8613
2,8614
6,8615
7,8616
6,8617
19,8618
1,8619
8,8620
9,8621
10,8622
5,8623
5,8624
8,8625
6,8626
4,8627
7,8628
4,8629
14,8630
4,8631
4,8632
9,8633
1,8634
10,8635
10,8636
17,8637
12,8638
19,8639
7,8640
16,8641
11,8642
4,8643
8,8644
19,8645
19,8646
7,8647
7,8648
19,8649
19,8650
10,8651
9,8652
3,8653
11,8654
9,8655
17,8656
5,8657
8,8658
10,8659
0,8660
14,8661
9,8662
3,8663
9,8664
13,8665
14,8666
18,8667
5,8668
8,8669
17,8670
10,8671
15,8672
9,8673
2,8674
5,8675
10,8676
11,8677
14,8678
17,8679
5,8680
11,8681
15,8682
1,8683
14,8684
18,8685
7,8686
1,8687
10,8688
17,8689
14,8690
11,8691
6,8692
1,8693
2,8694
12,8695
12,8696
9,8697
14,8698
19,8699
8,8700
10,8701
18,8702
9,8703
11,8704
18,8705
11,8706
14,8707
16,8708
19,8709
1,8710
2,8711
17,8712
2,8713
8,8714
14,8715
4,8716
10,8717
19,8718
17,8719
7,8720
4,8721
1,8722
19,8723
12,8724
5,8725
3,8726
16,8727
2,8728
15,8729
11,8730
4,8731
10,8732
13,8733
19,8734
16,8735
0,8736
3,8737
5,8738
4,8739
14,8740
12,8741
14,8742
11,8743
15,8744
11,8745
14,8746
7,8747
18,8748
14,8749
17,8750
8,8751
14,8752
1,8753
6,8754
15,8755
15,8756
14,8757
12,8758
10,8759
7,8760
11,8761
12,8762
7,8763
10,8764
17,8765
8,8766
0,8767
4,8768
3,8769
10,8770
17,8771
0,8772
13,8773
11,8774
4,8775
1,8776
6,8777
5,8778
4,8779
10,8780
6,8781
8,8782
2,8783
0,8784
14,8785
15,8786
2,8787
9,8788
16,8789
3,8790
7,8791
10,8792
16,8793
0,8794
15,8795
15,8796
16,8797
5,8798
0,8799
9,8800
5,8801
16,8802
18,8803
15,8804
12,8805
0,8806
13,8807
11,8808
3,8809
15,8810
17,8811
4,8812
13,8813
8,8814
5,8815
9,8816
9,8817
4,8818
11,8819
14,8820
7,8821
14,8822
18,8823
10,8824
14,8825
12,8826
2,8827
19,8828
3,8829
4,8830
4,8831
5,8832
3,8833
17,8834
9,8835
1,8836
12,8837
0,8838
1,8839
6,8840
7,8841
18,8842
1,8843
7,8844
4,8845
14,8846
11,8847
16,8848
4,8849
18,8850
12,8851
13,8852
12,8853
15,8854
13,8855
12,8856
14,8857
15,8858
16,8859
16,8860
0,8861
2,8862
19,8863
2,8864
1,8865
5,8866
3,8867
3,8868
19,8869
2,8870
15,8871
5,8872
11,8873
12,8874
12,8875
18,8876
18,8877
9,8878
6,8879
14,8880
11,8881
18,8882
8,8883
7,8884
4,8885
15,8886
0,8887
8,8888
16,8889
3,8890
17,8891
7,8892
7,8893
5,8894
10,8895
10,8896
16,8897
6,8898
14,8899
18,8900
2,8901
0,8902
7,8903
15,8904
14,8905
11,8906
19,8907
1,8908
17,8909
0,8910
9,8911
0,8912
2,8913
1,8914
9,8915
3,8916
9,8917
12,8918
10,8919
19,8920
15,8921
2,8922
17,8923
2,8924
5,8925
3,8926
11,8927
11,8928
19,8929
15,8930
12,8931
1,8932
4,8933
16,8934
14,8935
19,8936
3,8937
4,8938
13,8939
4,8940
17,8941
16,8942
15,8943
13,8944
3,8945
16,8946
14,8947
3,8948
14,8949
9,8950
1,8951
10,8952
15,8953
11,8954
11,8955
17,8956
1,8957
16,8958
15,8959
18,8960
4,8961
8,8962
5,8963
17,8964
5,8965
1,8966
18,8967
12,8968
1,8969
7,8970
7,8971
8,8972
4,8973
15,8974
9,8975
11,8976
4,8977
11,8978
16,8979
4,8980
7,8981
19,8982
15,8983
8,8984
19,8985
1,8986
15,8987
14,8988
10,8989
12,8990
14,8991
11,8992
9,8993
7,8994
13,8995
4,8996
13,8997
9,8998
10,8999
18,9000
13,9001
9,9002
19,9003
11,9004
6,9005
12,9006
13,9007
8,9008
3,9009
11,9010
3,9011
4,9012
0,9013
9,9014
5,9015
7,9016
19,9017
11,9018
6,9019
19,9020
4,9021
7,9022
1,9023
19,9024
12,9025
16,9026
7,9027
5,9028
16,9029
18,9030
0,9031
1,9032
8,9033
12,9034
14,9035
5,9036
13,9037
7,9038
7,9039
11,9040
18,9041
10,9042
14,9043
6,9044
18,9045
2,9046
2,9047
17,9048
8,9049
10,9050
6,9051
17,9052
15,9053
1,9054
16,9055
17,9056
1,9057
3,9058
7,9059
6,9060
10,9061
8,9062
19,9063
7,9064
7,9065
19,9066
0,9067
17,9068
10,9069
18,9070
7,9071
0,9072
6,9073
3,9074
4,9075
17,9076
14,9077
15,9078
9,9079
8,9080
14,9081
16,9082
9,9083
17,9084
13,9085
0,9086
0,9087
11,9088
1,9089
19,9090
17,9091
12,9092
13,9093
8,9094
17,9095
18,9096
9,9097
7,9098
2,9099
10,9100
0,9101
15,9102
1,9103
10,9104
1,9105
17,9106
1,9107
14,9108
9,9109
13,9110
0,9111
4,9112
14,9113
2,9114
0,9115
11,9116
14,9117
13,9118
8,9119
12,9120
4,9121
7,9122
0,9123
5,9124
3,9125
4,9126
0,9127
18,9128
12,9129
19,9130
2,9131
19,9132
19,9133
8,9134
2,9135
2,9136
4,9137
14,9138
15,9139
6,9140
3,9141
4,9142
10,9143
5,9144
8,9145
18,9146
3,9147
1,9148
0,9149
2,9150
11,9151
17,9152
3,9153
7,9154
3,9155
9,9156
2,9157
4,9158
12,9159
7,9160
4,9161
5,9162
1,9163
19,9164
0,9165
4,9166
1,9167
10,9168
11,9169
19,9170
19,9171
14,9172
3,9173
5,9174
19,9175
9,9176
8,9177
13,9178
12,9179
12,9180
13,9181
3,9182
9,9183
13,9184
0,9185
2,9186
2,9187
19,9188
18,9189
6,9190
12,9191
14,9192
14,9193
16,9194
6,9195
18,9196
15,9197
6,9198
19,9199
18,9200
19,9201
3,9202
8,9203
2,9204
1,9205
10,9206
1,9207
6,9208
3,9209
4,9210
6,9211
15,9212
12,9213
11,9214
6,9215
7,9216
19,9217
5,9218
9,9219
4,9220
5,9221
13,9222
12,9223
11,9224
11,9225
9,9226
14,9227
12,9228
6,9229
7,9230
9,9231
4,9232
19,9233
15,9234
1,9235
17,9236
6,9237
10,9238
16,9239
14,9240
13,9241
7,9242
18,9243
14,9244
2,9245
7,9246
9,9247
13,9248
16,9249
15,9250
1,9251
0,9252
13,9253
16,9254
18,9255
2,9256
10,9257
15,9258
11,9259
13,9260
9,9261
2,9262
6,9263
10,9264
2,9265
13,9266
15,9267
3,9268
5,9269
0,9270
6,9271
4,9272
18,9273
14,9274
17,9275
7,9276
11,9277
17,9278
18,9279
10,9280
18,9281
11,9282
14,9283
2,9284
15,9285
5,9286
9,9287
2,9288
19,9289
14,9290
3,9291
4,9292
10,9293
10,9294
19,9295
19,9296
18,9297
3,9298
12,9299
17,9300
3,9301
12,9302
1,9303
7,9304
3,9305
0,9306
0,9307
18,9308
2,9309
9,9310
5,9311
9,9312
17,9313
5,9314
5,9315
14,9316
2,9317
10,9318
4,9319
10,9320
3,9321
13,9322
0,9323
10,9324
11,9325
17,9326
13,9327
4,9328
19,9329
6,9330
19,9331
9,9332
8,9333
3,9334
12,9335
1,9336
10,9337
3,9338
18,9339
14,9340
11,9341
7,9342
6,9343
7,9344
0,9345
9,9346
9,9347
19,9348
17,9349
4,9350
4,9351
6,9352
5,9353
17,9354
15,9355
18,9356
0,9357
0,9358
6,9359
19,9360
0,9361
2,9362
4,9363
17,9364
2,9365
15,9366
0,9367
9,9368
13,9369
16,9370
0,9371
17,9372
3,9373
4,9374
3,9375
19,9376
0,9377
16,9378
14,9379
10,9380
7,9381
7,9382
16,9383
3,9384
6,9385
6,9386
17,9387
4,9388
4,9389
13,9390
17,9391
16,9392
1,9393
12,9394
5,9395
18,9396
15,9397
17,9398
2,9399
9,9400
3,9401
9,9402
3,9403
18,9404
5,9405
7,9406
0,9407
9,9408
19,9409
4,9410
4,9411
14,9412
16,9413
1,9414
16,9415
18,9416
0,9417
9,9418
4,9419
19,9420
18,9421
3,9422
16,9423
10,9424
2,9425
13,9426
15,9427
0,9428
14,9429
6,9430
5,9431
18,9432
7,9433
6,9434
2,9435
3,9436
15,9437
16,9438
19,9439
1,9440
14,9441
13,9442
3,9443
16,9444
14,9445
17,9446
17,9447
17,9448
1,9449
13,9450
9,9451
19,9452
17,9453
7,9454
4,9455
14,9456
16,9457
4,9458
19,9459
2,9460
0,9461
15,9462
3,9463
0,9464
16,9465
0,9466
8,9467
11,9468
0,9469
14,9470
18,9471
14,9472
3,9473
13,9474
2,9475
3,9476
19,9477
5,9478
18,9479
3,9480
11,9481
8,9482
17,9483
12,9484
18,9485
10,9486
7,9487
7,9488
7,9489
2,9490
6,9491
10,9492
3,9493
2,9494
1,9495
9,9496
19,9497
5,9498
9,9499
14,9500
15,9501
17,9502
18,9503
16,9504
8,9505
9,9506
18,9507
7,9508
17,9509
3,9510
19,9511
19,9512
18,9513
18,9514
3,9515
15,9516
2,9517
8,9518
13,9519
0,9520
18,9521
6,9522
18,9523
11,9524
9,9525
18,9526
2,9527
16,9528
8,9529
19,9530
5,9531
2,9532
11,9533
16,9534
17,9535
18,9536
18,9537
5,9538
8,9539
14,9540
17,9541
19,9542
17,9543
4,9544
14,9545
16,9546
18,9547
2,9548
13,9549
7,9550
6,9551
1,9552
2,9553
18,9554
11,9555
14,9556
7,9557
15,9558
9,9559
8,9560
13,9561
4,9562
6,9563
7,9564
0,9565
7,9566
5,9567
5,9568
16,9569
16,9570
1,9571
2,9572
16,9573
14,9574
8,9575
7,9576
18,9577
19,9578
9,9579
19,9580
7,9581
15,9582
7,9583
8,9584
18,9585
19,9586
16,9587
9,9588
18,9589
13,9590
0,9591
12,9592
8,9593
7,9594
19,9595
19,9596
18,9597
10,9598
15,9599
6,9600
17,9601
15,9602
11,9603
12,9604
5,9605
11,9606
18,9607
2,9608
10,9609
4,9610
10,9611
7,9612
1,9613
7,9614
12,9615
19,9616
10,9617
18,9618
17,9619
5,9620
12,9621
15,9622
8,9623
11,9624
14,9625
10,9626
8,9627
2,9628
14,9629
3,9630
18,9631
2,9632
4,9633
8,9634
3,9635
4,9636
11,9637
3,9638
15,9639
14,9640
4,9641
13,9642
8,9643
10,9644
6,9645
0,9646
18,9647
0,9648
2,9649
8,9650
10,9651
1,9652
0,9653
5,9654
14,9655
15,9656
1,9657
19,9658
7,9659
13,9660
11,9661
0,9662
4,9663
14,9664
16,9665
8,9666
2,9667
3,9668
14,9669
6,9670
14,9671
8,9672
9,9673
8,9674
17,9675
19,9676
7,9677
12,9678
14,9679
9,9680
18,9681
19,9682
15,9683
8,9684
17,9685
17,9686
2,9687
0,9688
13,9689
2,9690
15,9691
19,9692
17,9693
13,9694
2,9695
2,9696
15,9697
11,9698
3,9699
5,9700
16,9701
14,9702
0,9703
3,9704
14,9705
2,9706
19,9707
5,9708
18,9709
13,9710
9,9711
16,9712
5,9713
18,9714
8,9715
10,9716
11,9717
0,9718
6,9719
10,9720
8,9721
16,9722
4,9723
6,9724
17,9725
12,9726
18,9727
16,9728
12,9729
13,9730
6,9731
8,9732
10,9733
5,9734
10,9735
1,9736
17,9737
2,9738
9,9739
12,9740
19,9741
4,9742
1,9743
0,9744
9,9745
11,9746
1,9747
14,9748
18,9749
9,9750
1,9751
0,9752
11,9753
14,9754
6,9755
7,9756
1,9757
14,9758
2,9759
9,9760
8,9761
16,9762
10,9763
3,9764
17,9765
3,9766
16,9767
17,9768
13,9769
9,9770
15,9771
19,9772
17,9773
9,9774
2,9775
2,9776
11,9777
10,9778
2,9779
14,9780
11,9781
5,9782
9,9783
15,9784
12,9785
8,9786
7,9787
14,9788
17,9789
0,9790
19,9791
0,9792
0,9793
12,9794
7,9795
4,9796
3,9797
16,9798
4,9799
17,9800
15,9801
19,9802
15,9803
2,9804
0,9805
18,9806
12,9807
12,9808
13,9809
6,9810
17,9811
12,9812
9,9813
19,9814
3,9815
6,9816
10,9817
2,9818
18,9819
13,9820
4,9821
3,9822
0,9823
10,9824
0,9825
12,9826
11,9827
0,9828
16,9829
3,9830
4,9831
19,9832
6,9833
12,9834
9,9835
5,9836
3,9837
1,9838
13,9839
15,9840
7,9841
0,9842
3,9843
0,9844
11,9845
16,9846
1,9847
0,9848
8,9849
17,9850
13,9851
8,9852
1,9853
7,9854
2,9855
16,9856
5,9857
11,9858
19,9859
2,9860
12,9861
4,9862
1,9863
2,9864
10,9865
2,9866
16,9867
10,9868
4,9869
10,9870
4,9871
15,9872
16,9873
12,9874
11,9875
16,9876
16,9877
5,9878
3,9879
17,9880
4,9881
18,9882
11,9883
1,9884
10,9885
8,9886
13,9887
5,9888
3,9889
16,9890
2,9891
16,9892
2,9893
6,9894
9,9895
19,9896
13,9897
16,9898
14,9899
18,9900
11,9901
0,9902
18,9903
9,9904
13,9905
13,9906
4,9907
8,9908
17,9909
14,9910
5,9911
16,9912
10,9913
5,9914
3,9915
8,9916
18,9917
2,9918
8,9919
6,9920
15,9921
8,9922
6,9923
14,9924
4,9925
19,9926
2,9927
17,9928
6,9929
14,9930
0,9931
11,9932
17,9933
8,9934
11,9935
13,9936
17,9937
19,9938
12,9939
5,9940
0,9941
19,9942
18,9943
4,9944
19,9945
17,9946
18,9947
0,9948
15,9949
10,9950
5,9951
6,9952
6,9953
9,9954
10,9955
0,9956
15,9957
7,9958
3,9959
7,9960
9,9961
0,9962
0,9963
15,9964
3,9965
16,9966
7,9967
6,9968
14,9969
3,9970
6,9971
15,9972
4,9973
12,9974
8,9975
5,9976
16,9977
0,9978
9,9979
12,9980
11,9981
7,9982
5,9983
18,9984
17,9985
15,9986
6,9987
16,9988
17,9989
10,9990
8,9991
17,9992
19,9993
18,9994
4,9995
15,9996
7,9997
4,9998
8,9999
