4,0
39,1
0,2
2,3
19,4
39,5
2,6
0,7
4,8
4,9
19,10
2,11
39,12
19,13
32,14
0,15
19,16
1,17
1,18
31,19
2,20
0,21
19,22
0,23
39,24
39,25
3,26
10,27
3,28
13,29
3,30
0,31
0,32
39,33
1,34
14,35
2,36
4,37
4,38
3,39
10,40
38,41
13,42
13,43
13,44
13,45
13,46
10,47
10,48
10,49
11,50
10,51
11,52
3,53
13,54
10,55
13,56
10,57
3,58
3,59
3,60
11,61
11,62
13,63
11,64
38,65
3,66
11,67
11,68
15,69
6,70
1,71
20,72
1,73
14,74
20,75
31,76
1,77
20,78
16,79
16,80
20,81
16,82
1,83
20,84
16,85
16,86
31,87
16,88
16,89
20,90
16,91
16,92
1,93
1,94
4,95
2,96
19,97
2,98
2,99
2,100
0,101
39,102
2,103
2,104
4,105
19,106
4,107
4,108
39,109
2,110
39,111
2,112
4,113
39,114
2,115
0,116
0,117
0,118
0,119
39,120
0,121
39,122
0,123
19,124
4,125
4,126
2,127
0,128
19,129
39,130
0,131
2,132
0,133
4,134
0,135
19,136
4,137
0,138
0,139
0,140
4,141
4,142
4,143
4,144
39,145
5,146
35,147
6,148
6,149
17,150
6,151
15,152
15,153
6,154
7,155
33,156
7,157
18,158
37,159
34,160
33,161
18,162
7,163
22,164
3,165
10,166
13,167
10,168
10,169
10,170
11,171
3,172
38,173
3,174
11,175
11,176
15,177
17,178
17,179
6,180
15,181
15,182
17,183
15,184
15,185
15,186
17,187
6,188
1,189
16,190
1,191
1,192
31,193
31,194
20,195
14,196
1,197
14,198
1,199
14,200
16,201
1,202
4,203
2,204
2,205
4,206
39,207
2,208
2,209
2,210
4,211
0,212
19,213
0,214
4,215
2,216
39,217
0,218
2,219
2,220
0,221
2,222
0,223
39,224
2,225
39,226
4,227
19,228
5,229
23,230
35,231
6,232
1,233
16,234
16,235
16,236
1,237
4,238
39,239
0,240
7,241
34,242
33,243
34,244
37,245
37,246
7,247
18,248
34,249
4,250
0,251
19,252
5,253
28,254
6,255
1,256
7,257
22,258
24,259
22,260
3,261
38,262
38,263
13,264
11,265
13,266
38,267
3,268
3,269
38,270
0,271
4,272
0,273
0,274
1,275
31,276
31,277
20,278
2,279
39,280
3,281
3,282
13,283
10,284
10,285
38,286
11,287
10,288
11,289
10,290
11,291
15,292
6,293
15,294
15,295
17,296
0,297
19,298
0,299
1,300
16,301
2,302
2,303
3,304
13,305
13,306
4,307
39,308
5,309
35,310
6,311
1,312
7,313
7,314
33,315
18,316
37,317
7,318
37,319
33,320
18,321
7,322
33,323
33,324
18,325
18,326
34,327
18,328
34,329
37,330
4,331
19,332
5,333
35,334
6,335
1,336
1,337
31,338
7,339
18,340
34,341
33,342
18,343
18,344
33,345
33,346
37,347
37,348
33,349
33,350
18,351
7,352
22,353
22,354
24,355
24,356
4,357
4,358
5,359
23,360
6,361
17,362
6,363
7,364
22,365
3,366
10,367
3,368
11,369
38,370
13,371
4,372
2,373
39,374
19,375
5,376
23,377
6,378
1,379
7,380
33,381
37,382
37,383
33,384
37,385
33,386
18,387
33,388
34,389
33,390
33,391
34,392
18,393
34,394
37,395
37,396
18,397
7,398
22,399
24,400
24,401
24,402
24,403
22,404
22,405
24,406
24,407
22,408
3,409
3,410
3,411
11,412
10,413
3,414
3,415
3,416
13,417
13,418
13,419
10,420
10,421
38,422
38,423
11,424
10,425
38,426
13,427
3,428
11,429
15,430
17,431
17,432
6,433
6,434
17,435
15,436
15,437
17,438
15,439
6,440
6,441
17,442
0,443
0,444
1,445
20,446
2,447
39,448
2,449
3,450
10,451
38,452
38,453
11,454
10,455
11,456
3,457
13,458
10,459
11,460
3,461
10,462
13,463
11,464
10,465
11,466
11,467
15,468
6,469
6,470
15,471
17,472
17,473
15,474
17,475
17,476
15,477
15,478
17,479
17,480
15,481
15,482
17,483
15,484
17,485
17,486
6,487
15,488
17,489
6,490
17,491
15,492
15,493
17,494
15,495
17,496
15,497
4,498
19,499
32,500
5,501
25,502
6,503
15,504
7,505
33,506
33,507
18,508
7,509
33,510
18,511
37,512
34,513
7,514
18,515
37,516
37,517
33,518
7,519
34,520
33,521
37,522
34,523
18,524
34,525
7,526
33,527
33,528
7,529
33,530
18,531
33,532
33,533
33,534
34,535
34,536
34,537
33,538
18,539
37,540
34,541
18,542
18,543
18,544
18,545
34,546
7,547
22,548
0,549
2,550
0,551
1,552
31,553
2,554
0,555
4,556
3,557
11,558
10,559
11,560
3,561
13,562
3,563
11,564
3,565
11,566
11,567
38,568
10,569
38,570
38,571
10,572
13,573
38,574
13,575
3,576
11,577
11,578
15,579
15,580
6,581
15,582
17,583
15,584
17,585
17,586
15,587
6,588
6,589
6,590
17,591
17,592
17,593
6,594
1,595
16,596
0,597
0,598
2,599
1,600
14,601
16,602
2,603
0,604
19,605
32,606
3,607
10,608
38,609
10,610
38,611
10,612
11,613
15,614
0,615
4,616
1,617
1,618
2,619
19,620
39,621
0,622
3,623
11,624
10,625
10,626
13,627
3,628
3,629
11,630
10,631
10,632
11,633
15,634
4,635
39,636
39,637
19,638
2,639
2,640
19,641
5,642
5,643
6,644
6,645
6,646
7,647
7,648
18,649
37,650
7,651
37,652
34,653
33,654
7,655
22,656
22,657
3,658
13,659
38,660
3,661
10,662
3,663
3,664
13,665
10,666
3,667
10,668
11,669
38,670
11,671
15,672
15,673
17,674
6,675
6,676
15,677
15,678
15,679
15,680
6,681
6,682
1,683
4,684
19,685
4,686
39,687
39,688
4,689
0,690
19,691
39,692
2,693
19,694
2,695
19,696
19,697
19,698
0,699
19,700
1,701
20,702
2,703
19,704
3,705
38,706
13,707
10,708
13,709
3,710
38,711
38,712
3,713
11,714
38,715
10,716
38,717
3,718
0,719
39,720
1,721
16,722
2,723
39,724
3,725
38,726
13,727
3,728
13,729
3,730
13,731
11,732
11,733
15,734
15,735
15,736
17,737
6,738
6,739
15,740
17,741
15,742
6,743
6,744
1,745
20,746
1,747
16,748
16,749
14,750
31,751
16,752
20,753
1,754
14,755
1,756
1,757
14,758
31,759
16,760
1,761
4,762
4,763
19,764
4,765
39,766
19,767
4,768
2,769
2,770
0,771
39,772
39,773
2,774
19,775
2,776
19,777
19,778
0,779
2,780
4,781
0,782
2,783
0,784
19,785
2,786
19,787
19,788
0,789
2,790
4,791
39,792
0,793
39,794
19,795
19,796
19,797
0,798
0,799
0,800
4,801
2,802
2,803
19,804
39,805
19,806
4,807
19,808
2,809
2,810
19,811
39,812
4,813
4,814
39,815
39,816
2,817
0,818
0,819
4,820
19,821
4,822
39,823
39,824
2,825
39,826
2,827
4,828
0,829
19,830
4,831
1,832
20,833
14,834
2,835
4,836
4,837
3,838
11,839
11,840
10,841
10,842
13,843
13,844
3,845
38,846
3,847
11,848
38,849
11,850
11,851
10,852
10,853
10,854
11,855
38,856
10,857
3,858
3,859
11,860
38,861
3,862
38,863
38,864
13,865
3,866
38,867
3,868
10,869
4,870
39,871
5,872
23,873
28,874
6,875
15,876
6,877
7,878
33,879
33,880
18,881
18,882
18,883
34,884
34,885
18,886
37,887
34,888
7,889
7,890
7,891
37,892
34,893
33,894
34,895
34,896
34,897
18,898
18,899
33,900
33,901
33,902
33,903
33,904
18,905
7,906
7,907
22,908
24,909
24,910
24,911
24,912
24,913
24,914
0,915
0,916
1,917
20,918
2,919
4,920
3,921
13,922
11,923
38,924
13,925
3,926
3,927
3,928
3,929
38,930
38,931
13,932
13,933
3,934
11,935
38,936
10,937
38,938
11,939
38,940
10,941
13,942
3,943
13,944
10,945
3,946
3,947
38,948
10,949
10,950
11,951
15,952
6,953
17,954
17,955
17,956
15,957
15,958
17,959
6,960
1,961
20,962
1,963
4,964
39,965
2,966
39,967
19,968
39,969
2,970
2,971
2,972
4,973
39,974
2,975
4,976
39,977
4,978
19,979
4,980
2,981
4,982
39,983
2,984
19,985
0,986
19,987
32,988
32,989
36,990
36,991
36,992
32,993
23,994
25,995
23,996
35,997
23,998
23,999
28,1000
25,1001
35,1002
26,1003
26,1004
26,1005
35,1006
35,1007
5,1008
25,1009
25,1010
9,1011
30,1012
12,1013
33,1014
33,1015
18,1016
37,1017
7,1018
33,1019
18,1020
37,1021
34,1022
18,1023
37,1024
33,1025
34,1026
34,1027
0,1028
39,1029
19,1030
1,1031
4,1032
2,1033
0,1034
3,1035
3,1036
38,1037
38,1038
13,1039
11,1040
15,1041
15,1042
17,1043
17,1044
15,1045
15,1046
6,1047
1,1048
1,1049
14,1050
31,1051
20,1052
1,1053
31,1054
20,1055
14,1056
20,1057
1,1058
4,1059
2,1060
39,1061
0,1062
39,1063
0,1064
2,1065
0,1066
2,1067
4,1068
39,1069
39,1070
4,1071
39,1072
0,1073
39,1074
39,1075
0,1076
4,1077
19,1078
19,1079
4,1080
0,1081
19,1082
4,1083
19,1084
39,1085
2,1086
4,1087
4,1088
0,1089
4,1090
0,1091
0,1092
39,1093
4,1094
2,1095
4,1096
39,1097
4,1098
0,1099
19,1100
39,1101
0,1102
39,1103
2,1104
19,1105
0,1106
19,1107
2,1108
39,1109
4,1110
0,1111
39,1112
39,1113
4,1114
19,1115
2,1116
39,1117
19,1118
4,1119
19,1120
32,1121
23,1122
26,1123
23,1124
5,1125
5,1126
35,1127
23,1128
26,1129
35,1130
5,1131
5,1132
5,1133
26,1134
5,1135
5,1136
35,1137
5,1138
26,1139
35,1140
26,1141
25,1142
9,1143
9,1144
30,1145
9,1146
30,1147
9,1148
30,1149
12,1150
12,1151
12,1152
33,1153
34,1154
7,1155
7,1156
34,1157
33,1158
18,1159
37,1160
7,1161
7,1162
22,1163
24,1164
22,1165
3,1166
38,1167
38,1168
3,1169
13,1170
10,1171
38,1172
10,1173
3,1174
11,1175
15,1176
17,1177
17,1178
6,1179
1,1180
20,1181
20,1182
16,1183
31,1184
1,1185
20,1186
14,1187
31,1188
20,1189
1,1190
1,1191
20,1192
1,1193
14,1194
14,1195
1,1196
31,1197
14,1198
1,1199
14,1200
16,1201
14,1202
1,1203
20,1204
31,1205
31,1206
20,1207
1,1208
14,1209
16,1210
31,1211
20,1212
20,1213
20,1214
16,1215
16,1216
31,1217
14,1218
16,1219
31,1220
14,1221
1,1222
14,1223
1,1224
1,1225
31,1226
1,1227
31,1228
20,1229
14,1230
31,1231
1,1232
1,1233
31,1234
1,1235
4,1236
39,1237
0,1238
0,1239
39,1240
19,1241
19,1242
32,1243
8,1244
36,1245
36,1246
8,1247
27,1248
32,1249
32,1250
8,1251
32,1252
27,1253
8,1254
32,1255
27,1256
21,1257
29,1258
27,1259
8,1260
32,1261
27,1262
36,1263
29,1264
29,1265
8,1266
29,1267
32,1268
27,1269
32,1270
27,1271
21,1272
29,1273
32,1274
21,1275
8,1276
29,1277
27,1278
32,1279
8,1280
21,1281
21,1282
36,1283
21,1284
36,1285
8,1286
36,1287
8,1288
32,1289
27,1290
27,1291
8,1292
27,1293
21,1294
32,1295
32,1296
8,1297
21,1298
8,1299
21,1300
8,1301
32,1302
21,1303
36,1304
21,1305
29,1306
8,1307
21,1308
36,1309
32,1310
8,1311
36,1312
29,1313
8,1314
21,1315
36,1316
8,1317
36,1318
27,1319
21,1320
21,1321
8,1322
36,1323
36,1324
29,1325
21,1326
36,1327
27,1328
32,1329
29,1330
8,1331
29,1332
29,1333
8,1334
29,1335
8,1336
32,1337
23,1338
25,1339
0,1340
39,1341
1,1342
16,1343
2,1344
4,1345
39,1346
3,1347
13,1348
3,1349
11,1350
11,1351
15,1352
6,1353
17,1354
6,1355
6,1356
15,1357
6,1358
17,1359
6,1360
1,1361
31,1362
1,1363
31,1364
14,1365
1,1366
20,1367
16,1368
31,1369
31,1370
1,1371
14,1372
1,1373
20,1374
1,1375
20,1376
31,1377
31,1378
14,1379
20,1380
31,1381
14,1382
14,1383
31,1384
14,1385
20,1386
1,1387
31,1388
14,1389
14,1390
20,1391
20,1392
20,1393
1,1394
20,1395
14,1396
16,1397
16,1398
14,1399
31,1400
20,1401
1,1402
1,1403
4,1404
0,1405
19,1406
4,1407
4,1408
2,1409
39,1410
0,1411
2,1412
0,1413
2,1414
1,1415
4,1416
39,1417
0,1418
2,1419
4,1420
3,1421
10,1422
10,1423
10,1424
38,1425
13,1426
38,1427
3,1428
3,1429
3,1430
38,1431
38,1432
10,1433
3,1434
38,1435
13,1436
11,1437
10,1438
10,1439
3,1440
38,1441
13,1442
13,1443
38,1444
38,1445
10,1446
3,1447
0,1448
19,1449
4,1450
39,1451
1,1452
14,1453
14,1454
14,1455
2,1456
4,1457
3,1458
11,1459
15,1460
17,1461
17,1462
6,1463
1,1464
14,1465
14,1466
20,1467
16,1468
1,1469
4,1470
2,1471
39,1472
0,1473
5,1474
25,1475
9,1476
30,1477
9,1478
6,1479
1,1480
1,1481
31,1482
7,1483
22,1484
4,1485
2,1486
5,1487
23,1488
6,1489
6,1490
7,1491
18,1492
34,1493
18,1494
37,1495
18,1496
37,1497
37,1498
18,1499
34,1500
34,1501
33,1502
7,1503
37,1504
7,1505
22,1506
24,1507
24,1508
22,1509
24,1510
22,1511
24,1512
24,1513
24,1514
22,1515
22,1516
22,1517
22,1518
24,1519
22,1520
22,1521
3,1522
3,1523
13,1524
3,1525
13,1526
38,1527
13,1528
3,1529
10,1530
13,1531
13,1532
10,1533
11,1534
10,1535
10,1536
13,1537
13,1538
10,1539
10,1540
38,1541
13,1542
3,1543
38,1544
38,1545
13,1546
38,1547
13,1548
13,1549
11,1550
11,1551
11,1552
3,1553
13,1554
10,1555
13,1556
11,1557
38,1558
11,1559
3,1560
3,1561
0,1562
2,1563
19,1564
1,1565
31,1566
1,1567
16,1568
1,1569
2,1570
19,1571
3,1572
13,1573
3,1574
11,1575
11,1576
10,1577
11,1578
13,1579
11,1580
10,1581
10,1582
38,1583
38,1584
3,1585
3,1586
3,1587
11,1588
38,1589
3,1590
38,1591
38,1592
38,1593
11,1594
13,1595
38,1596
3,1597
3,1598
10,1599
38,1600
3,1601
3,1602
10,1603
3,1604
38,1605
10,1606
11,1607
3,1608
13,1609
3,1610
38,1611
3,1612
38,1613
38,1614
11,1615
10,1616
3,1617
11,1618
38,1619
10,1620
3,1621
11,1622
3,1623
13,1624
11,1625
11,1626
3,1627
10,1628
3,1629
38,1630
3,1631
3,1632
3,1633
38,1634
3,1635
3,1636
13,1637
11,1638
11,1639
15,1640
6,1641
17,1642
15,1643
6,1644
1,1645
1,1646
4,1647
19,1648
0,1649
2,1650
39,1651
0,1652
4,1653
39,1654
2,1655
39,1656
19,1657
39,1658
19,1659
32,1660
21,1661
21,1662
8,1663
27,1664
32,1665
23,1666
28,1667
26,1668
35,1669
5,1670
28,1671
25,1672
23,1673
5,1674
23,1675
26,1676
25,1677
35,1678
26,1679
23,1680
5,1681
25,1682
28,1683
5,1684
28,1685
26,1686
26,1687
25,1688
9,1689
9,1690
30,1691
12,1692
33,1693
18,1694
7,1695
37,1696
33,1697
37,1698
18,1699
33,1700
34,1701
33,1702
7,1703
0,1704
39,1705
39,1706
1,1707
31,1708
2,1709
0,1710
19,1711
4,1712
3,1713
38,1714
13,1715
10,1716
11,1717
13,1718
11,1719
38,1720
11,1721
38,1722
38,1723
38,1724
3,1725
3,1726
3,1727
38,1728
13,1729
3,1730
10,1731
11,1732
11,1733
38,1734
10,1735
3,1736
10,1737
13,1738
3,1739
11,1740
11,1741
15,1742
6,1743
1,1744
16,1745
31,1746
31,1747
14,1748
14,1749
14,1750
14,1751
31,1752
14,1753
14,1754
16,1755
14,1756
14,1757
31,1758
31,1759
31,1760
14,1761
16,1762
14,1763
20,1764
16,1765
20,1766
16,1767
16,1768
1,1769
16,1770
31,1771
14,1772
20,1773
31,1774
4,1775
39,1776
2,1777
4,1778
4,1779
39,1780
19,1781
5,1782
35,1783
6,1784
15,1785
6,1786
7,1787
33,1788
7,1789
18,1790
34,1791
33,1792
18,1793
0,1794
39,1795
1,1796
1,1797
2,1798
4,1799
3,1800
3,1801
13,1802
13,1803
10,1804
13,1805
11,1806
13,1807
3,1808
10,1809
38,1810
38,1811
11,1812
10,1813
11,1814
11,1815
15,1816
17,1817
6,1818
15,1819
17,1820
17,1821
6,1822
17,1823
6,1824
17,1825
15,1826
17,1827
6,1828
17,1829
6,1830
17,1831
6,1832
17,1833
17,1834
6,1835
1,1836
20,1837
14,1838
14,1839
31,1840
16,1841
16,1842
20,1843
31,1844
1,1845
1,1846
20,1847
16,1848
16,1849
31,1850
1,1851
16,1852
20,1853
14,1854
14,1855
14,1856
1,1857
31,1858
1,1859
31,1860
1,1861
14,1862
16,1863
20,1864
1,1865
20,1866
14,1867
14,1868
31,1869
31,1870
1,1871
20,1872
1,1873
20,1874
31,1875
31,1876
1,1877
1,1878
4,1879
0,1880
2,1881
4,1882
39,1883
4,1884
39,1885
2,1886
2,1887
2,1888
0,1889
2,1890
39,1891
39,1892
2,1893
19,1894
19,1895
19,1896
39,1897
19,1898
0,1899
39,1900
4,1901
2,1902
0,1903
19,1904
2,1905
0,1906
39,1907
19,1908
2,1909
2,1910
39,1911
2,1912
2,1913
39,1914
39,1915
2,1916
4,1917
19,1918
32,1919
23,1920
23,1921
26,1922
35,1923
25,1924
23,1925
35,1926
35,1927
4,1928
39,1929
5,1930
5,1931
26,1932
35,1933
26,1934
35,1935
35,1936
26,1937
6,1938
6,1939
7,1940
18,1941
37,1942
0,1943
2,1944
0,1945
39,1946
2,1947
4,1948
39,1949
1,1950
1,1951
2,1952
4,1953
3,1954
10,1955
3,1956
10,1957
10,1958
10,1959
10,1960
13,1961
13,1962
13,1963
11,1964
11,1965
13,1966
3,1967
13,1968
3,1969
10,1970
3,1971
11,1972
15,1973
6,1974
15,1975
6,1976
17,1977
15,1978
6,1979
1,1980
20,1981
31,1982
31,1983
31,1984
20,1985
16,1986
14,1987
14,1988
1,1989
1,1990
1,1991
14,1992
4,1993
0,1994
5,1995
28,1996
6,1997
6,1998
15,1999
17,2000
7,2001
37,2002
34,2003
33,2004
7,2005
37,2006
7,2007
33,2008
7,2009
7,2010
7,2011
34,2012
34,2013
37,2014
7,2015
34,2016
33,2017
7,2018
34,2019
37,2020
37,2021
18,2022
34,2023
37,2024
33,2025
7,2026
18,2027
33,2028
7,2029
37,2030
33,2031
7,2032
0,2033
4,2034
4,2035
1,2036
20,2037
1,2038
2,2039
39,2040
39,2041
0,2042
0,2043
39,2044
3,2045
3,2046
10,2047
13,2048
10,2049
11,2050
11,2051
3,2052
13,2053
11,2054
3,2055
10,2056
38,2057
38,2058
3,2059
3,2060
13,2061
11,2062
11,2063
10,2064
11,2065
15,2066
6,2067
15,2068
15,2069
6,2070
1,2071
4,2072
39,2073
19,2074
32,2075
8,2076
21,2077
29,2078
8,2079
36,2080
27,2081
8,2082
8,2083
32,2084
27,2085
32,2086
36,2087
29,2088
21,2089
8,2090
36,2091
32,2092
36,2093
36,2094
32,2095
29,2096
21,2097
21,2098
29,2099
8,2100
36,2101
36,2102
27,2103
27,2104
8,2105
36,2106
29,2107
29,2108
29,2109
29,2110
21,2111
36,2112
21,2113
27,2114
32,2115
32,2116
23,2117
35,2118
23,2119
5,2120
28,2121
28,2122
26,2123
25,2124
35,2125
25,2126
26,2127
26,2128
25,2129
25,2130
23,2131
28,2132
35,2133
5,2134
28,2135
35,2136
35,2137
26,2138
28,2139
23,2140
5,2141
23,2142
26,2143
23,2144
26,2145
25,2146
0,2147
2,2148
1,2149
4,2150
39,2151
4,2152
19,2153
2,2154
2,2155
3,2156
11,2157
13,2158
13,2159
3,2160
13,2161
11,2162
38,2163
13,2164
11,2165
15,2166
6,2167
15,2168
17,2169
15,2170
15,2171
15,2172
6,2173
1,2174
4,2175
39,2176
4,2177
2,2178
39,2179
2,2180
19,2181
0,2182
0,2183
4,2184
39,2185
1,2186
20,2187
31,2188
14,2189
1,2190
4,2191
2,2192
39,2193
3,2194
10,2195
11,2196
3,2197
10,2198
13,2199
11,2200
10,2201
3,2202
13,2203
10,2204
38,2205
38,2206
10,2207
10,2208
13,2209
38,2210
11,2211
11,2212
13,2213
10,2214
10,2215
38,2216
13,2217
11,2218
15,2219
15,2220
6,2221
6,2222
17,2223
15,2224
6,2225
1,2226
16,2227
14,2228
20,2229
20,2230
1,2231
20,2232
16,2233
1,2234
14,2235
31,2236
31,2237
16,2238
20,2239
20,2240
14,2241
31,2242
31,2243
16,2244
16,2245
1,2246
20,2247
14,2248
14,2249
16,2250
31,2251
16,2252
20,2253
1,2254
20,2255
16,2256
31,2257
1,2258
14,2259
31,2260
31,2261
20,2262
1,2263
4,2264
39,2265
4,2266
39,2267
0,2268
19,2269
32,2270
23,2271
35,2272
5,2273
23,2274
23,2275
26,2276
35,2277
23,2278
28,2279
28,2280
23,2281
23,2282
23,2283
28,2284
28,2285
25,2286
26,2287
5,2288
26,2289
5,2290
5,2291
25,2292
35,2293
25,2294
23,2295
35,2296
5,2297
26,2298
5,2299
25,2300
28,2301
35,2302
35,2303
23,2304
23,2305
28,2306
28,2307
28,2308
28,2309
35,2310
35,2311
35,2312
35,2313
5,2314
26,2315
28,2316
23,2317
23,2318
26,2319
4,2320
2,2321
5,2322
25,2323
9,2324
30,2325
6,2326
17,2327
7,2328
18,2329
37,2330
34,2331
37,2332
7,2333
22,2334
24,2335
22,2336
3,2337
38,2338
13,2339
10,2340
38,2341
10,2342
11,2343
38,2344
10,2345
13,2346
11,2347
3,2348
11,2349
13,2350
3,2351
13,2352
3,2353
13,2354
10,2355
10,2356
11,2357
38,2358
3,2359
11,2360
15,2361
15,2362
6,2363
15,2364
6,2365
15,2366
15,2367
6,2368
1,2369
31,2370
16,2371
16,2372
1,2373
16,2374
1,2375
31,2376
20,2377
20,2378
14,2379
20,2380
14,2381
14,2382
14,2383
31,2384
20,2385
1,2386
31,2387
1,2388
31,2389
1,2390
31,2391
16,2392
20,2393
16,2394
20,2395
31,2396
16,2397
14,2398
1,2399
31,2400
20,2401
20,2402
4,2403
39,2404
4,2405
5,2406
28,2407
6,2408
15,2409
7,2410
33,2411
37,2412
18,2413
7,2414
22,2415
22,2416
24,2417
22,2418
3,2419
38,2420
10,2421
10,2422
38,2423
13,2424
38,2425
10,2426
10,2427
38,2428
38,2429
10,2430
11,2431
10,2432
3,2433
10,2434
10,2435
13,2436
0,2437
4,2438
4,2439
1,2440
20,2441
1,2442
2,2443
0,2444
3,2445
3,2446
11,2447
11,2448
15,2449
6,2450
15,2451
17,2452
17,2453
17,2454
15,2455
15,2456
6,2457
1,2458
20,2459
1,2460
4,2461
2,2462
19,2463
2,2464
2,2465
0,2466
39,2467
2,2468
2,2469
4,2470
0,2471
19,2472
1,2473
14,2474
20,2475
31,2476
2,2477
2,2478
3,2479
38,2480
11,2481
3,2482
11,2483
11,2484
13,2485
13,2486
3,2487
38,2488
38,2489
38,2490
11,2491
38,2492
38,2493
10,2494
10,2495
11,2496
3,2497
10,2498
38,2499
10,2500
10,2501
10,2502
10,2503
13,2504
38,2505
10,2506
11,2507
15,2508
15,2509
17,2510
17,2511
15,2512
17,2513
6,2514
15,2515
0,2516
0,2517
2,2518
0,2519
39,2520
1,2521
20,2522
31,2523
2,2524
2,2525
0,2526
19,2527
3,2528
38,2529
10,2530
38,2531
3,2532
11,2533
11,2534
11,2535
13,2536
10,2537
13,2538
3,2539
11,2540
15,2541
15,2542
6,2543
1,2544
16,2545
16,2546
16,2547
1,2548
20,2549
31,2550
16,2551
14,2552
31,2553
1,2554
16,2555
31,2556
16,2557
16,2558
20,2559
1,2560
14,2561
20,2562
20,2563
4,2564
19,2565
5,2566
26,2567
25,2568
6,2569
6,2570
15,2571
15,2572
15,2573
6,2574
7,2575
37,2576
37,2577
18,2578
34,2579
37,2580
34,2581
7,2582
22,2583
3,2584
3,2585
13,2586
3,2587
11,2588
15,2589
17,2590
17,2591
15,2592
15,2593
17,2594
15,2595
6,2596
6,2597
6,2598
6,2599
17,2600
15,2601
15,2602
17,2603
17,2604
17,2605
15,2606
17,2607
6,2608
17,2609
6,2610
1,2611
31,2612
16,2613
20,2614
31,2615
14,2616
1,2617
16,2618
14,2619
4,2620
0,2621
0,2622
5,2623
26,2624
6,2625
1,2626
16,2627
16,2628
20,2629
20,2630
1,2631
16,2632
31,2633
31,2634
7,2635
22,2636
3,2637
38,2638
13,2639
38,2640
38,2641
13,2642
10,2643
11,2644
11,2645
3,2646
13,2647
13,2648
38,2649
13,2650
38,2651
3,2652
11,2653
11,2654
11,2655
3,2656
38,2657
3,2658
10,2659
13,2660
38,2661
10,2662
38,2663
3,2664
3,2665
11,2666
11,2667
11,2668
11,2669
15,2670
17,2671
6,2672
6,2673
15,2674
17,2675
6,2676
15,2677
17,2678
6,2679
0,2680
0,2681
1,2682
16,2683
2,2684
4,2685
39,2686
39,2687
3,2688
10,2689
11,2690
10,2691
4,2692
19,2693
5,2694
26,2695
26,2696
6,2697
6,2698
15,2699
17,2700
7,2701
7,2702
33,2703
18,2704
18,2705
34,2706
18,2707
18,2708
33,2709
0,2710
39,2711
1,2712
16,2713
2,2714
39,2715
39,2716
3,2717
10,2718
38,2719
11,2720
38,2721
10,2722
11,2723
10,2724
3,2725
38,2726
10,2727
38,2728
38,2729
3,2730
38,2731
38,2732
11,2733
10,2734
13,2735
10,2736
11,2737
10,2738
38,2739
3,2740
13,2741
13,2742
10,2743
10,2744
11,2745
13,2746
11,2747
11,2748
38,2749
13,2750
3,2751
38,2752
10,2753
11,2754
13,2755
10,2756
13,2757
13,2758
38,2759
10,2760
3,2761
38,2762
3,2763
13,2764
13,2765
11,2766
3,2767
10,2768
3,2769
10,2770
11,2771
15,2772
6,2773
1,2774
16,2775
20,2776
14,2777
31,2778
16,2779
31,2780
20,2781
16,2782
20,2783
16,2784
31,2785
1,2786
16,2787
1,2788
4,2789
4,2790
39,2791
2,2792
0,2793
39,2794
39,2795
2,2796
39,2797
2,2798
2,2799
0,2800
2,2801
0,2802
39,2803
19,2804
2,2805
0,2806
0,2807
0,2808
4,2809
39,2810
4,2811
2,2812
39,2813
0,2814
19,2815
32,2816
32,2817
23,2818
26,2819
26,2820
28,2821
28,2822
25,2823
25,2824
25,2825
28,2826
5,2827
35,2828
26,2829
25,2830
5,2831
35,2832
28,2833
23,2834
28,2835
5,2836
26,2837
23,2838
23,2839
5,2840
5,2841
5,2842
26,2843
35,2844
28,2845
28,2846
28,2847
25,2848
5,2849
5,2850
5,2851
23,2852
5,2853
5,2854
26,2855
35,2856
26,2857
5,2858
23,2859
26,2860
26,2861
25,2862
35,2863
25,2864
26,2865
5,2866
28,2867
35,2868
25,2869
26,2870
23,2871
5,2872
5,2873
26,2874
0,2875
2,2876
1,2877
31,2878
2,2879
4,2880
3,2881
11,2882
10,2883
38,2884
13,2885
13,2886
38,2887
13,2888
13,2889
13,2890
0,2891
19,2892
1,2893
14,2894
2,2895
0,2896
3,2897
11,2898
3,2899
10,2900
3,2901
13,2902
38,2903
10,2904
38,2905
11,2906
11,2907
3,2908
11,2909
15,2910
17,2911
15,2912
15,2913
17,2914
17,2915
17,2916
6,2917
15,2918
15,2919
17,2920
6,2921
1,2922
31,2923
20,2924
31,2925
16,2926
14,2927
16,2928
14,2929
16,2930
16,2931
31,2932
14,2933
16,2934
20,2935
16,2936
31,2937
16,2938
1,2939
1,2940
4,2941
39,2942
19,2943
2,2944
0,2945
4,2946
39,2947
2,2948
39,2949
19,2950
0,2951
39,2952
39,2953
39,2954
4,2955
2,2956
39,2957
0,2958
19,2959
2,2960
0,2961
0,2962
39,2963
4,2964
2,2965
39,2966
4,2967
19,2968
0,2969
39,2970
4,2971
4,2972
39,2973
0,2974
19,2975
19,2976
2,2977
0,2978
39,2979
4,2980
19,2981
39,2982
19,2983
4,2984
39,2985
19,2986
0,2987
19,2988
19,2989
32,2990
8,2991
29,2992
27,2993
29,2994
32,2995
36,2996
32,2997
32,2998
23,2999
25,3000
26,3001
28,3002
23,3003
28,3004
26,3005
28,3006
28,3007
35,3008
23,3009
5,3010
5,3011
26,3012
25,3013
23,3014
26,3015
35,3016
26,3017
23,3018
23,3019
26,3020
23,3021
28,3022
25,3023
9,3024
30,3025
9,3026
30,3027
9,3028
9,3029
9,3030
30,3031
9,3032
30,3033
9,3034
9,3035
30,3036
30,3037
12,3038
33,3039
37,3040
37,3041
33,3042
18,3043
7,3044
18,3045
7,3046
22,3047
3,3048
3,3049
3,3050
13,3051
10,3052
3,3053
3,3054
10,3055
3,3056
3,3057
38,3058
38,3059
13,3060
13,3061
13,3062
10,3063
10,3064
10,3065
13,3066
3,3067
4,3068
4,3069
19,3070
19,3071
5,3072
23,3073
35,3074
28,3075
26,3076
28,3077
28,3078
35,3079
6,3080
15,3081
7,3082
34,3083
34,3084
37,3085
33,3086
37,3087
4,3088
2,3089
2,3090
39,3091
2,3092
2,3093
5,3094
23,3095
23,3096
6,3097
6,3098
1,3099
20,3100
7,3101
33,3102
33,3103
18,3104
33,3105
18,3106
34,3107
34,3108
34,3109
34,3110
18,3111
34,3112
34,3113
18,3114
7,3115
18,3116
7,3117
18,3118
7,3119
18,3120
18,3121
7,3122
18,3123
37,3124
33,3125
18,3126
37,3127
34,3128
33,3129
37,3130
33,3131
34,3132
18,3133
37,3134
18,3135
33,3136
33,3137
33,3138
7,3139
7,3140
22,3141
3,3142
11,3143
13,3144
11,3145
11,3146
3,3147
11,3148
13,3149
38,3150
3,3151
38,3152
3,3153
11,3154
13,3155
13,3156
10,3157
38,3158
10,3159
38,3160
38,3161
38,3162
3,3163
13,3164
10,3165
13,3166
10,3167
3,3168
11,3169
11,3170
38,3171
3,3172
13,3173
3,3174
13,3175
3,3176
11,3177
11,3178
38,3179
38,3180
11,3181
15,3182
17,3183
17,3184
17,3185
6,3186
15,3187
17,3188
6,3189
6,3190
1,3191
16,3192
16,3193
31,3194
1,3195
20,3196
1,3197
1,3198
14,3199
20,3200
1,3201
31,3202
20,3203
31,3204
14,3205
20,3206
16,3207
20,3208
1,3209
16,3210
20,3211
16,3212
16,3213
16,3214
14,3215
31,3216
31,3217
20,3218
16,3219
31,3220
20,3221
16,3222
16,3223
31,3224
14,3225
16,3226
16,3227
16,3228
31,3229
1,3230
14,3231
1,3232
31,3233
14,3234
31,3235
16,3236
16,3237
16,3238
16,3239
1,3240
31,3241
20,3242
1,3243
31,3244
16,3245
1,3246
14,3247
1,3248
16,3249
14,3250
20,3251
16,3252
1,3253
16,3254
1,3255
1,3256
4,3257
2,3258
2,3259
19,3260
19,3261
2,3262
0,3263
19,3264
0,3265
39,3266
19,3267
32,3268
36,3269
32,3270
23,3271
5,3272
35,3273
28,3274
28,3275
25,3276
26,3277
25,3278
9,3279
9,3280
9,3281
30,3282
9,3283
30,3284
30,3285
12,3286
12,3287
12,3288
33,3289
37,3290
37,3291
33,3292
33,3293
37,3294
37,3295
37,3296
7,3297
37,3298
37,3299
34,3300
7,3301
18,3302
37,3303
7,3304
22,3305
3,3306
10,3307
3,3308
3,3309
3,3310
10,3311
38,3312
11,3313
10,3314
10,3315
3,3316
11,3317
13,3318
13,3319
11,3320
10,3321
13,3322
10,3323
13,3324
13,3325
10,3326
38,3327
13,3328
11,3329
13,3330
10,3331
38,3332
11,3333
13,3334
3,3335
0,3336
2,3337
4,3338
19,3339
1,3340
16,3341
2,3342
39,3343
3,3344
10,3345
38,3346
3,3347
38,3348
10,3349
3,3350
3,3351
3,3352
38,3353
11,3354
10,3355
3,3356
11,3357
38,3358
3,3359
3,3360
11,3361
11,3362
15,3363
17,3364
15,3365
6,3366
15,3367
17,3368
6,3369
17,3370
17,3371
17,3372
15,3373
15,3374
17,3375
6,3376
4,3377
4,3378
5,3379
25,3380
9,3381
6,3382
17,3383
17,3384
6,3385
1,3386
7,3387
7,3388
34,3389
34,3390
33,3391
37,3392
34,3393
34,3394
37,3395
34,3396
18,3397
7,3398
33,3399
18,3400
18,3401
37,3402
7,3403
18,3404
7,3405
34,3406
37,3407
18,3408
37,3409
18,3410
33,3411
7,3412
22,3413
24,3414
22,3415
4,3416
4,3417
5,3418
25,3419
6,3420
1,3421
7,3422
7,3423
34,3424
34,3425
18,3426
33,3427
34,3428
37,3429
34,3430
7,3431
7,3432
37,3433
33,3434
34,3435
37,3436
33,3437
37,3438
33,3439
34,3440
37,3441
33,3442
7,3443
34,3444
33,3445
37,3446
34,3447
7,3448
34,3449
7,3450
34,3451
34,3452
7,3453
34,3454
34,3455
37,3456
34,3457
37,3458
33,3459
37,3460
34,3461
37,3462
34,3463
18,3464
7,3465
34,3466
33,3467
7,3468
7,3469
33,3470
34,3471
37,3472
34,3473
33,3474
34,3475
18,3476
18,3477
18,3478
18,3479
33,3480
34,3481
33,3482
7,3483
22,3484
22,3485
24,3486
24,3487
22,3488
3,3489
10,3490
38,3491
10,3492
38,3493
38,3494
3,3495
13,3496
3,3497
13,3498
11,3499
13,3500
13,3501
3,3502
11,3503
15,3504
4,3505
0,3506
2,3507
39,3508
5,3509
35,3510
25,3511
26,3512
6,3513
6,3514
7,3515
33,3516
18,3517
37,3518
33,3519
7,3520
33,3521
7,3522
33,3523
33,3524
18,3525
7,3526
34,3527
34,3528
33,3529
34,3530
18,3531
37,3532
18,3533
33,3534
18,3535
18,3536
18,3537
7,3538
18,3539
33,3540
37,3541
18,3542
34,3543
18,3544
7,3545
18,3546
37,3547
34,3548
34,3549
33,3550
34,3551
34,3552
34,3553
18,3554
7,3555
18,3556
34,3557
7,3558
22,3559
3,3560
11,3561
3,3562
3,3563
13,3564
3,3565
3,3566
38,3567
38,3568
3,3569
38,3570
11,3571
10,3572
10,3573
13,3574
11,3575
15,3576
6,3577
1,3578
4,3579
2,3580
0,3581
2,3582
19,3583
39,3584
4,3585
2,3586
19,3587
2,3588
4,3589
39,3590
39,3591
2,3592
4,3593
2,3594
39,3595
2,3596
19,3597
39,3598
0,3599
2,3600
39,3601
0,3602
19,3603
4,3604
39,3605
0,3606
4,3607
4,3608
1,3609
31,3610
1,3611
2,3612
2,3613
39,3614
3,3615
3,3616
3,3617
38,3618
3,3619
38,3620
3,3621
11,3622
10,3623
13,3624
13,3625
3,3626
3,3627
11,3628
15,3629
4,3630
4,3631
5,3632
26,3633
6,3634
1,3635
7,3636
22,3637
22,3638
22,3639
24,3640
22,3641
24,3642
24,3643
24,3644
24,3645
24,3646
22,3647
22,3648
3,3649
11,3650
3,3651
11,3652
11,3653
38,3654
10,3655
38,3656
3,3657
38,3658
0,3659
0,3660
1,3661
20,3662
31,3663
2,3664
2,3665
39,3666
3,3667
38,3668
10,3669
3,3670
10,3671
38,3672
3,3673
38,3674
13,3675
4,3676
0,3677
39,3678
19,3679
2,3680
5,3681
28,3682
6,3683
1,3684
31,3685
7,3686
22,3687
24,3688
22,3689
3,3690
11,3691
10,3692
11,3693
15,3694
15,3695
17,3696
17,3697
15,3698
17,3699
0,3700
39,3701
39,3702
4,3703
1,3704
1,3705
2,3706
0,3707
19,3708
39,3709
39,3710
3,3711
10,3712
0,3713
39,3714
0,3715
19,3716
1,3717
16,3718
2,3719
2,3720
3,3721
3,3722
11,3723
13,3724
4,3725
4,3726
0,3727
0,3728
5,3729
28,3730
6,3731
15,3732
7,3733
18,3734
33,3735
18,3736
37,3737
18,3738
18,3739
7,3740
37,3741
34,3742
18,3743
34,3744
34,3745
33,3746
18,3747
33,3748
37,3749
33,3750
33,3751
18,3752
7,3753
37,3754
0,3755
39,3756
1,3757
1,3758
20,3759
16,3760
2,3761
39,3762
0,3763
19,3764
39,3765
4,3766
2,3767
3,3768
11,3769
11,3770
38,3771
13,3772
11,3773
10,3774
38,3775
11,3776
11,3777
38,3778
3,3779
10,3780
13,3781
38,3782
38,3783
3,3784
13,3785
13,3786
38,3787
38,3788
3,3789
10,3790
13,3791
4,3792
2,3793
0,3794
5,3795
28,3796
28,3797
6,3798
1,3799
7,3800
34,3801
33,3802
18,3803
34,3804
34,3805
37,3806
18,3807
37,3808
34,3809
7,3810
18,3811
34,3812
37,3813
34,3814
33,3815
18,3816
37,3817
33,3818
7,3819
37,3820
37,3821
33,3822
34,3823
7,3824
37,3825
7,3826
18,3827
7,3828
34,3829
18,3830
37,3831
7,3832
37,3833
33,3834
37,3835
18,3836
7,3837
37,3838
18,3839
34,3840
34,3841
18,3842
37,3843
33,3844
7,3845
37,3846
18,3847
34,3848
18,3849
7,3850
37,3851
7,3852
34,3853
33,3854
37,3855
33,3856
18,3857
7,3858
33,3859
34,3860
34,3861
34,3862
18,3863
7,3864
34,3865
7,3866
18,3867
33,3868
34,3869
18,3870
34,3871
37,3872
18,3873
34,3874
7,3875
33,3876
33,3877
7,3878
22,3879
24,3880
22,3881
3,3882
10,3883
13,3884
13,3885
11,3886
15,3887
6,3888
6,3889
15,3890
17,3891
6,3892
1,3893
14,3894
31,3895
16,3896
1,3897
16,3898
31,3899
1,3900
1,3901
0,3902
0,3903
1,3904
14,3905
16,3906
31,3907
2,3908
4,3909
2,3910
2,3911
3,3912
38,3913
13,3914
13,3915
13,3916
11,3917
15,3918
17,3919
15,3920
15,3921
6,3922
17,3923
17,3924
17,3925
17,3926
17,3927
6,3928
17,3929
15,3930
17,3931
6,3932
15,3933
15,3934
15,3935
6,3936
1,3937
14,3938
16,3939
16,3940
1,3941
20,3942
16,3943
1,3944
31,3945
1,3946
14,3947
16,3948
20,3949
16,3950
20,3951
20,3952
31,3953
14,3954
1,3955
16,3956
16,3957
14,3958
16,3959
31,3960
14,3961
14,3962
31,3963
1,3964
20,3965
20,3966
20,3967
16,3968
1,3969
14,3970
16,3971
1,3972
31,3973
20,3974
14,3975
16,3976
31,3977
20,3978
31,3979
20,3980
31,3981
14,3982
1,3983
20,3984
20,3985
14,3986
20,3987
1,3988
31,3989
31,3990
20,3991
31,3992
14,3993
20,3994
16,3995
20,3996
14,3997
20,3998
31,3999
1,4000
16,4001
31,4002
20,4003
1,4004
1,4005
4,4006
0,4007
4,4008
39,4009
2,4010
39,4011
0,4012
2,4013
0,4014
19,4015
2,4016
4,4017
2,4018
4,4019
19,4020
0,4021
4,4022
2,4023
4,4024
0,4025
39,4026
4,4027
4,4028
19,4029
39,4030
0,4031
19,4032
0,4033
4,4034
19,4035
19,4036
39,4037
4,4038
0,4039
4,4040
2,4041
0,4042
39,4043
2,4044
2,4045
0,4046
4,4047
0,4048
2,4049
19,4050
4,4051
0,4052
39,4053
39,4054
4,4055
0,4056
19,4057
2,4058
19,4059
0,4060
39,4061
4,4062
19,4063
4,4064
4,4065
19,4066
19,4067
2,4068
0,4069
0,4070
39,4071
19,4072
0,4073
0,4074
0,4075
2,4076
19,4077
32,4078
23,4079
5,4080
26,4081
23,4082
5,4083
28,4084
23,4085
28,4086
35,4087
35,4088
26,4089
23,4090
35,4091
25,4092
9,4093
30,4094
30,4095
12,4096
33,4097
18,4098
7,4099
33,4100
34,4101
33,4102
37,4103
33,4104
4,4105
19,4106
19,4107
39,4108
0,4109
2,4110
5,4111
28,4112
23,4113
6,4114
6,4115
6,4116
17,4117
15,4118
17,4119
15,4120
7,4121
34,4122
37,4123
18,4124
34,4125
33,4126
37,4127
18,4128
0,4129
39,4130
0,4131
0,4132
1,4133
20,4134
31,4135
2,4136
39,4137
3,4138
11,4139
11,4140
11,4141
11,4142
15,4143
15,4144
15,4145
17,4146
17,4147
6,4148
17,4149
15,4150
15,4151
17,4152
0,4153
39,4154
2,4155
19,4156
0,4157
19,4158
0,4159
1,4160
20,4161
2,4162
2,4163
3,4164
10,4165
3,4166
10,4167
11,4168
3,4169
3,4170
13,4171
38,4172
3,4173
13,4174
13,4175
11,4176
38,4177
3,4178
3,4179
13,4180
10,4181
11,4182
10,4183
11,4184
15,4185
0,4186
0,4187
4,4188
1,4189
1,4190
16,4191
14,4192
2,4193
19,4194
3,4195
13,4196
3,4197
3,4198
3,4199
13,4200
10,4201
38,4202
11,4203
38,4204
38,4205
10,4206
13,4207
13,4208
10,4209
11,4210
11,4211
15,4212
6,4213
15,4214
17,4215
17,4216
6,4217
17,4218
6,4219
17,4220
15,4221
15,4222
17,4223
6,4224
17,4225
15,4226
15,4227
17,4228
17,4229
15,4230
17,4231
6,4232
15,4233
15,4234
6,4235
15,4236
15,4237
17,4238
15,4239
17,4240
15,4241
17,4242
15,4243
17,4244
15,4245
15,4246
6,4247
17,4248
15,4249
17,4250
15,4251
17,4252
17,4253
6,4254
15,4255
17,4256
15,4257
17,4258
17,4259
17,4260
6,4261
1,4262
16,4263
31,4264
20,4265
20,4266
0,4267
0,4268
39,4269
0,4270
1,4271
14,4272
31,4273
2,4274
2,4275
3,4276
11,4277
3,4278
3,4279
11,4280
11,4281
3,4282
3,4283
10,4284
13,4285
3,4286
11,4287
38,4288
11,4289
10,4290
3,4291
3,4292
38,4293
38,4294
3,4295
3,4296
11,4297
3,4298
13,4299
13,4300
10,4301
3,4302
3,4303
11,4304
15,4305
15,4306
6,4307
6,4308
17,4309
17,4310
6,4311
17,4312
6,4313
15,4314
17,4315
15,4316
6,4317
1,4318
1,4319
20,4320
20,4321
20,4322
31,4323
1,4324
14,4325
14,4326
1,4327
20,4328
1,4329
4,4330
39,4331
0,4332
39,4333
4,4334
2,4335
39,4336
4,4337
39,4338
4,4339
39,4340
2,4341
2,4342
19,4343
39,4344
2,4345
2,4346
0,4347
39,4348
0,4349
19,4350
4,4351
0,4352
4,4353
4,4354
19,4355
19,4356
4,4357
0,4358
2,4359
0,4360
19,4361
2,4362
39,4363
2,4364
19,4365
0,4366
19,4367
2,4368
39,4369
19,4370
4,4371
19,4372
4,4373
19,4374
4,4375
19,4376
19,4377
4,4378
2,4379
0,4380
19,4381
39,4382
0,4383
39,4384
39,4385
0,4386
4,4387
4,4388
0,4389
0,4390
0,4391
2,4392
4,4393
2,4394
39,4395
0,4396
39,4397
0,4398
0,4399
39,4400
1,4401
16,4402
2,4403
19,4404
32,4405
3,4406
11,4407
38,4408
13,4409
38,4410
10,4411
38,4412
13,4413
38,4414
13,4415
10,4416
3,4417
38,4418
3,4419
3,4420
13,4421
13,4422
11,4423
13,4424
3,4425
0,4426
0,4427
0,4428
39,4429
39,4430
1,4431
14,4432
2,4433
0,4434
4,4435
19,4436
3,4437
11,4438
10,4439
38,4440
3,4441
38,4442
11,4443
15,4444
17,4445
17,4446
17,4447
17,4448
15,4449
15,4450
17,4451
6,4452
6,4453
6,4454
6,4455
17,4456
15,4457
6,4458
1,4459
20,4460
20,4461
16,4462
20,4463
31,4464
1,4465
14,4466
31,4467
31,4468
31,4469
20,4470
14,4471
1,4472
1,4473
14,4474
1,4475
16,4476
31,4477
31,4478
31,4479
31,4480
16,4481
20,4482
20,4483
16,4484
16,4485
31,4486
1,4487
1,4488
1,4489
14,4490
1,4491
20,4492
1,4493
20,4494
14,4495
31,4496
1,4497
20,4498
20,4499
20,4500
14,4501
16,4502
20,4503
14,4504
1,4505
1,4506
20,4507
1,4508
20,4509
16,4510
31,4511
1,4512
31,4513
31,4514
1,4515
0,4516
19,4517
1,4518
31,4519
2,4520
39,4521
19,4522
19,4523
19,4524
3,4525
11,4526
11,4527
15,4528
6,4529
6,4530
17,4531
15,4532
17,4533
17,4534
17,4535
17,4536
15,4537
15,4538
17,4539
17,4540
6,4541
1,4542
4,4543
4,4544
39,4545
0,4546
19,4547
19,4548
32,4549
23,4550
25,4551
26,4552
25,4553
23,4554
5,4555
23,4556
23,4557
23,4558
28,4559
26,4560
5,4561
25,4562
9,4563
9,4564
9,4565
30,4566
9,4567
9,4568
9,4569
30,4570
9,4571
30,4572
30,4573
9,4574
30,4575
9,4576
30,4577
12,4578
12,4579
33,4580
33,4581
7,4582
33,4583
34,4584
33,4585
33,4586
33,4587
7,4588
33,4589
33,4590
18,4591
7,4592
37,4593
18,4594
7,4595
37,4596
37,4597
34,4598
7,4599
4,4600
0,4601
19,4602
32,4603
5,4604
28,4605
23,4606
23,4607
6,4608
1,4609
7,4610
33,4611
18,4612
7,4613
34,4614
7,4615
18,4616
18,4617
7,4618
37,4619
34,4620
7,4621
7,4622
34,4623
34,4624
34,4625
34,4626
7,4627
34,4628
37,4629
18,4630
37,4631
34,4632
18,4633
7,4634
18,4635
18,4636
33,4637
34,4638
37,4639
34,4640
34,4641
34,4642
34,4643
7,4644
22,4645
22,4646
22,4647
22,4648
0,4649
4,4650
1,4651
1,4652
14,4653
14,4654
2,4655
0,4656
3,4657
13,4658
3,4659
3,4660
10,4661
13,4662
13,4663
3,4664
10,4665
11,4666
15,4667
17,4668
17,4669
6,4670
1,4671
4,4672
0,4673
39,4674
1,4675
20,4676
2,4677
0,4678
2,4679
3,4680
10,4681
10,4682
11,4683
11,4684
38,4685
11,4686
15,4687
17,4688
17,4689
6,4690
6,4691
1,4692
1,4693
16,4694
31,4695
31,4696
16,4697
20,4698
14,4699
20,4700
31,4701
1,4702
4,4703
0,4704
2,4705
0,4706
19,4707
39,4708
2,4709
19,4710
39,4711
4,4712
39,4713
19,4714
2,4715
2,4716
2,4717
0,4718
0,4719
2,4720
4,4721
0,4722
4,4723
39,4724
0,4725
2,4726
0,4727
19,4728
2,4729
39,4730
19,4731
2,4732
4,4733
19,4734
32,4735
29,4736
36,4737
29,4738
32,4739
21,4740
29,4741
36,4742
21,4743
36,4744
27,4745
4,4746
2,4747
19,4748
32,4749
23,4750
5,4751
23,4752
26,4753
6,4754
6,4755
6,4756
7,4757
22,4758
22,4759
0,4760
19,4761
1,4762
31,4763
2,4764
39,4765
39,4766
3,4767
3,4768
13,4769
13,4770
38,4771
3,4772
11,4773
11,4774
11,4775
10,4776
10,4777
11,4778
10,4779
10,4780
38,4781
3,4782
13,4783
13,4784
10,4785
10,4786
3,4787
3,4788
3,4789
13,4790
13,4791
38,4792
10,4793
38,4794
38,4795
38,4796
13,4797
11,4798
15,4799
17,4800
15,4801
6,4802
6,4803
15,4804
6,4805
6,4806
1,4807
14,4808
20,4809
1,4810
20,4811
1,4812
14,4813
16,4814
20,4815
20,4816
1,4817
4,4818
19,4819
0,4820
19,4821
4,4822
2,4823
0,4824
0,4825
19,4826
19,4827
32,4828
27,4829
32,4830
21,4831
29,4832
29,4833
29,4834
21,4835
29,4836
27,4837
27,4838
21,4839
27,4840
8,4841
27,4842
27,4843
32,4844
32,4845
4,4846
2,4847
4,4848
5,4849
26,4850
5,4851
28,4852
26,4853
28,4854
35,4855
26,4856
25,4857
6,4858
1,4859
1,4860
31,4861
14,4862
20,4863
7,4864
34,4865
33,4866
18,4867
34,4868
33,4869
18,4870
34,4871
18,4872
7,4873
18,4874
33,4875
7,4876
22,4877
22,4878
24,4879
24,4880
22,4881
24,4882
24,4883
22,4884
22,4885
3,4886
11,4887
38,4888
10,4889
38,4890
10,4891
4,4892
4,4893
39,4894
4,4895
39,4896
0,4897
0,4898
39,4899
5,4900
26,4901
6,4902
1,4903
16,4904
7,4905
22,4906
22,4907
3,4908
38,4909
3,4910
13,4911
3,4912
38,4913
13,4914
10,4915
11,4916
15,4917
17,4918
17,4919
17,4920
6,4921
17,4922
15,4923
6,4924
17,4925
15,4926
17,4927
6,4928
1,4929
1,4930
14,4931
31,4932
31,4933
1,4934
1,4935
31,4936
1,4937
4,4938
19,4939
0,4940
5,4941
25,4942
35,4943
6,4944
1,4945
7,4946
22,4947
22,4948
22,4949
22,4950
3,4951
10,4952
13,4953
3,4954
38,4955
13,4956
11,4957
10,4958
13,4959
11,4960
15,4961
6,4962
6,4963
15,4964
6,4965
17,4966
6,4967
17,4968
6,4969
17,4970
17,4971
6,4972
6,4973
17,4974
17,4975
15,4976
4,4977
0,4978
0,4979
5,4980
28,4981
6,4982
6,4983
6,4984
1,4985
16,4986
7,4987
37,4988
18,4989
7,4990
33,4991
37,4992
7,4993
37,4994
37,4995
34,4996
0,4997
4,4998
1,4999
14,5000
1,5001
16,5002
2,5003
39,5004
2,5005
19,5006
0,5007
3,5008
13,5009
13,5010
38,5011
38,5012
13,5013
3,5014
3,5015
10,5016
11,5017
38,5018
10,5019
13,5020
11,5021
15,5022
17,5023
6,5024
17,5025
17,5026
6,5027
1,5028
14,5029
20,5030
1,5031
16,5032
31,5033
31,5034
14,5035
31,5036
16,5037
31,5038
14,5039
31,5040
31,5041
31,5042
16,5043
14,5044
16,5045
14,5046
16,5047
1,5048
4,5049
39,5050
2,5051
39,5052
4,5053
39,5054
0,5055
0,5056
4,5057
39,5058
0,5059
4,5060
2,5061
39,5062
4,5063
39,5064
1,5065
16,5066
16,5067
2,5068
0,5069
39,5070
19,5071
19,5072
4,5073
3,5074
11,5075
11,5076
13,5077
38,5078
10,5079
11,5080
13,5081
3,5082
3,5083
11,5084
38,5085
11,5086
10,5087
10,5088
3,5089
3,5090
13,5091
3,5092
13,5093
10,5094
11,5095
10,5096
38,5097
11,5098
11,5099
11,5100
11,5101
10,5102
11,5103
10,5104
38,5105
10,5106
10,5107
3,5108
38,5109
38,5110
38,5111
10,5112
38,5113
38,5114
3,5115
38,5116
13,5117
38,5118
11,5119
3,5120
11,5121
38,5122
0,5123
19,5124
39,5125
4,5126
1,5127
31,5128
14,5129
14,5130
2,5131
4,5132
39,5133
3,5134
38,5135
38,5136
10,5137
13,5138
13,5139
38,5140
4,5141
0,5142
2,5143
39,5144
4,5145
5,5146
28,5147
5,5148
23,5149
6,5150
1,5151
7,5152
33,5153
34,5154
33,5155
34,5156
37,5157
18,5158
7,5159
37,5160
34,5161
34,5162
33,5163
37,5164
37,5165
33,5166
33,5167
37,5168
33,5169
37,5170
33,5171
7,5172
34,5173
34,5174
7,5175
37,5176
18,5177
33,5178
37,5179
37,5180
34,5181
33,5182
7,5183
22,5184
3,5185
10,5186
3,5187
13,5188
10,5189
10,5190
10,5191
11,5192
13,5193
13,5194
38,5195
10,5196
10,5197
3,5198
3,5199
10,5200
13,5201
11,5202
38,5203
13,5204
3,5205
3,5206
3,5207
3,5208
3,5209
38,5210
11,5211
15,5212
17,5213
6,5214
1,5215
16,5216
1,5217
4,5218
39,5219
0,5220
2,5221
19,5222
0,5223
0,5224
4,5225
2,5226
1,5227
4,5228
0,5229
2,5230
0,5231
3,5232
11,5233
3,5234
10,5235
11,5236
10,5237
38,5238
3,5239
10,5240
38,5241
11,5242
11,5243
13,5244
11,5245
15,5246
17,5247
4,5248
2,5249
19,5250
5,5251
25,5252
25,5253
25,5254
6,5255
1,5256
31,5257
7,5258
33,5259
18,5260
33,5261
7,5262
34,5263
7,5264
37,5265
37,5266
7,5267
18,5268
33,5269
7,5270
33,5271
37,5272
37,5273
34,5274
33,5275
37,5276
18,5277
33,5278
37,5279
33,5280
34,5281
33,5282
18,5283
18,5284
37,5285
18,5286
18,5287
33,5288
18,5289
7,5290
22,5291
3,5292
3,5293
3,5294
10,5295
13,5296
4,5297
4,5298
5,5299
26,5300
26,5301
5,5302
6,5303
1,5304
16,5305
7,5306
34,5307
18,5308
7,5309
33,5310
33,5311
37,5312
7,5313
37,5314
18,5315
37,5316
18,5317
34,5318
34,5319
18,5320
37,5321
34,5322
18,5323
7,5324
7,5325
37,5326
33,5327
4,5328
39,5329
2,5330
5,5331
26,5332
6,5333
17,5334
6,5335
7,5336
7,5337
34,5338
37,5339
18,5340
34,5341
33,5342
7,5343
7,5344
33,5345
34,5346
34,5347
7,5348
37,5349
34,5350
37,5351
37,5352
34,5353
34,5354
34,5355
34,5356
7,5357
34,5358
18,5359
37,5360
37,5361
34,5362
37,5363
7,5364
34,5365
34,5366
34,5367
33,5368
37,5369
0,5370
19,5371
32,5372
1,5373
1,5374
2,5375
39,5376
3,5377
11,5378
3,5379
10,5380
10,5381
38,5382
38,5383
11,5384
10,5385
38,5386
10,5387
11,5388
15,5389
17,5390
15,5391
17,5392
6,5393
1,5394
1,5395
1,5396
1,5397
4,5398
19,5399
2,5400
5,5401
26,5402
6,5403
1,5404
7,5405
33,5406
34,5407
33,5408
34,5409
34,5410
37,5411
34,5412
34,5413
37,5414
37,5415
37,5416
37,5417
7,5418
34,5419
7,5420
33,5421
33,5422
18,5423
7,5424
34,5425
34,5426
18,5427
37,5428
33,5429
33,5430
34,5431
33,5432
7,5433
37,5434
33,5435
34,5436
33,5437
33,5438
33,5439
37,5440
34,5441
18,5442
37,5443
34,5444
18,5445
4,5446
19,5447
0,5448
5,5449
26,5450
6,5451
6,5452
7,5453
7,5454
22,5455
3,5456
13,5457
3,5458
10,5459
11,5460
15,5461
15,5462
17,5463
6,5464
17,5465
6,5466
1,5467
1,5468
14,5469
1,5470
16,5471
1,5472
16,5473
20,5474
14,5475
20,5476
20,5477
1,5478
14,5479
1,5480
4,5481
2,5482
0,5483
2,5484
2,5485
39,5486
2,5487
4,5488
19,5489
2,5490
4,5491
4,5492
4,5493
0,5494
5,5495
28,5496
35,5497
25,5498
28,5499
25,5500
5,5501
6,5502
1,5503
4,5504
7,5505
34,5506
37,5507
7,5508
33,5509
18,5510
34,5511
37,5512
18,5513
7,5514
18,5515
33,5516
34,5517
33,5518
33,5519
37,5520
7,5521
33,5522
18,5523
37,5524
18,5525
18,5526
18,5527
37,5528
7,5529
34,5530
34,5531
7,5532
7,5533
34,5534
7,5535
33,5536
34,5537
37,5538
18,5539
37,5540
7,5541
37,5542
18,5543
34,5544
18,5545
33,5546
18,5547
37,5548
34,5549
37,5550
33,5551
0,5552
0,5553
1,5554
20,5555
2,5556
39,5557
3,5558
10,5559
13,5560
10,5561
11,5562
13,5563
3,5564
3,5565
38,5566
10,5567
38,5568
10,5569
13,5570
3,5571
13,5572
13,5573
38,5574
3,5575
38,5576
13,5577
4,5578
39,5579
39,5580
39,5581
5,5582
35,5583
35,5584
26,5585
6,5586
6,5587
6,5588
7,5589
18,5590
7,5591
22,5592
3,5593
10,5594
3,5595
11,5596
15,5597
17,5598
6,5599
17,5600
17,5601
6,5602
1,5603
14,5604
16,5605
4,5606
0,5607
0,5608
0,5609
5,5610
35,5611
26,5612
5,5613
5,5614
6,5615
6,5616
7,5617
7,5618
18,5619
33,5620
33,5621
37,5622
34,5623
18,5624
7,5625
22,5626
3,5627
10,5628
11,5629
11,5630
38,5631
10,5632
38,5633
38,5634
3,5635
3,5636
13,5637
13,5638
11,5639
38,5640
3,5641
3,5642
11,5643
15,5644
6,5645
17,5646
17,5647
15,5648
6,5649
6,5650
15,5651
6,5652
15,5653
17,5654
6,5655
17,5656
15,5657
6,5658
15,5659
15,5660
6,5661
6,5662
6,5663
1,5664
31,5665
1,5666
14,5667
1,5668
31,5669
20,5670
1,5671
4,5672
2,5673
2,5674
0,5675
19,5676
32,5677
36,5678
21,5679
21,5680
8,5681
8,5682
21,5683
27,5684
36,5685
8,5686
32,5687
32,5688
21,5689
27,5690
29,5691
32,5692
8,5693
29,5694
36,5695
27,5696
32,5697
36,5698
29,5699
21,5700
8,5701
27,5702
32,5703
23,5704
28,5705
35,5706
23,5707
5,5708
26,5709
28,5710
35,5711
26,5712
35,5713
26,5714
23,5715
5,5716
26,5717
25,5718
26,5719
23,5720
23,5721
35,5722
28,5723
28,5724
25,5725
28,5726
28,5727
35,5728
5,5729
23,5730
0,5731
0,5732
1,5733
20,5734
2,5735
4,5736
39,5737
39,5738
2,5739
4,5740
3,5741
3,5742
13,5743
3,5744
4,5745
4,5746
5,5747
23,5748
25,5749
6,5750
15,5751
7,5752
34,5753
18,5754
33,5755
33,5756
37,5757
34,5758
33,5759
18,5760
34,5761
34,5762
34,5763
0,5764
19,5765
1,5766
20,5767
2,5768
39,5769
3,5770
10,5771
3,5772
11,5773
10,5774
10,5775
38,5776
3,5777
11,5778
11,5779
13,5780
13,5781
10,5782
10,5783
13,5784
11,5785
3,5786
0,5787
39,5788
4,5789
0,5790
1,5791
14,5792
20,5793
31,5794
2,5795
0,5796
3,5797
11,5798
15,5799
6,5800
17,5801
15,5802
15,5803
15,5804
15,5805
15,5806
17,5807
17,5808
6,5809
15,5810
15,5811
17,5812
0,5813
0,5814
1,5815
16,5816
31,5817
2,5818
4,5819
3,5820
13,5821
38,5822
13,5823
38,5824
13,5825
38,5826
38,5827
13,5828
38,5829
11,5830
15,5831
6,5832
6,5833
17,5834
15,5835
15,5836
15,5837
17,5838
15,5839
17,5840
15,5841
6,5842
15,5843
6,5844
0,5845
39,5846
1,5847
14,5848
16,5849
2,5850
39,5851
0,5852
3,5853
3,5854
10,5855
11,5856
11,5857
13,5858
38,5859
11,5860
15,5861
6,5862
6,5863
17,5864
6,5865
6,5866
1,5867
20,5868
16,5869
16,5870
14,5871
20,5872
1,5873
14,5874
31,5875
14,5876
20,5877
20,5878
31,5879
16,5880
14,5881
16,5882
31,5883
31,5884
16,5885
16,5886
20,5887
14,5888
20,5889
1,5890
14,5891
31,5892
14,5893
20,5894
1,5895
16,5896
16,5897
1,5898
20,5899
1,5900
14,5901
1,5902
31,5903
20,5904
1,5905
1,5906
20,5907
14,5908
20,5909
14,5910
31,5911
31,5912
16,5913
31,5914
16,5915
31,5916
1,5917
31,5918
20,5919
20,5920
1,5921
16,5922
16,5923
16,5924
1,5925
31,5926
1,5927
1,5928
1,5929
14,5930
20,5931
31,5932
16,5933
1,5934
14,5935
1,5936
14,5937
20,5938
1,5939
1,5940
1,5941
1,5942
1,5943
16,5944
4,5945
39,5946
5,5947
5,5948
6,5949
15,5950
7,5951
37,5952
37,5953
7,5954
22,5955
0,5956
2,5957
1,5958
31,5959
2,5960
0,5961
3,5962
13,5963
11,5964
38,5965
3,5966
11,5967
15,5968
15,5969
6,5970
15,5971
17,5972
6,5973
15,5974
6,5975
6,5976
15,5977
15,5978
15,5979
6,5980
1,5981
31,5982
14,5983
31,5984
20,5985
20,5986
14,5987
31,5988
31,5989
16,5990
20,5991
14,5992
20,5993
16,5994
31,5995
16,5996
16,5997
20,5998
16,5999
20,6000
16,6001
1,6002
16,6003
16,6004
16,6005
14,6006
16,6007
1,6008
31,6009
31,6010
31,6011
20,6012
14,6013
16,6014
16,6015
14,6016
20,6017
1,6018
31,6019
20,6020
1,6021
31,6022
16,6023
1,6024
4,6025
39,6026
39,6027
4,6028
39,6029
0,6030
39,6031
0,6032
0,6033
19,6034
2,6035
19,6036
2,6037
39,6038
39,6039
2,6040
0,6041
19,6042
32,6043
36,6044
4,6045
2,6046
2,6047
2,6048
5,6049
5,6050
28,6051
6,6052
17,6053
15,6054
17,6055
17,6056
7,6057
37,6058
18,6059
37,6060
33,6061
34,6062
18,6063
37,6064
33,6065
18,6066
33,6067
7,6068
22,6069
3,6070
11,6071
11,6072
15,6073
6,6074
15,6075
6,6076
17,6077
15,6078
17,6079
15,6080
15,6081
17,6082
17,6083
15,6084
6,6085
6,6086
6,6087
17,6088
15,6089
17,6090
6,6091
4,6092
39,6093
5,6094
25,6095
9,6096
6,6097
15,6098
17,6099
7,6100
18,6101
18,6102
33,6103
18,6104
34,6105
37,6106
0,6107
2,6108
0,6109
1,6110
14,6111
14,6112
2,6113
2,6114
3,6115
11,6116
0,6117
19,6118
1,6119
31,6120
2,6121
0,6122
3,6123
10,6124
10,6125
38,6126
3,6127
10,6128
13,6129
38,6130
3,6131
38,6132
13,6133
3,6134
13,6135
3,6136
4,6137
0,6138
2,6139
4,6140
39,6141
0,6142
5,6143
23,6144
5,6145
6,6146
1,6147
7,6148
18,6149
37,6150
34,6151
34,6152
7,6153
33,6154
33,6155
37,6156
33,6157
18,6158
7,6159
18,6160
34,6161
18,6162
7,6163
22,6164
24,6165
24,6166
24,6167
24,6168
24,6169
22,6170
22,6171
3,6172
11,6173
3,6174
11,6175
15,6176
15,6177
6,6178
15,6179
6,6180
15,6181
6,6182
15,6183
15,6184
17,6185
15,6186
6,6187
15,6188
15,6189
0,6190
19,6191
1,6192
14,6193
1,6194
31,6195
2,6196
0,6197
0,6198
3,6199
11,6200
13,6201
13,6202
10,6203
3,6204
13,6205
10,6206
11,6207
15,6208
15,6209
15,6210
6,6211
1,6212
14,6213
20,6214
20,6215
14,6216
31,6217
16,6218
20,6219
1,6220
4,6221
4,6222
39,6223
2,6224
19,6225
32,6226
23,6227
25,6228
28,6229
28,6230
5,6231
28,6232
5,6233
23,6234
35,6235
28,6236
28,6237
35,6238
26,6239
26,6240
28,6241
5,6242
4,6243
4,6244
5,6245
5,6246
28,6247
6,6248
17,6249
7,6250
22,6251
3,6252
38,6253
11,6254
10,6255
3,6256
13,6257
13,6258
10,6259
11,6260
11,6261
11,6262
15,6263
6,6264
6,6265
6,6266
1,6267
16,6268
16,6269
14,6270
20,6271
0,6272
0,6273
1,6274
1,6275
2,6276
2,6277
4,6278
3,6279
13,6280
3,6281
11,6282
11,6283
15,6284
17,6285
17,6286
17,6287
15,6288
15,6289
15,6290
6,6291
6,6292
17,6293
15,6294
17,6295
15,6296
6,6297
1,6298
14,6299
31,6300
16,6301
16,6302
14,6303
31,6304
20,6305
16,6306
16,6307
14,6308
1,6309
1,6310
16,6311
20,6312
1,6313
31,6314
20,6315
20,6316
31,6317
16,6318
20,6319
14,6320
14,6321
1,6322
31,6323
20,6324
20,6325
31,6326
14,6327
31,6328
20,6329
1,6330
20,6331
16,6332
14,6333
14,6334
20,6335
31,6336
16,6337
20,6338
20,6339
20,6340
16,6341
1,6342
16,6343
31,6344
31,6345
1,6346
1,6347
1,6348
14,6349
1,6350
14,6351
31,6352
1,6353
31,6354
14,6355
14,6356
14,6357
20,6358
31,6359
31,6360
1,6361
4,6362
39,6363
2,6364
0,6365
4,6366
19,6367
0,6368
2,6369
39,6370
4,6371
0,6372
2,6373
4,6374
0,6375
39,6376
0,6377
19,6378
39,6379
2,6380
2,6381
19,6382
0,6383
2,6384
0,6385
39,6386
39,6387
4,6388
39,6389
19,6390
32,6391
29,6392
21,6393
29,6394
36,6395
27,6396
29,6397
36,6398
4,6399
39,6400
4,6401
0,6402
5,6403
25,6404
23,6405
6,6406
6,6407
7,6408
34,6409
33,6410
18,6411
34,6412
34,6413
37,6414
34,6415
7,6416
22,6417
22,6418
22,6419
24,6420
24,6421
24,6422
22,6423
3,6424
3,6425
13,6426
38,6427
38,6428
13,6429
38,6430
10,6431
38,6432
3,6433
11,6434
13,6435
11,6436
10,6437
11,6438
38,6439
11,6440
3,6441
13,6442
10,6443
11,6444
15,6445
17,6446
17,6447
6,6448
6,6449
6,6450
6,6451
17,6452
17,6453
15,6454
15,6455
6,6456
17,6457
6,6458
17,6459
15,6460
15,6461
15,6462
6,6463
6,6464
15,6465
17,6466
17,6467
17,6468
15,6469
15,6470
15,6471
17,6472
15,6473
6,6474
6,6475
1,6476
14,6477
14,6478
14,6479
31,6480
1,6481
1,6482
1,6483
31,6484
1,6485
1,6486
20,6487
20,6488
16,6489
20,6490
31,6491
1,6492
14,6493
16,6494
31,6495
14,6496
31,6497
16,6498
31,6499
31,6500
20,6501
1,6502
20,6503
14,6504
16,6505
20,6506
16,6507
1,6508
16,6509
31,6510
20,6511
20,6512
16,6513
20,6514
16,6515
1,6516
14,6517
14,6518
31,6519
1,6520
31,6521
16,6522
31,6523
20,6524
16,6525
16,6526
20,6527
16,6528
31,6529
20,6530
16,6531
16,6532
20,6533
1,6534
20,6535
16,6536
14,6537
1,6538
14,6539
31,6540
0,6541
2,6542
39,6543
39,6544
4,6545
0,6546
39,6547
1,6548
16,6549
2,6550
19,6551
0,6552
2,6553
3,6554
13,6555
3,6556
10,6557
13,6558
13,6559
3,6560
38,6561
11,6562
15,6563
15,6564
15,6565
6,6566
15,6567
17,6568
17,6569
15,6570
17,6571
17,6572
17,6573
6,6574
6,6575
6,6576
6,6577
17,6578
17,6579
15,6580
15,6581
6,6582
17,6583
6,6584
6,6585
17,6586
15,6587
17,6588
15,6589
6,6590
1,6591
14,6592
20,6593
31,6594
14,6595
31,6596
1,6597
20,6598
16,6599
31,6600
16,6601
20,6602
1,6603
14,6604
31,6605
14,6606
16,6607
20,6608
16,6609
20,6610
16,6611
31,6612
14,6613
1,6614
16,6615
16,6616
16,6617
31,6618
14,6619
1,6620
4,6621
2,6622
4,6623
19,6624
0,6625
19,6626
4,6627
0,6628
2,6629
4,6630
4,6631
19,6632
0,6633
19,6634
2,6635
4,6636
0,6637
2,6638
2,6639
4,6640
0,6641
2,6642
19,6643
32,6644
32,6645
32,6646
21,6647
8,6648
32,6649
36,6650
29,6651
27,6652
36,6653
36,6654
8,6655
21,6656
21,6657
29,6658
32,6659
23,6660
5,6661
26,6662
23,6663
25,6664
9,6665
30,6666
30,6667
9,6668
30,6669
30,6670
12,6671
12,6672
12,6673
33,6674
4,6675
0,6676
19,6677
5,6678
28,6679
23,6680
28,6681
6,6682
1,6683
1,6684
4,6685
7,6686
33,6687
34,6688
33,6689
34,6690
34,6691
37,6692
37,6693
18,6694
7,6695
7,6696
22,6697
24,6698
24,6699
22,6700
24,6701
24,6702
22,6703
22,6704
22,6705
3,6706
38,6707
13,6708
11,6709
10,6710
10,6711
0,6712
19,6713
1,6714
14,6715
31,6716
2,6717
2,6718
4,6719
19,6720
3,6721
13,6722
11,6723
15,6724
6,6725
17,6726
15,6727
17,6728
6,6729
17,6730
4,6731
39,6732
0,6733
5,6734
5,6735
6,6736
6,6737
17,6738
17,6739
7,6740
34,6741
34,6742
18,6743
18,6744
37,6745
34,6746
18,6747
34,6748
34,6749
7,6750
37,6751
37,6752
33,6753
37,6754
34,6755
18,6756
37,6757
7,6758
34,6759
34,6760
33,6761
7,6762
22,6763
3,6764
3,6765
3,6766
3,6767
3,6768
38,6769
3,6770
11,6771
38,6772
11,6773
10,6774
11,6775
15,6776
17,6777
6,6778
6,6779
6,6780
15,6781
6,6782
17,6783
6,6784
6,6785
17,6786
17,6787
15,6788
15,6789
15,6790
6,6791
17,6792
4,6793
0,6794
0,6795
5,6796
5,6797
6,6798
1,6799
7,6800
18,6801
7,6802
18,6803
37,6804
33,6805
33,6806
33,6807
7,6808
33,6809
33,6810
18,6811
33,6812
33,6813
7,6814
34,6815
34,6816
34,6817
37,6818
37,6819
34,6820
7,6821
7,6822
33,6823
7,6824
37,6825
18,6826
33,6827
37,6828
34,6829
34,6830
7,6831
33,6832
18,6833
37,6834
7,6835
22,6836
3,6837
38,6838
3,6839
3,6840
38,6841
13,6842
13,6843
38,6844
13,6845
38,6846
11,6847
3,6848
10,6849
38,6850
10,6851
11,6852
11,6853
15,6854
17,6855
6,6856
6,6857
1,6858
14,6859
1,6860
16,6861
16,6862
31,6863
31,6864
14,6865
1,6866
14,6867
31,6868
14,6869
16,6870
16,6871
31,6872
31,6873
20,6874
31,6875
20,6876
1,6877
14,6878
31,6879
1,6880
14,6881
14,6882
31,6883
31,6884
1,6885
20,6886
20,6887
16,6888
1,6889
14,6890
31,6891
1,6892
16,6893
16,6894
20,6895
16,6896
16,6897
31,6898
4,6899
4,6900
19,6901
5,6902
26,6903
6,6904
1,6905
7,6906
22,6907
22,6908
22,6909
24,6910
22,6911
22,6912
24,6913
24,6914
24,6915
22,6916
22,6917
22,6918
3,6919
10,6920
13,6921
3,6922
3,6923
11,6924
15,6925
17,6926
15,6927
15,6928
0,6929
39,6930
19,6931
1,6932
20,6933
20,6934
2,6935
19,6936
4,6937
3,6938
3,6939
13,6940
0,6941
19,6942
1,6943
31,6944
2,6945
19,6946
39,6947
3,6948
10,6949
11,6950
3,6951
11,6952
15,6953
17,6954
15,6955
6,6956
1,6957
31,6958
16,6959
16,6960
14,6961
31,6962
31,6963
20,6964
14,6965
16,6966
20,6967
1,6968
20,6969
20,6970
1,6971
4,6972
39,6973
4,6974
0,6975
2,6976
19,6977
0,6978
4,6979
0,6980
0,6981
4,6982
39,6983
39,6984
19,6985
32,6986
21,6987
8,6988
8,6989
32,6990
29,6991
8,6992
32,6993
21,6994
27,6995
21,6996
32,6997
21,6998
8,6999
36,7000
36,7001
32,7002
8,7003
29,7004
36,7005
36,7006
29,7007
27,7008
32,7009
36,7010
36,7011
27,7012
27,7013
27,7014
29,7015
21,7016
8,7017
27,7018
32,7019
21,7020
36,7021
29,7022
21,7023
21,7024
29,7025
32,7026
36,7027
27,7028
21,7029
8,7030
32,7031
29,7032
32,7033
36,7034
27,7035
8,7036
21,7037
8,7038
32,7039
29,7040
8,7041
36,7042
21,7043
8,7044
21,7045
8,7046
29,7047
29,7048
21,7049
32,7050
36,7051
21,7052
29,7053
8,7054
27,7055
36,7056
8,7057
36,7058
29,7059
27,7060
21,7061
29,7062
21,7063
27,7064
21,7065
27,7066
29,7067
32,7068
21,7069
21,7070
36,7071
36,7072
32,7073
36,7074
36,7075
36,7076
21,7077
32,7078
21,7079
8,7080
29,7081
32,7082
32,7083
27,7084
21,7085
36,7086
32,7087
23,7088
28,7089
35,7090
5,7091
23,7092
5,7093
35,7094
5,7095
5,7096
26,7097
26,7098
26,7099
23,7100
35,7101
35,7102
25,7103
28,7104
25,7105
28,7106
26,7107
5,7108
35,7109
26,7110
26,7111
25,7112
5,7113
28,7114
5,7115
5,7116
23,7117
5,7118
4,7119
2,7120
2,7121
4,7122
5,7123
23,7124
25,7125
25,7126
26,7127
23,7128
6,7129
6,7130
7,7131
37,7132
33,7133
33,7134
33,7135
33,7136
18,7137
18,7138
7,7139
18,7140
37,7141
7,7142
34,7143
34,7144
37,7145
33,7146
18,7147
37,7148
18,7149
34,7150
18,7151
37,7152
0,7153
19,7154
4,7155
19,7156
1,7157
1,7158
1,7159
14,7160
2,7161
19,7162
4,7163
4,7164
3,7165
10,7166
38,7167
13,7168
3,7169
38,7170
11,7171
3,7172
11,7173
15,7174
17,7175
17,7176
15,7177
6,7178
15,7179
15,7180
15,7181
17,7182
6,7183
15,7184
17,7185
6,7186
15,7187
17,7188
15,7189
17,7190
17,7191
6,7192
1,7193
14,7194
31,7195
20,7196
16,7197
1,7198
4,7199
19,7200
0,7201
39,7202
39,7203
4,7204
39,7205
0,7206
19,7207
0,7208
0,7209
0,7210
19,7211
0,7212
2,7213
4,7214
2,7215
4,7216
0,7217
2,7218
2,7219
4,7220
19,7221
0,7222
2,7223
39,7224
39,7225
4,7226
2,7227
0,7228
0,7229
39,7230
2,7231
4,7232
19,7233
2,7234
19,7235
39,7236
4,7237
39,7238
19,7239
4,7240
0,7241
19,7242
39,7243
4,7244
4,7245
39,7246
4,7247
4,7248
0,7249
4,7250
4,7251
19,7252
39,7253
0,7254
0,7255
0,7256
2,7257
39,7258
0,7259
2,7260
19,7261
32,7262
36,7263
27,7264
21,7265
27,7266
29,7267
8,7268
36,7269
21,7270
36,7271
29,7272
32,7273
8,7274
32,7275
29,7276
29,7277
29,7278
29,7279
32,7280
27,7281
8,7282
21,7283
27,7284
29,7285
8,7286
32,7287
23,7288
23,7289
25,7290
35,7291
5,7292
35,7293
5,7294
26,7295
25,7296
35,7297
5,7298
26,7299
25,7300
5,7301
25,7302
28,7303
23,7304
35,7305
26,7306
28,7307
28,7308
26,7309
5,7310
26,7311
25,7312
5,7313
28,7314
35,7315
28,7316
25,7317
9,7318
9,7319
9,7320
30,7321
9,7322
9,7323
30,7324
12,7325
12,7326
33,7327
7,7328
22,7329
22,7330
24,7331
22,7332
3,7333
38,7334
10,7335
38,7336
13,7337
38,7338
38,7339
13,7340
10,7341
38,7342
3,7343
3,7344
38,7345
38,7346
10,7347
11,7348
3,7349
10,7350
3,7351
3,7352
13,7353
3,7354
11,7355
3,7356
13,7357
13,7358
11,7359
11,7360
38,7361
3,7362
11,7363
15,7364
15,7365
6,7366
1,7367
16,7368
1,7369
20,7370
16,7371
31,7372
20,7373
20,7374
31,7375
14,7376
14,7377
31,7378
14,7379
14,7380
20,7381
14,7382
20,7383
20,7384
1,7385
1,7386
16,7387
14,7388
20,7389
16,7390
14,7391
20,7392
31,7393
31,7394
1,7395
14,7396
31,7397
20,7398
16,7399
31,7400
31,7401
14,7402
14,7403
31,7404
14,7405
16,7406
16,7407
14,7408
1,7409
14,7410
16,7411
31,7412
31,7413
20,7414
1,7415
20,7416
20,7417
16,7418
20,7419
1,7420
1,7421
1,7422
31,7423
20,7424
20,7425
31,7426
20,7427
31,7428
20,7429
14,7430
31,7431
20,7432
20,7433
16,7434
1,7435
14,7436
1,7437
16,7438
14,7439
20,7440
31,7441
14,7442
14,7443
20,7444
31,7445
16,7446
31,7447
14,7448
20,7449
0,7450
2,7451
1,7452
14,7453
20,7454
2,7455
39,7456
39,7457
3,7458
13,7459
3,7460
13,7461
13,7462
13,7463
13,7464
38,7465
13,7466
3,7467
10,7468
10,7469
11,7470
15,7471
17,7472
17,7473
15,7474
15,7475
15,7476
15,7477
6,7478
15,7479
17,7480
6,7481
15,7482
15,7483
17,7484
6,7485
17,7486
15,7487
15,7488
17,7489
6,7490
6,7491
15,7492
17,7493
0,7494
0,7495
1,7496
1,7497
2,7498
0,7499
3,7500
38,7501
3,7502
10,7503
11,7504
10,7505
10,7506
38,7507
3,7508
13,7509
13,7510
3,7511
3,7512
38,7513
13,7514
10,7515
38,7516
10,7517
13,7518
3,7519
38,7520
38,7521
3,7522
10,7523
11,7524
3,7525
38,7526
3,7527
13,7528
13,7529
10,7530
38,7531
3,7532
13,7533
13,7534
13,7535
13,7536
11,7537
13,7538
3,7539
11,7540
4,7541
4,7542
5,7543
5,7544
6,7545
15,7546
7,7547
18,7548
18,7549
7,7550
37,7551
33,7552
33,7553
34,7554
37,7555
18,7556
7,7557
33,7558
33,7559
7,7560
7,7561
7,7562
7,7563
33,7564
18,7565
37,7566
33,7567
37,7568
0,7569
2,7570
1,7571
16,7572
2,7573
39,7574
3,7575
11,7576
38,7577
11,7578
13,7579
13,7580
13,7581
38,7582
13,7583
10,7584
11,7585
3,7586
11,7587
4,7588
39,7589
0,7590
5,7591
26,7592
6,7593
1,7594
31,7595
7,7596
34,7597
33,7598
37,7599
7,7600
22,7601
24,7602
24,7603
22,7604
22,7605
22,7606
3,7607
10,7608
13,7609
13,7610
38,7611
13,7612
10,7613
10,7614
38,7615
3,7616
38,7617
11,7618
10,7619
11,7620
15,7621
15,7622
6,7623
17,7624
6,7625
6,7626
0,7627
39,7628
1,7629
4,7630
2,7631
0,7632
2,7633
3,7634
38,7635
38,7636
3,7637
38,7638
3,7639
13,7640
13,7641
11,7642
13,7643
10,7644
10,7645
11,7646
3,7647
10,7648
13,7649
38,7650
13,7651
3,7652
13,7653
13,7654
10,7655
11,7656
15,7657
6,7658
17,7659
15,7660
17,7661
6,7662
1,7663
14,7664
20,7665
14,7666
20,7667
20,7668
1,7669
20,7670
16,7671
1,7672
20,7673
1,7674
4,7675
0,7676
4,7677
4,7678
19,7679
5,7680
5,7681
26,7682
26,7683
25,7684
6,7685
15,7686
7,7687
7,7688
34,7689
37,7690
37,7691
18,7692
33,7693
34,7694
33,7695
33,7696
18,7697
7,7698
34,7699
37,7700
7,7701
37,7702
18,7703
7,7704
18,7705
18,7706
7,7707
7,7708
34,7709
34,7710
37,7711
33,7712
37,7713
7,7714
22,7715
22,7716
24,7717
24,7718
22,7719
3,7720
3,7721
13,7722
11,7723
13,7724
10,7725
3,7726
38,7727
3,7728
3,7729
13,7730
3,7731
11,7732
15,7733
17,7734
15,7735
6,7736
17,7737
17,7738
15,7739
17,7740
15,7741
17,7742
6,7743
17,7744
17,7745
4,7746
19,7747
4,7748
39,7749
4,7750
5,7751
35,7752
23,7753
6,7754
6,7755
1,7756
7,7757
33,7758
7,7759
7,7760
37,7761
33,7762
37,7763
33,7764
37,7765
33,7766
18,7767
34,7768
7,7769
37,7770
34,7771
37,7772
37,7773
18,7774
18,7775
33,7776
7,7777
33,7778
18,7779
34,7780
37,7781
33,7782
18,7783
34,7784
18,7785
34,7786
33,7787
18,7788
34,7789
34,7790
34,7791
18,7792
33,7793
37,7794
37,7795
4,7796
39,7797
5,7798
25,7799
9,7800
6,7801
6,7802
7,7803
37,7804
33,7805
7,7806
33,7807
18,7808
33,7809
7,7810
34,7811
7,7812
33,7813
37,7814
18,7815
37,7816
37,7817
34,7818
37,7819
18,7820
33,7821
34,7822
33,7823
7,7824
34,7825
7,7826
18,7827
34,7828
37,7829
37,7830
34,7831
18,7832
18,7833
33,7834
7,7835
37,7836
37,7837
18,7838
34,7839
33,7840
33,7841
18,7842
33,7843
37,7844
34,7845
7,7846
37,7847
33,7848
33,7849
7,7850
34,7851
34,7852
7,7853
34,7854
18,7855
37,7856
34,7857
33,7858
37,7859
18,7860
37,7861
37,7862
7,7863
4,7864
4,7865
5,7866
28,7867
6,7868
1,7869
20,7870
7,7871
33,7872
37,7873
37,7874
33,7875
34,7876
18,7877
37,7878
33,7879
33,7880
18,7881
0,7882
39,7883
1,7884
14,7885
1,7886
2,7887
39,7888
3,7889
38,7890
10,7891
38,7892
38,7893
13,7894
10,7895
13,7896
3,7897
38,7898
3,7899
4,7900
19,7901
5,7902
28,7903
6,7904
6,7905
17,7906
6,7907
7,7908
18,7909
18,7910
18,7911
37,7912
37,7913
37,7914
34,7915
34,7916
37,7917
33,7918
33,7919
18,7920
37,7921
7,7922
34,7923
34,7924
33,7925
33,7926
18,7927
7,7928
33,7929
18,7930
37,7931
7,7932
33,7933
7,7934
7,7935
37,7936
37,7937
7,7938
7,7939
33,7940
33,7941
37,7942
7,7943
34,7944
37,7945
37,7946
37,7947
34,7948
33,7949
7,7950
37,7951
7,7952
37,7953
37,7954
37,7955
37,7956
33,7957
37,7958
34,7959
37,7960
7,7961
18,7962
7,7963
33,7964
37,7965
34,7966
37,7967
34,7968
37,7969
37,7970
18,7971
37,7972
18,7973
33,7974
7,7975
7,7976
34,7977
37,7978
37,7979
18,7980
33,7981
7,7982
18,7983
33,7984
33,7985
34,7986
0,7987
19,7988
2,7989
1,7990
20,7991
2,7992
2,7993
3,7994
13,7995
13,7996
13,7997
4,7998
0,7999
5,8000
23,8001
5,8002
6,8003
15,8004
7,8005
37,8006
18,8007
7,8008
22,8009
3,8010
11,8011
15,8012
15,8013
17,8014
17,8015
17,8016
15,8017
17,8018
17,8019
15,8020
6,8021
6,8022
6,8023
6,8024
17,8025
17,8026
15,8027
15,8028
17,8029
6,8030
15,8031
6,8032
6,8033
15,8034
6,8035
1,8036
1,8037
31,8038
31,8039
16,8040
20,8041
20,8042
14,8043
1,8044
20,8045
14,8046
31,8047
16,8048
20,8049
1,8050
20,8051
16,8052
31,8053
14,8054
1,8055
4,8056
19,8057
0,8058
39,8059
4,8060
2,8061
39,8062
0,8063
39,8064
2,8065
39,8066
19,8067
32,8068
32,8069
29,8070
32,8071
36,8072
0,8073
2,8074
0,8075
2,8076
1,8077
14,8078
14,8079
16,8080
1,8081
2,8082
0,8083
3,8084
11,8085
15,8086
15,8087
17,8088
6,8089
1,8090
1,8091
1,8092
1,8093
4,8094
2,8095
39,8096
39,8097
19,8098
2,8099
19,8100
4,8101
39,8102
0,8103
4,8104
4,8105
5,8106
23,8107
5,8108
6,8109
17,8110
15,8111
7,8112
33,8113
34,8114
34,8115
37,8116
33,8117
18,8118
7,8119
18,8120
18,8121
37,8122
33,8123
18,8124
33,8125
7,8126
33,8127
33,8128
7,8129
18,8130
34,8131
33,8132
34,8133
33,8134
33,8135
7,8136
33,8137
18,8138
7,8139
34,8140
7,8141
37,8142
37,8143
18,8144
33,8145
18,8146
37,8147
34,8148
37,8149
18,8150
7,8151
34,8152
7,8153
18,8154
33,8155
37,8156
37,8157
18,8158
33,8159
18,8160
34,8161
37,8162
33,8163
18,8164
33,8165
37,8166
34,8167
7,8168
37,8169
18,8170
18,8171
33,8172
33,8173
4,8174
39,8175
5,8176
23,8177
6,8178
6,8179
7,8180
33,8181
18,8182
37,8183
7,8184
33,8185
37,8186
34,8187
33,8188
33,8189
33,8190
33,8191
34,8192
34,8193
4,8194
2,8195
5,8196
28,8197
26,8198
28,8199
5,8200
25,8201
5,8202
6,8203
1,8204
7,8205
7,8206
7,8207
34,8208
37,8209
7,8210
33,8211
37,8212
7,8213
0,8214
39,8215
0,8216
2,8217
1,8218
16,8219
20,8220
2,8221
0,8222
0,8223
3,8224
3,8225
11,8226
11,8227
11,8228
13,8229
11,8230
11,8231
38,8232
38,8233
3,8234
10,8235
10,8236
38,8237
3,8238
10,8239
11,8240
10,8241
38,8242
10,8243
10,8244
11,8245
13,8246
13,8247
3,8248
11,8249
13,8250
11,8251
13,8252
3,8253
10,8254
10,8255
3,8256
3,8257
3,8258
3,8259
38,8260
3,8261
11,8262
11,8263
3,8264
3,8265
3,8266
3,8267
4,8268
0,8269
5,8270
28,8271
35,8272
35,8273
28,8274
5,8275
6,8276
1,8277
4,8278
7,8279
22,8280
3,8281
11,8282
13,8283
3,8284
13,8285
3,8286
38,8287
10,8288
11,8289
13,8290
13,8291
11,8292
3,8293
13,8294
38,8295
13,8296
13,8297
13,8298
3,8299
3,8300
38,8301
11,8302
11,8303
10,8304
38,8305
10,8306
38,8307
3,8308
13,8309
13,8310
11,8311
38,8312
11,8313
3,8314
13,8315
13,8316
11,8317
3,8318
13,8319
38,8320
11,8321
3,8322
38,8323
3,8324
10,8325
13,8326
11,8327
11,8328
11,8329
10,8330
10,8331
10,8332
3,8333
13,8334
38,8335
13,8336
11,8337
10,8338
10,8339
38,8340
11,8341
10,8342
11,8343
38,8344
13,8345
11,8346
13,8347
11,8348
15,8349
15,8350
15,8351
6,8352
1,8353
4,8354
0,8355
2,8356
0,8357
0,8358
0,8359
4,8360
2,8361
19,8362
39,8363
2,8364
0,8365
39,8366
0,8367
39,8368
1,8369
16,8370
16,8371
2,8372
0,8373
3,8374
38,8375
13,8376
11,8377
15,8378
15,8379
17,8380
17,8381
6,8382
17,8383
17,8384
15,8385
15,8386
17,8387
15,8388
6,8389
15,8390
15,8391
17,8392
15,8393
6,8394
1,8395
4,8396
2,8397
0,8398
2,8399
4,8400
4,8401
39,8402
4,8403
0,8404
4,8405
19,8406
32,8407
27,8408
36,8409
8,8410
21,8411
21,8412
32,8413
23,8414
25,8415
35,8416
23,8417
5,8418
28,8419
28,8420
26,8421
25,8422
9,8423
9,8424
9,8425
30,8426
12,8427
33,8428
7,8429
7,8430
37,8431
37,8432
7,8433
22,8434
3,8435
11,8436
13,8437
13,8438
38,8439
3,8440
13,8441
13,8442
11,8443
11,8444
3,8445
11,8446
3,8447
11,8448
3,8449
3,8450
38,8451
13,8452
3,8453
13,8454
38,8455
10,8456
38,8457
10,8458
38,8459
10,8460
11,8461
3,8462
10,8463
11,8464
3,8465
13,8466
13,8467
10,8468
38,8469
11,8470
3,8471
3,8472
13,8473
3,8474
13,8475
13,8476
38,8477
10,8478
13,8479
13,8480
13,8481
13,8482
3,8483
3,8484
38,8485
10,8486
11,8487
13,8488
38,8489
13,8490
11,8491
13,8492
11,8493
11,8494
38,8495
13,8496
11,8497
15,8498
6,8499
17,8500
6,8501
17,8502
17,8503
15,8504
6,8505
1,8506
31,8507
1,8508
16,8509
16,8510
16,8511
1,8512
31,8513
16,8514
16,8515
20,8516
31,8517
31,8518
14,8519
16,8520
31,8521
31,8522
16,8523
14,8524
14,8525
31,8526
31,8527
20,8528
31,8529
1,8530
31,8531
31,8532
20,8533
16,8534
16,8535
31,8536
1,8537
16,8538
31,8539
14,8540
20,8541
1,8542
20,8543
16,8544
14,8545
31,8546
31,8547
20,8548
20,8549
1,8550
1,8551
31,8552
1,8553
31,8554
31,8555
14,8556
0,8557
39,8558
4,8559
39,8560
4,8561
1,8562
31,8563
31,8564
2,8565
0,8566
39,8567
19,8568
19,8569
3,8570
10,8571
13,8572
10,8573
11,8574
3,8575
11,8576
15,8577
17,8578
17,8579
6,8580
6,8581
15,8582
6,8583
6,8584
1,8585
14,8586
16,8587
20,8588
14,8589
16,8590
31,8591
16,8592
16,8593
20,8594
20,8595
1,8596
31,8597
16,8598
16,8599
20,8600
16,8601
20,8602
14,8603
1,8604
31,8605
1,8606
1,8607
1,8608
4,8609
0,8610
2,8611
39,8612
4,8613
19,8614
0,8615
19,8616
2,8617
19,8618
0,8619
39,8620
39,8621
39,8622
39,8623
4,8624
39,8625
4,8626
2,8627
4,8628
39,8629
39,8630
4,8631
19,8632
4,8633
4,8634
39,8635
2,8636
2,8637
4,8638
19,8639
2,8640
39,8641
2,8642
0,8643
0,8644
2,8645
4,8646
2,8647
5,8648
25,8649
9,8650
6,8651
6,8652
1,8653
7,8654
34,8655
37,8656
33,8657
33,8658
18,8659
4,8660
0,8661
5,8662
23,8663
35,8664
6,8665
15,8666
17,8667
7,8668
22,8669
3,8670
3,8671
3,8672
13,8673
13,8674
11,8675
15,8676
17,8677
15,8678
15,8679
17,8680
15,8681
6,8682
1,8683
1,8684
20,8685
14,8686
16,8687
1,8688
14,8689
14,8690
31,8691
31,8692
1,8693
14,8694
20,8695
14,8696
1,8697
31,8698
1,8699
31,8700
20,8701
1,8702
14,8703
16,8704
20,8705
1,8706
16,8707
1,8708
14,8709
20,8710
14,8711
1,8712
20,8713
1,8714
1,8715
4,8716
39,8717
4,8718
19,8719
19,8720
2,8721
0,8722
2,8723
39,8724
4,8725
19,8726
19,8727
0,8728
2,8729
2,8730
4,8731
4,8732
0,8733
0,8734
39,8735
2,8736
2,8737
19,8738
19,8739
0,8740
39,8741
4,8742
2,8743
39,8744
19,8745
2,8746
4,8747
39,8748
0,8749
2,8750
39,8751
2,8752
39,8753
0,8754
39,8755
2,8756
0,8757
39,8758
0,8759
0,8760
0,8761
19,8762
2,8763
39,8764
0,8765
0,8766
4,8767
0,8768
39,8769
2,8770
39,8771
19,8772
0,8773
19,8774
2,8775
4,8776
2,8777
0,8778
4,8779
39,8780
0,8781
19,8782
19,8783
4,8784
19,8785
0,8786
0,8787
4,8788
0,8789
4,8790
39,8791
39,8792
2,8793
19,8794
0,8795
39,8796
2,8797
2,8798
19,8799
2,8800
2,8801
39,8802
2,8803
4,8804
39,8805
0,8806
0,8807
19,8808
4,8809
4,8810
2,8811
4,8812
2,8813
19,8814
4,8815
39,8816
2,8817
39,8818
0,8819
0,8820
2,8821
19,8822
0,8823
39,8824
19,8825
19,8826
32,8827
8,8828
0,8829
0,8830
1,8831
20,8832
31,8833
31,8834
1,8835
2,8836
0,8837
3,8838
38,8839
3,8840
38,8841
3,8842
10,8843
11,8844
3,8845
13,8846
11,8847
11,8848
15,8849
17,8850
17,8851
6,8852
6,8853
6,8854
6,8855
1,8856
1,8857
4,8858
2,8859
0,8860
0,8861
0,8862
19,8863
32,8864
8,8865
8,8866
36,8867
8,8868
27,8869
29,8870
27,8871
32,8872
23,8873
35,8874
26,8875
23,8876
35,8877
25,8878
26,8879
26,8880
28,8881
23,8882
35,8883
5,8884
28,8885
25,8886
25,8887
5,8888
28,8889
5,8890
26,8891
23,8892
35,8893
5,8894
26,8895
25,8896
9,8897
9,8898
9,8899
30,8900
4,8901
19,8902
5,8903
35,8904
6,8905
15,8906
6,8907
6,8908
7,8909
34,8910
7,8911
37,8912
37,8913
7,8914
37,8915
4,8916
2,8917
2,8918
39,8919
5,8920
23,8921
6,8922
6,8923
7,8924
34,8925
34,8926
18,8927
18,8928
7,8929
37,8930
33,8931
37,8932
7,8933
18,8934
37,8935
33,8936
33,8937
7,8938
37,8939
18,8940
7,8941
0,8942
19,8943
1,8944
16,8945
2,8946
4,8947
3,8948
11,8949
0,8950
2,8951
1,8952
1,8953
1,8954
2,8955
4,8956
19,8957
3,8958
11,8959
13,8960
13,8961
10,8962
13,8963
11,8964
11,8965
11,8966
11,8967
11,8968
10,8969
11,8970
13,8971
11,8972
3,8973
13,8974
3,8975
11,8976
11,8977
11,8978
11,8979
13,8980
10,8981
3,8982
11,8983
13,8984
38,8985
11,8986
15,8987
17,8988
15,8989
15,8990
15,8991
17,8992
6,8993
15,8994
6,8995
6,8996
6,8997
6,8998
15,8999
6,9000
1,9001
20,9002
1,9003
1,9004
14,9005
14,9006
20,9007
20,9008
31,9009
20,9010
16,9011
20,9012
14,9013
31,9014
31,9015
14,9016
14,9017
14,9018
1,9019
16,9020
1,9021
31,9022
16,9023
16,9024
4,9025
19,9026
5,9027
23,9028
23,9029
23,9030
35,9031
28,9032
6,9033
6,9034
7,9035
22,9036
24,9037
22,9038
3,9039
3,9040
3,9041
11,9042
15,9043
6,9044
15,9045
17,9046
15,9047
0,9048
2,9049
1,9050
16,9051
20,9052
2,9053
4,9054
3,9055
11,9056
15,9057
6,9058
15,9059
15,9060
15,9061
15,9062
17,9063
6,9064
15,9065
15,9066
15,9067
6,9068
17,9069
17,9070
6,9071
17,9072
6,9073
1,9074
16,9075
16,9076
1,9077
16,9078
1,9079
20,9080
16,9081
31,9082
31,9083
14,9084
16,9085
16,9086
31,9087
14,9088
31,9089
14,9090
1,9091
14,9092
20,9093
14,9094
1,9095
1,9096
14,9097
1,9098
31,9099
1,9100
16,9101
16,9102
16,9103
31,9104
16,9105
16,9106
16,9107
14,9108
31,9109
14,9110
14,9111
31,9112
16,9113
20,9114
31,9115
31,9116
1,9117
14,9118
1,9119
14,9120
14,9121
20,9122
16,9123
31,9124
14,9125
31,9126
16,9127
20,9128
31,9129
16,9130
1,9131
14,9132
4,9133
39,9134
5,9135
25,9136
26,9137
6,9138
17,9139
7,9140
34,9141
37,9142
33,9143
18,9144
33,9145
33,9146
18,9147
18,9148
33,9149
37,9150
37,9151
37,9152
34,9153
18,9154
33,9155
18,9156
33,9157
18,9158
34,9159
33,9160
34,9161
37,9162
37,9163
37,9164
18,9165
7,9166
18,9167
33,9168
33,9169
34,9170
33,9171
7,9172
22,9173
22,9174
22,9175
24,9176
24,9177
24,9178
22,9179
3,9180
3,9181
3,9182
10,9183
38,9184
13,9185
38,9186
3,9187
11,9188
13,9189
11,9190
4,9191
4,9192
2,9193
5,9194
26,9195
6,9196
6,9197
7,9198
18,9199
34,9200
37,9201
33,9202
0,9203
0,9204
1,9205
1,9206
2,9207
0,9208
3,9209
11,9210
15,9211
17,9212
15,9213
6,9214
6,9215
6,9216
6,9217
6,9218
6,9219
15,9220
17,9221
17,9222
17,9223
15,9224
6,9225
1,9226
31,9227
16,9228
14,9229
14,9230
14,9231
14,9232
16,9233
16,9234
14,9235
20,9236
14,9237
1,9238
16,9239
20,9240
20,9241
16,9242
14,9243
31,9244
20,9245
1,9246
4,9247
19,9248
32,9249
21,9250
27,9251
36,9252
36,9253
8,9254
21,9255
8,9256
36,9257
36,9258
36,9259
8,9260
29,9261
21,9262
36,9263
36,9264
8,9265
27,9266
36,9267
36,9268
32,9269
23,9270
25,9271
25,9272
35,9273
25,9274
25,9275
25,9276
25,9277
35,9278
25,9279
26,9280
25,9281
9,9282
30,9283
9,9284
9,9285
30,9286
9,9287
30,9288
30,9289
30,9290
9,9291
30,9292
9,9293
9,9294
9,9295
9,9296
30,9297
30,9298
30,9299
9,9300
30,9301
12,9302
33,9303
18,9304
18,9305
34,9306
34,9307
7,9308
33,9309
34,9310
37,9311
34,9312
37,9313
37,9314
18,9315
34,9316
34,9317
33,9318
37,9319
34,9320
7,9321
7,9322
7,9323
22,9324
3,9325
10,9326
38,9327
10,9328
4,9329
39,9330
19,9331
0,9332
5,9333
23,9334
6,9335
15,9336
7,9337
34,9338
18,9339
37,9340
7,9341
22,9342
24,9343
22,9344
22,9345
3,9346
13,9347
10,9348
0,9349
19,9350
39,9351
39,9352
1,9353
31,9354
31,9355
14,9356
31,9357
1,9358
2,9359
39,9360
3,9361
10,9362
3,9363
38,9364
11,9365
11,9366
3,9367
11,9368
3,9369
11,9370
13,9371
13,9372
3,9373
11,9374
3,9375
3,9376
11,9377
15,9378
15,9379
15,9380
6,9381
6,9382
1,9383
20,9384
14,9385
1,9386
4,9387
4,9388
39,9389
39,9390
5,9391
26,9392
6,9393
17,9394
15,9395
7,9396
34,9397
18,9398
0,9399
19,9400
1,9401
14,9402
2,9403
39,9404
2,9405
3,9406
10,9407
10,9408
13,9409
11,9410
13,9411
3,9412
10,9413
13,9414
38,9415
3,9416
13,9417
13,9418
11,9419
11,9420
15,9421
15,9422
6,9423
0,9424
39,9425
19,9426
1,9427
4,9428
2,9429
0,9430
3,9431
38,9432
0,9433
2,9434
39,9435
2,9436
1,9437
20,9438
16,9439
14,9440
16,9441
16,9442
2,9443
39,9444
3,9445
10,9446
11,9447
3,9448
3,9449
13,9450
38,9451
11,9452
38,9453
10,9454
11,9455
15,9456
15,9457
15,9458
15,9459
15,9460
15,9461
15,9462
6,9463
1,9464
31,9465
16,9466
1,9467
20,9468
20,9469
20,9470
16,9471
16,9472
31,9473
16,9474
1,9475
14,9476
14,9477
20,9478
31,9479
31,9480
1,9481
20,9482
1,9483
1,9484
31,9485
16,9486
16,9487
16,9488
31,9489
31,9490
16,9491
14,9492
14,9493
31,9494
20,9495
31,9496
1,9497
1,9498
4,9499
2,9500
39,9501
4,9502
4,9503
39,9504
2,9505
39,9506
4,9507
2,9508
4,9509
39,9510
2,9511
4,9512
4,9513
2,9514
2,9515
4,9516
39,9517
0,9518
19,9519
2,9520
2,9521
39,9522
2,9523
19,9524
19,9525
4,9526
39,9527
39,9528
0,9529
4,9530
19,9531
0,9532
39,9533
39,9534
19,9535
0,9536
0,9537
4,9538
0,9539
39,9540
39,9541
2,9542
4,9543
4,9544
0,9545
19,9546
32,9547
23,9548
5,9549
26,9550
28,9551
26,9552
35,9553
25,9554
23,9555
28,9556
26,9557
23,9558
5,9559
28,9560
35,9561
5,9562
25,9563
23,9564
5,9565
35,9566
5,9567
25,9568
23,9569
26,9570
28,9571
26,9572
25,9573
25,9574
23,9575
25,9576
25,9577
9,9578
30,9579
12,9580
12,9581
33,9582
37,9583
7,9584
7,9585
7,9586
33,9587
33,9588
33,9589
18,9590
33,9591
7,9592
22,9593
24,9594
24,9595
24,9596
24,9597
4,9598
4,9599
5,9600
28,9601
26,9602
23,9603
23,9604
28,9605
6,9606
17,9607
6,9608
1,9609
7,9610
37,9611
34,9612
18,9613
37,9614
7,9615
22,9616
22,9617
22,9618
24,9619
22,9620
22,9621
3,9622
10,9623
10,9624
10,9625
10,9626
11,9627
10,9628
38,9629
13,9630
11,9631
3,9632
3,9633
10,9634
10,9635
13,9636
38,9637
38,9638
10,9639
10,9640
13,9641
3,9642
3,9643
13,9644
10,9645
13,9646
38,9647
13,9648
10,9649
38,9650
3,9651
3,9652
10,9653
10,9654
13,9655
11,9656
15,9657
15,9658
15,9659
15,9660
15,9661
6,9662
1,9663
31,9664
20,9665
20,9666
16,9667
31,9668
20,9669
20,9670
31,9671
20,9672
1,9673
14,9674
14,9675
16,9676
20,9677
16,9678
1,9679
14,9680
14,9681
16,9682
14,9683
1,9684
31,9685
20,9686
31,9687
31,9688
14,9689
14,9690
20,9691
31,9692
1,9693
31,9694
1,9695
20,9696
31,9697
20,9698
16,9699
1,9700
16,9701
1,9702
16,9703
14,9704
20,9705
14,9706
16,9707
16,9708
20,9709
31,9710
16,9711
0,9712
39,9713
1,9714
20,9715
20,9716
2,9717
39,9718
39,9719
3,9720
11,9721
11,9722
15,9723
6,9724
6,9725
15,9726
15,9727
17,9728
6,9729
15,9730
6,9731
17,9732
15,9733
15,9734
6,9735
15,9736
15,9737
15,9738
17,9739
15,9740
6,9741
1,9742
4,9743
4,9744
0,9745
4,9746
0,9747
4,9748
2,9749
39,9750
4,9751
0,9752
2,9753
2,9754
19,9755
19,9756
32,9757
21,9758
27,9759
36,9760
27,9761
27,9762
27,9763
36,9764
29,9765
36,9766
8,9767
8,9768
29,9769
29,9770
36,9771
36,9772
36,9773
32,9774
23,9775
26,9776
35,9777
35,9778
28,9779
26,9780
25,9781
28,9782
26,9783
26,9784
5,9785
26,9786
26,9787
23,9788
28,9789
23,9790
23,9791
5,9792
5,9793
35,9794
35,9795
25,9796
26,9797
35,9798
26,9799
35,9800
35,9801
26,9802
26,9803
25,9804
28,9805
28,9806
5,9807
28,9808
23,9809
23,9810
23,9811
5,9812
35,9813
35,9814
26,9815
28,9816
4,9817
4,9818
19,9819
5,9820
28,9821
6,9822
6,9823
17,9824
17,9825
7,9826
34,9827
7,9828
34,9829
18,9830
18,9831
34,9832
34,9833
33,9834
37,9835
37,9836
7,9837
34,9838
33,9839
34,9840
33,9841
37,9842
37,9843
34,9844
34,9845
34,9846
37,9847
18,9848
18,9849
34,9850
33,9851
33,9852
18,9853
33,9854
33,9855
37,9856
33,9857
37,9858
33,9859
33,9860
33,9861
34,9862
7,9863
22,9864
3,9865
13,9866
3,9867
38,9868
3,9869
11,9870
15,9871
6,9872
6,9873
6,9874
17,9875
17,9876
17,9877
6,9878
15,9879
17,9880
6,9881
17,9882
6,9883
6,9884
17,9885
17,9886
15,9887
6,9888
15,9889
15,9890
6,9891
6,9892
15,9893
6,9894
1,9895
20,9896
1,9897
14,9898
14,9899
31,9900
1,9901
1,9902
31,9903
31,9904
31,9905
20,9906
16,9907
16,9908
31,9909
16,9910
14,9911
16,9912
1,9913
4,9914
0,9915
2,9916
19,9917
32,9918
8,9919
21,9920
36,9921
29,9922
27,9923
29,9924
36,9925
27,9926
27,9927
29,9928
8,9929
27,9930
8,9931
36,9932
8,9933
8,9934
21,9935
27,9936
36,9937
32,9938
32,9939
36,9940
27,9941
4,9942
39,9943
4,9944
39,9945
39,9946
5,9947
26,9948
6,9949
17,9950
15,9951
6,9952
6,9953
7,9954
37,9955
7,9956
18,9957
18,9958
18,9959
33,9960
7,9961
34,9962
18,9963
33,9964
33,9965
34,9966
7,9967
33,9968
37,9969
34,9970
7,9971
33,9972
34,9973
33,9974
7,9975
34,9976
7,9977
34,9978
33,9979
7,9980
7,9981
22,9982
3,9983
0,9984
0,9985
39,9986
1,9987
20,9988
2,9989
39,9990
3,9991
10,9992
3,9993
3,9994
38,9995
38,9996
3,9997
38,9998
10,9999
