4,0
1,1
1,2
2,3
1,4
0,5
5,6
12,7
0,8
16,9
19,10
1,11
19,12
1,13
7,14
2,15
15,16
3,17
17,18
5,19
4,20
13,21
2,22
3,23
16,24
18,25
7,26
15,27
10,28
11,29
15,30
18,31
18,32
19,33
17,34
3,35
2,36
4,37
8,38
13,39
8,40
18,41
9,42
18,43
10,44
17,45
0,46
3,47
8,48
4,49
1,50
16,51
16,52
18,53
2,54
13,55
12,56
19,57
9,58
12,59
19,60
18,61
18,62
3,63
0,64
12,65
13,66
10,67
8,68
8,69
3,70
16,71
4,72
18,73
9,74
8,75
0,76
8,77
11,78
1,79
13,80
16,81
2,82
15,83
19,84
0,85
3,86
13,87
12,88
15,89
2,90
9,91
18,92
9,93
2,94
17,95
2,96
8,97
3,98
5,99
15,100
2,101
9,102
7,103
11,104
14,105
3,106
10,107
5,108
5,109
10,110
11,111
2,112
17,113
12,114
0,115
13,116
17,117
10,118
13,119
2,120
14,121
6,122
3,123
11,124
17,125
5,126
0,127
1,128
4,129
17,130
5,131
7,132
6,133
8,134
8,135
19,136
6,137
6,138
16,139
7,140
11,141
5,142
2,143
18,144
5,145
8,146
15,147
3,148
1,149
7,150
19,151
7,152
16,153
16,154
6,155
9,156
17,157
11,158
1,159
3,160
15,161
9,162
15,163
0,164
12,165
1,166
15,167
2,168
7,169
3,170
7,171
19,172
18,173
8,174
18,175
7,176
1,177
11,178
9,179
18,180
9,181
8,182
11,183
14,184
4,185
7,186
1,187
10,188
3,189
14,190
2,191
11,192
14,193
16,194
5,195
11,196
17,197
19,198
18,199
17,200
6,201
14,202
17,203
19,204
10,205
17,206
3,207
9,208
17,209
15,210
10,211
13,212
5,213
8,214
14,215
3,216
13,217
3,218
4,219
4,220
5,221
19,222
17,223
6,224
17,225
10,226
7,227
10,228
0,229
1,230
16,231
1,232
14,233
17,234
11,235
11,236
16,237
19,238
11,239
11,240
11,241
9,242
16,243
9,244
9,245
14,246
11,247
11,248
2,249
3,250
1,251
14,252
1,253
11,254
0,255
19,256
19,257
14,258
10,259
0,260
14,261
1,262
17,263
18,264
1,265
13,266
0,267
15,268
1,269
19,270
0,271
2,272
5,273
3,274
11,275
8,276
6,277
4,278
12,279
19,280
19,281
15,282
14,283
4,284
9,285
9,286
15,287
5,288
5,289
4,290
1,291
13,292
19,293
14,294
1,295
15,296
5,297
0,298
3,299
5,300
14,301
18,302
18,303
14,304
10,305
0,306
3,307
11,308
18,309
10,310
0,311
16,312
3,313
4,314
9,315
5,316
12,317
4,318
6,319
4,320
7,321
19,322
4,323
1,324
16,325
0,326
1,327
12,328
19,329
18,330
15,331
18,332
5,333
17,334
19,335
9,336
14,337
12,338
18,339
11,340
17,341
3,342
12,343
3,344
3,345
19,346
12,347
16,348
2,349
17,350
11,351
6,352
9,353
18,354
12,355
19,356
19,357
16,358
5,359
18,360
16,361
11,362
8,363
15,364
18,365
18,366
19,367
14,368
18,369
5,370
13,371
3,372
16,373
3,374
10,375
5,376
11,377
7,378
18,379
7,380
13,381
15,382
11,383
3,384
3,385
5,386
7,387
5,388
12,389
17,390
7,391
3,392
14,393
6,394
6,395
15,396
10,397
3,398
9,399
4,400
10,401
14,402
8,403
12,404
13,405
10,406
13,407
17,408
0,409
11,410
5,411
14,412
8,413
10,414
16,415
2,416
18,417
5,418
18,419
14,420
0,421
10,422
0,423
4,424
1,425
2,426
12,427
2,428
10,429
8,430
0,431
10,432
3,433
6,434
4,435
7,436
7,437
11,438
12,439
15,440
12,441
18,442
18,443
7,444
1,445
0,446
18,447
15,448
4,449
8,450
7,451
18,452
13,453
19,454
18,455
19,456
11,457
8,458
16,459
18,460
0,461
13,462
19,463
12,464
9,465
4,466
3,467
5,468
17,469
17,470
19,471
8,472
3,473
4,474
4,475
5,476
9,477
5,478
6,479
0,480
7,481
18,482
1,483
4,484
12,485
7,486
8,487
8,488
10,489
0,490
13,491
19,492
11,493
14,494
19,495
5,496
11,497
13,498
6,499
4,500
3,501
4,502
19,503
0,504
9,505
3,506
1,507
13,508
18,509
16,510
7,511
0,512
13,513
1,514
4,515
0,516
16,517
2,518
4,519
2,520
8,521
11,522
9,523
16,524
5,525
9,526
8,527
6,528
4,529
13,530
18,531
10,532
11,533
10,534
11,535
19,536
12,537
0,538
17,539
8,540
9,541
15,542
17,543
17,544
15,545
12,546
17,547
5,548
1,549
18,550
13,551
12,552
0,553
6,554
4,555
15,556
5,557
8,558
6,559
9,560
6,561
12,562
19,563
7,564
0,565
4,566
0,567
6,568
1,569
16,570
2,571
13,572
0,573
16,574
19,575
13,576
3,577
2,578
2,579
1,580
16,581
17,582
5,583
5,584
18,585
6,586
0,587
9,588
12,589
1,590
18,591
5,592
7,593
15,594
6,595
1,596
18,597
0,598
10,599
2,600
17,601
17,602
16,603
4,604
18,605
17,606
0,607
16,608
19,609
11,610
0,611
17,612
5,613
3,614
15,615
1,616
5,617
2,618
15,619
11,620
3,621
3,622
13,623
10,624
11,625
18,626
8,627
8,628
5,629
10,630
4,631
6,632
3,633
7,634
16,635
5,636
1,637
5,638
12,639
4,640
6,641
5,642
7,643
4,644
6,645
4,646
9,647
4,648
1,649
7,650
5,651
4,652
6,653
4,654
7,655
9,656
17,657
9,658
16,659
3,660
9,661
11,662
5,663
6,664
11,665
4,666
17,667
5,668
7,669
0,670
16,671
4,672
19,673
2,674
9,675
19,676
10,677
1,678
9,679
16,680
10,681
18,682
9,683
17,684
5,685
3,686
4,687
19,688
6,689
10,690
15,691
16,692
4,693
15,694
6,695
18,696
19,697
15,698
9,699
19,700
5,701
1,702
1,703
19,704
11,705
1,706
8,707
6,708
14,709
11,710
6,711
13,712
18,713
12,714
17,715
2,716
11,717
5,718
14,719
3,720
1,721
1,722
6,723
12,724
8,725
4,726
1,727
15,728
5,729
16,730
8,731
14,732
4,733
15,734
16,735
14,736
3,737
17,738
18,739
10,740
11,741
19,742
5,743
4,744
9,745
7,746
7,747
14,748
1,749
16,750
14,751
15,752
8,753
0,754
13,755
7,756
4,757
18,758
16,759
19,760
10,761
19,762
18,763
5,764
5,765
16,766
1,767
6,768
14,769
15,770
1,771
4,772
9,773
2,774
14,775
5,776
2,777
17,778
3,779
16,780
3,781
10,782
18,783
8,784
4,785
19,786
19,787
16,788
0,789
4,790
8,791
13,792
19,793
15,794
12,795
10,796
5,797
16,798
4,799
15,800
5,801
5,802
8,803
5,804
6,805
14,806
9,807
7,808
5,809
5,810
6,811
13,812
13,813
4,814
18,815
5,816
18,817
19,818
6,819
10,820
19,821
7,822
4,823
6,824
11,825
14,826
11,827
15,828
7,829
0,830
13,831
12,832
3,833
2,834
15,835
9,836
9,837
14,838
12,839
12,840
15,841
7,842
17,843
19,844
19,845
19,846
14,847
4,848
16,849
5,850
12,851
2,852
4,853
9,854
6,855
11,856
19,857
0,858
13,859
1,860
11,861
19,862
2,863
4,864
13,865
7,866
3,867
13,868
8,869
6,870
16,871
14,872
17,873
18,874
14,875
2,876
4,877
4,878
9,879
6,880
12,881
6,882
16,883
9,884
10,885
4,886
3,887
5,888
10,889
6,890
7,891
0,892
7,893
1,894
19,895
4,896
1,897
1,898
3,899
2,900
0,901
0,902
14,903
12,904
2,905
10,906
14,907
19,908
6,909
1,910
2,911
18,912
2,913
15,914
17,915
16,916
14,917
19,918
16,919
6,920
18,921
9,922
12,923
14,924
14,925
12,926
8,927
17,928
9,929
13,930
17,931
1,932
19,933
10,934
0,935
5,936
1,937
16,938
7,939
2,940
10,941
11,942
3,943
11,944
6,945
4,946
0,947
14,948
9,949
13,950
12,951
12,952
19,953
4,954
0,955
1,956
18,957
1,958
11,959
2,960
17,961
3,962
11,963
7,964
0,965
12,966
15,967
5,968
8,969
12,970
14,971
19,972
5,973
18,974
13,975
19,976
13,977
18,978
0,979
19,980
10,981
7,982
3,983
10,984
15,985
13,986
14,987
2,988
0,989
18,990
3,991
0,992
13,993
1,994
0,995
2,996
13,997
3,998
1,999
2,1000
19,1001
5,1002
10,1003
12,1004
5,1005
8,1006
8,1007
4,1008
7,1009
12,1010
12,1011
3,1012
3,1013
9,1014
11,1015
2,1016
9,1017
14,1018
19,1019
11,1020
5,1021
1,1022
17,1023
18,1024
11,1025
13,1026
3,1027
10,1028
8,1029
5,1030
4,1031
4,1032
7,1033
5,1034
17,1035
6,1036
17,1037
13,1038
18,1039
18,1040
16,1041
7,1042
0,1043
13,1044
13,1045
0,1046
19,1047
18,1048
9,1049
3,1050
1,1051
17,1052
17,1053
15,1054
0,1055
19,1056
13,1057
5,1058
16,1059
6,1060
0,1061
8,1062
15,1063
17,1064
0,1065
14,1066
10,1067
19,1068
19,1069
3,1070
5,1071
14,1072
11,1073
11,1074
19,1075
14,1076
7,1077
0,1078
12,1079
9,1080
12,1081
11,1082
16,1083
3,1084
8,1085
12,1086
7,1087
13,1088
11,1089
18,1090
4,1091
3,1092
1,1093
3,1094
19,1095
2,1096
14,1097
3,1098
16,1099
9,1100
12,1101
7,1102
13,1103
0,1104
18,1105
8,1106
9,1107
12,1108
5,1109
6,1110
9,1111
13,1112
15,1113
13,1114
9,1115
16,1116
0,1117
5,1118
17,1119
9,1120
4,1121
4,1122
15,1123
11,1124
12,1125
8,1126
12,1127
11,1128
16,1129
11,1130
15,1131
10,1132
17,1133
0,1134
10,1135
8,1136
0,1137
6,1138
2,1139
16,1140
0,1141
1,1142
5,1143
5,1144
2,1145
6,1146
8,1147
19,1148
8,1149
2,1150
17,1151
5,1152
9,1153
12,1154
8,1155
12,1156
14,1157
11,1158
11,1159
0,1160
5,1161
16,1162
10,1163
3,1164
9,1165
1,1166
17,1167
11,1168
19,1169
9,1170
10,1171
10,1172
16,1173
13,1174
0,1175
5,1176
10,1177
15,1178
4,1179
4,1180
12,1181
5,1182
3,1183
4,1184
10,1185
5,1186
1,1187
6,1188
11,1189
9,1190
5,1191
7,1192
15,1193
0,1194
2,1195
15,1196
11,1197
1,1198
2,1199
1,1200
16,1201
8,1202
14,1203
8,1204
17,1205
8,1206
10,1207
7,1208
11,1209
14,1210
6,1211
15,1212
17,1213
4,1214
6,1215
15,1216
19,1217
5,1218
5,1219
3,1220
18,1221
8,1222
5,1223
10,1224
1,1225
2,1226
12,1227
5,1228
6,1229
6,1230
0,1231
0,1232
6,1233
19,1234
11,1235
17,1236
4,1237
5,1238
5,1239
11,1240
3,1241
6,1242
19,1243
7,1244
0,1245
7,1246
1,1247
16,1248
12,1249
15,1250
8,1251
11,1252
18,1253
5,1254
17,1255
11,1256
4,1257
11,1258
5,1259
14,1260
4,1261
19,1262
2,1263
4,1264
1,1265
14,1266
13,1267
16,1268
15,1269
18,1270
4,1271
8,1272
15,1273
14,1274
0,1275
4,1276
4,1277
10,1278
7,1279
0,1280
4,1281
0,1282
8,1283
5,1284
16,1285
9,1286
1,1287
9,1288
6,1289
9,1290
8,1291
7,1292
14,1293
12,1294
0,1295
17,1296
15,1297
13,1298
15,1299
11,1300
8,1301
0,1302
18,1303
11,1304
18,1305
0,1306
15,1307
15,1308
9,1309
3,1310
6,1311
18,1312
9,1313
16,1314
12,1315
18,1316
8,1317
4,1318
14,1319
5,1320
0,1321
5,1322
15,1323
19,1324
13,1325
17,1326
2,1327
11,1328
16,1329
17,1330
9,1331
3,1332
4,1333
18,1334
15,1335
16,1336
4,1337
4,1338
0,1339
19,1340
1,1341
14,1342
19,1343
0,1344
13,1345
5,1346
10,1347
4,1348
18,1349
18,1350
4,1351
6,1352
1,1353
7,1354
5,1355
16,1356
15,1357
0,1358
17,1359
15,1360
14,1361
2,1362
11,1363
17,1364
15,1365
16,1366
4,1367
8,1368
0,1369
0,1370
3,1371
1,1372
15,1373
15,1374
2,1375
10,1376
5,1377
9,1378
12,1379
3,1380
19,1381
15,1382
12,1383
3,1384
18,1385
6,1386
7,1387
10,1388
12,1389
4,1390
7,1391
4,1392
3,1393
12,1394
6,1395
10,1396
8,1397
11,1398
2,1399
11,1400
13,1401
1,1402
19,1403
12,1404
17,1405
15,1406
14,1407
8,1408
14,1409
16,1410
16,1411
9,1412
10,1413
7,1414
15,1415
0,1416
11,1417
15,1418
4,1419
19,1420
6,1421
12,1422
14,1423
10,1424
16,1425
14,1426
1,1427
15,1428
14,1429
8,1430
8,1431
15,1432
0,1433
6,1434
15,1435
11,1436
0,1437
9,1438
3,1439
10,1440
0,1441
13,1442
11,1443
6,1444
5,1445
15,1446
3,1447
2,1448
16,1449
4,1450
17,1451
1,1452
5,1453
10,1454
13,1455
6,1456
2,1457
16,1458
3,1459
3,1460
7,1461
10,1462
16,1463
1,1464
0,1465
6,1466
1,1467
19,1468
14,1469
2,1470
11,1471
3,1472
11,1473
5,1474
12,1475
10,1476
0,1477
19,1478
1,1479
10,1480
1,1481
16,1482
10,1483
4,1484
14,1485
1,1486
7,1487
0,1488
16,1489
9,1490
1,1491
18,1492
2,1493
8,1494
9,1495
1,1496
3,1497
17,1498
2,1499
19,1500
18,1501
3,1502
0,1503
7,1504
2,1505
13,1506
4,1507
0,1508
11,1509
0,1510
1,1511
18,1512
16,1513
2,1514
11,1515
17,1516
3,1517
8,1518
15,1519
11,1520
5,1521
5,1522
15,1523
6,1524
18,1525
0,1526
5,1527
4,1528
2,1529
7,1530
13,1531
16,1532
4,1533
1,1534
19,1535
9,1536
12,1537
8,1538
1,1539
11,1540
12,1541
9,1542
14,1543
6,1544
0,1545
19,1546
11,1547
7,1548
5,1549
14,1550
11,1551
18,1552
6,1553
12,1554
8,1555
17,1556
11,1557
0,1558
6,1559
12,1560
7,1561
0,1562
10,1563
8,1564
9,1565
17,1566
15,1567
2,1568
19,1569
16,1570
19,1571
11,1572
6,1573
11,1574
7,1575
17,1576
15,1577
7,1578
17,1579
12,1580
3,1581
5,1582
14,1583
7,1584
11,1585
12,1586
13,1587
10,1588
16,1589
11,1590
5,1591
13,1592
3,1593
19,1594
16,1595
2,1596
6,1597
8,1598
2,1599
3,1600
2,1601
9,1602
15,1603
5,1604
11,1605
11,1606
0,1607
1,1608
12,1609
10,1610
5,1611
9,1612
15,1613
14,1614
17,1615
19,1616
17,1617
16,1618
1,1619
10,1620
17,1621
17,1622
8,1623
8,1624
10,1625
2,1626
2,1627
1,1628
12,1629
19,1630
6,1631
8,1632
11,1633
10,1634
6,1635
17,1636
13,1637
14,1638
5,1639
18,1640
14,1641
18,1642
19,1643
19,1644
3,1645
9,1646
7,1647
0,1648
1,1649
19,1650
6,1651
11,1652
18,1653
11,1654
17,1655
7,1656
0,1657
13,1658
7,1659
17,1660
4,1661
11,1662
0,1663
12,1664
17,1665
11,1666
14,1667
15,1668
17,1669
5,1670
8,1671
15,1672
17,1673
1,1674
17,1675
5,1676
5,1677
18,1678
17,1679
13,1680
9,1681
1,1682
2,1683
17,1684
9,1685
14,1686
2,1687
17,1688
5,1689
19,1690
16,1691
15,1692
15,1693
15,1694
7,1695
17,1696
2,1697
16,1698
15,1699
15,1700
13,1701
5,1702
1,1703
13,1704
5,1705
7,1706
7,1707
4,1708
13,1709
1,1710
15,1711
14,1712
11,1713
11,1714
8,1715
6,1716
3,1717
18,1718
4,1719
13,1720
5,1721
19,1722
10,1723
9,1724
16,1725
15,1726
12,1727
7,1728
7,1729
18,1730
5,1731
10,1732
2,1733
15,1734
17,1735
2,1736
6,1737
10,1738
0,1739
10,1740
1,1741
1,1742
0,1743
13,1744
1,1745
19,1746
3,1747
2,1748
15,1749
15,1750
3,1751
16,1752
10,1753
8,1754
1,1755
12,1756
10,1757
12,1758
11,1759
9,1760
13,1761
14,1762
17,1763
13,1764
13,1765
19,1766
4,1767
19,1768
15,1769
17,1770
16,1771
18,1772
0,1773
19,1774
14,1775
3,1776
11,1777
0,1778
0,1779
18,1780
8,1781
7,1782
0,1783
2,1784
3,1785
7,1786
6,1787
2,1788
7,1789
0,1790
6,1791
13,1792
10,1793
16,1794
14,1795
11,1796
17,1797
16,1798
3,1799
3,1800
8,1801
2,1802
14,1803
9,1804
3,1805
13,1806
2,1807
0,1808
1,1809
19,1810
16,1811
19,1812
1,1813
6,1814
7,1815
3,1816
19,1817
10,1818
12,1819
2,1820
18,1821
11,1822
7,1823
17,1824
1,1825
8,1826
1,1827
14,1828
0,1829
7,1830
8,1831
17,1832
5,1833
1,1834
6,1835
10,1836
10,1837
12,1838
14,1839
0,1840
16,1841
14,1842
19,1843
4,1844
8,1845
11,1846
1,1847
7,1848
8,1849
17,1850
0,1851
3,1852
3,1853
18,1854
18,1855
17,1856
3,1857
8,1858
8,1859
9,1860
13,1861
18,1862
16,1863
13,1864
13,1865
12,1866
18,1867
12,1868
16,1869
19,1870
14,1871
1,1872
2,1873
14,1874
4,1875
6,1876
3,1877
5,1878
16,1879
6,1880
19,1881
7,1882
6,1883
10,1884
13,1885
7,1886
15,1887
2,1888
12,1889
18,1890
2,1891
2,1892
16,1893
16,1894
11,1895
4,1896
18,1897
12,1898
8,1899
12,1900
19,1901
2,1902
15,1903
18,1904
10,1905
6,1906
3,1907
12,1908
1,1909
16,1910
17,1911
1,1912
5,1913
14,1914
0,1915
9,1916
10,1917
14,1918
6,1919
4,1920
11,1921
16,1922
3,1923
9,1924
16,1925
18,1926
1,1927
12,1928
13,1929
17,1930
2,1931
10,1932
11,1933
17,1934
11,1935
6,1936
18,1937
16,1938
0,1939
6,1940
6,1941
2,1942
7,1943
6,1944
13,1945
12,1946
15,1947
8,1948
15,1949
10,1950
9,1951
2,1952
11,1953
16,1954
2,1955
2,1956
11,1957
11,1958
11,1959
14,1960
7,1961
5,1962
0,1963
16,1964
0,1965
5,1966
18,1967
5,1968
10,1969
14,1970
0,1971
3,1972
3,1973
12,1974
4,1975
11,1976
15,1977
6,1978
5,1979
16,1980
18,1981
12,1982
11,1983
6,1984
14,1985
11,1986
2,1987
7,1988
1,1989
12,1990
15,1991
11,1992
19,1993
5,1994
16,1995
11,1996
0,1997
7,1998
1,1999
5,2000
2,2001
17,2002
3,2003
12,2004
10,2005
2,2006
10,2007
3,2008
13,2009
18,2010
8,2011
5,2012
11,2013
9,2014
1,2015
0,2016
19,2017
1,2018
7,2019
2,2020
16,2021
5,2022
3,2023
18,2024
18,2025
18,2026
12,2027
4,2028
3,2029
1,2030
18,2031
12,2032
17,2033
1,2034
10,2035
14,2036
6,2037
2,2038
17,2039
1,2040
5,2041
18,2042
17,2043
12,2044
18,2045
14,2046
13,2047
16,2048
11,2049
17,2050
4,2051
10,2052
10,2053
9,2054
17,2055
9,2056
1,2057
0,2058
2,2059
4,2060
4,2061
10,2062
10,2063
0,2064
1,2065
2,2066
2,2067
16,2068
14,2069
5,2070
15,2071
5,2072
16,2073
6,2074
13,2075
9,2076
3,2077
1,2078
9,2079
2,2080
18,2081
10,2082
8,2083
3,2084
1,2085
15,2086
6,2087
13,2088
9,2089
3,2090
13,2091
8,2092
16,2093
11,2094
9,2095
11,2096
11,2097
18,2098
4,2099
1,2100
4,2101
19,2102
9,2103
13,2104
19,2105
19,2106
6,2107
18,2108
1,2109
11,2110
17,2111
13,2112
11,2113
6,2114
2,2115
4,2116
3,2117
18,2118
1,2119
14,2120
5,2121
14,2122
14,2123
18,2124
17,2125
6,2126
18,2127
13,2128
9,2129
14,2130
17,2131
17,2132
14,2133
4,2134
1,2135
5,2136
10,2137
6,2138
3,2139
0,2140
19,2141
7,2142
18,2143
10,2144
14,2145
3,2146
2,2147
5,2148
0,2149
2,2150
8,2151
9,2152
14,2153
17,2154
14,2155
0,2156
0,2157
2,2158
8,2159
17,2160
12,2161
15,2162
4,2163
8,2164
0,2165
5,2166
1,2167
15,2168
9,2169
3,2170
1,2171
14,2172
2,2173
16,2174
3,2175
4,2176
2,2177
8,2178
5,2179
17,2180
16,2181
12,2182
9,2183
9,2184
16,2185
7,2186
9,2187
3,2188
8,2189
16,2190
12,2191
9,2192
3,2193
2,2194
3,2195
1,2196
15,2197
9,2198
11,2199
4,2200
2,2201
0,2202
10,2203
0,2204
5,2205
10,2206
6,2207
15,2208
7,2209
4,2210
12,2211
9,2212
16,2213
2,2214
10,2215
1,2216
3,2217
9,2218
11,2219
16,2220
10,2221
7,2222
5,2223
2,2224
19,2225
10,2226
16,2227
4,2228
18,2229
15,2230
18,2231
14,2232
11,2233
0,2234
3,2235
9,2236
5,2237
9,2238
11,2239
14,2240
4,2241
19,2242
4,2243
19,2244
0,2245
17,2246
1,2247
10,2248
2,2249
13,2250
1,2251
3,2252
18,2253
1,2254
9,2255
12,2256
3,2257
0,2258
12,2259
12,2260
8,2261
9,2262
9,2263
18,2264
15,2265
10,2266
5,2267
12,2268
2,2269
15,2270
3,2271
15,2272
8,2273
0,2274
2,2275
4,2276
7,2277
10,2278
9,2279
14,2280
5,2281
11,2282
5,2283
12,2284
10,2285
10,2286
3,2287
6,2288
3,2289
6,2290
0,2291
0,2292
13,2293
18,2294
3,2295
13,2296
12,2297
13,2298
10,2299
4,2300
17,2301
7,2302
14,2303
19,2304
16,2305
7,2306
19,2307
15,2308
4,2309
11,2310
15,2311
12,2312
7,2313
1,2314
8,2315
7,2316
9,2317
11,2318
19,2319
1,2320
4,2321
13,2322
4,2323
11,2324
18,2325
19,2326
10,2327
8,2328
5,2329
8,2330
9,2331
0,2332
11,2333
2,2334
12,2335
19,2336
17,2337
0,2338
15,2339
18,2340
17,2341
17,2342
8,2343
19,2344
16,2345
11,2346
5,2347
0,2348
9,2349
2,2350
17,2351
0,2352
7,2353
5,2354
2,2355
1,2356
4,2357
9,2358
19,2359
2,2360
16,2361
0,2362
1,2363
17,2364
0,2365
11,2366
13,2367
15,2368
10,2369
10,2370
8,2371
9,2372
2,2373
15,2374
7,2375
14,2376
17,2377
13,2378
6,2379
17,2380
15,2381
15,2382
16,2383
4,2384
6,2385
15,2386
12,2387
0,2388
0,2389
1,2390
16,2391
14,2392
9,2393
1,2394
6,2395
10,2396
17,2397
2,2398
3,2399
5,2400
7,2401
19,2402
15,2403
4,2404
19,2405
14,2406
17,2407
15,2408
0,2409
12,2410
1,2411
5,2412
1,2413
18,2414
10,2415
14,2416
2,2417
9,2418
7,2419
7,2420
3,2421
13,2422
10,2423
9,2424
3,2425
18,2426
4,2427
19,2428
4,2429
9,2430
3,2431
13,2432
14,2433
11,2434
17,2435
10,2436
14,2437
9,2438
14,2439
14,2440
17,2441
5,2442
1,2443
9,2444
7,2445
2,2446
6,2447
8,2448
7,2449
11,2450
8,2451
5,2452
2,2453
9,2454
18,2455
10,2456
14,2457
12,2458
2,2459
5,2460
7,2461
3,2462
11,2463
7,2464
16,2465
13,2466
8,2467
8,2468
14,2469
16,2470
19,2471
5,2472
5,2473
11,2474
17,2475
9,2476
1,2477
11,2478
5,2479
16,2480
4,2481
10,2482
5,2483
9,2484
18,2485
13,2486
1,2487
17,2488
3,2489
0,2490
8,2491
4,2492
18,2493
19,2494
13,2495
9,2496
2,2497
0,2498
1,2499
10,2500
5,2501
10,2502
1,2503
15,2504
10,2505
12,2506
12,2507
1,2508
5,2509
3,2510
7,2511
9,2512
17,2513
4,2514
13,2515
17,2516
6,2517
11,2518
16,2519
7,2520
17,2521
4,2522
10,2523
5,2524
9,2525
14,2526
6,2527
3,2528
19,2529
7,2530
2,2531
15,2532
3,2533
15,2534
15,2535
8,2536
7,2537
15,2538
5,2539
18,2540
8,2541
13,2542
3,2543
5,2544
1,2545
1,2546
19,2547
15,2548
18,2549
19,2550
17,2551
18,2552
12,2553
6,2554
13,2555
16,2556
19,2557
19,2558
5,2559
17,2560
19,2561
3,2562
8,2563
0,2564
1,2565
9,2566
7,2567
15,2568
2,2569
1,2570
5,2571
4,2572
4,2573
3,2574
12,2575
4,2576
10,2577
6,2578
5,2579
8,2580
16,2581
15,2582
3,2583
6,2584
16,2585
14,2586
4,2587
18,2588
8,2589
6,2590
8,2591
9,2592
16,2593
4,2594
3,2595
19,2596
11,2597
1,2598
1,2599
5,2600
17,2601
10,2602
2,2603
3,2604
15,2605
16,2606
4,2607
11,2608
4,2609
15,2610
0,2611
3,2612
5,2613
11,2614
18,2615
3,2616
6,2617
14,2618
2,2619
16,2620
17,2621
19,2622
1,2623
18,2624
12,2625
10,2626
0,2627
6,2628
5,2629
3,2630
9,2631
8,2632
12,2633
3,2634
16,2635
10,2636
11,2637
10,2638
15,2639
4,2640
16,2641
2,2642
3,2643
7,2644
15,2645
8,2646
7,2647
3,2648
9,2649
3,2650
16,2651
8,2652
2,2653
2,2654
5,2655
2,2656
5,2657
10,2658
13,2659
10,2660
1,2661
10,2662
3,2663
18,2664
10,2665
4,2666
15,2667
6,2668
8,2669
18,2670
4,2671
0,2672
6,2673
17,2674
1,2675
18,2676
0,2677
15,2678
6,2679
16,2680
14,2681
5,2682
14,2683
0,2684
9,2685
3,2686
8,2687
0,2688
8,2689
1,2690
15,2691
2,2692
2,2693
17,2694
3,2695
8,2696
7,2697
10,2698
9,2699
17,2700
9,2701
10,2702
14,2703
7,2704
11,2705
1,2706
19,2707
15,2708
9,2709
5,2710
2,2711
15,2712
15,2713
11,2714
3,2715
18,2716
17,2717
10,2718
2,2719
15,2720
14,2721
14,2722
3,2723
17,2724
4,2725
9,2726
12,2727
8,2728
19,2729
0,2730
5,2731
18,2732
0,2733
7,2734
6,2735
17,2736
9,2737
15,2738
3,2739
14,2740
2,2741
6,2742
3,2743
7,2744
19,2745
13,2746
0,2747
4,2748
8,2749
19,2750
0,2751
18,2752
18,2753
5,2754
12,2755
9,2756
0,2757
9,2758
4,2759
5,2760
1,2761
16,2762
6,2763
12,2764
7,2765
17,2766
19,2767
4,2768
11,2769
9,2770
0,2771
8,2772
19,2773
19,2774
14,2775
2,2776
13,2777
6,2778
17,2779
2,2780
3,2781
2,2782
8,2783
10,2784
13,2785
7,2786
17,2787
19,2788
7,2789
7,2790
9,2791
7,2792
7,2793
0,2794
0,2795
10,2796
3,2797
1,2798
6,2799
18,2800
2,2801
11,2802
2,2803
18,2804
10,2805
10,2806
16,2807
19,2808
17,2809
0,2810
17,2811
3,2812
1,2813
17,2814
15,2815
8,2816
13,2817
0,2818
8,2819
10,2820
4,2821
16,2822
19,2823
14,2824
10,2825
1,2826
0,2827
18,2828
10,2829
2,2830
16,2831
1,2832
2,2833
10,2834
2,2835
19,2836
14,2837
17,2838
19,2839
6,2840
7,2841
12,2842
1,2843
5,2844
1,2845
0,2846
0,2847
11,2848
0,2849
8,2850
18,2851
1,2852
6,2853
2,2854
15,2855
17,2856
3,2857
0,2858
4,2859
15,2860
5,2861
0,2862
6,2863
13,2864
7,2865
12,2866
7,2867
5,2868
13,2869
19,2870
12,2871
8,2872
0,2873
3,2874
2,2875
2,2876
17,2877
1,2878
8,2879
10,2880
9,2881
7,2882
8,2883
17,2884
10,2885
6,2886
9,2887
7,2888
15,2889
6,2890
0,2891
6,2892
18,2893
18,2894
0,2895
4,2896
12,2897
0,2898
6,2899
10,2900
17,2901
5,2902
8,2903
11,2904
10,2905
1,2906
7,2907
2,2908
19,2909
11,2910
3,2911
5,2912
6,2913
8,2914
14,2915
11,2916
0,2917
14,2918
11,2919
8,2920
11,2921
0,2922
7,2923
12,2924
12,2925
1,2926
17,2927
2,2928
19,2929
8,2930
3,2931
19,2932
3,2933
1,2934
9,2935
19,2936
5,2937
2,2938
0,2939
17,2940
3,2941
19,2942
4,2943
16,2944
1,2945
6,2946
19,2947
13,2948
4,2949
0,2950
19,2951
12,2952
3,2953
5,2954
8,2955
18,2956
15,2957
8,2958
16,2959
18,2960
3,2961
11,2962
3,2963
17,2964
7,2965
8,2966
7,2967
4,2968
7,2969
5,2970
19,2971
6,2972
3,2973
7,2974
8,2975
6,2976
3,2977
16,2978
9,2979
12,2980
13,2981
0,2982
18,2983
18,2984
13,2985
9,2986
7,2987
7,2988
16,2989
5,2990
12,2991
10,2992
8,2993
14,2994
14,2995
5,2996
6,2997
2,2998
2,2999
13,3000
13,3001
2,3002
10,3003
7,3004
19,3005
10,3006
0,3007
0,3008
3,3009
1,3010
5,3011
2,3012
10,3013
17,3014
8,3015
8,3016
16,3017
3,3018
16,3019
10,3020
8,3021
18,3022
5,3023
17,3024
2,3025
4,3026
8,3027
5,3028
13,3029
6,3030
15,3031
7,3032
6,3033
1,3034
19,3035
16,3036
6,3037
6,3038
2,3039
1,3040
14,3041
5,3042
15,3043
18,3044
15,3045
6,3046
3,3047
5,3048
1,3049
13,3050
7,3051
2,3052
6,3053
11,3054
11,3055
11,3056
9,3057
3,3058
12,3059
16,3060
17,3061
7,3062
9,3063
19,3064
16,3065
14,3066
9,3067
19,3068
16,3069
15,3070
12,3071
11,3072
13,3073
0,3074
8,3075
8,3076
14,3077
0,3078
0,3079
14,3080
13,3081
15,3082
18,3083
1,3084
16,3085
2,3086
8,3087
16,3088
12,3089
5,3090
13,3091
4,3092
10,3093
9,3094
17,3095
6,3096
1,3097
19,3098
3,3099
2,3100
6,3101
19,3102
5,3103
19,3104
6,3105
17,3106
0,3107
16,3108
1,3109
11,3110
6,3111
3,3112
13,3113
2,3114
2,3115
9,3116
15,3117
19,3118
3,3119
0,3120
0,3121
10,3122
11,3123
0,3124
4,3125
0,3126
11,3127
5,3128
2,3129
8,3130
19,3131
15,3132
1,3133
10,3134
4,3135
0,3136
4,3137
2,3138
5,3139
16,3140
0,3141
10,3142
7,3143
7,3144
15,3145
6,3146
19,3147
7,3148
9,3149
0,3150
14,3151
14,3152
18,3153
18,3154
13,3155
7,3156
12,3157
12,3158
1,3159
12,3160
16,3161
16,3162
15,3163
8,3164
16,3165
12,3166
12,3167
12,3168
1,3169
1,3170
9,3171
9,3172
4,3173
9,3174
8,3175
2,3176
4,3177
2,3178
5,3179
1,3180
14,3181
14,3182
6,3183
3,3184
2,3185
2,3186
7,3187
7,3188
3,3189
16,3190
17,3191
18,3192
1,3193
15,3194
15,3195
8,3196
8,3197
15,3198
19,3199
1,3200
5,3201
12,3202
7,3203
11,3204
12,3205
14,3206
3,3207
5,3208
9,3209
14,3210
18,3211
0,3212
8,3213
18,3214
18,3215
12,3216
16,3217
17,3218
7,3219
12,3220
1,3221
0,3222
6,3223
15,3224
6,3225
16,3226
15,3227
0,3228
12,3229
1,3230
8,3231
16,3232
11,3233
18,3234
2,3235
14,3236
3,3237
7,3238
8,3239
10,3240
14,3241
2,3242
4,3243
14,3244
7,3245
17,3246
12,3247
5,3248
19,3249
8,3250
2,3251
4,3252
2,3253
17,3254
18,3255
17,3256
2,3257
16,3258
18,3259
4,3260
5,3261
5,3262
18,3263
2,3264
19,3265
11,3266
17,3267
0,3268
13,3269
7,3270
7,3271
2,3272
5,3273
4,3274
11,3275
8,3276
8,3277
19,3278
4,3279
3,3280
13,3281
16,3282
15,3283
8,3284
19,3285
6,3286
9,3287
4,3288
5,3289
5,3290
4,3291
9,3292
2,3293
0,3294
4,3295
11,3296
1,3297
17,3298
2,3299
19,3300
14,3301
17,3302
2,3303
3,3304
14,3305
1,3306
5,3307
6,3308
3,3309
1,3310
4,3311
8,3312
8,3313
6,3314
1,3315
5,3316
19,3317
6,3318
4,3319
7,3320
18,3321
8,3322
12,3323
3,3324
10,3325
13,3326
17,3327
8,3328
10,3329
11,3330
14,3331
3,3332
4,3333
0,3334
1,3335
10,3336
0,3337
1,3338
10,3339
15,3340
10,3341
9,3342
7,3343
16,3344
1,3345
2,3346
11,3347
0,3348
8,3349
18,3350
8,3351
2,3352
12,3353
15,3354
13,3355
4,3356
1,3357
8,3358
7,3359
4,3360
1,3361
14,3362
5,3363
7,3364
9,3365
15,3366
6,3367
17,3368
6,3369
18,3370
13,3371
7,3372
9,3373
6,3374
16,3375
4,3376
1,3377
19,3378
12,3379
6,3380
18,3381
0,3382
15,3383
1,3384
12,3385
9,3386
15,3387
10,3388
2,3389
5,3390
5,3391
17,3392
2,3393
10,3394
0,3395
2,3396
12,3397
8,3398
2,3399
12,3400
7,3401
0,3402
4,3403
13,3404
12,3405
6,3406
5,3407
18,3408
6,3409
16,3410
2,3411
17,3412
7,3413
15,3414
18,3415
5,3416
13,3417
16,3418
4,3419
1,3420
7,3421
9,3422
9,3423
12,3424
6,3425
2,3426
1,3427
2,3428
16,3429
1,3430
1,3431
19,3432
11,3433
18,3434
7,3435
2,3436
17,3437
5,3438
1,3439
16,3440
1,3441
11,3442
5,3443
17,3444
7,3445
18,3446
1,3447
13,3448
18,3449
10,3450
7,3451
2,3452
17,3453
5,3454
19,3455
10,3456
4,3457
5,3458
14,3459
19,3460
2,3461
13,3462
6,3463
3,3464
18,3465
1,3466
6,3467
18,3468
3,3469
16,3470
3,3471
13,3472
19,3473
4,3474
10,3475
2,3476
5,3477
18,3478
8,3479
2,3480
8,3481
6,3482
5,3483
17,3484
11,3485
19,3486
17,3487
12,3488
8,3489
16,3490
4,3491
4,3492
12,3493
17,3494
4,3495
12,3496
18,3497
5,3498
17,3499
3,3500
11,3501
16,3502
16,3503
12,3504
4,3505
17,3506
18,3507
5,3508
17,3509
16,3510
15,3511
15,3512
5,3513
19,3514
19,3515
4,3516
7,3517
17,3518
4,3519
13,3520
14,3521
7,3522
19,3523
17,3524
16,3525
0,3526
12,3527
1,3528
18,3529
2,3530
8,3531
6,3532
3,3533
17,3534
7,3535
8,3536
5,3537
9,3538
9,3539
17,3540
9,3541
15,3542
19,3543
0,3544
12,3545
5,3546
0,3547
10,3548
16,3549
8,3550
8,3551
6,3552
15,3553
13,3554
19,3555
11,3556
19,3557
6,3558
10,3559
6,3560
15,3561
14,3562
14,3563
7,3564
14,3565
15,3566
12,3567
7,3568
2,3569
4,3570
1,3571
2,3572
3,3573
15,3574
0,3575
12,3576
17,3577
9,3578
1,3579
6,3580
5,3581
11,3582
11,3583
15,3584
5,3585
2,3586
2,3587
17,3588
3,3589
18,3590
8,3591
13,3592
18,3593
17,3594
4,3595
6,3596
13,3597
6,3598
4,3599
16,3600
5,3601
8,3602
1,3603
15,3604
0,3605
4,3606
0,3607
2,3608
1,3609
12,3610
7,3611
8,3612
9,3613
8,3614
1,3615
10,3616
18,3617
4,3618
1,3619
10,3620
13,3621
3,3622
17,3623
17,3624
18,3625
18,3626
0,3627
3,3628
0,3629
7,3630
12,3631
19,3632
4,3633
10,3634
5,3635
19,3636
14,3637
13,3638
6,3639
2,3640
14,3641
7,3642
16,3643
12,3644
6,3645
3,3646
19,3647
16,3648
6,3649
13,3650
12,3651
3,3652
13,3653
7,3654
6,3655
8,3656
1,3657
19,3658
3,3659
15,3660
4,3661
13,3662
4,3663
5,3664
16,3665
6,3666
5,3667
4,3668
3,3669
1,3670
17,3671
7,3672
3,3673
19,3674
10,3675
15,3676
3,3677
5,3678
2,3679
14,3680
16,3681
12,3682
9,3683
5,3684
1,3685
17,3686
17,3687
14,3688
2,3689
5,3690
10,3691
8,3692
4,3693
17,3694
4,3695
5,3696
5,3697
3,3698
6,3699
8,3700
7,3701
8,3702
8,3703
2,3704
12,3705
12,3706
17,3707
7,3708
13,3709
15,3710
10,3711
6,3712
3,3713
15,3714
7,3715
4,3716
15,3717
5,3718
4,3719
12,3720
15,3721
6,3722
10,3723
0,3724
11,3725
7,3726
14,3727
17,3728
18,3729
14,3730
8,3731
18,3732
6,3733
15,3734
2,3735
6,3736
8,3737
2,3738
3,3739
5,3740
6,3741
19,3742
16,3743
16,3744
4,3745
12,3746
11,3747
17,3748
17,3749
5,3750
13,3751
7,3752
10,3753
3,3754
15,3755
14,3756
13,3757
1,3758
9,3759
6,3760
13,3761
2,3762
0,3763
0,3764
1,3765
18,3766
2,3767
19,3768
14,3769
5,3770
1,3771
3,3772
5,3773
4,3774
8,3775
6,3776
12,3777
9,3778
1,3779
8,3780
4,3781
0,3782
13,3783
9,3784
0,3785
1,3786
17,3787
2,3788
19,3789
14,3790
3,3791
19,3792
15,3793
0,3794
8,3795
9,3796
3,3797
19,3798
13,3799
18,3800
16,3801
4,3802
16,3803
5,3804
10,3805
17,3806
6,3807
16,3808
10,3809
17,3810
7,3811
15,3812
8,3813
15,3814
14,3815
2,3816
8,3817
6,3818
10,3819
13,3820
17,3821
16,3822
5,3823
12,3824
5,3825
5,3826
8,3827
7,3828
9,3829
8,3830
12,3831
2,3832
10,3833
1,3834
10,3835
7,3836
0,3837
6,3838
14,3839
10,3840
4,3841
0,3842
15,3843
2,3844
15,3845
12,3846
11,3847
16,3848
15,3849
14,3850
7,3851
6,3852
4,3853
13,3854
8,3855
5,3856
13,3857
19,3858
6,3859
5,3860
10,3861
18,3862
10,3863
16,3864
15,3865
17,3866
12,3867
17,3868
15,3869
1,3870
13,3871
17,3872
18,3873
9,3874
3,3875
7,3876
14,3877
19,3878
4,3879
16,3880
13,3881
4,3882
8,3883
16,3884
5,3885
2,3886
18,3887
5,3888
11,3889
9,3890
11,3891
14,3892
9,3893
19,3894
10,3895
12,3896
18,3897
0,3898
0,3899
3,3900
17,3901
18,3902
4,3903
2,3904
17,3905
15,3906
2,3907
13,3908
0,3909
7,3910
17,3911
8,3912
11,3913
0,3914
4,3915
1,3916
5,3917
19,3918
17,3919
9,3920
7,3921
4,3922
12,3923
11,3924
1,3925
15,3926
5,3927
0,3928
9,3929
15,3930
4,3931
7,3932
6,3933
16,3934
7,3935
9,3936
19,3937
6,3938
10,3939
12,3940
5,3941
17,3942
16,3943
18,3944
0,3945
4,3946
13,3947
1,3948
16,3949
7,3950
0,3951
0,3952
12,3953
1,3954
18,3955
2,3956
6,3957
7,3958
3,3959
1,3960
7,3961
5,3962
3,3963
1,3964
16,3965
9,3966
1,3967
18,3968
4,3969
1,3970
0,3971
19,3972
5,3973
1,3974
1,3975
3,3976
17,3977
12,3978
1,3979
8,3980
15,3981
7,3982
6,3983
7,3984
4,3985
11,3986
8,3987
2,3988
12,3989
9,3990
7,3991
0,3992
19,3993
9,3994
2,3995
8,3996
13,3997
8,3998
12,3999
6,4000
16,4001
19,4002
0,4003
3,4004
0,4005
15,4006
1,4007
0,4008
2,4009
10,4010
4,4011
15,4012
3,4013
11,4014
4,4015
14,4016
16,4017
0,4018
18,4019
2,4020
12,4021
11,4022
8,4023
13,4024
12,4025
9,4026
3,4027
6,4028
1,4029
16,4030
0,4031
3,4032
18,4033
8,4034
14,4035
3,4036
15,4037
19,4038
8,4039
0,4040
15,4041
0,4042
11,4043
16,4044
9,4045
15,4046
1,4047
2,4048
9,4049
4,4050
3,4051
5,4052
13,4053
2,4054
6,4055
9,4056
7,4057
19,4058
0,4059
14,4060
0,4061
16,4062
12,4063
0,4064
19,4065
1,4066
6,4067
2,4068
13,4069
3,4070
11,4071
9,4072
17,4073
4,4074
18,4075
14,4076
11,4077
19,4078
15,4079
5,4080
4,4081
7,4082
3,4083
5,4084
1,4085
6,4086
15,4087
18,4088
0,4089
18,4090
7,4091
7,4092
11,4093
10,4094
2,4095
19,4096
9,4097
9,4098
9,4099
19,4100
4,4101
10,4102
10,4103
6,4104
6,4105
7,4106
8,4107
19,4108
11,4109
2,4110
4,4111
14,4112
5,4113
19,4114
0,4115
9,4116
18,4117
6,4118
13,4119
1,4120
1,4121
15,4122
9,4123
6,4124
3,4125
7,4126
7,4127
19,4128
9,4129
13,4130
2,4131
4,4132
15,4133
12,4134
5,4135
6,4136
6,4137
11,4138
2,4139
7,4140
18,4141
19,4142
9,4143
17,4144
17,4145
10,4146
1,4147
10,4148
18,4149
14,4150
6,4151
8,4152
4,4153
14,4154
16,4155
15,4156
5,4157
2,4158
3,4159
8,4160
1,4161
1,4162
2,4163
11,4164
13,4165
5,4166
5,4167
9,4168
9,4169
2,4170
4,4171
5,4172
1,4173
8,4174
1,4175
11,4176
10,4177
7,4178
17,4179
8,4180
6,4181
7,4182
9,4183
0,4184
7,4185
2,4186
6,4187
13,4188
11,4189
0,4190
10,4191
19,4192
0,4193
1,4194
12,4195
17,4196
16,4197
2,4198
6,4199
3,4200
5,4201
10,4202
0,4203
13,4204
3,4205
3,4206
11,4207
17,4208
4,4209
18,4210
11,4211
16,4212
16,4213
6,4214
6,4215
1,4216
13,4217
18,4218
17,4219
8,4220
6,4221
4,4222
12,4223
4,4224
9,4225
5,4226
12,4227
10,4228
17,4229
19,4230
1,4231
19,4232
4,4233
11,4234
10,4235
9,4236
5,4237
16,4238
17,4239
18,4240
5,4241
1,4242
12,4243
10,4244
1,4245
10,4246
7,4247
2,4248
14,4249
9,4250
4,4251
18,4252
17,4253
13,4254
13,4255
2,4256
2,4257
18,4258
18,4259
18,4260
7,4261
13,4262
2,4263
4,4264
17,4265
6,4266
8,4267
2,4268
16,4269
10,4270
12,4271
3,4272
10,4273
12,4274
10,4275
3,4276
15,4277
18,4278
16,4279
5,4280
4,4281
19,4282
6,4283
10,4284
1,4285
15,4286
17,4287
19,4288
2,4289
7,4290
11,4291
12,4292
15,4293
12,4294
14,4295
11,4296
17,4297
0,4298
3,4299
2,4300
15,4301
14,4302
16,4303
9,4304
1,4305
13,4306
15,4307
3,4308
13,4309
11,4310
5,4311
18,4312
3,4313
8,4314
18,4315
19,4316
6,4317
10,4318
11,4319
10,4320
16,4321
3,4322
6,4323
13,4324
4,4325
3,4326
17,4327
12,4328
6,4329
13,4330
17,4331
8,4332
4,4333
12,4334
5,4335
0,4336
8,4337
5,4338
14,4339
7,4340
2,4341
6,4342
4,4343
8,4344
0,4345
11,4346
5,4347
7,4348
6,4349
14,4350
11,4351
3,4352
13,4353
9,4354
8,4355
15,4356
8,4357
7,4358
17,4359
7,4360
13,4361
1,4362
15,4363
19,4364
4,4365
9,4366
12,4367
18,4368
2,4369
13,4370
7,4371
16,4372
5,4373
4,4374
14,4375
18,4376
3,4377
15,4378
5,4379
15,4380
7,4381
16,4382
15,4383
0,4384
3,4385
1,4386
10,4387
2,4388
15,4389
3,4390
13,4391
10,4392
10,4393
6,4394
2,4395
3,4396
11,4397
15,4398
17,4399
8,4400
19,4401
0,4402
11,4403
19,4404
8,4405
10,4406
5,4407
19,4408
4,4409
16,4410
4,4411
5,4412
0,4413
4,4414
6,4415
16,4416
12,4417
7,4418
18,4419
18,4420
10,4421
14,4422
7,4423
12,4424
16,4425
4,4426
9,4427
7,4428
2,4429
14,4430
1,4431
0,4432
19,4433
0,4434
19,4435
15,4436
14,4437
16,4438
1,4439
14,4440
4,4441
9,4442
3,4443
14,4444
14,4445
17,4446
12,4447
19,4448
3,4449
10,4450
1,4451
0,4452
16,4453
6,4454
15,4455
6,4456
10,4457
3,4458
11,4459
0,4460
7,4461
15,4462
6,4463
5,4464
2,4465
5,4466
6,4467
3,4468
4,4469
5,4470
10,4471
6,4472
15,4473
17,4474
16,4475
5,4476
6,4477
18,4478
18,4479
7,4480
18,4481
19,4482
2,4483
3,4484
1,4485
3,4486
9,4487
0,4488
5,4489
17,4490
14,4491
7,4492
18,4493
15,4494
7,4495
16,4496
0,4497
18,4498
7,4499
15,4500
0,4501
19,4502
3,4503
15,4504
6,4505
10,4506
7,4507
17,4508
5,4509
10,4510
6,4511
9,4512
2,4513
12,4514
14,4515
15,4516
5,4517
19,4518
4,4519
16,4520
15,4521
10,4522
11,4523
18,4524
15,4525
14,4526
16,4527
5,4528
18,4529
5,4530
4,4531
19,4532
1,4533
15,4534
3,4535
7,4536
2,4537
5,4538
12,4539
18,4540
1,4541
14,4542
1,4543
7,4544
13,4545
6,4546
3,4547
0,4548
13,4549
14,4550
8,4551
11,4552
2,4553
18,4554
5,4555
8,4556
1,4557
5,4558
9,4559
19,4560
0,4561
15,4562
8,4563
2,4564
13,4565
5,4566
8,4567
18,4568
7,4569
19,4570
0,4571
3,4572
19,4573
10,4574
18,4575
8,4576
6,4577
14,4578
18,4579
2,4580
11,4581
15,4582
14,4583
3,4584
7,4585
8,4586
8,4587
16,4588
10,4589
13,4590
10,4591
4,4592
10,4593
8,4594
1,4595
11,4596
10,4597
9,4598
16,4599
18,4600
13,4601
15,4602
5,4603
3,4604
14,4605
15,4606
3,4607
2,4608
4,4609
0,4610
8,4611
15,4612
16,4613
1,4614
4,4615
2,4616
9,4617
3,4618
14,4619
8,4620
19,4621
11,4622
6,4623
10,4624
19,4625
7,4626
17,4627
9,4628
7,4629
2,4630
15,4631
19,4632
8,4633
19,4634
8,4635
7,4636
1,4637
18,4638
1,4639
3,4640
7,4641
12,4642
18,4643
18,4644
13,4645
13,4646
1,4647
2,4648
9,4649
12,4650
15,4651
19,4652
7,4653
15,4654
2,4655
11,4656
7,4657
17,4658
15,4659
4,4660
9,4661
10,4662
15,4663
13,4664
8,4665
15,4666
15,4667
5,4668
2,4669
3,4670
16,4671
5,4672
15,4673
9,4674
9,4675
19,4676
14,4677
3,4678
6,4679
1,4680
2,4681
7,4682
6,4683
4,4684
11,4685
10,4686
1,4687
11,4688
12,4689
9,4690
15,4691
6,4692
9,4693
5,4694
9,4695
15,4696
16,4697
9,4698
5,4699
15,4700
5,4701
17,4702
8,4703
0,4704
2,4705
11,4706
16,4707
6,4708
15,4709
15,4710
11,4711
0,4712
18,4713
11,4714
17,4715
5,4716
13,4717
15,4718
12,4719
17,4720
5,4721
7,4722
18,4723
14,4724
11,4725
12,4726
1,4727
15,4728
2,4729
7,4730
13,4731
0,4732
5,4733
1,4734
8,4735
2,4736
13,4737
11,4738
12,4739
3,4740
16,4741
2,4742
15,4743
16,4744
18,4745
4,4746
15,4747
3,4748
18,4749
4,4750
5,4751
9,4752
6,4753
9,4754
7,4755
5,4756
5,4757
16,4758
9,4759
3,4760
6,4761
12,4762
12,4763
7,4764
14,4765
2,4766
7,4767
14,4768
14,4769
14,4770
7,4771
18,4772
1,4773
12,4774
14,4775
9,4776
12,4777
14,4778
18,4779
8,4780
10,4781
18,4782
15,4783
9,4784
7,4785
8,4786
13,4787
4,4788
0,4789
1,4790
15,4791
8,4792
9,4793
2,4794
13,4795
19,4796
3,4797
15,4798
0,4799
14,4800
3,4801
18,4802
16,4803
0,4804
4,4805
12,4806
1,4807
4,4808
2,4809
3,4810
3,4811
19,4812
14,4813
9,4814
8,4815
16,4816
17,4817
11,4818
11,4819
9,4820
19,4821
2,4822
18,4823
5,4824
1,4825
10,4826
2,4827
5,4828
11,4829
16,4830
12,4831
0,4832
1,4833
14,4834
11,4835
8,4836
17,4837
18,4838
19,4839
17,4840
16,4841
5,4842
16,4843
12,4844
0,4845
9,4846
1,4847
2,4848
2,4849
12,4850
8,4851
3,4852
4,4853
4,4854
1,4855
5,4856
15,4857
6,4858
9,4859
7,4860
9,4861
8,4862
5,4863
4,4864
10,4865
2,4866
8,4867
1,4868
2,4869
10,4870
13,4871
13,4872
6,4873
19,4874
10,4875
8,4876
4,4877
5,4878
18,4879
12,4880
10,4881
19,4882
12,4883
3,4884
9,4885
3,4886
19,4887
9,4888
0,4889
11,4890
8,4891
12,4892
14,4893
1,4894
3,4895
9,4896
10,4897
16,4898
17,4899
11,4900
4,4901
14,4902
5,4903
6,4904
7,4905
2,4906
19,4907
15,4908
16,4909
1,4910
17,4911
1,4912
5,4913
16,4914
18,4915
2,4916
10,4917
19,4918
14,4919
4,4920
13,4921
11,4922
3,4923
7,4924
19,4925
12,4926
16,4927
11,4928
10,4929
17,4930
14,4931
17,4932
5,4933
9,4934
6,4935
1,4936
10,4937
14,4938
8,4939
3,4940
9,4941
11,4942
15,4943
4,4944
18,4945
10,4946
2,4947
0,4948
17,4949
1,4950
2,4951
19,4952
4,4953
6,4954
6,4955
4,4956
9,4957
2,4958
19,4959
6,4960
3,4961
1,4962
7,4963
0,4964
17,4965
1,4966
7,4967
2,4968
7,4969
6,4970
2,4971
3,4972
0,4973
4,4974
4,4975
19,4976
11,4977
16,4978
4,4979
14,4980
19,4981
2,4982
17,4983
19,4984
16,4985
12,4986
9,4987
6,4988
8,4989
8,4990
2,4991
1,4992
10,4993
15,4994
4,4995
4,4996
8,4997
14,4998
17,4999
0,5000
19,5001
10,5002
14,5003
7,5004
16,5005
5,5006
3,5007
0,5008
4,5009
12,5010
3,5011
2,5012
5,5013
2,5014
7,5015
9,5016
13,5017
1,5018
0,5019
10,5020
15,5021
3,5022
9,5023
0,5024
16,5025
5,5026
4,5027
0,5028
16,5029
12,5030
18,5031
14,5032
8,5033
12,5034
1,5035
9,5036
8,5037
16,5038
15,5039
4,5040
13,5041
5,5042
2,5043
15,5044
14,5045
0,5046
6,5047
19,5048
11,5049
7,5050
18,5051
16,5052
5,5053
6,5054
15,5055
13,5056
18,5057
4,5058
10,5059
1,5060
19,5061
2,5062
11,5063
14,5064
2,5065
18,5066
16,5067
9,5068
3,5069
13,5070
6,5071
16,5072
16,5073
4,5074
4,5075
10,5076
6,5077
1,5078
8,5079
18,5080
16,5081
7,5082
9,5083
6,5084
15,5085
12,5086
15,5087
3,5088
12,5089
10,5090
7,5091
3,5092
17,5093
12,5094
3,5095
8,5096
13,5097
15,5098
8,5099
15,5100
0,5101
2,5102
12,5103
5,5104
2,5105
17,5106
19,5107
2,5108
0,5109
17,5110
2,5111
2,5112
0,5113
11,5114
1,5115
13,5116
8,5117
2,5118
10,5119
16,5120
5,5121
3,5122
13,5123
15,5124
5,5125
10,5126
9,5127
0,5128
19,5129
12,5130
14,5131
6,5132
5,5133
8,5134
17,5135
12,5136
11,5137
15,5138
15,5139
9,5140
16,5141
1,5142
18,5143
7,5144
14,5145
14,5146
0,5147
12,5148
9,5149
10,5150
3,5151
15,5152
16,5153
19,5154
2,5155
10,5156
18,5157
16,5158
4,5159
17,5160
1,5161
6,5162
5,5163
6,5164
11,5165
19,5166
3,5167
2,5168
3,5169
8,5170
17,5171
18,5172
7,5173
0,5174
15,5175
14,5176
14,5177
0,5178
13,5179
9,5180
1,5181
0,5182
14,5183
19,5184
5,5185
19,5186
13,5187
0,5188
3,5189
17,5190
17,5191
5,5192
10,5193
12,5194
4,5195
5,5196
11,5197
14,5198
6,5199
0,5200
8,5201
9,5202
1,5203
14,5204
9,5205
9,5206
17,5207
13,5208
1,5209
3,5210
15,5211
16,5212
12,5213
12,5214
19,5215
5,5216
4,5217
16,5218
18,5219
10,5220
16,5221
15,5222
1,5223
9,5224
10,5225
5,5226
2,5227
4,5228
4,5229
12,5230
4,5231
5,5232
1,5233
4,5234
9,5235
6,5236
3,5237
5,5238
15,5239
6,5240
6,5241
8,5242
7,5243
7,5244
15,5245
11,5246
3,5247
5,5248
10,5249
14,5250
0,5251
17,5252
0,5253
11,5254
14,5255
7,5256
14,5257
2,5258
14,5259
10,5260
9,5261
12,5262
17,5263
1,5264
13,5265
1,5266
8,5267
14,5268
16,5269
7,5270
0,5271
1,5272
1,5273
5,5274
2,5275
2,5276
15,5277
3,5278
17,5279
5,5280
3,5281
0,5282
8,5283
18,5284
19,5285
6,5286
8,5287
5,5288
6,5289
12,5290
1,5291
18,5292
7,5293
11,5294
2,5295
11,5296
0,5297
17,5298
18,5299
1,5300
8,5301
2,5302
17,5303
9,5304
2,5305
12,5306
12,5307
1,5308
15,5309
3,5310
8,5311
13,5312
9,5313
13,5314
12,5315
17,5316
12,5317
2,5318
4,5319
17,5320
16,5321
5,5322
2,5323
11,5324
8,5325
6,5326
12,5327
7,5328
12,5329
2,5330
9,5331
4,5332
19,5333
5,5334
16,5335
1,5336
17,5337
14,5338
18,5339
10,5340
1,5341
14,5342
2,5343
10,5344
16,5345
10,5346
15,5347
0,5348
6,5349
5,5350
1,5351
16,5352
11,5353
3,5354
9,5355
13,5356
6,5357
4,5358
5,5359
11,5360
19,5361
18,5362
9,5363
16,5364
6,5365
19,5366
16,5367
12,5368
8,5369
11,5370
7,5371
1,5372
15,5373
5,5374
10,5375
19,5376
1,5377
5,5378
7,5379
16,5380
7,5381
2,5382
3,5383
6,5384
0,5385
18,5386
8,5387
0,5388
1,5389
8,5390
2,5391
15,5392
1,5393
12,5394
12,5395
16,5396
3,5397
2,5398
4,5399
0,5400
8,5401
4,5402
8,5403
3,5404
17,5405
12,5406
4,5407
11,5408
13,5409
0,5410
3,5411
13,5412
1,5413
13,5414
2,5415
16,5416
3,5417
7,5418
19,5419
4,5420
17,5421
10,5422
15,5423
0,5424
1,5425
4,5426
10,5427
5,5428
12,5429
10,5430
7,5431
19,5432
3,5433
17,5434
0,5435
17,5436
1,5437
12,5438
3,5439
9,5440
14,5441
16,5442
15,5443
2,5444
9,5445
11,5446
3,5447
18,5448
3,5449
18,5450
0,5451
17,5452
7,5453
10,5454
18,5455
7,5456
9,5457
19,5458
11,5459
5,5460
17,5461
7,5462
0,5463
8,5464
1,5465
13,5466
2,5467
13,5468
1,5469
6,5470
3,5471
3,5472
0,5473
7,5474
17,5475
8,5476
15,5477
10,5478
7,5479
6,5480
18,5481
1,5482
14,5483
10,5484
15,5485
19,5486
17,5487
10,5488
7,5489
0,5490
1,5491
7,5492
17,5493
1,5494
10,5495
13,5496
1,5497
16,5498
17,5499
7,5500
18,5501
6,5502
5,5503
1,5504
14,5505
5,5506
9,5507
18,5508
4,5509
1,5510
4,5511
1,5512
4,5513
19,5514
15,5515
18,5516
5,5517
7,5518
6,5519
0,5520
7,5521
17,5522
12,5523
3,5524
19,5525
7,5526
14,5527
17,5528
3,5529
16,5530
5,5531
4,5532
13,5533
0,5534
18,5535
11,5536
17,5537
9,5538
11,5539
4,5540
11,5541
5,5542
3,5543
13,5544
6,5545
7,5546
12,5547
6,5548
8,5549
1,5550
14,5551
3,5552
13,5553
12,5554
5,5555
8,5556
4,5557
4,5558
7,5559
7,5560
12,5561
19,5562
10,5563
18,5564
0,5565
3,5566
2,5567
14,5568
1,5569
6,5570
15,5571
7,5572
8,5573
18,5574
8,5575
19,5576
11,5577
15,5578
16,5579
13,5580
1,5581
9,5582
10,5583
8,5584
15,5585
4,5586
19,5587
5,5588
3,5589
2,5590
1,5591
11,5592
6,5593
15,5594
7,5595
12,5596
15,5597
17,5598
9,5599
19,5600
3,5601
1,5602
13,5603
5,5604
15,5605
2,5606
5,5607
2,5608
2,5609
3,5610
16,5611
10,5612
5,5613
16,5614
10,5615
19,5616
18,5617
12,5618
9,5619
15,5620
18,5621
14,5622
15,5623
13,5624
4,5625
4,5626
5,5627
8,5628
7,5629
6,5630
5,5631
18,5632
7,5633
12,5634
14,5635
3,5636
4,5637
9,5638
5,5639
14,5640
19,5641
14,5642
19,5643
1,5644
16,5645
2,5646
12,5647
2,5648
10,5649
1,5650
6,5651
13,5652
17,5653
16,5654
5,5655
5,5656
12,5657
12,5658
7,5659
12,5660
17,5661
17,5662
2,5663
16,5664
13,5665
15,5666
15,5667
5,5668
8,5669
17,5670
0,5671
15,5672
17,5673
8,5674
19,5675
5,5676
12,5677
14,5678
0,5679
10,5680
7,5681
7,5682
11,5683
17,5684
5,5685
0,5686
7,5687
4,5688
14,5689
2,5690
3,5691
3,5692
4,5693
10,5694
18,5695
4,5696
19,5697
0,5698
18,5699
7,5700
5,5701
6,5702
18,5703
13,5704
15,5705
15,5706
5,5707
16,5708
1,5709
5,5710
18,5711
6,5712
7,5713
16,5714
3,5715
2,5716
1,5717
17,5718
2,5719
19,5720
14,5721
6,5722
19,5723
9,5724
8,5725
7,5726
11,5727
2,5728
9,5729
3,5730
11,5731
18,5732
12,5733
2,5734
18,5735
17,5736
6,5737
15,5738
4,5739
16,5740
17,5741
7,5742
13,5743
13,5744
10,5745
16,5746
15,5747
8,5748
11,5749
7,5750
13,5751
13,5752
18,5753
14,5754
14,5755
15,5756
13,5757
19,5758
10,5759
2,5760
10,5761
8,5762
11,5763
15,5764
12,5765
18,5766
18,5767
18,5768
12,5769
0,5770
10,5771
1,5772
14,5773
9,5774
2,5775
2,5776
3,5777
16,5778
4,5779
6,5780
13,5781
12,5782
16,5783
11,5784
16,5785
5,5786
9,5787
2,5788
14,5789
14,5790
12,5791
6,5792
13,5793
12,5794
18,5795
11,5796
8,5797
16,5798
13,5799
17,5800
19,5801
5,5802
5,5803
15,5804
4,5805
17,5806
6,5807
16,5808
14,5809
17,5810
13,5811
6,5812
2,5813
1,5814
12,5815
16,5816
19,5817
12,5818
4,5819
5,5820
8,5821
3,5822
9,5823
14,5824
5,5825
19,5826
9,5827
3,5828
6,5829
8,5830
2,5831
4,5832
6,5833
11,5834
7,5835
15,5836
13,5837
17,5838
17,5839
1,5840
17,5841
5,5842
2,5843
10,5844
13,5845
16,5846
6,5847
1,5848
13,5849
1,5850
1,5851
10,5852
13,5853
19,5854
16,5855
0,5856
10,5857
7,5858
15,5859
15,5860
9,5861
3,5862
6,5863
17,5864
12,5865
5,5866
4,5867
6,5868
4,5869
1,5870
5,5871
18,5872
18,5873
0,5874
6,5875
13,5876
15,5877
7,5878
8,5879
18,5880
15,5881
13,5882
15,5883
0,5884
18,5885
2,5886
7,5887
1,5888
4,5889
18,5890
1,5891
2,5892
19,5893
3,5894
6,5895
3,5896
19,5897
4,5898
3,5899
4,5900
14,5901
15,5902
9,5903
18,5904
19,5905
12,5906
5,5907
12,5908
4,5909
2,5910
6,5911
11,5912
13,5913
0,5914
4,5915
1,5916
15,5917
4,5918
3,5919
19,5920
0,5921
5,5922
17,5923
11,5924
3,5925
6,5926
8,5927
19,5928
1,5929
16,5930
5,5931
0,5932
4,5933
1,5934
2,5935
3,5936
0,5937
9,5938
4,5939
0,5940
17,5941
14,5942
19,5943
8,5944
15,5945
14,5946
12,5947
6,5948
15,5949
3,5950
2,5951
12,5952
7,5953
6,5954
17,5955
10,5956
16,5957
18,5958
1,5959
5,5960
0,5961
5,5962
18,5963
12,5964
16,5965
9,5966
15,5967
15,5968
16,5969
1,5970
14,5971
15,5972
9,5973
12,5974
1,5975
18,5976
4,5977
8,5978
0,5979
19,5980
0,5981
10,5982
18,5983
15,5984
13,5985
1,5986
18,5987
13,5988
11,5989
0,5990
8,5991
6,5992
0,5993
12,5994
1,5995
4,5996
18,5997
16,5998
8,5999
14,6000
11,6001
6,6002
15,6003
10,6004
14,6005
4,6006
15,6007
13,6008
15,6009
3,6010
2,6011
8,6012
18,6013
14,6014
15,6015
16,6016
16,6017
17,6018
0,6019
4,6020
8,6021
3,6022
6,6023
9,6024
10,6025
8,6026
7,6027
18,6028
19,6029
2,6030
2,6031
7,6032
11,6033
1,6034
11,6035
8,6036
10,6037
14,6038
19,6039
16,6040
3,6041
8,6042
13,6043
10,6044
15,6045
11,6046
3,6047
17,6048
16,6049
10,6050
12,6051
2,6052
7,6053
11,6054
15,6055
4,6056
13,6057
2,6058
9,6059
8,6060
17,6061
17,6062
11,6063
8,6064
16,6065
3,6066
16,6067
18,6068
8,6069
9,6070
17,6071
19,6072
9,6073
19,6074
8,6075
1,6076
7,6077
15,6078
11,6079
19,6080
8,6081
0,6082
10,6083
11,6084
1,6085
7,6086
19,6087
8,6088
4,6089
12,6090
3,6091
16,6092
13,6093
14,6094
1,6095
1,6096
11,6097
17,6098
17,6099
18,6100
6,6101
11,6102
17,6103
18,6104
13,6105
12,6106
8,6107
7,6108
10,6109
2,6110
12,6111
14,6112
18,6113
6,6114
19,6115
2,6116
2,6117
4,6118
4,6119
0,6120
13,6121
5,6122
9,6123
1,6124
12,6125
12,6126
15,6127
4,6128
6,6129
19,6130
0,6131
6,6132
9,6133
0,6134
9,6135
1,6136
19,6137
17,6138
2,6139
3,6140
11,6141
6,6142
0,6143
3,6144
12,6145
16,6146
14,6147
12,6148
17,6149
6,6150
19,6151
10,6152
8,6153
10,6154
9,6155
16,6156
16,6157
3,6158
19,6159
17,6160
18,6161
6,6162
19,6163
2,6164
2,6165
13,6166
10,6167
14,6168
14,6169
6,6170
2,6171
18,6172
4,6173
15,6174
17,6175
19,6176
3,6177
5,6178
10,6179
15,6180
5,6181
11,6182
6,6183
8,6184
10,6185
7,6186
6,6187
4,6188
19,6189
15,6190
16,6191
8,6192
9,6193
9,6194
7,6195
13,6196
0,6197
5,6198
15,6199
5,6200
3,6201
17,6202
5,6203
1,6204
10,6205
19,6206
11,6207
0,6208
19,6209
15,6210
15,6211
0,6212
3,6213
18,6214
0,6215
9,6216
16,6217
19,6218
13,6219
0,6220
12,6221
17,6222
10,6223
5,6224
13,6225
19,6226
14,6227
18,6228
10,6229
17,6230
9,6231
10,6232
14,6233
3,6234
2,6235
9,6236
17,6237
1,6238
5,6239
1,6240
0,6241
14,6242
6,6243
3,6244
19,6245
6,6246
9,6247
1,6248
7,6249
0,6250
18,6251
6,6252
16,6253
7,6254
17,6255
15,6256
16,6257
2,6258
19,6259
11,6260
11,6261
1,6262
5,6263
4,6264
18,6265
10,6266
5,6267
2,6268
15,6269
4,6270
11,6271
5,6272
15,6273
6,6274
7,6275
7,6276
10,6277
16,6278
9,6279
11,6280
2,6281
9,6282
7,6283
12,6284
19,6285
1,6286
0,6287
15,6288
16,6289
0,6290
8,6291
17,6292
15,6293
7,6294
9,6295
18,6296
2,6297
17,6298
6,6299
9,6300
0,6301
19,6302
4,6303
10,6304
0,6305
9,6306
1,6307
12,6308
2,6309
9,6310
2,6311
8,6312
15,6313
3,6314
14,6315
8,6316
2,6317
3,6318
11,6319
0,6320
6,6321
1,6322
6,6323
10,6324
7,6325
7,6326
2,6327
3,6328
6,6329
14,6330
18,6331
17,6332
7,6333
5,6334
17,6335
14,6336
16,6337
17,6338
11,6339
1,6340
3,6341
8,6342
11,6343
5,6344
1,6345
0,6346
13,6347
16,6348
7,6349
18,6350
13,6351
12,6352
5,6353
9,6354
5,6355
8,6356
1,6357
18,6358
0,6359
4,6360
7,6361
5,6362
17,6363
6,6364
17,6365
10,6366
7,6367
17,6368
6,6369
16,6370
1,6371
2,6372
13,6373
8,6374
12,6375
6,6376
19,6377
0,6378
8,6379
17,6380
13,6381
10,6382
8,6383
2,6384
5,6385
4,6386
9,6387
6,6388
9,6389
17,6390
17,6391
16,6392
14,6393
0,6394
18,6395
0,6396
10,6397
15,6398
12,6399
2,6400
0,6401
18,6402
10,6403
6,6404
13,6405
0,6406
12,6407
4,6408
17,6409
15,6410
12,6411
9,6412
7,6413
19,6414
8,6415
12,6416
19,6417
12,6418
4,6419
5,6420
10,6421
19,6422
11,6423
4,6424
8,6425
3,6426
14,6427
17,6428
15,6429
1,6430
1,6431
0,6432
3,6433
0,6434
1,6435
16,6436
14,6437
17,6438
19,6439
2,6440
6,6441
10,6442
3,6443
8,6444
5,6445
3,6446
17,6447
4,6448
11,6449
4,6450
9,6451
2,6452
13,6453
12,6454
9,6455
2,6456
12,6457
3,6458
18,6459
6,6460
3,6461
9,6462
3,6463
18,6464
6,6465
10,6466
1,6467
18,6468
14,6469
14,6470
12,6471
10,6472
0,6473
8,6474
2,6475
13,6476
11,6477
10,6478
8,6479
6,6480
13,6481
18,6482
17,6483
1,6484
19,6485
19,6486
0,6487
9,6488
13,6489
8,6490
11,6491
3,6492
14,6493
6,6494
4,6495
11,6496
7,6497
13,6498
0,6499
8,6500
5,6501
15,6502
1,6503
9,6504
8,6505
10,6506
2,6507
14,6508
4,6509
8,6510
17,6511
15,6512
11,6513
9,6514
6,6515
18,6516
5,6517
0,6518
5,6519
7,6520
19,6521
4,6522
5,6523
18,6524
8,6525
11,6526
13,6527
3,6528
0,6529
18,6530
18,6531
4,6532
12,6533
19,6534
3,6535
10,6536
7,6537
3,6538
13,6539
0,6540
4,6541
0,6542
12,6543
19,6544
19,6545
3,6546
4,6547
15,6548
5,6549
18,6550
6,6551
0,6552
11,6553
7,6554
19,6555
10,6556
17,6557
17,6558
16,6559
7,6560
1,6561
11,6562
6,6563
4,6564
16,6565
2,6566
16,6567
4,6568
7,6569
5,6570
0,6571
6,6572
10,6573
1,6574
7,6575
9,6576
7,6577
7,6578
11,6579
17,6580
1,6581
16,6582
4,6583
6,6584
18,6585
2,6586
10,6587
0,6588
13,6589
18,6590
7,6591
12,6592
5,6593
15,6594
4,6595
16,6596
4,6597
13,6598
15,6599
19,6600
2,6601
12,6602
8,6603
14,6604
3,6605
15,6606
8,6607
3,6608
17,6609
14,6610
7,6611
9,6612
12,6613
15,6614
19,6615
19,6616
9,6617
2,6618
2,6619
2,6620
0,6621
12,6622
6,6623
13,6624
1,6625
3,6626
1,6627
6,6628
4,6629
7,6630
14,6631
13,6632
18,6633
2,6634
13,6635
0,6636
6,6637
19,6638
15,6639
13,6640
9,6641
10,6642
3,6643
8,6644
0,6645
8,6646
10,6647
8,6648
15,6649
8,6650
15,6651
2,6652
2,6653
19,6654
17,6655
4,6656
9,6657
8,6658
16,6659
10,6660
1,6661
16,6662
8,6663
8,6664
8,6665
9,6666
3,6667
10,6668
2,6669
8,6670
14,6671
17,6672
19,6673
12,6674
14,6675
7,6676
19,6677
5,6678
5,6679
5,6680
0,6681
19,6682
19,6683
10,6684
17,6685
15,6686
11,6687
12,6688
15,6689
14,6690
11,6691
2,6692
18,6693
10,6694
10,6695
11,6696
7,6697
13,6698
7,6699
6,6700
5,6701
13,6702
1,6703
16,6704
4,6705
13,6706
5,6707
4,6708
14,6709
1,6710
17,6711
9,6712
16,6713
19,6714
3,6715
12,6716
0,6717
9,6718
9,6719
1,6720
7,6721
9,6722
2,6723
3,6724
15,6725
19,6726
3,6727
5,6728
6,6729
9,6730
3,6731
6,6732
3,6733
9,6734
13,6735
1,6736
11,6737
16,6738
6,6739
10,6740
3,6741
3,6742
14,6743
10,6744
4,6745
5,6746
19,6747
11,6748
7,6749
0,6750
13,6751
19,6752
18,6753
3,6754
8,6755
5,6756
4,6757
19,6758
19,6759
16,6760
19,6761
9,6762
9,6763
17,6764
18,6765
14,6766
12,6767
1,6768
1,6769
15,6770
17,6771
11,6772
12,6773
0,6774
4,6775
18,6776
7,6777
1,6778
1,6779
2,6780
5,6781
3,6782
19,6783
13,6784
8,6785
5,6786
8,6787
13,6788
4,6789
15,6790
1,6791
4,6792
8,6793
4,6794
3,6795
13,6796
17,6797
10,6798
10,6799
16,6800
17,6801
7,6802
9,6803
16,6804
19,6805
10,6806
18,6807
11,6808
5,6809
2,6810
14,6811
4,6812
7,6813
10,6814
13,6815
14,6816
13,6817
18,6818
19,6819
10,6820
19,6821
15,6822
4,6823
17,6824
5,6825
1,6826
11,6827
6,6828
6,6829
7,6830
6,6831
14,6832
17,6833
9,6834
12,6835
6,6836
10,6837
9,6838
10,6839
19,6840
0,6841
14,6842
18,6843
14,6844
7,6845
13,6846
12,6847
16,6848
11,6849
10,6850
19,6851
8,6852
17,6853
1,6854
6,6855
17,6856
19,6857
0,6858
12,6859
1,6860
12,6861
16,6862
2,6863
2,6864
2,6865
16,6866
6,6867
0,6868
3,6869
13,6870
6,6871
6,6872
13,6873
14,6874
16,6875
11,6876
17,6877
6,6878
9,6879
1,6880
8,6881
9,6882
17,6883
5,6884
17,6885
14,6886
10,6887
2,6888
15,6889
15,6890
15,6891
15,6892
4,6893
10,6894
5,6895
5,6896
3,6897
7,6898
6,6899
4,6900
1,6901
18,6902
7,6903
14,6904
8,6905
7,6906
10,6907
8,6908
1,6909
8,6910
17,6911
11,6912
7,6913
12,6914
19,6915
7,6916
1,6917
14,6918
3,6919
17,6920
12,6921
7,6922
3,6923
12,6924
2,6925
13,6926
4,6927
4,6928
8,6929
12,6930
12,6931
17,6932
3,6933
15,6934
16,6935
18,6936
12,6937
18,6938
0,6939
4,6940
15,6941
11,6942
18,6943
5,6944
14,6945
6,6946
17,6947
12,6948
7,6949
1,6950
0,6951
7,6952
1,6953
12,6954
2,6955
0,6956
3,6957
2,6958
14,6959
3,6960
0,6961
14,6962
9,6963
14,6964
11,6965
3,6966
10,6967
2,6968
19,6969
4,6970
10,6971
6,6972
10,6973
4,6974
5,6975
11,6976
12,6977
7,6978
16,6979
16,6980
1,6981
0,6982
2,6983
11,6984
19,6985
0,6986
10,6987
12,6988
5,6989
8,6990
17,6991
7,6992
4,6993
18,6994
3,6995
11,6996
13,6997
15,6998
4,6999
2,7000
2,7001
4,7002
19,7003
15,7004
4,7005
13,7006
1,7007
2,7008
5,7009
5,7010
6,7011
6,7012
7,7013
4,7014
0,7015
6,7016
10,7017
4,7018
4,7019
8,7020
8,7021
8,7022
10,7023
7,7024
14,7025
6,7026
19,7027
6,7028
8,7029
15,7030
4,7031
4,7032
3,7033
7,7034
0,7035
17,7036
15,7037
6,7038
9,7039
16,7040
13,7041
18,7042
12,7043
10,7044
0,7045
5,7046
14,7047
5,7048
9,7049
8,7050
8,7051
18,7052
5,7053
13,7054
11,7055
14,7056
1,7057
18,7058
19,7059
19,7060
4,7061
10,7062
5,7063
7,7064
13,7065
8,7066
5,7067
14,7068
14,7069
6,7070
2,7071
16,7072
7,7073
5,7074
4,7075
8,7076
19,7077
19,7078
7,7079
9,7080
19,7081
0,7082
5,7083
12,7084
7,7085
6,7086
18,7087
10,7088
10,7089
0,7090
6,7091
16,7092
16,7093
9,7094
3,7095
1,7096
8,7097
6,7098
19,7099
1,7100
14,7101
5,7102
6,7103
19,7104
8,7105
0,7106
7,7107
6,7108
2,7109
1,7110
17,7111
16,7112
7,7113
14,7114
5,7115
13,7116
13,7117
5,7118
13,7119
9,7120
0,7121
4,7122
3,7123
5,7124
19,7125
19,7126
19,7127
5,7128
16,7129
6,7130
1,7131
5,7132
10,7133
6,7134
18,7135
18,7136
7,7137
4,7138
7,7139
10,7140
11,7141
7,7142
6,7143
18,7144
15,7145
0,7146
14,7147
17,7148
2,7149
8,7150
2,7151
2,7152
4,7153
7,7154
2,7155
18,7156
19,7157
12,7158
16,7159
19,7160
0,7161
6,7162
0,7163
0,7164
13,7165
9,7166
14,7167
15,7168
19,7169
17,7170
0,7171
2,7172
3,7173
7,7174
13,7175
7,7176
0,7177
18,7178
18,7179
8,7180
15,7181
13,7182
14,7183
12,7184
6,7185
7,7186
11,7187
7,7188
5,7189
14,7190
5,7191
8,7192
5,7193
6,7194
16,7195
17,7196
0,7197
4,7198
4,7199
17,7200
5,7201
0,7202
6,7203
4,7204
3,7205
7,7206
17,7207
1,7208
5,7209
14,7210
5,7211
10,7212
11,7213
0,7214
15,7215
15,7216
15,7217
9,7218
1,7219
9,7220
14,7221
15,7222
4,7223
17,7224
12,7225
0,7226
15,7227
14,7228
7,7229
19,7230
8,7231
6,7232
2,7233
1,7234
15,7235
11,7236
7,7237
0,7238
2,7239
10,7240
18,7241
1,7242
9,7243
6,7244
10,7245
8,7246
0,7247
5,7248
1,7249
12,7250
2,7251
2,7252
3,7253
0,7254
15,7255
14,7256
18,7257
17,7258
7,7259
19,7260
12,7261
14,7262
11,7263
14,7264
0,7265
2,7266
1,7267
7,7268
2,7269
2,7270
3,7271
1,7272
4,7273
19,7274
3,7275
5,7276
13,7277
6,7278
1,7279
16,7280
17,7281
7,7282
19,7283
12,7284
6,7285
15,7286
7,7287
11,7288
7,7289
6,7290
19,7291
0,7292
4,7293
1,7294
18,7295
2,7296
3,7297
3,7298
14,7299
8,7300
3,7301
14,7302
2,7303
8,7304
0,7305
13,7306
4,7307
3,7308
4,7309
5,7310
18,7311
9,7312
3,7313
12,7314
5,7315
10,7316
19,7317
10,7318
10,7319
3,7320
6,7321
15,7322
6,7323
0,7324
5,7325
0,7326
1,7327
13,7328
10,7329
0,7330
5,7331
16,7332
12,7333
10,7334
10,7335
15,7336
19,7337
18,7338
14,7339
13,7340
2,7341
13,7342
5,7343
16,7344
6,7345
18,7346
3,7347
3,7348
19,7349
11,7350
7,7351
0,7352
7,7353
0,7354
19,7355
1,7356
19,7357
2,7358
15,7359
3,7360
1,7361
0,7362
3,7363
5,7364
0,7365
9,7366
8,7367
15,7368
10,7369
0,7370
17,7371
16,7372
15,7373
7,7374
15,7375
10,7376
8,7377
1,7378
10,7379
18,7380
6,7381
12,7382
15,7383
18,7384
11,7385
9,7386
5,7387
16,7388
4,7389
1,7390
4,7391
8,7392
19,7393
1,7394
18,7395
17,7396
1,7397
15,7398
13,7399
3,7400
5,7401
1,7402
8,7403
19,7404
3,7405
4,7406
13,7407
2,7408
1,7409
9,7410
12,7411
18,7412
9,7413
18,7414
6,7415
10,7416
11,7417
4,7418
3,7419
19,7420
18,7421
7,7422
17,7423
12,7424
2,7425
8,7426
18,7427
4,7428
10,7429
15,7430
18,7431
3,7432
2,7433
2,7434
6,7435
0,7436
12,7437
18,7438
11,7439
16,7440
9,7441
19,7442
11,7443
16,7444
0,7445
16,7446
0,7447
15,7448
3,7449
9,7450
11,7451
5,7452
9,7453
5,7454
17,7455
12,7456
7,7457
19,7458
19,7459
19,7460
17,7461
19,7462
2,7463
7,7464
18,7465
9,7466
0,7467
17,7468
1,7469
1,7470
19,7471
5,7472
13,7473
19,7474
8,7475
9,7476
5,7477
5,7478
3,7479
3,7480
2,7481
15,7482
11,7483
1,7484
16,7485
0,7486
3,7487
8,7488
12,7489
4,7490
16,7491
2,7492
2,7493
11,7494
9,7495
2,7496
7,7497
16,7498
12,7499
11,7500
7,7501
17,7502
7,7503
13,7504
12,7505
4,7506
3,7507
15,7508
11,7509
2,7510
13,7511
1,7512
14,7513
1,7514
10,7515
9,7516
12,7517
11,7518
7,7519
6,7520
9,7521
7,7522
18,7523
12,7524
1,7525
11,7526
4,7527
2,7528
14,7529
10,7530
1,7531
17,7532
9,7533
14,7534
4,7535
7,7536
1,7537
4,7538
3,7539
6,7540
12,7541
1,7542
16,7543
14,7544
8,7545
15,7546
5,7547
12,7548
3,7549
12,7550
1,7551
2,7552
17,7553
2,7554
18,7555
4,7556
3,7557
14,7558
9,7559
11,7560
9,7561
19,7562
13,7563
10,7564
0,7565
4,7566
4,7567
13,7568
17,7569
6,7570
9,7571
14,7572
8,7573
4,7574
19,7575
3,7576
1,7577
4,7578
4,7579
9,7580
4,7581
4,7582
16,7583
10,7584
4,7585
18,7586
17,7587
0,7588
15,7589
15,7590
12,7591
10,7592
16,7593
5,7594
10,7595
2,7596
9,7597
18,7598
10,7599
1,7600
15,7601
6,7602
7,7603
19,7604
18,7605
13,7606
19,7607
15,7608
6,7609
5,7610
13,7611
2,7612
0,7613
6,7614
14,7615
1,7616
8,7617
1,7618
3,7619
1,7620
2,7621
11,7622
10,7623
10,7624
2,7625
7,7626
10,7627
3,7628
12,7629
19,7630
5,7631
7,7632
19,7633
18,7634
12,7635
18,7636
18,7637
19,7638
15,7639
10,7640
16,7641
17,7642
5,7643
7,7644
0,7645
11,7646
19,7647
0,7648
4,7649
6,7650
16,7651
9,7652
1,7653
10,7654
4,7655
12,7656
11,7657
0,7658
0,7659
10,7660
8,7661
4,7662
0,7663
10,7664
6,7665
17,7666
11,7667
2,7668
2,7669
17,7670
11,7671
16,7672
16,7673
11,7674
14,7675
17,7676
3,7677
5,7678
11,7679
19,7680
12,7681
9,7682
10,7683
11,7684
8,7685
4,7686
4,7687
3,7688
11,7689
6,7690
2,7691
15,7692
17,7693
17,7694
7,7695
17,7696
6,7697
14,7698
7,7699
14,7700
9,7701
2,7702
6,7703
17,7704
1,7705
8,7706
1,7707
2,7708
8,7709
13,7710
12,7711
2,7712
4,7713
18,7714
3,7715
17,7716
4,7717
12,7718
13,7719
8,7720
7,7721
19,7722
5,7723
12,7724
14,7725
6,7726
5,7727
9,7728
16,7729
10,7730
6,7731
12,7732
17,7733
12,7734
16,7735
7,7736
15,7737
0,7738
13,7739
10,7740
10,7741
8,7742
16,7743
17,7744
0,7745
2,7746
13,7747
14,7748
6,7749
9,7750
2,7751
9,7752
17,7753
0,7754
1,7755
6,7756
8,7757
3,7758
8,7759
10,7760
3,7761
3,7762
6,7763
10,7764
8,7765
19,7766
19,7767
13,7768
16,7769
7,7770
8,7771
18,7772
9,7773
16,7774
16,7775
15,7776
8,7777
7,7778
16,7779
5,7780
15,7781
10,7782
10,7783
4,7784
12,7785
19,7786
12,7787
12,7788
10,7789
5,7790
7,7791
2,7792
12,7793
18,7794
17,7795
7,7796
15,7797
16,7798
7,7799
4,7800
14,7801
5,7802
3,7803
6,7804
2,7805
2,7806
7,7807
16,7808
1,7809
6,7810
0,7811
8,7812
1,7813
0,7814
2,7815
17,7816
15,7817
3,7818
13,7819
2,7820
19,7821
10,7822
18,7823
17,7824
13,7825
1,7826
11,7827
3,7828
5,7829
12,7830
15,7831
12,7832
16,7833
7,7834
0,7835
13,7836
19,7837
9,7838
11,7839
14,7840
3,7841
9,7842
12,7843
1,7844
14,7845
18,7846
1,7847
4,7848
8,7849
1,7850
17,7851
0,7852
19,7853
3,7854
4,7855
14,7856
14,7857
1,7858
12,7859
0,7860
15,7861
4,7862
10,7863
4,7864
11,7865
9,7866
17,7867
14,7868
14,7869
17,7870
19,7871
2,7872
7,7873
9,7874
1,7875
6,7876
15,7877
4,7878
13,7879
9,7880
6,7881
10,7882
4,7883
18,7884
7,7885
9,7886
5,7887
1,7888
1,7889
2,7890
17,7891
18,7892
13,7893
0,7894
11,7895
13,7896
2,7897
2,7898
13,7899
1,7900
10,7901
11,7902
17,7903
8,7904
10,7905
19,7906
9,7907
8,7908
5,7909
8,7910
12,7911
3,7912
10,7913
19,7914
17,7915
4,7916
0,7917
16,7918
0,7919
19,7920
4,7921
1,7922
7,7923
12,7924
17,7925
14,7926
7,7927
0,7928
10,7929
12,7930
18,7931
11,7932
3,7933
14,7934
10,7935
0,7936
1,7937
13,7938
14,7939
3,7940
0,7941
2,7942
4,7943
0,7944
5,7945
15,7946
9,7947
7,7948
0,7949
16,7950
3,7951
6,7952
0,7953
14,7954
14,7955
1,7956
4,7957
17,7958
4,7959
0,7960
7,7961
11,7962
13,7963
11,7964
3,7965
15,7966
10,7967
16,7968
13,7969
12,7970
15,7971
2,7972
18,7973
5,7974
11,7975
14,7976
10,7977
18,7978
1,7979
8,7980
6,7981
0,7982
13,7983
19,7984
4,7985
8,7986
14,7987
18,7988
2,7989
8,7990
2,7991
9,7992
0,7993
11,7994
14,7995
5,7996
2,7997
10,7998
9,7999
7,8000
11,8001
14,8002
19,8003
18,8004
8,8005
3,8006
5,8007
4,8008
14,8009
1,8010
4,8011
6,8012
13,8013
8,8014
1,8015
12,8016
14,8017
16,8018
14,8019
14,8020
19,8021
10,8022
5,8023
18,8024
16,8025
1,8026
11,8027
14,8028
9,8029
6,8030
8,8031
16,8032
5,8033
7,8034
17,8035
18,8036
4,8037
10,8038
14,8039
9,8040
16,8041
16,8042
14,8043
14,8044
2,8045
15,8046
16,8047
7,8048
7,8049
16,8050
14,8051
16,8052
19,8053
11,8054
10,8055
16,8056
9,8057
7,8058
3,8059
5,8060
6,8061
2,8062
8,8063
1,8064
19,8065
11,8066
18,8067
4,8068
10,8069
18,8070
15,8071
11,8072
9,8073
3,8074
13,8075
13,8076
18,8077
16,8078
9,8079
15,8080
11,8081
13,8082
13,8083
2,8084
14,8085
6,8086
16,8087
0,8088
2,8089
1,8090
1,8091
7,8092
2,8093
16,8094
3,8095
18,8096
10,8097
11,8098
5,8099
15,8100
13,8101
3,8102
15,8103
1,8104
3,8105
11,8106
11,8107
10,8108
19,8109
3,8110
13,8111
1,8112
7,8113
0,8114
19,8115
14,8116
6,8117
11,8118
16,8119
19,8120
3,8121
14,8122
7,8123
5,8124
13,8125
18,8126
4,8127
16,8128
13,8129
5,8130
18,8131
6,8132
8,8133
5,8134
15,8135
7,8136
16,8137
18,8138
15,8139
19,8140
12,8141
15,8142
5,8143
1,8144
4,8145
11,8146
11,8147
2,8148
13,8149
6,8150
6,8151
17,8152
13,8153
13,8154
13,8155
3,8156
2,8157
11,8158
5,8159
1,8160
5,8161
9,8162
12,8163
18,8164
17,8165
7,8166
16,8167
17,8168
14,8169
14,8170
18,8171
17,8172
12,8173
12,8174
17,8175
0,8176
1,8177
17,8178
2,8179
18,8180
17,8181
9,8182
12,8183
2,8184
1,8185
7,8186
4,8187
0,8188
4,8189
7,8190
15,8191
11,8192
17,8193
19,8194
9,8195
4,8196
6,8197
17,8198
8,8199
14,8200
1,8201
5,8202
5,8203
4,8204
11,8205
5,8206
16,8207
17,8208
7,8209
2,8210
6,8211
1,8212
3,8213
10,8214
9,8215
16,8216
5,8217
19,8218
8,8219
2,8220
17,8221
16,8222
0,8223
5,8224
13,8225
9,8226
19,8227
3,8228
19,8229
11,8230
18,8231
14,8232
17,8233
4,8234
5,8235
13,8236
13,8237
2,8238
0,8239
14,8240
3,8241
13,8242
18,8243
0,8244
8,8245
15,8246
19,8247
0,8248
15,8249
15,8250
1,8251
8,8252
7,8253
7,8254
15,8255
1,8256
17,8257
14,8258
0,8259
11,8260
11,8261
15,8262
1,8263
14,8264
13,8265
3,8266
7,8267
16,8268
19,8269
4,8270
4,8271
7,8272
5,8273
18,8274
6,8275
2,8276
7,8277
12,8278
8,8279
9,8280
7,8281
12,8282
18,8283
10,8284
5,8285
3,8286
4,8287
15,8288
8,8289
14,8290
0,8291
6,8292
1,8293
6,8294
2,8295
11,8296
12,8297
3,8298
2,8299
4,8300
0,8301
5,8302
5,8303
18,8304
6,8305
8,8306
17,8307
7,8308
4,8309
0,8310
10,8311
4,8312
2,8313
5,8314
16,8315
10,8316
19,8317
15,8318
16,8319
8,8320
17,8321
6,8322
0,8323
6,8324
14,8325
9,8326
19,8327
18,8328
16,8329
9,8330
12,8331
9,8332
1,8333
16,8334
6,8335
17,8336
11,8337
1,8338
17,8339
0,8340
19,8341
4,8342
1,8343
15,8344
2,8345
3,8346
0,8347
9,8348
8,8349
13,8350
3,8351
1,8352
12,8353
8,8354
12,8355
2,8356
18,8357
3,8358
12,8359
4,8360
0,8361
13,8362
1,8363
5,8364
0,8365
14,8366
17,8367
12,8368
4,8369
10,8370
6,8371
2,8372
4,8373
15,8374
5,8375
13,8376
5,8377
2,8378
6,8379
4,8380
7,8381
18,8382
6,8383
4,8384
10,8385
19,8386
5,8387
5,8388
5,8389
10,8390
9,8391
6,8392
5,8393
15,8394
14,8395
7,8396
1,8397
10,8398
7,8399
7,8400
16,8401
17,8402
18,8403
19,8404
17,8405
12,8406
9,8407
6,8408
0,8409
3,8410
9,8411
10,8412
2,8413
5,8414
2,8415
2,8416
5,8417
2,8418
15,8419
3,8420
1,8421
4,8422
10,8423
6,8424
18,8425
12,8426
16,8427
11,8428
6,8429
13,8430
7,8431
18,8432
18,8433
12,8434
19,8435
15,8436
7,8437
2,8438
6,8439
7,8440
2,8441
10,8442
8,8443
19,8444
15,8445
16,8446
6,8447
9,8448
15,8449
9,8450
17,8451
14,8452
12,8453
13,8454
2,8455
0,8456
10,8457
16,8458
17,8459
2,8460
1,8461
14,8462
14,8463
7,8464
9,8465
12,8466
8,8467
0,8468
12,8469
6,8470
13,8471
16,8472
12,8473
17,8474
12,8475
1,8476
11,8477
11,8478
18,8479
8,8480
6,8481
0,8482
15,8483
13,8484
3,8485
18,8486
13,8487
10,8488
6,8489
15,8490
15,8491
0,8492
15,8493
9,8494
6,8495
13,8496
4,8497
0,8498
12,8499
9,8500
15,8501
6,8502
18,8503
4,8504
13,8505
3,8506
7,8507
7,8508
14,8509
5,8510
8,8511
9,8512
2,8513
4,8514
18,8515
8,8516
16,8517
14,8518
5,8519
13,8520
9,8521
16,8522
15,8523
12,8524
10,8525
1,8526
15,8527
13,8528
0,8529
11,8530
12,8531
17,8532
19,8533
5,8534
7,8535
14,8536
5,8537
12,8538
9,8539
4,8540
13,8541
15,8542
18,8543
0,8544
7,8545
2,8546
1,8547
12,8548
2,8549
6,8550
3,8551
19,8552
8,8553
8,8554
1,8555
17,8556
7,8557
15,8558
15,8559
12,8560
4,8561
12,8562
3,8563
5,8564
3,8565
9,8566
12,8567
18,8568
14,8569
10,8570
1,8571
8,8572
0,8573
0,8574
1,8575
7,8576
2,8577
8,8578
1,8579
3,8580
17,8581
18,8582
17,8583
19,8584
7,8585
12,8586
17,8587
19,8588
17,8589
12,8590
0,8591
11,8592
16,8593
19,8594
7,8595
6,8596
1,8597
18,8598
5,8599
0,8600
1,8601
0,8602
10,8603
3,8604
16,8605
10,8606
16,8607
2,8608
12,8609
9,8610
7,8611
9,8612
7,8613
0,8614
13,8615
18,8616
7,8617
8,8618
9,8619
7,8620
8,8621
0,8622
2,8623
4,8624
0,8625
4,8626
3,8627
5,8628
2,8629
7,8630
19,8631
6,8632
4,8633
7,8634
7,8635
18,8636
0,8637
5,8638
1,8639
14,8640
4,8641
15,8642
2,8643
3,8644
15,8645
3,8646
6,8647
11,8648
19,8649
18,8650
10,8651
4,8652
3,8653
11,8654
18,8655
5,8656
17,8657
19,8658
2,8659
1,8660
18,8661
0,8662
8,8663
2,8664
8,8665
9,8666
17,8667
19,8668
17,8669
19,8670
9,8671
17,8672
4,8673
5,8674
2,8675
15,8676
2,8677
17,8678
0,8679
12,8680
0,8681
17,8682
17,8683
10,8684
14,8685
7,8686
3,8687
0,8688
17,8689
5,8690
1,8691
16,8692
2,8693
15,8694
15,8695
4,8696
3,8697
19,8698
13,8699
18,8700
18,8701
12,8702
16,8703
18,8704
13,8705
9,8706
9,8707
1,8708
7,8709
0,8710
6,8711
15,8712
17,8713
4,8714
9,8715
3,8716
7,8717
18,8718
18,8719
16,8720
4,8721
0,8722
15,8723
7,8724
15,8725
11,8726
10,8727
12,8728
14,8729
13,8730
13,8731
9,8732
7,8733
0,8734
7,8735
9,8736
0,8737
1,8738
19,8739
1,8740
14,8741
0,8742
19,8743
18,8744
18,8745
17,8746
3,8747
12,8748
2,8749
8,8750
17,8751
5,8752
15,8753
16,8754
8,8755
8,8756
1,8757
13,8758
8,8759
1,8760
10,8761
6,8762
6,8763
18,8764
5,8765
15,8766
0,8767
10,8768
17,8769
16,8770
4,8771
13,8772
6,8773
12,8774
0,8775
14,8776
13,8777
4,8778
6,8779
19,8780
12,8781
10,8782
9,8783
3,8784
18,8785
17,8786
10,8787
11,8788
19,8789
0,8790
13,8791
13,8792
12,8793
11,8794
10,8795
13,8796
17,8797
7,8798
10,8799
17,8800
9,8801
10,8802
14,8803
5,8804
0,8805
18,8806
14,8807
18,8808
17,8809
5,8810
11,8811
18,8812
11,8813
11,8814
15,8815
5,8816
4,8817
13,8818
4,8819
9,8820
2,8821
2,8822
2,8823
8,8824
4,8825
16,8826
15,8827
16,8828
8,8829
2,8830
7,8831
15,8832
5,8833
19,8834
0,8835
2,8836
14,8837
1,8838
5,8839
15,8840
2,8841
0,8842
0,8843
12,8844
18,8845
17,8846
3,8847
15,8848
6,8849
0,8850
8,8851
11,8852
0,8853
4,8854
10,8855
18,8856
15,8857
8,8858
18,8859
16,8860
0,8861
0,8862
16,8863
8,8864
10,8865
19,8866
16,8867
14,8868
9,8869
19,8870
12,8871
3,8872
6,8873
15,8874
8,8875
6,8876
0,8877
0,8878
13,8879
4,8880
9,8881
5,8882
14,8883
6,8884
6,8885
7,8886
18,8887
15,8888
6,8889
5,8890
4,8891
14,8892
8,8893
11,8894
8,8895
14,8896
14,8897
1,8898
19,8899
18,8900
9,8901
14,8902
2,8903
12,8904
6,8905
17,8906
16,8907
3,8908
17,8909
15,8910
8,8911
15,8912
8,8913
17,8914
4,8915
2,8916
8,8917
0,8918
9,8919
0,8920
14,8921
0,8922
1,8923
4,8924
0,8925
5,8926
11,8927
14,8928
6,8929
11,8930
7,8931
0,8932
16,8933
14,8934
6,8935
19,8936
0,8937
11,8938
19,8939
12,8940
1,8941
14,8942
2,8943
12,8944
3,8945
4,8946
8,8947
13,8948
2,8949
9,8950
10,8951
8,8952
12,8953
4,8954
10,8955
15,8956
8,8957
11,8958
14,8959
11,8960
18,8961
2,8962
13,8963
5,8964
11,8965
17,8966
11,8967
5,8968
0,8969
11,8970
2,8971
14,8972
8,8973
16,8974
13,8975
15,8976
6,8977
0,8978
2,8979
16,8980
13,8981
2,8982
7,8983
4,8984
19,8985
12,8986
5,8987
5,8988
9,8989
8,8990
0,8991
2,8992
9,8993
8,8994
16,8995
1,8996
9,8997
2,8998
12,8999
3,9000
10,9001
13,9002
0,9003
3,9004
15,9005
16,9006
4,9007
14,9008
5,9009
16,9010
13,9011
13,9012
8,9013
5,9014
14,9015
1,9016
11,9017
16,9018
7,9019
18,9020
3,9021
8,9022
13,9023
6,9024
6,9025
1,9026
11,9027
16,9028
19,9029
0,9030
0,9031
1,9032
2,9033
6,9034
10,9035
4,9036
1,9037
2,9038
12,9039
3,9040
19,9041
0,9042
3,9043
16,9044
14,9045
9,9046
13,9047
10,9048
10,9049
17,9050
14,9051
19,9052
19,9053
10,9054
18,9055
1,9056
0,9057
4,9058
4,9059
2,9060
0,9061
12,9062
10,9063
9,9064
9,9065
18,9066
12,9067
5,9068
4,9069
15,9070
16,9071
12,9072
5,9073
4,9074
2,9075
5,9076
6,9077
6,9078
6,9079
7,9080
14,9081
3,9082
10,9083
7,9084
15,9085
14,9086
17,9087
2,9088
18,9089
16,9090
0,9091
18,9092
4,9093
5,9094
13,9095
16,9096
1,9097
1,9098
14,9099
3,9100
13,9101
7,9102
2,9103
0,9104
4,9105
3,9106
15,9107
11,9108
12,9109
0,9110
1,9111
16,9112
11,9113
5,9114
18,9115
0,9116
10,9117
0,9118
18,9119
9,9120
18,9121
3,9122
13,9123
18,9124
10,9125
17,9126
9,9127
19,9128
10,9129
15,9130
11,9131
15,9132
0,9133
10,9134
11,9135
13,9136
3,9137
7,9138
9,9139
6,9140
10,9141
9,9142
11,9143
18,9144
6,9145
1,9146
12,9147
19,9148
16,9149
10,9150
11,9151
4,9152
17,9153
13,9154
9,9155
1,9156
9,9157
1,9158
14,9159
9,9160
3,9161
9,9162
11,9163
15,9164
12,9165
8,9166
7,9167
9,9168
3,9169
14,9170
3,9171
2,9172
0,9173
11,9174
1,9175
8,9176
13,9177
6,9178
5,9179
0,9180
7,9181
17,9182
7,9183
7,9184
8,9185
11,9186
5,9187
6,9188
4,9189
4,9190
4,9191
3,9192
19,9193
7,9194
10,9195
1,9196
19,9197
12,9198
12,9199
2,9200
13,9201
19,9202
15,9203
1,9204
14,9205
0,9206
18,9207
2,9208
19,9209
0,9210
1,9211
1,9212
5,9213
2,9214
18,9215
10,9216
3,9217
11,9218
4,9219
18,9220
15,9221
4,9222
7,9223
14,9224
12,9225
5,9226
4,9227
17,9228
18,9229
10,9230
14,9231
9,9232
3,9233
3,9234
11,9235
14,9236
7,9237
12,9238
7,9239
13,9240
8,9241
11,9242
0,9243
11,9244
5,9245
15,9246
0,9247
14,9248
5,9249
11,9250
12,9251
3,9252
15,9253
9,9254
6,9255
19,9256
3,9257
1,9258
2,9259
16,9260
18,9261
19,9262
0,9263
5,9264
9,9265
1,9266
9,9267
2,9268
11,9269
3,9270
18,9271
10,9272
1,9273
9,9274
10,9275
15,9276
17,9277
12,9278
13,9279
10,9280
10,9281
12,9282
5,9283
8,9284
2,9285
2,9286
15,9287
14,9288
13,9289
6,9290
15,9291
6,9292
8,9293
0,9294
5,9295
16,9296
1,9297
10,9298
11,9299
17,9300
4,9301
7,9302
6,9303
16,9304
10,9305
12,9306
16,9307
5,9308
7,9309
3,9310
18,9311
10,9312
19,9313
13,9314
4,9315
14,9316
5,9317
18,9318
3,9319
17,9320
4,9321
5,9322
14,9323
15,9324
19,9325
17,9326
3,9327
0,9328
3,9329
8,9330
7,9331
1,9332
0,9333
5,9334
2,9335
16,9336
0,9337
12,9338
14,9339
7,9340
3,9341
7,9342
6,9343
11,9344
11,9345
13,9346
17,9347
10,9348
8,9349
4,9350
2,9351
15,9352
5,9353
18,9354
1,9355
10,9356
3,9357
18,9358
10,9359
10,9360
19,9361
15,9362
11,9363
18,9364
9,9365
9,9366
8,9367
12,9368
7,9369
5,9370
9,9371
1,9372
10,9373
13,9374
4,9375
5,9376
6,9377
12,9378
6,9379
7,9380
5,9381
19,9382
8,9383
14,9384
7,9385
13,9386
11,9387
17,9388
11,9389
13,9390
0,9391
11,9392
1,9393
3,9394
2,9395
2,9396
3,9397
4,9398
11,9399
3,9400
17,9401
11,9402
9,9403
1,9404
4,9405
7,9406
5,9407
14,9408
6,9409
14,9410
8,9411
7,9412
4,9413
16,9414
14,9415
2,9416
10,9417
17,9418
19,9419
5,9420
9,9421
5,9422
4,9423
9,9424
0,9425
13,9426
8,9427
18,9428
19,9429
2,9430
19,9431
4,9432
17,9433
2,9434
10,9435
9,9436
2,9437
14,9438
9,9439
10,9440
5,9441
16,9442
4,9443
16,9444
0,9445
17,9446
5,9447
7,9448
11,9449
17,9450
17,9451
10,9452
7,9453
9,9454
15,9455
3,9456
7,9457
0,9458
14,9459
5,9460
3,9461
0,9462
1,9463
1,9464
7,9465
2,9466
7,9467
3,9468
17,9469
0,9470
18,9471
1,9472
16,9473
5,9474
17,9475
19,9476
16,9477
7,9478
6,9479
6,9480
7,9481
1,9482
3,9483
1,9484
14,9485
4,9486
6,9487
5,9488
18,9489
14,9490
6,9491
15,9492
10,9493
5,9494
18,9495
7,9496
11,9497
0,9498
1,9499
1,9500
9,9501
2,9502
9,9503
12,9504
3,9505
7,9506
1,9507
15,9508
15,9509
17,9510
17,9511
7,9512
9,9513
10,9514
9,9515
1,9516
16,9517
5,9518
2,9519
3,9520
14,9521
9,9522
6,9523
4,9524
2,9525
19,9526
3,9527
0,9528
19,9529
2,9530
8,9531
9,9532
4,9533
9,9534
19,9535
7,9536
11,9537
10,9538
4,9539
0,9540
17,9541
8,9542
15,9543
10,9544
7,9545
2,9546
0,9547
19,9548
18,9549
7,9550
8,9551
0,9552
3,9553
9,9554
0,9555
18,9556
10,9557
1,9558
18,9559
11,9560
10,9561
0,9562
1,9563
2,9564
0,9565
17,9566
19,9567
3,9568
18,9569
2,9570
1,9571
13,9572
18,9573
15,9574
17,9575
5,9576
1,9577
6,9578
13,9579
14,9580
4,9581
18,9582
6,9583
3,9584
12,9585
10,9586
1,9587
13,9588
13,9589
6,9590
3,9591
10,9592
1,9593
10,9594
11,9595
6,9596
8,9597
9,9598
10,9599
11,9600
5,9601
2,9602
19,9603
17,9604
12,9605
1,9606
7,9607
10,9608
11,9609
8,9610
19,9611
11,9612
16,9613
4,9614
5,9615
14,9616
6,9617
11,9618
15,9619
7,9620
16,9621
18,9622
4,9623
19,9624
14,9625
1,9626
10,9627
13,9628
10,9629
10,9630
6,9631
2,9632
16,9633
8,9634
0,9635
13,9636
7,9637
0,9638
9,9639
7,9640
12,9641
17,9642
7,9643
10,9644
13,9645
13,9646
17,9647
5,9648
1,9649
4,9650
0,9651
16,9652
0,9653
15,9654
5,9655
0,9656
14,9657
7,9658
14,9659
13,9660
1,9661
7,9662
7,9663
2,9664
0,9665
4,9666
2,9667
8,9668
18,9669
2,9670
4,9671
12,9672
11,9673
5,9674
16,9675
10,9676
3,9677
18,9678
11,9679
16,9680
3,9681
15,9682
0,9683
2,9684
10,9685
12,9686
8,9687
1,9688
2,9689
2,9690
14,9691
3,9692
4,9693
3,9694
10,9695
3,9696
7,9697
0,9698
13,9699
0,9700
10,9701
16,9702
1,9703
13,9704
2,9705
11,9706
13,9707
4,9708
13,9709
11,9710
2,9711
0,9712
5,9713
14,9714
14,9715
18,9716
3,9717
9,9718
6,9719
6,9720
6,9721
7,9722
8,9723
8,9724
6,9725
16,9726
5,9727
19,9728
15,9729
0,9730
12,9731
9,9732
19,9733
17,9734
11,9735
16,9736
5,9737
6,9738
14,9739
1,9740
7,9741
6,9742
2,9743
5,9744
11,9745
4,9746
4,9747
17,9748
0,9749
17,9750
9,9751
4,9752
8,9753
1,9754
7,9755
12,9756
17,9757
17,9758
2,9759
10,9760
10,9761
3,9762
12,9763
7,9764
17,9765
16,9766
1,9767
7,9768
1,9769
8,9770
7,9771
10,9772
19,9773
18,9774
10,9775
4,9776
17,9777
19,9778
7,9779
10,9780
6,9781
5,9782
1,9783
9,9784
13,9785
12,9786
9,9787
18,9788
4,9789
19,9790
5,9791
6,9792
14,9793
3,9794
5,9795
14,9796
10,9797
7,9798
8,9799
6,9800
13,9801
4,9802
19,9803
11,9804
17,9805
3,9806
3,9807
3,9808
15,9809
0,9810
10,9811
3,9812
19,9813
16,9814
9,9815
17,9816
16,9817
17,9818
2,9819
10,9820
3,9821
15,9822
1,9823
0,9824
4,9825
11,9826
6,9827
12,9828
5,9829
6,9830
0,9831
3,9832
2,9833
17,9834
18,9835
5,9836
1,9837
2,9838
6,9839
18,9840
3,9841
11,9842
4,9843
4,9844
11,9845
18,9846
11,9847
17,9848
19,9849
4,9850
15,9851
12,9852
5,9853
11,9854
18,9855
16,9856
17,9857
0,9858
6,9859
16,9860
1,9861
1,9862
3,9863
8,9864
1,9865
19,9866
9,9867
11,9868
5,9869
8,9870
17,9871
0,9872
4,9873
2,9874
13,9875
17,9876
15,9877
7,9878
16,9879
13,9880
9,9881
2,9882
8,9883
14,9884
0,9885
4,9886
17,9887
0,9888
5,9889
13,9890
7,9891
16,9892
3,9893
11,9894
18,9895
6,9896
13,9897
14,9898
14,9899
13,9900
10,9901
5,9902
3,9903
10,9904
10,9905
18,9906
15,9907
6,9908
1,9909
1,9910
5,9911
7,9912
12,9913
11,9914
17,9915
16,9916
12,9917
6,9918
0,9919
4,9920
1,9921
13,9922
8,9923
14,9924
2,9925
12,9926
3,9927
19,9928
12,9929
7,9930
7,9931
17,9932
19,9933
3,9934
14,9935
18,9936
11,9937
10,9938
16,9939
19,9940
2,9941
0,9942
15,9943
5,9944
4,9945
6,9946
1,9947
8,9948
13,9949
0,9950
17,9951
17,9952
0,9953
16,9954
2,9955
10,9956
19,9957
8,9958
7,9959
12,9960
17,9961
7,9962
2,9963
3,9964
19,9965
9,9966
15,9967
13,9968
10,9969
19,9970
3,9971
8,9972
14,9973
4,9974
2,9975
0,9976
2,9977
13,9978
4,9979
13,9980
12,9981
5,9982
12,9983
15,9984
12,9985
16,9986
7,9987
6,9988
4,9989
4,9990
7,9991
19,9992
15,9993
17,9994
18,9995
16,9996
19,9997
13,9998
7,9999
