30,0
14,1
36,2
14,3
6,4
16,5
14,6
17,7
37,8
37,9
5,10
6,11
19,12
15,13
11,14
35,15
26,16
27,17
31,18
27,19
38,20
22,21
30,22
3,23
30,24
37,25
31,26
26,27
7,28
5,29
5,30
38,31
2,32
12,33
16,34
9,35
39,36
26,37
19,38
34,39
38,40
21,41
16,42
30,43
0,44
4,45
24,46
28,47
4,48
16,49
5,50
19,51
5,52
21,53
14,54
6,55
12,56
18,57
39,58
33,59
26,60
33,61
32,62
32,63
28,64
27,65
29,66
35,67
26,68
17,69
17,70
32,71
17,72
4,73
37,74
27,75
18,76
28,77
37,78
30,79
12,80
37,81
33,82
15,83
39,84
8,85
39,86
21,87
0,88
9,89
28,90
28,91
29,92
22,93
21,94
4,95
9,96
28,97
5,98
24,99
39,100
11,101
5,102
32,103
15,104
39,105
3,106
8,107
10,108
22,109
17,110
16,111
19,112
16,113
3,114
8,115
2,116
29,117
34,118
1,119
33,120
35,121
7,122
6,123
27,124
17,125
2,126
6,127
8,128
38,129
37,130
38,131
5,132
15,133
3,134
10,135
13,136
16,137
37,138
39,139
11,140
9,141
0,142
29,143
31,144
20,145
15,146
33,147
31,148
13,149
33,150
20,151
13,152
37,153
20,154
14,155
13,156
31,157
37,158
24,159
38,160
35,161
35,162
33,163
15,164
15,165
25,166
22,167
25,168
37,169
24,170
25,171
39,172
15,173
36,174
39,175
5,176
13,177
32,178
19,179
3,180
38,181
32,182
26,183
35,184
11,185
36,186
23,187
20,188
12,189
2,190
38,191
26,192
2,193
22,194
36,195
20,196
32,197
26,198
1,199
25,200
10,201
23,202
2,203
18,204
38,205
4,206
35,207
6,208
22,209
2,210
29,211
1,212
18,213
17,214
25,215
19,216
37,217
20,218
16,219
35,220
12,221
5,222
39,223
11,224
10,225
16,226
11,227
22,228
7,229
14,230
14,231
32,232
10,233
34,234
11,235
0,236
0,237
21,238
21,239
3,240
37,241
37,242
34,243
11,244
5,245
11,246
21,247
0,248
36,249
37,250
36,251
9,252
2,253
14,254
0,255
11,256
21,257
7,258
30,259
15,260
17,261
9,262
34,263
9,264
0,265
31,266
14,267
36,268
12,269
33,270
2,271
35,272
22,273
28,274
11,275
35,276
21,277
31,278
22,279
28,280
12,281
11,282
33,283
2,284
30,285
16,286
21,287
36,288
23,289
16,290
17,291
29,292
8,293
38,294
4,295
35,296
3,297
33,298
0,299
2,300
4,301
30,302
38,303
13,304
7,305
21,306
18,307
26,308
34,309
13,310
6,311
2,312
12,313
11,314
29,315
31,316
26,317
4,318
30,319
35,320
36,321
1,322
29,323
15,324
30,325
37,326
7,327
16,328
11,329
28,330
25,331
5,332
8,333
21,334
15,335
39,336
25,337
37,338
13,339
19,340
25,341
11,342
2,343
10,344
36,345
25,346
28,347
1,348
39,349
37,350
20,351
22,352
25,353
37,354
20,355
23,356
33,357
37,358
35,359
20,360
31,361
33,362
30,363
8,364
0,365
6,366
21,367
20,368
16,369
24,370
30,371
35,372
16,373
6,374
39,375
24,376
15,377
12,378
15,379
37,380
37,381
30,382
5,383
27,384
26,385
10,386
22,387
34,388
26,389
19,390
30,391
12,392
27,393
16,394
34,395
23,396
28,397
15,398
31,399
12,400
39,401
18,402
1,403
31,404
3,405
32,406
15,407
18,408
25,409
12,410
11,411
3,412
37,413
19,414
36,415
31,416
36,417
18,418
20,419
38,420
21,421
9,422
15,423
34,424
19,425
39,426
2,427
25,428
24,429
6,430
35,431
14,432
29,433
18,434
6,435
4,436
10,437
36,438
14,439
32,440
16,441
3,442
6,443
0,444
6,445
27,446
39,447
32,448
36,449
31,450
14,451
37,452
28,453
30,454
22,455
12,456
29,457
7,458
35,459
21,460
3,461
12,462
10,463
18,464
21,465
15,466
0,467
14,468
8,469
9,470
13,471
33,472
25,473
38,474
29,475
24,476
8,477
31,478
7,479
37,480
27,481
18,482
0,483
10,484
26,485
12,486
9,487
39,488
28,489
35,490
9,491
17,492
15,493
39,494
30,495
23,496
23,497
22,498
13,499
7,500
7,501
36,502
34,503
32,504
0,505
26,506
23,507
16,508
2,509
2,510
9,511
6,512
18,513
20,514
17,515
1,516
0,517
14,518
32,519
6,520
19,521
14,522
24,523
29,524
15,525
1,526
10,527
0,528
25,529
28,530
20,531
17,532
4,533
28,534
8,535
20,536
36,537
27,538
5,539
5,540
37,541
23,542
15,543
22,544
22,545
34,546
16,547
32,548
21,549
22,550
18,551
25,552
14,553
36,554
13,555
14,556
20,557
4,558
34,559
6,560
7,561
32,562
4,563
0,564
32,565
11,566
37,567
0,568
23,569
8,570
39,571
39,572
29,573
23,574
19,575
15,576
11,577
12,578
37,579
35,580
5,581
39,582
28,583
18,584
17,585
25,586
31,587
32,588
31,589
13,590
34,591
11,592
2,593
2,594
33,595
7,596
4,597
19,598
10,599
30,600
16,601
0,602
4,603
26,604
19,605
16,606
4,607
2,608
0,609
30,610
11,611
21,612
14,613
14,614
32,615
19,616
25,617
30,618
13,619
38,620
37,621
15,622
23,623
11,624
2,625
14,626
26,627
10,628
39,629
5,630
23,631
15,632
31,633
16,634
23,635
32,636
34,637
28,638
16,639
25,640
17,641
9,642
7,643
39,644
15,645
18,646
7,647
32,648
19,649
27,650
33,651
0,652
23,653
18,654
17,655
21,656
18,657
30,658
16,659
6,660
3,661
19,662
16,663
23,664
39,665
37,666
2,667
19,668
25,669
10,670
11,671
24,672
37,673
0,674
39,675
11,676
15,677
29,678
20,679
33,680
29,681
27,682
16,683
38,684
7,685
23,686
7,687
4,688
32,689
2,690
16,691
5,692
1,693
19,694
23,695
25,696
22,697
6,698
11,699
25,700
15,701
7,702
29,703
6,704
27,705
32,706
34,707
2,708
32,709
19,710
18,711
3,712
24,713
36,714
36,715
11,716
2,717
34,718
22,719
27,720
36,721
37,722
10,723
0,724
34,725
21,726
30,727
13,728
11,729
7,730
17,731
37,732
10,733
14,734
37,735
37,736
13,737
28,738
30,739
27,740
4,741
25,742
39,743
9,744
0,745
32,746
38,747
10,748
19,749
13,750
26,751
23,752
3,753
33,754
15,755
39,756
38,757
15,758
15,759
9,760
21,761
37,762
15,763
36,764
31,765
12,766
13,767
15,768
12,769
38,770
10,771
12,772
37,773
26,774
5,775
11,776
19,777
5,778
15,779
30,780
23,781
25,782
12,783
30,784
27,785
37,786
17,787
19,788
5,789
28,790
34,791
25,792
37,793
36,794
16,795
21,796
36,797
18,798
34,799
4,800
2,801
11,802
12,803
12,804
34,805
12,806
3,807
7,808
18,809
39,810
33,811
15,812
6,813
29,814
14,815
11,816
24,817
0,818
16,819
12,820
11,821
0,822
8,823
23,824
14,825
2,826
21,827
18,828
8,829
36,830
24,831
31,832
14,833
26,834
14,835
22,836
2,837
37,838
32,839
27,840
27,841
14,842
29,843
23,844
20,845
33,846
20,847
7,848
29,849
1,850
11,851
11,852
18,853
32,854
37,855
10,856
11,857
38,858
33,859
31,860
35,861
25,862
6,863
1,864
5,865
29,866
25,867
9,868
18,869
34,870
3,871
7,872
14,873
19,874
1,875
36,876
33,877
0,878
10,879
15,880
32,881
15,882
23,883
33,884
32,885
13,886
13,887
8,888
17,889
36,890
14,891
38,892
32,893
31,894
17,895
1,896
7,897
23,898
22,899
5,900
26,901
29,902
9,903
7,904
16,905
31,906
24,907
24,908
27,909
31,910
17,911
23,912
6,913
21,914
36,915
28,916
21,917
18,918
2,919
31,920
28,921
33,922
31,923
18,924
0,925
7,926
27,927
15,928
19,929
2,930
20,931
8,932
14,933
8,934
27,935
22,936
27,937
11,938
37,939
29,940
1,941
28,942
20,943
20,944
27,945
9,946
22,947
34,948
18,949
11,950
1,951
30,952
25,953
18,954
23,955
17,956
23,957
36,958
7,959
23,960
11,961
29,962
23,963
37,964
39,965
30,966
27,967
34,968
29,969
2,970
18,971
31,972
15,973
16,974
38,975
20,976
10,977
35,978
28,979
18,980
18,981
13,982
38,983
12,984
14,985
23,986
10,987
3,988
3,989
5,990
11,991
14,992
34,993
18,994
13,995
26,996
8,997
37,998
32,999
26,1000
33,1001
15,1002
35,1003
34,1004
8,1005
12,1006
23,1007
35,1008
6,1009
28,1010
6,1011
7,1012
28,1013
37,1014
20,1015
20,1016
4,1017
10,1018
31,1019
17,1020
38,1021
30,1022
28,1023
30,1024
15,1025
11,1026
11,1027
27,1028
25,1029
30,1030
5,1031
13,1032
9,1033
20,1034
3,1035
15,1036
25,1037
12,1038
35,1039
6,1040
3,1041
7,1042
27,1043
2,1044
0,1045
6,1046
28,1047
37,1048
4,1049
37,1050
9,1051
38,1052
20,1053
33,1054
31,1055
29,1056
9,1057
17,1058
13,1059
33,1060
22,1061
35,1062
17,1063
19,1064
20,1065
12,1066
21,1067
1,1068
31,1069
2,1070
17,1071
32,1072
13,1073
18,1074
18,1075
20,1076
35,1077
18,1078
33,1079
20,1080
15,1081
10,1082
12,1083
29,1084
16,1085
38,1086
36,1087
39,1088
0,1089
23,1090
23,1091
30,1092
2,1093
3,1094
14,1095
26,1096
21,1097
19,1098
38,1099
23,1100
15,1101
18,1102
19,1103
15,1104
36,1105
4,1106
5,1107
13,1108
13,1109
37,1110
29,1111
10,1112
15,1113
31,1114
4,1115
5,1116
15,1117
28,1118
32,1119
37,1120
35,1121
17,1122
34,1123
16,1124
3,1125
32,1126
26,1127
6,1128
24,1129
1,1130
34,1131
4,1132
27,1133
2,1134
19,1135
11,1136
19,1137
10,1138
34,1139
24,1140
2,1141
27,1142
37,1143
0,1144
19,1145
3,1146
10,1147
15,1148
30,1149
7,1150
18,1151
17,1152
39,1153
8,1154
26,1155
15,1156
8,1157
19,1158
39,1159
23,1160
10,1161
6,1162
29,1163
31,1164
23,1165
22,1166
38,1167
27,1168
0,1169
16,1170
26,1171
8,1172
24,1173
12,1174
33,1175
0,1176
35,1177
28,1178
3,1179
39,1180
24,1181
24,1182
19,1183
25,1184
1,1185
22,1186
28,1187
1,1188
0,1189
36,1190
5,1191
4,1192
18,1193
17,1194
5,1195
28,1196
23,1197
3,1198
10,1199
5,1200
9,1201
1,1202
5,1203
22,1204
29,1205
6,1206
6,1207
35,1208
30,1209
17,1210
17,1211
17,1212
29,1213
4,1214
12,1215
28,1216
7,1217
14,1218
35,1219
19,1220
22,1221
0,1222
25,1223
34,1224
34,1225
3,1226
16,1227
29,1228
12,1229
22,1230
2,1231
39,1232
4,1233
26,1234
27,1235
0,1236
1,1237
30,1238
2,1239
35,1240
29,1241
16,1242
21,1243
10,1244
3,1245
25,1246
29,1247
23,1248
8,1249
20,1250
37,1251
14,1252
8,1253
35,1254
1,1255
9,1256
13,1257
6,1258
12,1259
31,1260
37,1261
37,1262
25,1263
19,1264
38,1265
8,1266
32,1267
34,1268
8,1269
25,1270
0,1271
11,1272
15,1273
32,1274
33,1275
21,1276
7,1277
39,1278
23,1279
33,1280
2,1281
2,1282
0,1283
8,1284
28,1285
34,1286
16,1287
38,1288
29,1289
12,1290
35,1291
8,1292
39,1293
29,1294
20,1295
19,1296
2,1297
2,1298
18,1299
29,1300
26,1301
16,1302
16,1303
37,1304
38,1305
7,1306
11,1307
12,1308
33,1309
23,1310
37,1311
15,1312
13,1313
13,1314
9,1315
14,1316
31,1317
20,1318
31,1319
26,1320
2,1321
2,1322
18,1323
6,1324
7,1325
32,1326
26,1327
31,1328
14,1329
22,1330
28,1331
18,1332
2,1333
0,1334
26,1335
8,1336
17,1337
7,1338
13,1339
34,1340
35,1341
12,1342
13,1343
30,1344
31,1345
8,1346
33,1347
34,1348
18,1349
17,1350
21,1351
1,1352
21,1353
21,1354
9,1355
14,1356
28,1357
8,1358
37,1359
4,1360
27,1361
31,1362
15,1363
25,1364
31,1365
6,1366
1,1367
7,1368
26,1369
27,1370
1,1371
39,1372
8,1373
33,1374
12,1375
2,1376
5,1377
4,1378
7,1379
13,1380
36,1381
10,1382
36,1383
12,1384
30,1385
33,1386
18,1387
3,1388
20,1389
20,1390
13,1391
26,1392
26,1393
13,1394
12,1395
21,1396
21,1397
12,1398
8,1399
32,1400
1,1401
22,1402
20,1403
27,1404
17,1405
17,1406
7,1407
23,1408
12,1409
27,1410
33,1411
31,1412
2,1413
24,1414
17,1415
24,1416
18,1417
10,1418
30,1419
12,1420
30,1421
16,1422
4,1423
15,1424
18,1425
19,1426
0,1427
14,1428
39,1429
19,1430
27,1431
25,1432
29,1433
0,1434
39,1435
38,1436
7,1437
33,1438
0,1439
18,1440
8,1441
30,1442
39,1443
18,1444
0,1445
39,1446
22,1447
26,1448
32,1449
38,1450
13,1451
27,1452
9,1453
29,1454
15,1455
15,1456
25,1457
21,1458
38,1459
21,1460
13,1461
8,1462
24,1463
8,1464
36,1465
26,1466
15,1467
13,1468
10,1469
11,1470
6,1471
1,1472
32,1473
13,1474
29,1475
4,1476
2,1477
11,1478
11,1479
38,1480
15,1481
13,1482
21,1483
35,1484
24,1485
29,1486
6,1487
18,1488
3,1489
30,1490
15,1491
16,1492
11,1493
20,1494
33,1495
20,1496
3,1497
36,1498
7,1499
13,1500
2,1501
4,1502
38,1503
38,1504
26,1505
22,1506
1,1507
16,1508
13,1509
13,1510
32,1511
5,1512
32,1513
4,1514
18,1515
0,1516
31,1517
23,1518
20,1519
24,1520
9,1521
25,1522
24,1523
5,1524
38,1525
18,1526
14,1527
38,1528
38,1529
37,1530
0,1531
0,1532
32,1533
1,1534
35,1535
30,1536
7,1537
3,1538
29,1539
39,1540
15,1541
3,1542
15,1543
28,1544
26,1545
28,1546
26,1547
35,1548
10,1549
39,1550
37,1551
36,1552
26,1553
39,1554
35,1555
10,1556
31,1557
12,1558
34,1559
13,1560
35,1561
6,1562
38,1563
28,1564
29,1565
16,1566
7,1567
32,1568
3,1569
11,1570
9,1571
29,1572
14,1573
26,1574
24,1575
11,1576
29,1577
20,1578
3,1579
24,1580
7,1581
35,1582
10,1583
11,1584
22,1585
18,1586
35,1587
2,1588
38,1589
28,1590
21,1591
33,1592
9,1593
38,1594
23,1595
10,1596
15,1597
18,1598
11,1599
12,1600
22,1601
11,1602
20,1603
0,1604
6,1605
0,1606
28,1607
29,1608
1,1609
5,1610
9,1611
4,1612
15,1613
14,1614
12,1615
8,1616
3,1617
3,1618
35,1619
21,1620
6,1621
30,1622
0,1623
19,1624
36,1625
36,1626
14,1627
35,1628
6,1629
30,1630
29,1631
32,1632
12,1633
18,1634
32,1635
26,1636
20,1637
12,1638
8,1639
39,1640
38,1641
30,1642
4,1643
31,1644
21,1645
32,1646
12,1647
4,1648
4,1649
25,1650
5,1651
30,1652
13,1653
10,1654
5,1655
34,1656
19,1657
28,1658
29,1659
0,1660
6,1661
35,1662
7,1663
38,1664
30,1665
17,1666
33,1667
27,1668
38,1669
13,1670
10,1671
33,1672
37,1673
11,1674
24,1675
5,1676
1,1677
19,1678
33,1679
25,1680
38,1681
37,1682
31,1683
9,1684
4,1685
13,1686
26,1687
36,1688
14,1689
30,1690
19,1691
0,1692
31,1693
26,1694
8,1695
31,1696
12,1697
10,1698
22,1699
34,1700
28,1701
13,1702
15,1703
17,1704
21,1705
35,1706
12,1707
6,1708
31,1709
23,1710
38,1711
37,1712
23,1713
37,1714
24,1715
5,1716
26,1717
6,1718
19,1719
35,1720
10,1721
37,1722
17,1723
24,1724
8,1725
26,1726
12,1727
23,1728
9,1729
24,1730
12,1731
15,1732
13,1733
25,1734
17,1735
34,1736
18,1737
31,1738
21,1739
31,1740
38,1741
33,1742
31,1743
17,1744
27,1745
14,1746
37,1747
22,1748
3,1749
14,1750
13,1751
9,1752
0,1753
28,1754
21,1755
38,1756
5,1757
9,1758
37,1759
28,1760
38,1761
30,1762
38,1763
17,1764
35,1765
31,1766
31,1767
7,1768
7,1769
14,1770
3,1771
17,1772
5,1773
19,1774
31,1775
34,1776
1,1777
4,1778
37,1779
35,1780
34,1781
25,1782
34,1783
22,1784
39,1785
23,1786
37,1787
29,1788
1,1789
39,1790
27,1791
6,1792
16,1793
0,1794
10,1795
32,1796
29,1797
34,1798
11,1799
23,1800
23,1801
4,1802
31,1803
3,1804
0,1805
0,1806
22,1807
31,1808
22,1809
27,1810
33,1811
32,1812
8,1813
12,1814
17,1815
38,1816
20,1817
0,1818
3,1819
32,1820
38,1821
16,1822
34,1823
5,1824
5,1825
11,1826
31,1827
12,1828
1,1829
14,1830
26,1831
12,1832
22,1833
6,1834
6,1835
7,1836
38,1837
32,1838
15,1839
22,1840
15,1841
29,1842
37,1843
7,1844
19,1845
31,1846
23,1847
12,1848
8,1849
8,1850
25,1851
37,1852
16,1853
16,1854
9,1855
20,1856
5,1857
32,1858
5,1859
0,1860
27,1861
35,1862
15,1863
2,1864
34,1865
5,1866
36,1867
26,1868
11,1869
5,1870
30,1871
22,1872
24,1873
38,1874
16,1875
6,1876
12,1877
9,1878
26,1879
10,1880
14,1881
37,1882
29,1883
27,1884
8,1885
34,1886
24,1887
8,1888
36,1889
20,1890
23,1891
31,1892
12,1893
32,1894
24,1895
20,1896
7,1897
11,1898
18,1899
7,1900
13,1901
37,1902
32,1903
26,1904
36,1905
23,1906
5,1907
16,1908
34,1909
3,1910
30,1911
27,1912
23,1913
8,1914
22,1915
0,1916
34,1917
21,1918
16,1919
13,1920
5,1921
14,1922
10,1923
4,1924
25,1925
21,1926
20,1927
21,1928
2,1929
10,1930
2,1931
33,1932
25,1933
31,1934
33,1935
24,1936
33,1937
31,1938
27,1939
19,1940
9,1941
24,1942
8,1943
23,1944
24,1945
33,1946
29,1947
9,1948
34,1949
2,1950
17,1951
6,1952
13,1953
15,1954
36,1955
11,1956
19,1957
14,1958
26,1959
6,1960
4,1961
12,1962
38,1963
32,1964
36,1965
13,1966
24,1967
6,1968
25,1969
29,1970
10,1971
28,1972
25,1973
10,1974
14,1975
39,1976
32,1977
35,1978
30,1979
32,1980
11,1981
26,1982
22,1983
12,1984
25,1985
10,1986
9,1987
20,1988
39,1989
35,1990
19,1991
25,1992
6,1993
36,1994
2,1995
39,1996
20,1997
35,1998
30,1999
35,2000
15,2001
13,2002
33,2003
26,2004
22,2005
39,2006
32,2007
7,2008
20,2009
39,2010
14,2011
5,2012
12,2013
36,2014
35,2015
5,2016
24,2017
24,2018
29,2019
0,2020
12,2021
17,2022
38,2023
35,2024
15,2025
17,2026
32,2027
33,2028
27,2029
24,2030
3,2031
11,2032
18,2033
5,2034
14,2035
16,2036
20,2037
23,2038
14,2039
37,2040
5,2041
10,2042
9,2043
4,2044
34,2045
28,2046
17,2047
21,2048
28,2049
17,2050
6,2051
9,2052
31,2053
2,2054
7,2055
23,2056
17,2057
3,2058
19,2059
15,2060
7,2061
4,2062
21,2063
17,2064
24,2065
30,2066
0,2067
35,2068
29,2069
35,2070
17,2071
20,2072
38,2073
15,2074
0,2075
37,2076
21,2077
37,2078
38,2079
9,2080
20,2081
16,2082
16,2083
8,2084
21,2085
0,2086
16,2087
22,2088
15,2089
19,2090
24,2091
14,2092
7,2093
27,2094
27,2095
35,2096
30,2097
11,2098
2,2099
37,2100
38,2101
39,2102
15,2103
29,2104
3,2105
18,2106
12,2107
39,2108
28,2109
12,2110
8,2111
20,2112
25,2113
31,2114
31,2115
18,2116
38,2117
36,2118
21,2119
18,2120
16,2121
27,2122
11,2123
22,2124
17,2125
39,2126
14,2127
6,2128
23,2129
22,2130
30,2131
20,2132
39,2133
14,2134
16,2135
22,2136
1,2137
7,2138
8,2139
16,2140
14,2141
37,2142
27,2143
39,2144
27,2145
2,2146
4,2147
27,2148
17,2149
16,2150
33,2151
31,2152
3,2153
9,2154
0,2155
38,2156
39,2157
15,2158
39,2159
22,2160
20,2161
15,2162
26,2163
32,2164
1,2165
4,2166
36,2167
16,2168
17,2169
22,2170
30,2171
29,2172
11,2173
14,2174
36,2175
27,2176
12,2177
21,2178
26,2179
14,2180
13,2181
15,2182
7,2183
33,2184
14,2185
16,2186
11,2187
28,2188
24,2189
34,2190
15,2191
31,2192
29,2193
39,2194
2,2195
17,2196
7,2197
31,2198
9,2199
24,2200
22,2201
1,2202
13,2203
16,2204
30,2205
20,2206
6,2207
22,2208
29,2209
16,2210
8,2211
35,2212
23,2213
15,2214
28,2215
24,2216
34,2217
13,2218
20,2219
0,2220
13,2221
5,2222
31,2223
14,2224
34,2225
28,2226
32,2227
28,2228
3,2229
6,2230
26,2231
0,2232
12,2233
7,2234
33,2235
35,2236
34,2237
30,2238
23,2239
30,2240
19,2241
37,2242
20,2243
39,2244
38,2245
27,2246
20,2247
38,2248
16,2249
18,2250
30,2251
28,2252
31,2253
2,2254
32,2255
5,2256
31,2257
6,2258
9,2259
38,2260
20,2261
20,2262
21,2263
38,2264
27,2265
24,2266
3,2267
9,2268
36,2269
16,2270
1,2271
13,2272
25,2273
32,2274
37,2275
16,2276
34,2277
28,2278
28,2279
26,2280
19,2281
2,2282
4,2283
22,2284
4,2285
7,2286
12,2287
34,2288
25,2289
14,2290
31,2291
27,2292
5,2293
11,2294
24,2295
2,2296
8,2297
15,2298
18,2299
26,2300
1,2301
38,2302
37,2303
39,2304
37,2305
37,2306
7,2307
30,2308
24,2309
39,2310
18,2311
16,2312
23,2313
8,2314
26,2315
20,2316
37,2317
23,2318
20,2319
31,2320
4,2321
12,2322
35,2323
35,2324
19,2325
26,2326
23,2327
6,2328
8,2329
19,2330
10,2331
0,2332
23,2333
1,2334
24,2335
30,2336
25,2337
16,2338
30,2339
33,2340
31,2341
10,2342
35,2343
24,2344
25,2345
24,2346
12,2347
34,2348
30,2349
28,2350
5,2351
24,2352
2,2353
33,2354
26,2355
19,2356
36,2357
36,2358
2,2359
29,2360
7,2361
10,2362
4,2363
28,2364
20,2365
36,2366
9,2367
21,2368
36,2369
14,2370
12,2371
21,2372
10,2373
9,2374
20,2375
39,2376
2,2377
38,2378
34,2379
30,2380
17,2381
32,2382
38,2383
33,2384
6,2385
38,2386
16,2387
25,2388
20,2389
16,2390
27,2391
24,2392
12,2393
32,2394
19,2395
10,2396
27,2397
36,2398
35,2399
32,2400
13,2401
34,2402
20,2403
11,2404
9,2405
34,2406
27,2407
11,2408
19,2409
23,2410
8,2411
13,2412
15,2413
8,2414
35,2415
14,2416
29,2417
31,2418
38,2419
28,2420
13,2421
5,2422
2,2423
9,2424
28,2425
28,2426
0,2427
36,2428
1,2429
37,2430
15,2431
20,2432
26,2433
2,2434
35,2435
23,2436
2,2437
3,2438
37,2439
29,2440
8,2441
8,2442
13,2443
14,2444
34,2445
6,2446
27,2447
8,2448
25,2449
0,2450
24,2451
6,2452
28,2453
7,2454
0,2455
8,2456
20,2457
14,2458
4,2459
15,2460
2,2461
33,2462
34,2463
4,2464
28,2465
31,2466
18,2467
9,2468
30,2469
13,2470
28,2471
20,2472
30,2473
33,2474
1,2475
9,2476
17,2477
27,2478
32,2479
27,2480
36,2481
25,2482
24,2483
7,2484
28,2485
12,2486
3,2487
10,2488
4,2489
39,2490
34,2491
35,2492
22,2493
3,2494
37,2495
17,2496
38,2497
35,2498
21,2499
22,2500
38,2501
38,2502
24,2503
30,2504
4,2505
39,2506
2,2507
9,2508
22,2509
26,2510
7,2511
29,2512
25,2513
38,2514
5,2515
36,2516
0,2517
9,2518
8,2519
39,2520
8,2521
14,2522
31,2523
38,2524
24,2525
11,2526
9,2527
13,2528
2,2529
18,2530
38,2531
37,2532
21,2533
7,2534
12,2535
9,2536
13,2537
7,2538
15,2539
17,2540
5,2541
4,2542
12,2543
39,2544
13,2545
30,2546
7,2547
17,2548
31,2549
36,2550
20,2551
1,2552
27,2553
31,2554
1,2555
25,2556
39,2557
36,2558
38,2559
0,2560
36,2561
27,2562
32,2563
30,2564
27,2565
0,2566
37,2567
27,2568
18,2569
3,2570
0,2571
32,2572
16,2573
35,2574
28,2575
7,2576
12,2577
36,2578
24,2579
34,2580
19,2581
37,2582
23,2583
20,2584
26,2585
26,2586
24,2587
17,2588
27,2589
18,2590
24,2591
4,2592
14,2593
27,2594
18,2595
8,2596
32,2597
11,2598
37,2599
38,2600
22,2601
4,2602
6,2603
20,2604
8,2605
7,2606
11,2607
21,2608
34,2609
37,2610
21,2611
13,2612
29,2613
9,2614
21,2615
29,2616
39,2617
7,2618
5,2619
33,2620
12,2621
38,2622
2,2623
1,2624
1,2625
22,2626
27,2627
1,2628
19,2629
15,2630
8,2631
24,2632
13,2633
39,2634
29,2635
9,2636
4,2637
13,2638
4,2639
32,2640
29,2641
8,2642
37,2643
8,2644
15,2645
18,2646
35,2647
25,2648
28,2649
17,2650
37,2651
37,2652
22,2653
6,2654
14,2655
3,2656
3,2657
22,2658
11,2659
12,2660
9,2661
33,2662
37,2663
17,2664
11,2665
21,2666
15,2667
10,2668
2,2669
20,2670
22,2671
17,2672
22,2673
19,2674
28,2675
17,2676
6,2677
15,2678
19,2679
25,2680
21,2681
27,2682
1,2683
13,2684
5,2685
23,2686
14,2687
12,2688
30,2689
13,2690
0,2691
36,2692
21,2693
10,2694
10,2695
38,2696
24,2697
29,2698
16,2699
1,2700
39,2701
39,2702
28,2703
4,2704
10,2705
0,2706
11,2707
35,2708
10,2709
36,2710
31,2711
29,2712
7,2713
18,2714
5,2715
27,2716
11,2717
11,2718
12,2719
17,2720
15,2721
16,2722
6,2723
33,2724
20,2725
14,2726
29,2727
33,2728
34,2729
16,2730
36,2731
25,2732
29,2733
2,2734
17,2735
11,2736
33,2737
36,2738
20,2739
3,2740
28,2741
26,2742
19,2743
8,2744
1,2745
34,2746
21,2747
16,2748
32,2749
8,2750
16,2751
22,2752
30,2753
26,2754
38,2755
2,2756
1,2757
37,2758
8,2759
4,2760
38,2761
7,2762
14,2763
23,2764
18,2765
22,2766
28,2767
27,2768
15,2769
35,2770
37,2771
5,2772
34,2773
35,2774
18,2775
27,2776
4,2777
17,2778
26,2779
0,2780
13,2781
9,2782
3,2783
4,2784
26,2785
19,2786
20,2787
33,2788
18,2789
10,2790
33,2791
30,2792
26,2793
4,2794
15,2795
34,2796
24,2797
12,2798
26,2799
12,2800
12,2801
38,2802
19,2803
33,2804
14,2805
0,2806
20,2807
16,2808
11,2809
15,2810
25,2811
7,2812
15,2813
35,2814
10,2815
25,2816
0,2817
17,2818
9,2819
20,2820
37,2821
26,2822
0,2823
4,2824
11,2825
35,2826
3,2827
14,2828
9,2829
21,2830
4,2831
30,2832
6,2833
28,2834
20,2835
0,2836
2,2837
34,2838
39,2839
20,2840
29,2841
33,2842
31,2843
14,2844
22,2845
1,2846
19,2847
1,2848
28,2849
39,2850
12,2851
23,2852
30,2853
22,2854
29,2855
9,2856
34,2857
26,2858
38,2859
29,2860
27,2861
26,2862
20,2863
10,2864
10,2865
27,2866
8,2867
37,2868
30,2869
39,2870
6,2871
1,2872
9,2873
8,2874
27,2875
39,2876
39,2877
18,2878
24,2879
8,2880
6,2881
31,2882
18,2883
33,2884
6,2885
29,2886
38,2887
37,2888
26,2889
35,2890
37,2891
10,2892
16,2893
36,2894
37,2895
38,2896
5,2897
21,2898
20,2899
33,2900
11,2901
37,2902
16,2903
39,2904
16,2905
26,2906
37,2907
27,2908
14,2909
7,2910
15,2911
27,2912
13,2913
36,2914
3,2915
34,2916
12,2917
11,2918
21,2919
20,2920
38,2921
20,2922
11,2923
10,2924
2,2925
7,2926
2,2927
2,2928
19,2929
7,2930
21,2931
1,2932
12,2933
33,2934
17,2935
9,2936
2,2937
10,2938
18,2939
33,2940
6,2941
16,2942
34,2943
24,2944
19,2945
6,2946
19,2947
26,2948
28,2949
10,2950
6,2951
4,2952
30,2953
26,2954
14,2955
8,2956
11,2957
16,2958
3,2959
10,2960
39,2961
24,2962
0,2963
37,2964
8,2965
21,2966
0,2967
38,2968
37,2969
22,2970
9,2971
24,2972
9,2973
16,2974
2,2975
22,2976
31,2977
10,2978
35,2979
18,2980
11,2981
36,2982
39,2983
19,2984
37,2985
9,2986
34,2987
3,2988
17,2989
13,2990
9,2991
24,2992
17,2993
33,2994
5,2995
30,2996
39,2997
38,2998
2,2999
26,3000
7,3001
33,3002
8,3003
12,3004
37,3005
16,3006
17,3007
25,3008
23,3009
29,3010
14,3011
24,3012
28,3013
31,3014
30,3015
39,3016
4,3017
12,3018
0,3019
25,3020
6,3021
25,3022
34,3023
7,3024
4,3025
11,3026
1,3027
4,3028
29,3029
17,3030
13,3031
12,3032
32,3033
39,3034
27,3035
33,3036
28,3037
25,3038
29,3039
5,3040
16,3041
8,3042
10,3043
34,3044
11,3045
32,3046
17,3047
15,3048
17,3049
9,3050
23,3051
30,3052
25,3053
28,3054
24,3055
27,3056
32,3057
16,3058
21,3059
13,3060
39,3061
7,3062
34,3063
14,3064
38,3065
15,3066
26,3067
21,3068
21,3069
14,3070
11,3071
1,3072
13,3073
37,3074
26,3075
24,3076
22,3077
7,3078
25,3079
38,3080
19,3081
7,3082
25,3083
35,3084
19,3085
4,3086
25,3087
38,3088
19,3089
28,3090
39,3091
14,3092
34,3093
24,3094
35,3095
14,3096
13,3097
36,3098
39,3099
18,3100
8,3101
16,3102
11,3103
25,3104
0,3105
7,3106
22,3107
15,3108
22,3109
16,3110
28,3111
6,3112
2,3113
15,3114
1,3115
3,3116
23,3117
21,3118
39,3119
21,3120
16,3121
4,3122
34,3123
13,3124
12,3125
29,3126
8,3127
19,3128
29,3129
20,3130
30,3131
12,3132
16,3133
16,3134
2,3135
1,3136
27,3137
18,3138
10,3139
7,3140
30,3141
1,3142
14,3143
14,3144
10,3145
5,3146
18,3147
4,3148
33,3149
20,3150
31,3151
16,3152
16,3153
5,3154
1,3155
36,3156
36,3157
18,3158
35,3159
29,3160
9,3161
20,3162
2,3163
1,3164
35,3165
15,3166
7,3167
20,3168
26,3169
20,3170
26,3171
19,3172
27,3173
21,3174
17,3175
0,3176
20,3177
7,3178
34,3179
35,3180
26,3181
32,3182
0,3183
25,3184
33,3185
32,3186
35,3187
23,3188
19,3189
8,3190
11,3191
17,3192
26,3193
34,3194
24,3195
37,3196
18,3197
33,3198
34,3199
6,3200
26,3201
9,3202
38,3203
23,3204
17,3205
13,3206
20,3207
25,3208
30,3209
39,3210
26,3211
23,3212
8,3213
18,3214
20,3215
25,3216
29,3217
12,3218
34,3219
23,3220
27,3221
14,3222
5,3223
16,3224
3,3225
27,3226
17,3227
26,3228
36,3229
8,3230
25,3231
26,3232
17,3233
39,3234
14,3235
13,3236
20,3237
4,3238
0,3239
22,3240
1,3241
6,3242
13,3243
31,3244
35,3245
9,3246
11,3247
21,3248
29,3249
4,3250
18,3251
27,3252
17,3253
27,3254
6,3255
22,3256
38,3257
21,3258
24,3259
7,3260
33,3261
14,3262
38,3263
37,3264
33,3265
17,3266
13,3267
21,3268
4,3269
0,3270
28,3271
17,3272
18,3273
32,3274
35,3275
38,3276
27,3277
7,3278
9,3279
37,3280
31,3281
4,3282
16,3283
14,3284
7,3285
18,3286
4,3287
31,3288
15,3289
8,3290
25,3291
38,3292
26,3293
10,3294
23,3295
26,3296
3,3297
38,3298
0,3299
1,3300
21,3301
2,3302
16,3303
4,3304
0,3305
24,3306
5,3307
0,3308
8,3309
25,3310
5,3311
29,3312
11,3313
10,3314
34,3315
15,3316
17,3317
25,3318
31,3319
25,3320
10,3321
19,3322
34,3323
0,3324
17,3325
25,3326
33,3327
39,3328
7,3329
36,3330
2,3331
26,3332
30,3333
2,3334
3,3335
22,3336
23,3337
3,3338
8,3339
5,3340
14,3341
15,3342
11,3343
23,3344
20,3345
21,3346
27,3347
20,3348
26,3349
35,3350
24,3351
29,3352
15,3353
15,3354
27,3355
34,3356
33,3357
19,3358
10,3359
28,3360
35,3361
27,3362
19,3363
2,3364
13,3365
26,3366
8,3367
3,3368
28,3369
27,3370
14,3371
22,3372
33,3373
33,3374
0,3375
9,3376
27,3377
33,3378
8,3379
15,3380
14,3381
22,3382
28,3383
30,3384
35,3385
4,3386
32,3387
20,3388
18,3389
9,3390
34,3391
9,3392
21,3393
19,3394
39,3395
27,3396
13,3397
16,3398
7,3399
25,3400
33,3401
20,3402
14,3403
11,3404
35,3405
4,3406
23,3407
11,3408
20,3409
25,3410
15,3411
27,3412
26,3413
19,3414
15,3415
32,3416
14,3417
23,3418
3,3419
25,3420
20,3421
30,3422
38,3423
33,3424
25,3425
16,3426
28,3427
34,3428
1,3429
2,3430
11,3431
33,3432
18,3433
25,3434
38,3435
31,3436
22,3437
16,3438
39,3439
32,3440
10,3441
38,3442
26,3443
6,3444
2,3445
3,3446
9,3447
39,3448
39,3449
19,3450
8,3451
30,3452
38,3453
32,3454
8,3455
26,3456
24,3457
22,3458
3,3459
27,3460
21,3461
38,3462
13,3463
15,3464
35,3465
39,3466
14,3467
35,3468
0,3469
13,3470
10,3471
7,3472
5,3473
17,3474
1,3475
31,3476
26,3477
5,3478
25,3479
25,3480
24,3481
30,3482
7,3483
23,3484
34,3485
11,3486
3,3487
26,3488
0,3489
37,3490
1,3491
17,3492
8,3493
15,3494
20,3495
19,3496
14,3497
17,3498
13,3499
36,3500
19,3501
38,3502
35,3503
8,3504
13,3505
15,3506
33,3507
34,3508
34,3509
38,3510
4,3511
27,3512
5,3513
5,3514
6,3515
24,3516
4,3517
19,3518
19,3519
23,3520
14,3521
1,3522
6,3523
29,3524
37,3525
34,3526
13,3527
38,3528
37,3529
21,3530
1,3531
33,3532
20,3533
10,3534
12,3535
12,3536
14,3537
36,3538
15,3539
35,3540
18,3541
14,3542
17,3543
13,3544
23,3545
4,3546
28,3547
4,3548
7,3549
23,3550
6,3551
31,3552
20,3553
26,3554
31,3555
11,3556
6,3557
29,3558
7,3559
22,3560
29,3561
28,3562
8,3563
14,3564
37,3565
35,3566
24,3567
23,3568
36,3569
37,3570
37,3571
34,3572
10,3573
27,3574
14,3575
25,3576
6,3577
34,3578
15,3579
27,3580
15,3581
13,3582
35,3583
2,3584
14,3585
9,3586
31,3587
35,3588
35,3589
0,3590
30,3591
6,3592
35,3593
32,3594
1,3595
33,3596
9,3597
13,3598
16,3599
15,3600
8,3601
21,3602
0,3603
14,3604
24,3605
38,3606
35,3607
10,3608
1,3609
19,3610
16,3611
19,3612
35,3613
9,3614
25,3615
3,3616
18,3617
10,3618
15,3619
0,3620
39,3621
36,3622
14,3623
23,3624
39,3625
15,3626
33,3627
37,3628
12,3629
38,3630
25,3631
5,3632
17,3633
13,3634
15,3635
15,3636
30,3637
20,3638
2,3639
31,3640
13,3641
34,3642
11,3643
17,3644
4,3645
6,3646
15,3647
25,3648
0,3649
0,3650
26,3651
38,3652
22,3653
32,3654
31,3655
11,3656
3,3657
0,3658
26,3659
36,3660
32,3661
26,3662
3,3663
6,3664
4,3665
13,3666
4,3667
2,3668
32,3669
18,3670
38,3671
0,3672
7,3673
23,3674
10,3675
22,3676
25,3677
35,3678
29,3679
18,3680
2,3681
34,3682
38,3683
2,3684
13,3685
34,3686
24,3687
36,3688
24,3689
10,3690
6,3691
27,3692
3,3693
36,3694
5,3695
32,3696
28,3697
18,3698
14,3699
16,3700
3,3701
7,3702
17,3703
17,3704
19,3705
35,3706
28,3707
24,3708
35,3709
11,3710
37,3711
20,3712
10,3713
9,3714
38,3715
22,3716
2,3717
39,3718
0,3719
17,3720
34,3721
2,3722
22,3723
31,3724
17,3725
13,3726
38,3727
16,3728
24,3729
16,3730
27,3731
27,3732
9,3733
15,3734
10,3735
33,3736
6,3737
24,3738
5,3739
4,3740
5,3741
1,3742
24,3743
1,3744
31,3745
16,3746
2,3747
0,3748
3,3749
37,3750
20,3751
25,3752
6,3753
9,3754
19,3755
22,3756
3,3757
10,3758
14,3759
35,3760
11,3761
23,3762
32,3763
8,3764
34,3765
8,3766
4,3767
24,3768
11,3769
8,3770
30,3771
32,3772
21,3773
14,3774
38,3775
21,3776
31,3777
28,3778
32,3779
19,3780
39,3781
11,3782
30,3783
16,3784
15,3785
22,3786
17,3787
12,3788
32,3789
18,3790
14,3791
28,3792
34,3793
27,3794
18,3795
19,3796
14,3797
26,3798
5,3799
30,3800
17,3801
29,3802
28,3803
5,3804
11,3805
8,3806
31,3807
21,3808
20,3809
28,3810
33,3811
20,3812
16,3813
28,3814
11,3815
30,3816
22,3817
13,3818
27,3819
6,3820
24,3821
0,3822
11,3823
36,3824
21,3825
35,3826
38,3827
12,3828
11,3829
27,3830
23,3831
12,3832
7,3833
37,3834
36,3835
14,3836
20,3837
26,3838
6,3839
6,3840
5,3841
22,3842
32,3843
27,3844
33,3845
28,3846
12,3847
10,3848
4,3849
23,3850
26,3851
36,3852
34,3853
32,3854
11,3855
22,3856
31,3857
26,3858
13,3859
24,3860
20,3861
31,3862
37,3863
5,3864
17,3865
30,3866
17,3867
35,3868
39,3869
11,3870
0,3871
13,3872
9,3873
10,3874
6,3875
3,3876
33,3877
23,3878
23,3879
36,3880
5,3881
0,3882
38,3883
17,3884
36,3885
17,3886
18,3887
36,3888
22,3889
33,3890
36,3891
37,3892
34,3893
12,3894
13,3895
18,3896
12,3897
21,3898
18,3899
32,3900
31,3901
18,3902
11,3903
10,3904
23,3905
20,3906
13,3907
9,3908
15,3909
30,3910
19,3911
37,3912
5,3913
10,3914
26,3915
18,3916
30,3917
0,3918
21,3919
38,3920
10,3921
25,3922
38,3923
5,3924
4,3925
2,3926
11,3927
3,3928
25,3929
16,3930
10,3931
29,3932
39,3933
38,3934
15,3935
32,3936
34,3937
33,3938
37,3939
13,3940
16,3941
35,3942
33,3943
24,3944
21,3945
14,3946
9,3947
27,3948
12,3949
3,3950
0,3951
34,3952
30,3953
12,3954
23,3955
4,3956
37,3957
39,3958
13,3959
30,3960
16,3961
26,3962
39,3963
1,3964
36,3965
22,3966
37,3967
33,3968
25,3969
28,3970
35,3971
28,3972
35,3973
35,3974
30,3975
7,3976
21,3977
4,3978
18,3979
2,3980
32,3981
22,3982
17,3983
25,3984
8,3985
11,3986
7,3987
4,3988
36,3989
16,3990
28,3991
12,3992
26,3993
10,3994
2,3995
26,3996
22,3997
32,3998
30,3999
11,4000
24,4001
17,4002
27,4003
25,4004
9,4005
1,4006
1,4007
23,4008
15,4009
30,4010
10,4011
17,4012
3,4013
6,4014
31,4015
5,4016
17,4017
33,4018
6,4019
2,4020
19,4021
33,4022
36,4023
9,4024
36,4025
5,4026
38,4027
25,4028
29,4029
24,4030
28,4031
25,4032
38,4033
19,4034
7,4035
35,4036
11,4037
30,4038
33,4039
36,4040
3,4041
36,4042
15,4043
24,4044
9,4045
27,4046
4,4047
34,4048
16,4049
13,4050
14,4051
36,4052
23,4053
30,4054
9,4055
8,4056
26,4057
10,4058
37,4059
11,4060
36,4061
24,4062
3,4063
3,4064
6,4065
23,4066
25,4067
37,4068
38,4069
21,4070
16,4071
18,4072
33,4073
10,4074
33,4075
26,4076
36,4077
1,4078
13,4079
12,4080
34,4081
36,4082
13,4083
31,4084
5,4085
0,4086
18,4087
32,4088
19,4089
33,4090
36,4091
37,4092
7,4093
35,4094
29,4095
37,4096
12,4097
12,4098
24,4099
11,4100
10,4101
4,4102
6,4103
16,4104
36,4105
17,4106
29,4107
39,4108
1,4109
1,4110
22,4111
32,4112
0,4113
17,4114
36,4115
5,4116
16,4117
9,4118
7,4119
31,4120
27,4121
15,4122
30,4123
34,4124
5,4125
2,4126
39,4127
16,4128
31,4129
35,4130
34,4131
27,4132
38,4133
39,4134
26,4135
9,4136
5,4137
15,4138
7,4139
25,4140
27,4141
11,4142
6,4143
25,4144
19,4145
13,4146
6,4147
0,4148
8,4149
36,4150
33,4151
30,4152
21,4153
26,4154
2,4155
10,4156
29,4157
18,4158
27,4159
8,4160
33,4161
25,4162
23,4163
15,4164
35,4165
9,4166
34,4167
24,4168
7,4169
30,4170
1,4171
37,4172
6,4173
31,4174
19,4175
25,4176
36,4177
22,4178
5,4179
38,4180
23,4181
2,4182
31,4183
16,4184
30,4185
33,4186
4,4187
10,4188
25,4189
35,4190
34,4191
29,4192
35,4193
3,4194
24,4195
14,4196
11,4197
0,4198
24,4199
21,4200
37,4201
0,4202
31,4203
5,4204
25,4205
39,4206
30,4207
14,4208
6,4209
36,4210
36,4211
33,4212
5,4213
32,4214
14,4215
14,4216
27,4217
29,4218
9,4219
31,4220
16,4221
13,4222
25,4223
33,4224
11,4225
32,4226
14,4227
16,4228
33,4229
17,4230
39,4231
23,4232
16,4233
24,4234
26,4235
27,4236
23,4237
14,4238
29,4239
26,4240
22,4241
28,4242
12,4243
36,4244
34,4245
30,4246
39,4247
30,4248
14,4249
9,4250
34,4251
27,4252
21,4253
39,4254
20,4255
35,4256
30,4257
17,4258
6,4259
19,4260
21,4261
10,4262
21,4263
4,4264
36,4265
12,4266
39,4267
38,4268
13,4269
20,4270
14,4271
5,4272
29,4273
27,4274
1,4275
11,4276
2,4277
6,4278
11,4279
2,4280
21,4281
2,4282
36,4283
23,4284
31,4285
20,4286
32,4287
4,4288
21,4289
6,4290
33,4291
30,4292
30,4293
34,4294
19,4295
17,4296
2,4297
26,4298
26,4299
2,4300
24,4301
7,4302
13,4303
35,4304
22,4305
8,4306
20,4307
39,4308
26,4309
39,4310
36,4311
3,4312
36,4313
28,4314
6,4315
11,4316
12,4317
24,4318
26,4319
9,4320
4,4321
32,4322
37,4323
21,4324
28,4325
38,4326
17,4327
20,4328
2,4329
32,4330
36,4331
20,4332
19,4333
15,4334
20,4335
23,4336
33,4337
1,4338
8,4339
31,4340
10,4341
26,4342
21,4343
27,4344
5,4345
1,4346
9,4347
10,4348
9,4349
5,4350
16,4351
31,4352
9,4353
23,4354
20,4355
30,4356
5,4357
25,4358
15,4359
20,4360
6,4361
32,4362
9,4363
3,4364
33,4365
25,4366
1,4367
7,4368
38,4369
8,4370
23,4371
32,4372
8,4373
1,4374
0,4375
18,4376
19,4377
3,4378
10,4379
23,4380
14,4381
13,4382
24,4383
7,4384
27,4385
26,4386
36,4387
15,4388
27,4389
3,4390
35,4391
14,4392
9,4393
21,4394
21,4395
14,4396
16,4397
4,4398
17,4399
21,4400
35,4401
28,4402
25,4403
31,4404
19,4405
21,4406
3,4407
19,4408
7,4409
22,4410
39,4411
13,4412
10,4413
6,4414
0,4415
9,4416
6,4417
21,4418
19,4419
38,4420
34,4421
26,4422
3,4423
7,4424
14,4425
21,4426
19,4427
26,4428
11,4429
20,4430
32,4431
8,4432
9,4433
19,4434
27,4435
17,4436
35,4437
29,4438
36,4439
27,4440
18,4441
21,4442
14,4443
30,4444
19,4445
38,4446
17,4447
29,4448
8,4449
9,4450
2,4451
33,4452
34,4453
0,4454
35,4455
25,4456
20,4457
2,4458
13,4459
5,4460
28,4461
15,4462
33,4463
12,4464
23,4465
29,4466
2,4467
1,4468
19,4469
21,4470
29,4471
24,4472
39,4473
25,4474
18,4475
21,4476
27,4477
14,4478
1,4479
33,4480
1,4481
37,4482
33,4483
22,4484
7,4485
32,4486
27,4487
29,4488
28,4489
14,4490
38,4491
34,4492
27,4493
18,4494
15,4495
11,4496
18,4497
6,4498
35,4499
26,4500
16,4501
21,4502
24,4503
32,4504
36,4505
33,4506
23,4507
13,4508
15,4509
20,4510
18,4511
32,4512
20,4513
39,4514
14,4515
4,4516
21,4517
19,4518
7,4519
13,4520
19,4521
26,4522
6,4523
20,4524
36,4525
33,4526
12,4527
0,4528
16,4529
25,4530
2,4531
7,4532
36,4533
38,4534
37,4535
35,4536
38,4537
27,4538
11,4539
7,4540
25,4541
20,4542
32,4543
23,4544
29,4545
26,4546
29,4547
33,4548
27,4549
19,4550
19,4551
22,4552
30,4553
27,4554
30,4555
5,4556
24,4557
3,4558
12,4559
1,4560
36,4561
0,4562
16,4563
17,4564
25,4565
19,4566
1,4567
2,4568
21,4569
25,4570
14,4571
20,4572
23,4573
11,4574
34,4575
36,4576
37,4577
20,4578
28,4579
15,4580
1,4581
20,4582
26,4583
35,4584
35,4585
0,4586
0,4587
17,4588
30,4589
19,4590
6,4591
28,4592
3,4593
0,4594
19,4595
18,4596
3,4597
10,4598
29,4599
27,4600
22,4601
4,4602
18,4603
36,4604
28,4605
22,4606
27,4607
22,4608
23,4609
26,4610
11,4611
31,4612
8,4613
22,4614
13,4615
19,4616
1,4617
29,4618
35,4619
0,4620
4,4621
15,4622
39,4623
3,4624
35,4625
39,4626
26,4627
30,4628
38,4629
14,4630
2,4631
20,4632
21,4633
1,4634
3,4635
14,4636
33,4637
39,4638
29,4639
29,4640
6,4641
23,4642
19,4643
21,4644
21,4645
33,4646
38,4647
33,4648
3,4649
39,4650
38,4651
35,4652
4,4653
20,4654
18,4655
10,4656
9,4657
7,4658
27,4659
29,4660
27,4661
2,4662
26,4663
20,4664
2,4665
0,4666
27,4667
7,4668
3,4669
21,4670
19,4671
36,4672
18,4673
4,4674
33,4675
28,4676
27,4677
2,4678
25,4679
30,4680
31,4681
15,4682
37,4683
29,4684
0,4685
38,4686
13,4687
27,4688
19,4689
11,4690
19,4691
28,4692
24,4693
10,4694
16,4695
27,4696
0,4697
32,4698
39,4699
17,4700
16,4701
11,4702
32,4703
8,4704
24,4705
21,4706
16,4707
6,4708
5,4709
10,4710
30,4711
1,4712
32,4713
30,4714
39,4715
20,4716
35,4717
7,4718
35,4719
19,4720
30,4721
10,4722
7,4723
25,4724
29,4725
34,4726
23,4727
23,4728
17,4729
4,4730
23,4731
21,4732
14,4733
27,4734
27,4735
23,4736
37,4737
28,4738
8,4739
29,4740
23,4741
7,4742
7,4743
16,4744
10,4745
21,4746
13,4747
13,4748
20,4749
25,4750
15,4751
7,4752
24,4753
16,4754
26,4755
3,4756
35,4757
11,4758
18,4759
9,4760
22,4761
30,4762
1,4763
37,4764
36,4765
10,4766
4,4767
39,4768
14,4769
15,4770
10,4771
15,4772
10,4773
22,4774
38,4775
1,4776
34,4777
6,4778
4,4779
10,4780
27,4781
28,4782
20,4783
31,4784
2,4785
38,4786
30,4787
38,4788
12,4789
36,4790
35,4791
3,4792
26,4793
10,4794
6,4795
29,4796
16,4797
29,4798
3,4799
7,4800
0,4801
18,4802
2,4803
16,4804
18,4805
36,4806
10,4807
29,4808
11,4809
37,4810
39,4811
10,4812
23,4813
28,4814
31,4815
16,4816
5,4817
33,4818
27,4819
30,4820
27,4821
15,4822
6,4823
12,4824
31,4825
29,4826
7,4827
24,4828
28,4829
10,4830
32,4831
12,4832
33,4833
33,4834
6,4835
12,4836
24,4837
16,4838
0,4839
28,4840
23,4841
37,4842
23,4843
22,4844
37,4845
24,4846
30,4847
13,4848
37,4849
16,4850
2,4851
8,4852
15,4853
36,4854
36,4855
27,4856
34,4857
34,4858
12,4859
0,4860
14,4861
3,4862
14,4863
23,4864
32,4865
19,4866
25,4867
1,4868
17,4869
9,4870
39,4871
27,4872
32,4873
37,4874
24,4875
34,4876
1,4877
8,4878
37,4879
21,4880
26,4881
6,4882
5,4883
7,4884
31,4885
21,4886
4,4887
20,4888
26,4889
32,4890
32,4891
8,4892
30,4893
2,4894
9,4895
28,4896
4,4897
10,4898
12,4899
3,4900
11,4901
30,4902
3,4903
37,4904
35,4905
39,4906
27,4907
0,4908
11,4909
15,4910
13,4911
38,4912
1,4913
12,4914
24,4915
15,4916
29,4917
26,4918
5,4919
16,4920
39,4921
9,4922
7,4923
1,4924
25,4925
4,4926
19,4927
0,4928
23,4929
37,4930
34,4931
27,4932
4,4933
12,4934
25,4935
36,4936
19,4937
28,4938
7,4939
3,4940
33,4941
39,4942
0,4943
11,4944
18,4945
32,4946
8,4947
37,4948
7,4949
27,4950
25,4951
5,4952
14,4953
0,4954
19,4955
22,4956
19,4957
20,4958
8,4959
14,4960
8,4961
16,4962
33,4963
2,4964
16,4965
6,4966
15,4967
23,4968
20,4969
39,4970
24,4971
23,4972
8,4973
13,4974
16,4975
4,4976
13,4977
34,4978
6,4979
32,4980
18,4981
20,4982
22,4983
37,4984
8,4985
17,4986
25,4987
36,4988
38,4989
33,4990
21,4991
26,4992
6,4993
19,4994
19,4995
25,4996
32,4997
13,4998
26,4999
2,5000
39,5001
35,5002
12,5003
37,5004
34,5005
32,5006
22,5007
16,5008
19,5009
37,5010
17,5011
3,5012
12,5013
27,5014
7,5015
21,5016
3,5017
28,5018
18,5019
20,5020
26,5021
8,5022
22,5023
33,5024
23,5025
29,5026
0,5027
30,5028
32,5029
14,5030
34,5031
39,5032
33,5033
33,5034
16,5035
0,5036
7,5037
10,5038
7,5039
5,5040
29,5041
8,5042
15,5043
3,5044
21,5045
17,5046
9,5047
25,5048
24,5049
30,5050
0,5051
39,5052
30,5053
11,5054
31,5055
9,5056
35,5057
23,5058
20,5059
30,5060
36,5061
21,5062
5,5063
34,5064
5,5065
17,5066
6,5067
6,5068
33,5069
35,5070
5,5071
33,5072
9,5073
9,5074
6,5075
25,5076
28,5077
30,5078
39,5079
9,5080
1,5081
22,5082
35,5083
22,5084
1,5085
3,5086
19,5087
36,5088
11,5089
17,5090
37,5091
29,5092
1,5093
5,5094
30,5095
1,5096
7,5097
26,5098
11,5099
22,5100
19,5101
10,5102
25,5103
30,5104
25,5105
9,5106
29,5107
22,5108
36,5109
34,5110
23,5111
37,5112
29,5113
10,5114
3,5115
29,5116
19,5117
16,5118
21,5119
16,5120
0,5121
16,5122
38,5123
28,5124
4,5125
37,5126
8,5127
19,5128
4,5129
33,5130
2,5131
26,5132
33,5133
1,5134
33,5135
12,5136
11,5137
11,5138
27,5139
4,5140
21,5141
10,5142
8,5143
9,5144
14,5145
21,5146
20,5147
7,5148
23,5149
1,5150
10,5151
16,5152
1,5153
22,5154
11,5155
35,5156
34,5157
7,5158
1,5159
3,5160
32,5161
8,5162
21,5163
10,5164
35,5165
4,5166
4,5167
8,5168
16,5169
24,5170
5,5171
21,5172
27,5173
26,5174
10,5175
13,5176
16,5177
36,5178
13,5179
14,5180
39,5181
31,5182
22,5183
13,5184
38,5185
30,5186
25,5187
17,5188
2,5189
4,5190
20,5191
20,5192
3,5193
38,5194
15,5195
20,5196
39,5197
36,5198
34,5199
30,5200
32,5201
28,5202
14,5203
14,5204
29,5205
6,5206
2,5207
32,5208
16,5209
25,5210
26,5211
14,5212
34,5213
38,5214
7,5215
34,5216
27,5217
34,5218
9,5219
37,5220
15,5221
0,5222
18,5223
36,5224
11,5225
29,5226
5,5227
33,5228
8,5229
23,5230
2,5231
22,5232
25,5233
24,5234
15,5235
32,5236
22,5237
35,5238
14,5239
12,5240
24,5241
2,5242
22,5243
8,5244
11,5245
32,5246
34,5247
11,5248
37,5249
24,5250
10,5251
38,5252
37,5253
7,5254
9,5255
2,5256
26,5257
32,5258
7,5259
25,5260
31,5261
22,5262
5,5263
29,5264
38,5265
13,5266
9,5267
0,5268
7,5269
17,5270
15,5271
23,5272
36,5273
32,5274
8,5275
24,5276
20,5277
17,5278
20,5279
5,5280
18,5281
23,5282
33,5283
30,5284
25,5285
22,5286
15,5287
12,5288
12,5289
34,5290
22,5291
31,5292
24,5293
23,5294
22,5295
15,5296
18,5297
13,5298
6,5299
21,5300
31,5301
18,5302
3,5303
31,5304
31,5305
37,5306
5,5307
8,5308
15,5309
39,5310
19,5311
31,5312
13,5313
30,5314
30,5315
4,5316
16,5317
19,5318
23,5319
33,5320
8,5321
5,5322
26,5323
39,5324
3,5325
10,5326
32,5327
15,5328
21,5329
38,5330
21,5331
23,5332
20,5333
16,5334
39,5335
30,5336
35,5337
21,5338
29,5339
4,5340
32,5341
4,5342
32,5343
17,5344
12,5345
1,5346
14,5347
9,5348
26,5349
36,5350
29,5351
25,5352
16,5353
24,5354
21,5355
31,5356
1,5357
14,5358
12,5359
2,5360
29,5361
14,5362
12,5363
35,5364
17,5365
25,5366
8,5367
5,5368
19,5369
27,5370
37,5371
9,5372
25,5373
27,5374
26,5375
0,5376
5,5377
34,5378
37,5379
12,5380
17,5381
24,5382
15,5383
30,5384
0,5385
16,5386
24,5387
11,5388
36,5389
7,5390
8,5391
35,5392
0,5393
39,5394
21,5395
38,5396
27,5397
22,5398
32,5399
18,5400
3,5401
25,5402
1,5403
17,5404
35,5405
18,5406
32,5407
17,5408
6,5409
2,5410
23,5411
6,5412
28,5413
30,5414
16,5415
24,5416
8,5417
20,5418
11,5419
25,5420
21,5421
15,5422
1,5423
1,5424
22,5425
4,5426
19,5427
38,5428
5,5429
7,5430
10,5431
23,5432
7,5433
6,5434
20,5435
18,5436
31,5437
33,5438
32,5439
39,5440
7,5441
25,5442
3,5443
15,5444
3,5445
19,5446
27,5447
24,5448
3,5449
5,5450
24,5451
9,5452
25,5453
1,5454
1,5455
11,5456
1,5457
4,5458
18,5459
19,5460
21,5461
4,5462
7,5463
27,5464
29,5465
34,5466
32,5467
7,5468
7,5469
20,5470
8,5471
15,5472
22,5473
30,5474
3,5475
21,5476
25,5477
24,5478
33,5479
16,5480
35,5481
33,5482
38,5483
13,5484
28,5485
39,5486
27,5487
19,5488
23,5489
28,5490
16,5491
12,5492
29,5493
25,5494
3,5495
9,5496
16,5497
15,5498
31,5499
7,5500
38,5501
34,5502
36,5503
29,5504
34,5505
35,5506
38,5507
5,5508
35,5509
3,5510
37,5511
34,5512
0,5513
8,5514
24,5515
22,5516
0,5517
11,5518
11,5519
24,5520
31,5521
26,5522
8,5523
31,5524
23,5525
22,5526
5,5527
38,5528
32,5529
2,5530
31,5531
18,5532
0,5533
12,5534
12,5535
33,5536
29,5537
22,5538
12,5539
29,5540
26,5541
19,5542
29,5543
22,5544
25,5545
16,5546
21,5547
31,5548
25,5549
27,5550
35,5551
15,5552
35,5553
31,5554
15,5555
21,5556
35,5557
31,5558
22,5559
9,5560
17,5561
29,5562
7,5563
23,5564
21,5565
27,5566
38,5567
31,5568
28,5569
30,5570
2,5571
8,5572
24,5573
13,5574
22,5575
14,5576
5,5577
29,5578
22,5579
13,5580
33,5581
39,5582
21,5583
15,5584
19,5585
1,5586
39,5587
29,5588
5,5589
20,5590
2,5591
28,5592
16,5593
27,5594
6,5595
24,5596
39,5597
10,5598
18,5599
0,5600
30,5601
38,5602
32,5603
39,5604
8,5605
0,5606
30,5607
7,5608
6,5609
18,5610
15,5611
38,5612
10,5613
15,5614
21,5615
24,5616
12,5617
37,5618
0,5619
4,5620
3,5621
33,5622
37,5623
29,5624
14,5625
12,5626
5,5627
18,5628
33,5629
28,5630
20,5631
39,5632
32,5633
32,5634
14,5635
27,5636
2,5637
9,5638
38,5639
11,5640
37,5641
9,5642
10,5643
1,5644
25,5645
13,5646
9,5647
36,5648
1,5649
6,5650
29,5651
0,5652
35,5653
5,5654
18,5655
12,5656
35,5657
26,5658
7,5659
12,5660
35,5661
28,5662
34,5663
0,5664
37,5665
35,5666
27,5667
16,5668
8,5669
5,5670
27,5671
33,5672
10,5673
1,5674
12,5675
6,5676
29,5677
29,5678
5,5679
12,5680
3,5681
25,5682
34,5683
4,5684
15,5685
18,5686
33,5687
1,5688
29,5689
7,5690
37,5691
7,5692
21,5693
21,5694
9,5695
19,5696
3,5697
2,5698
18,5699
35,5700
4,5701
15,5702
10,5703
39,5704
33,5705
38,5706
1,5707
15,5708
18,5709
7,5710
27,5711
33,5712
32,5713
3,5714
11,5715
9,5716
24,5717
18,5718
5,5719
6,5720
17,5721
5,5722
19,5723
14,5724
20,5725
2,5726
9,5727
36,5728
8,5729
38,5730
9,5731
3,5732
35,5733
30,5734
33,5735
16,5736
5,5737
11,5738
26,5739
19,5740
15,5741
23,5742
25,5743
21,5744
35,5745
39,5746
13,5747
38,5748
19,5749
26,5750
24,5751
24,5752
22,5753
4,5754
17,5755
13,5756
38,5757
1,5758
20,5759
23,5760
21,5761
38,5762
36,5763
9,5764
3,5765
21,5766
0,5767
13,5768
39,5769
33,5770
2,5771
19,5772
11,5773
13,5774
20,5775
31,5776
12,5777
10,5778
35,5779
39,5780
36,5781
37,5782
1,5783
23,5784
15,5785
31,5786
3,5787
1,5788
15,5789
10,5790
32,5791
38,5792
15,5793
16,5794
1,5795
36,5796
22,5797
14,5798
8,5799
21,5800
3,5801
29,5802
24,5803
12,5804
8,5805
23,5806
26,5807
13,5808
10,5809
12,5810
33,5811
2,5812
26,5813
35,5814
16,5815
9,5816
2,5817
10,5818
20,5819
5,5820
11,5821
35,5822
28,5823
0,5824
2,5825
28,5826
36,5827
36,5828
30,5829
3,5830
21,5831
15,5832
2,5833
23,5834
18,5835
11,5836
19,5837
20,5838
7,5839
14,5840
38,5841
35,5842
33,5843
5,5844
22,5845
8,5846
30,5847
24,5848
13,5849
25,5850
10,5851
16,5852
3,5853
27,5854
8,5855
23,5856
31,5857
27,5858
21,5859
2,5860
20,5861
9,5862
27,5863
0,5864
29,5865
24,5866
22,5867
39,5868
34,5869
37,5870
38,5871
9,5872
17,5873
33,5874
0,5875
10,5876
19,5877
37,5878
3,5879
10,5880
15,5881
39,5882
17,5883
29,5884
17,5885
22,5886
39,5887
21,5888
6,5889
28,5890
19,5891
24,5892
3,5893
0,5894
19,5895
36,5896
5,5897
8,5898
0,5899
4,5900
32,5901
16,5902
15,5903
18,5904
22,5905
18,5906
33,5907
8,5908
9,5909
13,5910
7,5911
2,5912
4,5913
9,5914
19,5915
39,5916
28,5917
36,5918
22,5919
1,5920
13,5921
0,5922
29,5923
35,5924
27,5925
38,5926
30,5927
23,5928
8,5929
3,5930
18,5931
8,5932
24,5933
35,5934
19,5935
15,5936
1,5937
19,5938
19,5939
30,5940
33,5941
30,5942
29,5943
29,5944
27,5945
29,5946
6,5947
14,5948
11,5949
26,5950
37,5951
21,5952
4,5953
35,5954
31,5955
14,5956
6,5957
28,5958
12,5959
13,5960
23,5961
32,5962
19,5963
14,5964
19,5965
37,5966
29,5967
38,5968
30,5969
20,5970
28,5971
9,5972
28,5973
12,5974
31,5975
21,5976
16,5977
29,5978
34,5979
39,5980
11,5981
39,5982
11,5983
7,5984
11,5985
37,5986
12,5987
10,5988
33,5989
10,5990
34,5991
18,5992
33,5993
13,5994
37,5995
31,5996
25,5997
16,5998
30,5999
39,6000
21,6001
9,6002
34,6003
12,6004
23,6005
16,6006
27,6007
28,6008
6,6009
25,6010
19,6011
24,6012
28,6013
24,6014
5,6015
32,6016
5,6017
13,6018
21,6019
15,6020
24,6021
14,6022
34,6023
20,6024
24,6025
39,6026
18,6027
24,6028
18,6029
2,6030
14,6031
12,6032
35,6033
12,6034
7,6035
38,6036
12,6037
25,6038
35,6039
13,6040
37,6041
37,6042
26,6043
7,6044
14,6045
14,6046
4,6047
18,6048
29,6049
35,6050
39,6051
23,6052
39,6053
27,6054
9,6055
39,6056
18,6057
16,6058
34,6059
31,6060
15,6061
6,6062
36,6063
36,6064
36,6065
11,6066
6,6067
25,6068
32,6069
17,6070
2,6071
39,6072
39,6073
30,6074
7,6075
25,6076
33,6077
4,6078
33,6079
0,6080
36,6081
7,6082
18,6083
31,6084
3,6085
14,6086
8,6087
32,6088
36,6089
35,6090
35,6091
24,6092
37,6093
22,6094
4,6095
27,6096
7,6097
14,6098
7,6099
32,6100
12,6101
22,6102
28,6103
23,6104
7,6105
14,6106
23,6107
4,6108
8,6109
32,6110
1,6111
29,6112
10,6113
34,6114
39,6115
20,6116
27,6117
32,6118
16,6119
29,6120
28,6121
38,6122
5,6123
28,6124
37,6125
6,6126
33,6127
2,6128
14,6129
33,6130
8,6131
16,6132
22,6133
38,6134
12,6135
30,6136
8,6137
26,6138
31,6139
33,6140
22,6141
13,6142
4,6143
39,6144
1,6145
20,6146
1,6147
5,6148
4,6149
9,6150
0,6151
14,6152
4,6153
29,6154
18,6155
17,6156
25,6157
17,6158
10,6159
25,6160
36,6161
14,6162
18,6163
20,6164
7,6165
4,6166
39,6167
13,6168
11,6169
35,6170
26,6171
36,6172
25,6173
0,6174
18,6175
27,6176
23,6177
30,6178
8,6179
2,6180
35,6181
0,6182
33,6183
34,6184
26,6185
8,6186
16,6187
35,6188
31,6189
7,6190
5,6191
28,6192
33,6193
24,6194
19,6195
20,6196
28,6197
29,6198
39,6199
4,6200
2,6201
12,6202
32,6203
20,6204
17,6205
20,6206
18,6207
22,6208
16,6209
24,6210
8,6211
10,6212
19,6213
19,6214
15,6215
9,6216
19,6217
17,6218
38,6219
23,6220
15,6221
31,6222
25,6223
2,6224
4,6225
8,6226
1,6227
23,6228
16,6229
32,6230
7,6231
31,6232
31,6233
24,6234
24,6235
33,6236
10,6237
16,6238
5,6239
31,6240
15,6241
23,6242
19,6243
35,6244
13,6245
33,6246
11,6247
37,6248
33,6249
14,6250
33,6251
24,6252
7,6253
4,6254
18,6255
6,6256
7,6257
19,6258
36,6259
31,6260
14,6261
39,6262
1,6263
4,6264
23,6265
18,6266
11,6267
11,6268
4,6269
1,6270
8,6271
30,6272
7,6273
1,6274
2,6275
33,6276
37,6277
33,6278
22,6279
20,6280
14,6281
12,6282
16,6283
0,6284
4,6285
28,6286
1,6287
1,6288
31,6289
18,6290
30,6291
37,6292
33,6293
11,6294
16,6295
23,6296
8,6297
5,6298
9,6299
15,6300
20,6301
22,6302
17,6303
37,6304
11,6305
35,6306
35,6307
30,6308
31,6309
27,6310
21,6311
32,6312
11,6313
32,6314
1,6315
37,6316
4,6317
37,6318
20,6319
22,6320
1,6321
18,6322
6,6323
8,6324
2,6325
24,6326
37,6327
7,6328
17,6329
31,6330
17,6331
1,6332
12,6333
2,6334
14,6335
33,6336
11,6337
13,6338
21,6339
11,6340
32,6341
13,6342
23,6343
0,6344
18,6345
3,6346
19,6347
5,6348
39,6349
33,6350
6,6351
20,6352
5,6353
29,6354
11,6355
28,6356
26,6357
35,6358
13,6359
26,6360
25,6361
21,6362
7,6363
26,6364
16,6365
8,6366
35,6367
36,6368
12,6369
10,6370
11,6371
37,6372
38,6373
38,6374
37,6375
32,6376
14,6377
20,6378
37,6379
26,6380
1,6381
29,6382
4,6383
14,6384
3,6385
3,6386
15,6387
30,6388
30,6389
21,6390
26,6391
29,6392
11,6393
10,6394
2,6395
25,6396
25,6397
24,6398
38,6399
37,6400
21,6401
18,6402
18,6403
17,6404
19,6405
21,6406
31,6407
13,6408
23,6409
34,6410
11,6411
4,6412
22,6413
18,6414
20,6415
9,6416
3,6417
16,6418
27,6419
8,6420
13,6421
12,6422
11,6423
12,6424
15,6425
17,6426
13,6427
21,6428
9,6429
33,6430
9,6431
36,6432
39,6433
0,6434
4,6435
15,6436
3,6437
25,6438
7,6439
36,6440
4,6441
32,6442
38,6443
14,6444
38,6445
7,6446
30,6447
13,6448
39,6449
7,6450
18,6451
26,6452
6,6453
31,6454
3,6455
9,6456
13,6457
26,6458
17,6459
13,6460
13,6461
23,6462
22,6463
3,6464
27,6465
13,6466
3,6467
38,6468
18,6469
10,6470
15,6471
23,6472
30,6473
21,6474
34,6475
20,6476
15,6477
31,6478
21,6479
27,6480
23,6481
23,6482
11,6483
25,6484
10,6485
12,6486
3,6487
5,6488
38,6489
24,6490
33,6491
9,6492
1,6493
14,6494
16,6495
24,6496
36,6497
11,6498
2,6499
3,6500
14,6501
23,6502
5,6503
24,6504
28,6505
22,6506
4,6507
32,6508
27,6509
27,6510
27,6511
3,6512
4,6513
26,6514
37,6515
38,6516
22,6517
38,6518
24,6519
1,6520
31,6521
19,6522
1,6523
29,6524
18,6525
38,6526
34,6527
12,6528
23,6529
36,6530
39,6531
14,6532
19,6533
36,6534
26,6535
35,6536
10,6537
10,6538
9,6539
13,6540
31,6541
20,6542
15,6543
37,6544
33,6545
28,6546
1,6547
8,6548
20,6549
7,6550
10,6551
21,6552
18,6553
9,6554
22,6555
7,6556
39,6557
16,6558
23,6559
39,6560
19,6561
18,6562
10,6563
24,6564
9,6565
18,6566
13,6567
17,6568
22,6569
22,6570
37,6571
27,6572
26,6573
10,6574
32,6575
15,6576
2,6577
38,6578
0,6579
27,6580
22,6581
0,6582
10,6583
25,6584
25,6585
38,6586
28,6587
30,6588
1,6589
21,6590
21,6591
2,6592
19,6593
12,6594
30,6595
36,6596
5,6597
10,6598
1,6599
10,6600
1,6601
29,6602
9,6603
37,6604
22,6605
9,6606
16,6607
30,6608
9,6609
28,6610
17,6611
14,6612
0,6613
32,6614
14,6615
20,6616
29,6617
37,6618
39,6619
33,6620
14,6621
15,6622
4,6623
38,6624
0,6625
34,6626
19,6627
14,6628
39,6629
5,6630
22,6631
19,6632
29,6633
6,6634
39,6635
15,6636
6,6637
16,6638
39,6639
29,6640
37,6641
10,6642
7,6643
32,6644
24,6645
13,6646
21,6647
7,6648
25,6649
17,6650
29,6651
19,6652
34,6653
33,6654
38,6655
21,6656
17,6657
15,6658
16,6659
5,6660
6,6661
31,6662
34,6663
37,6664
4,6665
36,6666
18,6667
8,6668
17,6669
37,6670
21,6671
25,6672
0,6673
35,6674
14,6675
27,6676
39,6677
38,6678
4,6679
7,6680
21,6681
32,6682
18,6683
25,6684
22,6685
10,6686
0,6687
34,6688
8,6689
18,6690
8,6691
23,6692
13,6693
26,6694
15,6695
36,6696
34,6697
2,6698
3,6699
29,6700
30,6701
11,6702
33,6703
20,6704
19,6705
33,6706
4,6707
3,6708
2,6709
28,6710
29,6711
15,6712
37,6713
11,6714
19,6715
36,6716
33,6717
2,6718
39,6719
6,6720
10,6721
27,6722
13,6723
34,6724
39,6725
39,6726
31,6727
18,6728
3,6729
30,6730
16,6731
27,6732
1,6733
36,6734
39,6735
11,6736
10,6737
4,6738
33,6739
26,6740
17,6741
16,6742
38,6743
4,6744
25,6745
19,6746
21,6747
26,6748
36,6749
3,6750
8,6751
21,6752
37,6753
29,6754
15,6755
3,6756
5,6757
26,6758
29,6759
13,6760
36,6761
20,6762
31,6763
23,6764
12,6765
32,6766
22,6767
31,6768
37,6769
30,6770
26,6771
29,6772
19,6773
9,6774
28,6775
12,6776
16,6777
34,6778
34,6779
30,6780
29,6781
22,6782
4,6783
22,6784
37,6785
22,6786
38,6787
28,6788
36,6789
33,6790
28,6791
6,6792
13,6793
9,6794
3,6795
2,6796
15,6797
39,6798
25,6799
22,6800
16,6801
8,6802
25,6803
14,6804
30,6805
0,6806
18,6807
37,6808
33,6809
14,6810
26,6811
39,6812
16,6813
1,6814
2,6815
6,6816
18,6817
34,6818
21,6819
32,6820
5,6821
24,6822
21,6823
8,6824
27,6825
2,6826
14,6827
19,6828
9,6829
35,6830
12,6831
7,6832
12,6833
11,6834
38,6835
29,6836
36,6837
21,6838
29,6839
9,6840
23,6841
17,6842
7,6843
16,6844
16,6845
25,6846
38,6847
6,6848
6,6849
28,6850
4,6851
7,6852
34,6853
14,6854
19,6855
13,6856
5,6857
15,6858
15,6859
27,6860
30,6861
4,6862
29,6863
3,6864
29,6865
14,6866
17,6867
39,6868
26,6869
7,6870
13,6871
25,6872
30,6873
4,6874
15,6875
22,6876
28,6877
16,6878
25,6879
1,6880
28,6881
24,6882
19,6883
9,6884
19,6885
17,6886
28,6887
28,6888
26,6889
32,6890
30,6891
20,6892
22,6893
5,6894
35,6895
7,6896
10,6897
9,6898
18,6899
21,6900
34,6901
0,6902
6,6903
11,6904
6,6905
37,6906
34,6907
37,6908
35,6909
8,6910
21,6911
28,6912
20,6913
24,6914
11,6915
37,6916
39,6917
2,6918
16,6919
8,6920
7,6921
9,6922
26,6923
23,6924
7,6925
29,6926
29,6927
37,6928
36,6929
23,6930
17,6931
26,6932
0,6933
24,6934
16,6935
2,6936
15,6937
16,6938
38,6939
19,6940
25,6941
10,6942
39,6943
33,6944
30,6945
6,6946
12,6947
34,6948
26,6949
26,6950
16,6951
39,6952
8,6953
10,6954
36,6955
39,6956
15,6957
32,6958
23,6959
2,6960
24,6961
25,6962
20,6963
12,6964
9,6965
4,6966
33,6967
1,6968
5,6969
29,6970
17,6971
6,6972
34,6973
29,6974
0,6975
5,6976
38,6977
34,6978
23,6979
0,6980
20,6981
1,6982
23,6983
9,6984
36,6985
0,6986
36,6987
16,6988
39,6989
15,6990
35,6991
28,6992
1,6993
22,6994
22,6995
27,6996
2,6997
8,6998
12,6999
27,7000
27,7001
25,7002
14,7003
14,7004
19,7005
37,7006
10,7007
3,7008
29,7009
37,7010
34,7011
5,7012
22,7013
8,7014
4,7015
30,7016
35,7017
27,7018
8,7019
23,7020
17,7021
32,7022
24,7023
7,7024
16,7025
35,7026
31,7027
37,7028
34,7029
8,7030
5,7031
8,7032
18,7033
1,7034
28,7035
11,7036
30,7037
33,7038
32,7039
25,7040
16,7041
28,7042
37,7043
6,7044
22,7045
32,7046
37,7047
34,7048
30,7049
28,7050
3,7051
36,7052
36,7053
6,7054
33,7055
38,7056
33,7057
34,7058
38,7059
33,7060
1,7061
16,7062
14,7063
5,7064
9,7065
19,7066
11,7067
29,7068
35,7069
19,7070
12,7071
35,7072
17,7073
15,7074
5,7075
21,7076
27,7077
17,7078
0,7079
16,7080
35,7081
15,7082
25,7083
28,7084
28,7085
39,7086
3,7087
23,7088
27,7089
31,7090
12,7091
16,7092
35,7093
23,7094
34,7095
9,7096
37,7097
26,7098
31,7099
14,7100
4,7101
24,7102
39,7103
26,7104
20,7105
31,7106
23,7107
9,7108
6,7109
11,7110
15,7111
29,7112
2,7113
6,7114
29,7115
7,7116
33,7117
1,7118
32,7119
34,7120
21,7121
26,7122
32,7123
5,7124
4,7125
39,7126
35,7127
28,7128
28,7129
18,7130
28,7131
13,7132
27,7133
35,7134
10,7135
12,7136
23,7137
28,7138
11,7139
16,7140
28,7141
8,7142
16,7143
32,7144
28,7145
22,7146
22,7147
34,7148
14,7149
32,7150
37,7151
16,7152
32,7153
26,7154
34,7155
26,7156
32,7157
22,7158
32,7159
37,7160
25,7161
16,7162
19,7163
29,7164
2,7165
32,7166
3,7167
32,7168
21,7169
5,7170
34,7171
10,7172
33,7173
23,7174
6,7175
4,7176
15,7177
9,7178
16,7179
9,7180
25,7181
21,7182
24,7183
30,7184
25,7185
25,7186
24,7187
14,7188
19,7189
27,7190
32,7191
32,7192
13,7193
33,7194
11,7195
3,7196
9,7197
3,7198
26,7199
7,7200
17,7201
5,7202
39,7203
9,7204
15,7205
32,7206
39,7207
10,7208
39,7209
26,7210
17,7211
4,7212
1,7213
29,7214
22,7215
3,7216
27,7217
6,7218
32,7219
25,7220
10,7221
10,7222
12,7223
26,7224
10,7225
15,7226
35,7227
18,7228
24,7229
35,7230
28,7231
27,7232
5,7233
30,7234
12,7235
6,7236
20,7237
25,7238
14,7239
19,7240
26,7241
34,7242
0,7243
39,7244
12,7245
18,7246
37,7247
15,7248
14,7249
10,7250
4,7251
1,7252
37,7253
28,7254
8,7255
32,7256
28,7257
33,7258
28,7259
13,7260
19,7261
23,7262
5,7263
14,7264
6,7265
37,7266
37,7267
11,7268
33,7269
3,7270
5,7271
35,7272
12,7273
5,7274
17,7275
16,7276
9,7277
12,7278
4,7279
33,7280
33,7281
31,7282
1,7283
11,7284
25,7285
26,7286
4,7287
15,7288
7,7289
2,7290
31,7291
23,7292
21,7293
26,7294
15,7295
3,7296
17,7297
14,7298
31,7299
26,7300
27,7301
16,7302
27,7303
28,7304
4,7305
1,7306
17,7307
37,7308
0,7309
23,7310
6,7311
30,7312
7,7313
10,7314
35,7315
3,7316
9,7317
38,7318
0,7319
5,7320
17,7321
9,7322
19,7323
10,7324
22,7325
35,7326
19,7327
9,7328
31,7329
1,7330
0,7331
28,7332
3,7333
10,7334
5,7335
23,7336
9,7337
33,7338
14,7339
36,7340
16,7341
11,7342
34,7343
34,7344
39,7345
5,7346
19,7347
1,7348
36,7349
2,7350
7,7351
5,7352
31,7353
26,7354
24,7355
16,7356
0,7357
30,7358
28,7359
11,7360
5,7361
7,7362
34,7363
14,7364
35,7365
3,7366
26,7367
17,7368
21,7369
37,7370
2,7371
15,7372
16,7373
15,7374
32,7375
30,7376
26,7377
16,7378
0,7379
12,7380
15,7381
30,7382
10,7383
36,7384
25,7385
9,7386
27,7387
15,7388
18,7389
7,7390
1,7391
25,7392
12,7393
21,7394
27,7395
17,7396
17,7397
11,7398
15,7399
11,7400
18,7401
10,7402
38,7403
30,7404
33,7405
28,7406
24,7407
9,7408
29,7409
6,7410
17,7411
23,7412
26,7413
21,7414
33,7415
32,7416
7,7417
31,7418
20,7419
30,7420
7,7421
0,7422
20,7423
12,7424
4,7425
30,7426
1,7427
11,7428
35,7429
8,7430
12,7431
33,7432
11,7433
18,7434
21,7435
2,7436
17,7437
6,7438
35,7439
19,7440
26,7441
16,7442
34,7443
20,7444
21,7445
15,7446
25,7447
28,7448
36,7449
18,7450
27,7451
0,7452
9,7453
36,7454
14,7455
12,7456
31,7457
23,7458
30,7459
14,7460
30,7461
31,7462
20,7463
8,7464
14,7465
23,7466
12,7467
6,7468
31,7469
35,7470
34,7471
4,7472
25,7473
19,7474
26,7475
27,7476
7,7477
37,7478
24,7479
39,7480
9,7481
3,7482
20,7483
36,7484
37,7485
28,7486
35,7487
23,7488
24,7489
6,7490
10,7491
26,7492
25,7493
6,7494
37,7495
33,7496
3,7497
11,7498
33,7499
26,7500
36,7501
20,7502
20,7503
6,7504
24,7505
13,7506
36,7507
3,7508
26,7509
32,7510
22,7511
10,7512
9,7513
11,7514
0,7515
7,7516
28,7517
14,7518
26,7519
12,7520
8,7521
30,7522
12,7523
32,7524
34,7525
25,7526
26,7527
27,7528
39,7529
5,7530
23,7531
34,7532
3,7533
29,7534
2,7535
27,7536
32,7537
31,7538
31,7539
16,7540
19,7541
5,7542
26,7543
18,7544
23,7545
10,7546
39,7547
18,7548
11,7549
8,7550
24,7551
30,7552
14,7553
37,7554
32,7555
7,7556
23,7557
23,7558
11,7559
30,7560
35,7561
8,7562
11,7563
18,7564
28,7565
16,7566
27,7567
11,7568
4,7569
19,7570
17,7571
15,7572
7,7573
23,7574
18,7575
21,7576
23,7577
37,7578
10,7579
31,7580
11,7581
22,7582
21,7583
21,7584
5,7585
23,7586
10,7587
3,7588
12,7589
3,7590
3,7591
3,7592
34,7593
5,7594
3,7595
12,7596
20,7597
5,7598
17,7599
25,7600
28,7601
29,7602
26,7603
31,7604
16,7605
1,7606
19,7607
8,7608
9,7609
2,7610
36,7611
12,7612
15,7613
21,7614
0,7615
6,7616
25,7617
30,7618
10,7619
3,7620
7,7621
20,7622
25,7623
9,7624
13,7625
29,7626
32,7627
7,7628
1,7629
17,7630
11,7631
26,7632
15,7633
0,7634
26,7635
18,7636
30,7637
12,7638
29,7639
29,7640
21,7641
7,7642
13,7643
22,7644
22,7645
11,7646
2,7647
19,7648
38,7649
34,7650
29,7651
16,7652
15,7653
32,7654
4,7655
0,7656
15,7657
0,7658
15,7659
22,7660
26,7661
17,7662
37,7663
19,7664
23,7665
33,7666
3,7667
39,7668
17,7669
12,7670
21,7671
23,7672
6,7673
1,7674
27,7675
19,7676
22,7677
23,7678
25,7679
10,7680
13,7681
25,7682
6,7683
21,7684
34,7685
34,7686
2,7687
18,7688
9,7689
17,7690
20,7691
39,7692
32,7693
33,7694
11,7695
4,7696
30,7697
22,7698
10,7699
7,7700
16,7701
16,7702
11,7703
10,7704
35,7705
6,7706
2,7707
34,7708
25,7709
30,7710
33,7711
27,7712
1,7713
7,7714
12,7715
28,7716
39,7717
37,7718
16,7719
36,7720
33,7721
31,7722
31,7723
38,7724
18,7725
14,7726
36,7727
32,7728
39,7729
28,7730
26,7731
29,7732
7,7733
1,7734
4,7735
13,7736
9,7737
10,7738
38,7739
4,7740
34,7741
13,7742
4,7743
33,7744
18,7745
16,7746
10,7747
12,7748
25,7749
32,7750
14,7751
8,7752
35,7753
1,7754
12,7755
2,7756
26,7757
18,7758
4,7759
29,7760
4,7761
10,7762
16,7763
12,7764
20,7765
4,7766
35,7767
37,7768
3,7769
16,7770
0,7771
0,7772
39,7773
15,7774
33,7775
36,7776
17,7777
7,7778
12,7779
39,7780
29,7781
32,7782
1,7783
12,7784
33,7785
14,7786
34,7787
31,7788
26,7789
12,7790
1,7791
12,7792
0,7793
18,7794
33,7795
37,7796
6,7797
19,7798
32,7799
7,7800
14,7801
36,7802
26,7803
20,7804
29,7805
5,7806
15,7807
0,7808
22,7809
38,7810
11,7811
17,7812
4,7813
9,7814
27,7815
35,7816
5,7817
26,7818
24,7819
18,7820
9,7821
28,7822
35,7823
12,7824
14,7825
2,7826
21,7827
1,7828
30,7829
23,7830
2,7831
33,7832
31,7833
2,7834
6,7835
13,7836
12,7837
34,7838
33,7839
36,7840
22,7841
15,7842
3,7843
38,7844
39,7845
13,7846
8,7847
12,7848
23,7849
21,7850
28,7851
22,7852
39,7853
9,7854
21,7855
13,7856
13,7857
14,7858
10,7859
30,7860
17,7861
24,7862
25,7863
21,7864
29,7865
19,7866
31,7867
25,7868
10,7869
23,7870
7,7871
37,7872
38,7873
7,7874
6,7875
8,7876
3,7877
33,7878
28,7879
7,7880
9,7881
14,7882
24,7883
2,7884
27,7885
30,7886
20,7887
38,7888
32,7889
31,7890
31,7891
38,7892
28,7893
12,7894
12,7895
7,7896
4,7897
15,7898
0,7899
9,7900
22,7901
36,7902
35,7903
2,7904
26,7905
30,7906
5,7907
18,7908
1,7909
7,7910
3,7911
16,7912
4,7913
15,7914
30,7915
17,7916
4,7917
32,7918
7,7919
10,7920
20,7921
16,7922
24,7923
35,7924
27,7925
33,7926
24,7927
23,7928
1,7929
30,7930
5,7931
5,7932
12,7933
39,7934
10,7935
5,7936
11,7937
34,7938
26,7939
0,7940
12,7941
31,7942
38,7943
23,7944
38,7945
9,7946
34,7947
21,7948
30,7949
8,7950
26,7951
10,7952
22,7953
16,7954
16,7955
37,7956
36,7957
38,7958
21,7959
12,7960
22,7961
11,7962
4,7963
9,7964
4,7965
4,7966
33,7967
29,7968
30,7969
15,7970
4,7971
19,7972
37,7973
12,7974
1,7975
18,7976
0,7977
7,7978
29,7979
36,7980
22,7981
20,7982
18,7983
20,7984
21,7985
30,7986
9,7987
8,7988
29,7989
36,7990
26,7991
28,7992
39,7993
8,7994
27,7995
7,7996
22,7997
25,7998
18,7999
32,8000
13,8001
0,8002
28,8003
21,8004
21,8005
26,8006
39,8007
30,8008
5,8009
9,8010
10,8011
33,8012
15,8013
35,8014
10,8015
28,8016
13,8017
24,8018
34,8019
3,8020
30,8021
39,8022
16,8023
5,8024
15,8025
3,8026
34,8027
4,8028
26,8029
34,8030
8,8031
30,8032
16,8033
6,8034
19,8035
36,8036
8,8037
38,8038
35,8039
39,8040
11,8041
17,8042
37,8043
27,8044
33,8045
2,8046
17,8047
27,8048
11,8049
0,8050
3,8051
28,8052
21,8053
19,8054
10,8055
34,8056
11,8057
26,8058
36,8059
2,8060
5,8061
0,8062
28,8063
22,8064
27,8065
23,8066
18,8067
0,8068
34,8069
10,8070
31,8071
7,8072
36,8073
29,8074
6,8075
28,8076
14,8077
16,8078
30,8079
18,8080
31,8081
17,8082
15,8083
28,8084
12,8085
22,8086
8,8087
8,8088
34,8089
34,8090
8,8091
33,8092
19,8093
6,8094
37,8095
26,8096
27,8097
30,8098
14,8099
32,8100
18,8101
31,8102
11,8103
2,8104
26,8105
17,8106
29,8107
31,8108
39,8109
20,8110
39,8111
6,8112
26,8113
33,8114
9,8115
7,8116
35,8117
24,8118
31,8119
28,8120
18,8121
20,8122
17,8123
1,8124
23,8125
21,8126
39,8127
6,8128
33,8129
29,8130
5,8131
1,8132
24,8133
13,8134
15,8135
9,8136
19,8137
26,8138
13,8139
0,8140
35,8141
15,8142
25,8143
4,8144
4,8145
2,8146
39,8147
34,8148
17,8149
2,8150
3,8151
3,8152
0,8153
8,8154
2,8155
15,8156
2,8157
8,8158
22,8159
3,8160
12,8161
14,8162
16,8163
39,8164
26,8165
4,8166
2,8167
23,8168
7,8169
10,8170
39,8171
11,8172
31,8173
26,8174
5,8175
0,8176
36,8177
38,8178
17,8179
37,8180
22,8181
7,8182
23,8183
14,8184
35,8185
15,8186
29,8187
35,8188
21,8189
22,8190
37,8191
28,8192
37,8193
25,8194
14,8195
37,8196
13,8197
20,8198
18,8199
5,8200
5,8201
20,8202
22,8203
13,8204
30,8205
5,8206
4,8207
14,8208
13,8209
10,8210
25,8211
29,8212
29,8213
9,8214
8,8215
32,8216
2,8217
34,8218
33,8219
27,8220
27,8221
34,8222
18,8223
6,8224
22,8225
21,8226
10,8227
24,8228
35,8229
33,8230
36,8231
0,8232
20,8233
20,8234
18,8235
14,8236
0,8237
26,8238
9,8239
37,8240
35,8241
24,8242
14,8243
1,8244
34,8245
24,8246
25,8247
36,8248
31,8249
27,8250
29,8251
14,8252
15,8253
4,8254
33,8255
24,8256
33,8257
11,8258
22,8259
35,8260
6,8261
30,8262
8,8263
25,8264
39,8265
35,8266
4,8267
2,8268
16,8269
37,8270
36,8271
30,8272
14,8273
19,8274
31,8275
27,8276
38,8277
16,8278
26,8279
26,8280
4,8281
31,8282
15,8283
2,8284
6,8285
5,8286
35,8287
7,8288
27,8289
33,8290
30,8291
14,8292
0,8293
0,8294
10,8295
25,8296
15,8297
28,8298
17,8299
37,8300
14,8301
35,8302
14,8303
9,8304
22,8305
16,8306
12,8307
27,8308
27,8309
10,8310
1,8311
25,8312
27,8313
27,8314
15,8315
26,8316
4,8317
37,8318
5,8319
35,8320
12,8321
11,8322
37,8323
39,8324
15,8325
15,8326
38,8327
17,8328
30,8329
34,8330
24,8331
2,8332
19,8333
11,8334
20,8335
18,8336
35,8337
25,8338
26,8339
11,8340
21,8341
27,8342
19,8343
4,8344
8,8345
39,8346
4,8347
25,8348
37,8349
24,8350
2,8351
16,8352
4,8353
38,8354
38,8355
7,8356
5,8357
24,8358
22,8359
18,8360
10,8361
5,8362
39,8363
31,8364
9,8365
5,8366
36,8367
3,8368
15,8369
10,8370
17,8371
7,8372
16,8373
8,8374
30,8375
34,8376
12,8377
9,8378
22,8379
32,8380
0,8381
37,8382
33,8383
23,8384
0,8385
11,8386
33,8387
3,8388
31,8389
7,8390
5,8391
7,8392
1,8393
37,8394
6,8395
9,8396
6,8397
13,8398
18,8399
20,8400
31,8401
25,8402
11,8403
20,8404
14,8405
37,8406
23,8407
19,8408
17,8409
18,8410
23,8411
15,8412
29,8413
12,8414
24,8415
32,8416
25,8417
37,8418
32,8419
21,8420
26,8421
3,8422
19,8423
8,8424
16,8425
20,8426
23,8427
37,8428
10,8429
8,8430
19,8431
6,8432
0,8433
34,8434
19,8435
10,8436
28,8437
6,8438
25,8439
9,8440
33,8441
10,8442
27,8443
24,8444
26,8445
35,8446
18,8447
24,8448
36,8449
16,8450
23,8451
9,8452
20,8453
25,8454
27,8455
31,8456
22,8457
10,8458
27,8459
23,8460
37,8461
14,8462
29,8463
10,8464
34,8465
5,8466
28,8467
6,8468
18,8469
31,8470
8,8471
17,8472
11,8473
30,8474
11,8475
36,8476
11,8477
5,8478
18,8479
5,8480
6,8481
8,8482
4,8483
20,8484
26,8485
19,8486
1,8487
14,8488
25,8489
26,8490
4,8491
23,8492
2,8493
22,8494
38,8495
22,8496
10,8497
18,8498
2,8499
37,8500
5,8501
17,8502
31,8503
30,8504
32,8505
31,8506
0,8507
14,8508
35,8509
15,8510
34,8511
2,8512
16,8513
33,8514
21,8515
23,8516
32,8517
39,8518
7,8519
35,8520
19,8521
26,8522
17,8523
30,8524
23,8525
10,8526
12,8527
3,8528
11,8529
29,8530
20,8531
21,8532
18,8533
16,8534
14,8535
24,8536
38,8537
7,8538
23,8539
0,8540
5,8541
20,8542
0,8543
35,8544
8,8545
18,8546
17,8547
12,8548
0,8549
10,8550
2,8551
36,8552
24,8553
13,8554
12,8555
20,8556
35,8557
35,8558
15,8559
31,8560
2,8561
4,8562
31,8563
32,8564
14,8565
18,8566
25,8567
23,8568
38,8569
10,8570
9,8571
36,8572
3,8573
4,8574
22,8575
4,8576
32,8577
24,8578
15,8579
3,8580
39,8581
24,8582
38,8583
3,8584
35,8585
25,8586
12,8587
34,8588
14,8589
31,8590
18,8591
1,8592
27,8593
29,8594
10,8595
16,8596
30,8597
9,8598
24,8599
12,8600
6,8601
25,8602
12,8603
36,8604
23,8605
20,8606
14,8607
18,8608
24,8609
17,8610
39,8611
0,8612
14,8613
27,8614
26,8615
13,8616
39,8617
19,8618
22,8619
26,8620
30,8621
15,8622
12,8623
19,8624
0,8625
35,8626
35,8627
24,8628
32,8629
26,8630
26,8631
5,8632
7,8633
30,8634
20,8635
36,8636
38,8637
24,8638
36,8639
33,8640
39,8641
37,8642
11,8643
13,8644
25,8645
28,8646
15,8647
38,8648
26,8649
10,8650
12,8651
27,8652
14,8653
18,8654
12,8655
30,8656
8,8657
7,8658
13,8659
28,8660
3,8661
30,8662
9,8663
25,8664
34,8665
33,8666
24,8667
7,8668
14,8669
31,8670
35,8671
32,8672
36,8673
18,8674
39,8675
30,8676
18,8677
27,8678
26,8679
21,8680
20,8681
14,8682
16,8683
31,8684
10,8685
12,8686
30,8687
24,8688
20,8689
19,8690
23,8691
17,8692
1,8693
11,8694
20,8695
38,8696
9,8697
6,8698
33,8699
31,8700
39,8701
23,8702
19,8703
18,8704
16,8705
17,8706
22,8707
28,8708
17,8709
8,8710
31,8711
20,8712
6,8713
38,8714
20,8715
36,8716
14,8717
8,8718
39,8719
29,8720
38,8721
14,8722
5,8723
23,8724
30,8725
2,8726
38,8727
12,8728
15,8729
1,8730
32,8731
23,8732
30,8733
30,8734
23,8735
38,8736
6,8737
13,8738
3,8739
36,8740
4,8741
30,8742
9,8743
19,8744
21,8745
10,8746
8,8747
0,8748
6,8749
9,8750
34,8751
14,8752
30,8753
32,8754
20,8755
37,8756
30,8757
25,8758
34,8759
4,8760
13,8761
31,8762
6,8763
22,8764
37,8765
1,8766
11,8767
30,8768
2,8769
1,8770
30,8771
8,8772
0,8773
21,8774
7,8775
5,8776
34,8777
23,8778
24,8779
3,8780
5,8781
29,8782
14,8783
37,8784
36,8785
8,8786
18,8787
23,8788
0,8789
39,8790
34,8791
13,8792
23,8793
35,8794
5,8795
2,8796
13,8797
11,8798
24,8799
10,8800
22,8801
12,8802
23,8803
38,8804
8,8805
15,8806
29,8807
35,8808
16,8809
26,8810
37,8811
0,8812
21,8813
3,8814
1,8815
8,8816
14,8817
18,8818
2,8819
36,8820
18,8821
4,8822
24,8823
35,8824
22,8825
17,8826
34,8827
19,8828
11,8829
16,8830
36,8831
34,8832
1,8833
38,8834
17,8835
33,8836
32,8837
17,8838
5,8839
7,8840
33,8841
3,8842
18,8843
23,8844
28,8845
12,8846
21,8847
30,8848
9,8849
1,8850
1,8851
20,8852
14,8853
34,8854
36,8855
16,8856
32,8857
6,8858
14,8859
27,8860
10,8861
36,8862
11,8863
25,8864
31,8865
12,8866
29,8867
6,8868
31,8869
14,8870
20,8871
4,8872
33,8873
8,8874
31,8875
1,8876
25,8877
28,8878
5,8879
26,8880
2,8881
22,8882
11,8883
2,8884
32,8885
5,8886
5,8887
6,8888
7,8889
2,8890
1,8891
13,8892
18,8893
26,8894
16,8895
1,8896
3,8897
15,8898
4,8899
32,8900
29,8901
25,8902
11,8903
22,8904
2,8905
6,8906
23,8907
17,8908
35,8909
23,8910
24,8911
26,8912
34,8913
33,8914
0,8915
26,8916
13,8917
17,8918
26,8919
16,8920
32,8921
3,8922
25,8923
27,8924
6,8925
14,8926
5,8927
11,8928
20,8929
31,8930
39,8931
12,8932
10,8933
23,8934
17,8935
14,8936
8,8937
12,8938
16,8939
2,8940
15,8941
0,8942
1,8943
10,8944
26,8945
3,8946
11,8947
8,8948
28,8949
8,8950
9,8951
14,8952
5,8953
27,8954
12,8955
29,8956
26,8957
26,8958
36,8959
11,8960
17,8961
18,8962
34,8963
7,8964
39,8965
26,8966
0,8967
4,8968
19,8969
18,8970
9,8971
10,8972
23,8973
12,8974
26,8975
39,8976
22,8977
25,8978
12,8979
21,8980
34,8981
17,8982
16,8983
28,8984
21,8985
20,8986
38,8987
25,8988
34,8989
15,8990
31,8991
36,8992
3,8993
2,8994
10,8995
24,8996
39,8997
28,8998
29,8999
17,9000
8,9001
31,9002
4,9003
4,9004
15,9005
25,9006
26,9007
27,9008
2,9009
2,9010
12,9011
37,9012
21,9013
16,9014
30,9015
15,9016
23,9017
19,9018
8,9019
38,9020
11,9021
28,9022
29,9023
12,9024
15,9025
8,9026
35,9027
25,9028
6,9029
2,9030
1,9031
34,9032
23,9033
7,9034
31,9035
18,9036
35,9037
37,9038
32,9039
25,9040
20,9041
35,9042
20,9043
6,9044
21,9045
23,9046
35,9047
35,9048
13,9049
9,9050
34,9051
20,9052
13,9053
4,9054
22,9055
32,9056
0,9057
30,9058
31,9059
13,9060
25,9061
12,9062
0,9063
22,9064
10,9065
10,9066
7,9067
12,9068
28,9069
3,9070
17,9071
15,9072
16,9073
33,9074
19,9075
20,9076
12,9077
22,9078
21,9079
2,9080
5,9081
30,9082
26,9083
22,9084
20,9085
8,9086
8,9087
17,9088
0,9089
4,9090
14,9091
5,9092
20,9093
29,9094
37,9095
28,9096
8,9097
24,9098
23,9099
4,9100
35,9101
19,9102
1,9103
8,9104
25,9105
24,9106
24,9107
6,9108
12,9109
0,9110
21,9111
16,9112
7,9113
31,9114
33,9115
18,9116
7,9117
8,9118
28,9119
23,9120
12,9121
35,9122
6,9123
26,9124
33,9125
31,9126
5,9127
34,9128
21,9129
26,9130
9,9131
5,9132
1,9133
8,9134
14,9135
11,9136
15,9137
13,9138
19,9139
19,9140
36,9141
11,9142
38,9143
28,9144
26,9145
28,9146
31,9147
9,9148
21,9149
18,9150
15,9151
22,9152
13,9153
5,9154
17,9155
5,9156
20,9157
34,9158
8,9159
20,9160
0,9161
27,9162
32,9163
0,9164
31,9165
22,9166
10,9167
23,9168
24,9169
17,9170
5,9171
32,9172
2,9173
31,9174
10,9175
30,9176
22,9177
15,9178
2,9179
34,9180
15,9181
37,9182
20,9183
4,9184
32,9185
14,9186
16,9187
38,9188
7,9189
17,9190
16,9191
25,9192
22,9193
13,9194
13,9195
10,9196
1,9197
25,9198
33,9199
24,9200
28,9201
7,9202
13,9203
32,9204
18,9205
27,9206
25,9207
12,9208
15,9209
26,9210
13,9211
20,9212
5,9213
2,9214
18,9215
2,9216
26,9217
6,9218
0,9219
3,9220
14,9221
21,9222
31,9223
17,9224
3,9225
12,9226
23,9227
26,9228
8,9229
27,9230
8,9231
38,9232
29,9233
31,9234
2,9235
18,9236
31,9237
15,9238
35,9239
14,9240
4,9241
23,9242
36,9243
2,9244
11,9245
10,9246
39,9247
19,9248
15,9249
19,9250
13,9251
30,9252
22,9253
18,9254
0,9255
9,9256
27,9257
3,9258
36,9259
36,9260
29,9261
21,9262
13,9263
24,9264
1,9265
20,9266
19,9267
6,9268
7,9269
7,9270
29,9271
5,9272
8,9273
22,9274
14,9275
23,9276
30,9277
8,9278
8,9279
20,9280
24,9281
7,9282
2,9283
1,9284
9,9285
0,9286
11,9287
38,9288
5,9289
8,9290
29,9291
13,9292
19,9293
0,9294
8,9295
4,9296
23,9297
13,9298
10,9299
28,9300
2,9301
9,9302
26,9303
11,9304
1,9305
36,9306
27,9307
21,9308
29,9309
2,9310
12,9311
7,9312
5,9313
16,9314
5,9315
20,9316
28,9317
30,9318
20,9319
31,9320
35,9321
19,9322
39,9323
9,9324
7,9325
27,9326
13,9327
21,9328
25,9329
12,9330
23,9331
12,9332
8,9333
6,9334
0,9335
1,9336
0,9337
31,9338
24,9339
11,9340
22,9341
37,9342
18,9343
37,9344
22,9345
29,9346
3,9347
26,9348
24,9349
3,9350
37,9351
0,9352
11,9353
9,9354
17,9355
14,9356
26,9357
24,9358
11,9359
11,9360
27,9361
33,9362
25,9363
1,9364
18,9365
18,9366
39,9367
33,9368
6,9369
2,9370
5,9371
12,9372
1,9373
11,9374
39,9375
30,9376
38,9377
21,9378
0,9379
22,9380
4,9381
28,9382
37,9383
12,9384
0,9385
26,9386
17,9387
29,9388
20,9389
23,9390
22,9391
3,9392
35,9393
11,9394
38,9395
4,9396
21,9397
26,9398
8,9399
26,9400
33,9401
37,9402
23,9403
0,9404
12,9405
17,9406
25,9407
20,9408
13,9409
2,9410
7,9411
25,9412
5,9413
36,9414
2,9415
0,9416
13,9417
26,9418
36,9419
18,9420
9,9421
29,9422
11,9423
13,9424
27,9425
6,9426
9,9427
6,9428
21,9429
3,9430
30,9431
15,9432
18,9433
2,9434
27,9435
5,9436
23,9437
16,9438
27,9439
35,9440
14,9441
24,9442
9,9443
14,9444
13,9445
12,9446
22,9447
12,9448
21,9449
34,9450
5,9451
15,9452
3,9453
8,9454
38,9455
31,9456
10,9457
20,9458
22,9459
26,9460
3,9461
29,9462
32,9463
15,9464
31,9465
13,9466
7,9467
23,9468
33,9469
19,9470
20,9471
36,9472
18,9473
32,9474
26,9475
9,9476
28,9477
35,9478
15,9479
37,9480
34,9481
27,9482
1,9483
26,9484
7,9485
32,9486
20,9487
2,9488
7,9489
23,9490
11,9491
39,9492
38,9493
0,9494
10,9495
1,9496
15,9497
7,9498
0,9499
28,9500
30,9501
3,9502
37,9503
22,9504
37,9505
38,9506
30,9507
27,9508
16,9509
23,9510
0,9511
0,9512
33,9513
15,9514
23,9515
3,9516
39,9517
10,9518
11,9519
18,9520
25,9521
9,9522
14,9523
22,9524
31,9525
11,9526
7,9527
2,9528
21,9529
9,9530
27,9531
5,9532
35,9533
3,9534
22,9535
12,9536
20,9537
19,9538
26,9539
7,9540
32,9541
10,9542
2,9543
34,9544
16,9545
7,9546
23,9547
31,9548
34,9549
3,9550
15,9551
14,9552
23,9553
39,9554
10,9555
34,9556
28,9557
36,9558
27,9559
5,9560
6,9561
12,9562
27,9563
19,9564
37,9565
25,9566
39,9567
31,9568
28,9569
10,9570
4,9571
0,9572
2,9573
14,9574
7,9575
28,9576
24,9577
5,9578
2,9579
21,9580
8,9581
2,9582
6,9583
30,9584
34,9585
20,9586
29,9587
0,9588
30,9589
29,9590
20,9591
18,9592
28,9593
18,9594
27,9595
35,9596
6,9597
33,9598
4,9599
22,9600
39,9601
13,9602
39,9603
29,9604
23,9605
23,9606
25,9607
8,9608
11,9609
38,9610
2,9611
29,9612
30,9613
9,9614
6,9615
16,9616
24,9617
5,9618
37,9619
11,9620
13,9621
19,9622
12,9623
3,9624
3,9625
26,9626
37,9627
29,9628
11,9629
28,9630
11,9631
35,9632
31,9633
22,9634
19,9635
30,9636
38,9637
7,9638
16,9639
17,9640
4,9641
20,9642
25,9643
11,9644
39,9645
23,9646
33,9647
19,9648
14,9649
25,9650
11,9651
11,9652
5,9653
23,9654
36,9655
30,9656
38,9657
17,9658
15,9659
20,9660
14,9661
38,9662
15,9663
4,9664
33,9665
14,9666
23,9667
18,9668
10,9669
0,9670
35,9671
28,9672
16,9673
30,9674
23,9675
12,9676
35,9677
3,9678
38,9679
7,9680
39,9681
2,9682
31,9683
24,9684
39,9685
37,9686
6,9687
14,9688
15,9689
20,9690
38,9691
30,9692
10,9693
4,9694
8,9695
9,9696
6,9697
25,9698
34,9699
34,9700
22,9701
9,9702
1,9703
34,9704
26,9705
32,9706
20,9707
26,9708
8,9709
12,9710
21,9711
30,9712
7,9713
14,9714
13,9715
16,9716
17,9717
1,9718
15,9719
29,9720
11,9721
39,9722
22,9723
4,9724
16,9725
34,9726
9,9727
30,9728
24,9729
37,9730
33,9731
1,9732
6,9733
20,9734
8,9735
5,9736
32,9737
16,9738
19,9739
12,9740
21,9741
9,9742
7,9743
35,9744
27,9745
7,9746
13,9747
21,9748
13,9749
27,9750
22,9751
11,9752
4,9753
10,9754
13,9755
11,9756
35,9757
35,9758
12,9759
15,9760
12,9761
13,9762
39,9763
3,9764
39,9765
10,9766
23,9767
9,9768
5,9769
17,9770
2,9771
8,9772
31,9773
23,9774
29,9775
22,9776
36,9777
29,9778
22,9779
10,9780
8,9781
1,9782
3,9783
8,9784
4,9785
26,9786
9,9787
38,9788
21,9789
23,9790
28,9791
11,9792
17,9793
23,9794
16,9795
37,9796
29,9797
29,9798
17,9799
2,9800
8,9801
31,9802
36,9803
36,9804
38,9805
32,9806
1,9807
32,9808
34,9809
15,9810
12,9811
13,9812
4,9813
30,9814
1,9815
21,9816
15,9817
38,9818
3,9819
33,9820
32,9821
20,9822
16,9823
7,9824
30,9825
25,9826
9,9827
0,9828
35,9829
9,9830
6,9831
12,9832
27,9833
11,9834
30,9835
31,9836
8,9837
28,9838
5,9839
30,9840
31,9841
35,9842
1,9843
15,9844
9,9845
2,9846
23,9847
11,9848
38,9849
39,9850
28,9851
25,9852
1,9853
6,9854
17,9855
25,9856
36,9857
6,9858
17,9859
28,9860
35,9861
8,9862
24,9863
17,9864
14,9865
14,9866
9,9867
4,9868
39,9869
38,9870
27,9871
29,9872
4,9873
13,9874
21,9875
1,9876
16,9877
9,9878
12,9879
33,9880
6,9881
34,9882
11,9883
16,9884
24,9885
15,9886
10,9887
0,9888
32,9889
27,9890
30,9891
20,9892
3,9893
6,9894
0,9895
28,9896
1,9897
0,9898
19,9899
30,9900
33,9901
38,9902
26,9903
7,9904
39,9905
36,9906
35,9907
23,9908
39,9909
39,9910
5,9911
20,9912
32,9913
21,9914
6,9915
18,9916
18,9917
34,9918
0,9919
19,9920
9,9921
13,9922
6,9923
34,9924
22,9925
12,9926
33,9927
37,9928
4,9929
2,9930
10,9931
11,9932
26,9933
14,9934
15,9935
15,9936
0,9937
11,9938
19,9939
8,9940
2,9941
35,9942
0,9943
19,9944
5,9945
7,9946
0,9947
15,9948
3,9949
38,9950
9,9951
7,9952
17,9953
29,9954
20,9955
23,9956
39,9957
11,9958
39,9959
17,9960
20,9961
15,9962
32,9963
16,9964
3,9965
37,9966
0,9967
11,9968
19,9969
27,9970
32,9971
15,9972
31,9973
3,9974
32,9975
32,9976
20,9977
2,9978
33,9979
26,9980
5,9981
39,9982
16,9983
2,9984
0,9985
32,9986
9,9987
6,9988
34,9989
39,9990
36,9991
4,9992
38,9993
17,9994
22,9995
16,9996
13,9997
36,9998
6,9999
