33,0
33,1
33,2
18,3
7,4
35,5
3,6
27,7
19,8
12,9
27,10
2,11
2,12
44,13
2,14
2,15
0,16
21,17
24,18
1,19
49,20
2,21
2,22
2,23
3,24
3,25
12,26
19,27
35,28
27,29
19,30
19,31
12,32
35,33
27,34
27,35
12,36
35,37
27,38
3,39
3,40
27,41
3,42
27,43
3,44
19,45
35,46
27,47
27,48
2,49
2,50
44,51
2,52
44,53
22,54
22,55
48,56
20,57
20,58
20,59
20,60
20,61
48,62
48,63
22,64
48,65
22,66
48,67
22,68
22,69
48,70
48,71
20,72
20,73
22,74
0,75
38,76
24,77
1,78
16,79
2,80
2,81
2,82
44,83
3,84
35,85
35,86
12,87
12,88
35,89
19,90
27,91
3,92
12,93
27,94
19,95
12,96
12,97
19,98
12,99
3,100
3,101
27,102
19,103
3,104
19,105
35,106
35,107
3,108
12,109
12,110
19,111
12,112
19,113
4,114
26,115
26,116
5,117
46,118
6,119
10,120
7,121
14,122
7,123
18,124
7,125
35,126
12,127
3,128
19,129
12,130
27,131
19,132
3,133
35,134
12,135
19,136
12,137
12,138
3,139
19,140
3,141
27,142
19,143
27,144
27,145
35,146
12,147
3,148
19,149
35,150
27,151
3,152
35,153
12,154
35,155
3,156
3,157
35,158
19,159
35,160
27,161
35,162
12,163
3,164
35,165
27,166
35,167
3,168
12,169
3,170
3,171
27,172
3,173
19,174
35,175
12,176
35,177
3,178
12,179
27,180
19,181
35,182
19,183
3,184
19,185
19,186
27,187
2,188
2,189
44,190
44,191
44,192
44,193
2,194
44,195
22,196
11,197
28,198
28,199
28,200
16,201
34,202
28,203
43,204
43,205
16,206
45,207
28,208
1,209
28,210
45,211
43,212
43,213
1,214
15,215
15,216
43,217
1,218
49,219
49,220
49,221
5,222
32,223
49,224
46,225
0,226
21,227
24,228
0,229
8,230
1,231
45,232
2,233
44,234
2,235
44,236
22,237
3,238
35,239
12,240
27,241
27,242
12,243
12,244
19,245
0,246
24,247
37,248
1,249
16,250
28,251
2,252
44,253
44,254
44,255
22,256
22,257
48,258
3,259
12,260
3,261
12,262
12,263
19,264
19,265
12,266
35,267
3,268
3,269
35,270
3,271
35,272
12,273
3,274
27,275
19,276
35,277
12,278
35,279
19,280
35,281
35,282
3,283
12,284
12,285
35,286
35,287
3,288
12,289
27,290
3,291
12,292
35,293
4,294
4,295
40,296
4,297
26,298
40,299
4,300
5,301
46,302
32,303
32,304
6,305
25,306
7,307
7,308
14,309
14,310
14,311
33,312
7,313
35,314
35,315
12,316
19,317
27,318
3,319
0,320
8,321
9,322
37,323
0,324
1,325
16,326
2,327
44,328
3,329
27,330
3,331
27,332
19,333
3,334
35,335
12,336
27,337
12,338
27,339
3,340
3,341
12,342
35,343
35,344
27,345
12,346
35,347
27,348
19,349
27,350
35,351
12,352
3,353
27,354
4,355
26,356
26,357
5,358
46,359
5,360
49,361
6,362
25,363
31,364
7,365
33,366
18,367
14,368
18,369
14,370
33,371
18,372
18,373
7,374
35,375
27,376
35,377
3,378
12,379
35,380
27,381
12,382
12,383
35,384
3,385
19,386
27,387
19,388
35,389
12,390
35,391
3,392
12,393
19,394
35,395
3,396
3,397
27,398
35,399
19,400
35,401
27,402
27,403
27,404
27,405
27,406
12,407
35,408
19,409
3,410
3,411
12,412
19,413
19,414
35,415
35,416
12,417
12,418
35,419
12,420
35,421
3,422
27,423
19,424
12,425
35,426
3,427
19,428
19,429
27,430
3,431
27,432
3,433
12,434
19,435
4,436
4,437
40,438
26,439
42,440
31,441
5,442
32,443
6,444
36,445
23,446
38,447
7,448
33,449
18,450
14,451
7,452
4,453
42,454
5,455
49,456
6,457
25,458
7,459
35,460
12,461
12,462
27,463
3,464
35,465
3,466
35,467
35,468
12,469
35,470
19,471
3,472
19,473
19,474
35,475
27,476
2,477
2,478
44,479
44,480
0,481
29,482
9,483
1,484
15,485
2,486
44,487
22,488
48,489
22,490
48,491
3,492
35,493
27,494
12,495
35,496
12,497
12,498
19,499
35,500
27,501
27,502
27,503
2,504
2,505
2,506
44,507
2,508
44,509
22,510
20,511
48,512
22,513
20,514
20,515
20,516
48,517
20,518
22,519
20,520
20,521
22,522
20,523
48,524
48,525
22,526
11,527
11,528
28,529
15,530
1,531
15,532
28,533
1,534
43,535
16,536
34,537
28,538
16,539
45,540
34,541
4,542
40,543
40,544
26,545
26,546
5,547
46,548
6,549
36,550
36,551
7,552
35,553
27,554
12,555
27,556
19,557
35,558
19,559
35,560
35,561
3,562
27,563
12,564
19,565
12,566
0,567
29,568
0,569
1,570
1,571
16,572
2,573
2,574
3,575
35,576
3,577
12,578
12,579
12,580
19,581
12,582
35,583
19,584
27,585
2,586
2,587
44,588
2,589
2,590
44,591
44,592
44,593
22,594
48,595
20,596
20,597
20,598
20,599
22,600
48,601
48,602
48,603
22,604
48,605
48,606
20,607
22,608
22,609
20,610
48,611
20,612
4,613
26,614
5,615
5,616
5,617
5,618
6,619
6,620
6,621
7,622
7,623
7,624
33,625
14,626
14,627
7,628
7,629
35,630
3,631
12,632
12,633
0,634
39,635
39,636
37,637
38,638
38,639
21,640
39,641
29,642
1,643
34,644
16,645
2,646
2,647
3,648
3,649
12,650
27,651
19,652
27,653
19,654
3,655
12,656
35,657
27,658
2,659
2,660
2,661
2,662
44,663
22,664
20,665
0,666
24,667
1,668
16,669
2,670
44,671
2,672
3,673
3,674
27,675
2,676
2,677
44,678
22,679
48,680
22,681
48,682
48,683
22,684
11,685
11,686
28,687
4,688
42,689
40,690
26,691
5,692
49,693
6,694
25,695
10,696
31,697
7,698
35,699
19,700
19,701
19,702
3,703
3,704
3,705
27,706
12,707
35,708
19,709
27,710
3,711
3,712
27,713
2,714
44,715
22,716
22,717
11,718
11,719
11,720
11,721
28,722
1,723
28,724
45,725
34,726
16,727
15,728
28,729
43,730
45,731
15,732
43,733
16,734
43,735
43,736
15,737
28,738
28,739
1,740
43,741
15,742
45,743
1,744
34,745
28,746
45,747
15,748
16,749
15,750
43,751
43,752
28,753
15,754
4,755
42,756
5,757
32,758
6,759
6,760
7,761
35,762
27,763
3,764
35,765
27,766
2,767
44,768
44,769
2,770
44,771
44,772
44,773
2,774
2,775
2,776
2,777
2,778
44,779
22,780
11,781
28,782
45,783
15,784
34,785
45,786
43,787
43,788
28,789
43,790
43,791
1,792
34,793
34,794
43,795
1,796
49,797
32,798
49,799
5,800
49,801
32,802
32,803
49,804
40,805
42,806
42,807
4,808
4,809
42,810
31,811
10,812
25,813
31,814
0,815
23,816
1,817
16,818
2,819
44,820
22,821
3,822
27,823
2,824
44,825
44,826
2,827
44,828
2,829
2,830
2,831
2,832
44,833
44,834
22,835
48,836
20,837
48,838
20,839
22,840
22,841
11,842
28,843
45,844
43,845
45,846
43,847
45,848
28,849
45,850
34,851
15,852
43,853
16,854
45,855
43,856
28,857
45,858
1,859
49,860
40,861
40,862
26,863
26,864
40,865
42,866
26,867
42,868
26,869
4,870
40,871
40,872
4,873
4,874
4,875
26,876
4,877
4,878
4,879
42,880
26,881
40,882
4,883
42,884
4,885
40,886
42,887
42,888
40,889
4,890
40,891
40,892
4,893
40,894
26,895
42,896
26,897
4,898
42,899
40,900
4,901
40,902
42,903
26,904
40,905
26,906
4,907
42,908
4,909
26,910
40,911
4,912
26,913
4,914
26,915
4,916
4,917
26,918
42,919
31,920
6,921
10,922
25,923
6,924
10,925
10,926
31,927
6,928
25,929
25,930
31,931
25,932
10,933
10,934
10,935
6,936
25,937
31,938
10,939
25,940
10,941
6,942
6,943
36,944
30,945
36,946
4,947
26,948
5,949
46,950
6,951
10,952
7,953
14,954
14,955
18,956
33,957
7,958
4,959
42,960
5,961
49,962
6,963
6,964
7,965
14,966
33,967
18,968
18,969
7,970
18,971
7,972
14,973
14,974
0,975
0,976
1,977
15,978
2,979
44,980
2,981
3,982
35,983
3,984
35,985
35,986
27,987
2,988
2,989
44,990
22,991
11,992
11,993
11,994
28,995
43,996
16,997
34,998
45,999
16,1000
28,1001
43,1002
34,1003
45,1004
1,1005
43,1006
1,1007
34,1008
45,1009
43,1010
28,1011
15,1012
43,1013
45,1014
1,1015
15,1016
15,1017
28,1018
45,1019
45,1020
15,1021
1,1022
15,1023
1,1024
34,1025
28,1026
43,1027
1,1028
28,1029
34,1030
34,1031
4,1032
42,1033
5,1034
46,1035
6,1036
31,1037
7,1038
7,1039
33,1040
33,1041
33,1042
33,1043
14,1044
18,1045
7,1046
33,1047
18,1048
14,1049
18,1050
14,1051
33,1052
18,1053
33,1054
33,1055
33,1056
33,1057
7,1058
18,1059
18,1060
14,1061
0,1062
29,1063
8,1064
0,1065
1,1066
43,1067
2,1068
44,1069
2,1070
2,1071
44,1072
2,1073
44,1074
44,1075
3,1076
27,1077
12,1078
3,1079
27,1080
27,1081
19,1082
3,1083
19,1084
12,1085
27,1086
19,1087
27,1088
35,1089
35,1090
12,1091
3,1092
12,1093
19,1094
27,1095
27,1096
12,1097
3,1098
27,1099
3,1100
35,1101
3,1102
3,1103
27,1104
35,1105
35,1106
35,1107
19,1108
0,1109
24,1110
39,1111
37,1112
1,1113
34,1114
15,1115
34,1116
2,1117
2,1118
2,1119
44,1120
3,1121
19,1122
27,1123
19,1124
19,1125
19,1126
3,1127
19,1128
27,1129
2,1130
2,1131
44,1132
44,1133
44,1134
22,1135
11,1136
11,1137
11,1138
11,1139
28,1140
16,1141
1,1142
15,1143
43,1144
1,1145
43,1146
45,1147
16,1148
1,1149
45,1150
43,1151
4,1152
40,1153
42,1154
5,1155
32,1156
6,1157
36,1158
7,1159
14,1160
14,1161
18,1162
18,1163
18,1164
7,1165
35,1166
27,1167
35,1168
27,1169
12,1170
35,1171
3,1172
35,1173
3,1174
35,1175
3,1176
0,1177
0,1178
37,1179
1,1180
45,1181
2,1182
2,1183
2,1184
2,1185
44,1186
3,1187
19,1188
35,1189
3,1190
35,1191
35,1192
3,1193
3,1194
19,1195
35,1196
27,1197
3,1198
3,1199
3,1200
19,1201
35,1202
19,1203
19,1204
12,1205
12,1206
0,1207
0,1208
37,1209
1,1210
45,1211
2,1212
44,1213
3,1214
3,1215
3,1216
12,1217
3,1218
19,1219
35,1220
35,1221
12,1222
3,1223
27,1224
27,1225
3,1226
35,1227
19,1228
35,1229
19,1230
3,1231
35,1232
4,1233
42,1234
31,1235
25,1236
5,1237
49,1238
6,1239
10,1240
7,1241
14,1242
7,1243
7,1244
14,1245
18,1246
7,1247
18,1248
7,1249
35,1250
19,1251
12,1252
27,1253
27,1254
35,1255
27,1256
0,1257
23,1258
1,1259
45,1260
34,1261
45,1262
15,1263
2,1264
2,1265
44,1266
3,1267
27,1268
27,1269
3,1270
35,1271
3,1272
3,1273
27,1274
2,1275
2,1276
2,1277
44,1278
2,1279
44,1280
44,1281
44,1282
22,1283
22,1284
20,1285
20,1286
22,1287
22,1288
48,1289
48,1290
22,1291
11,1292
11,1293
11,1294
11,1295
28,1296
34,1297
43,1298
45,1299
15,1300
15,1301
34,1302
16,1303
15,1304
16,1305
28,1306
16,1307
34,1308
15,1309
28,1310
1,1311
28,1312
15,1313
15,1314
16,1315
43,1316
45,1317
45,1318
43,1319
43,1320
15,1321
45,1322
28,1323
43,1324
15,1325
1,1326
28,1327
28,1328
1,1329
15,1330
15,1331
45,1332
1,1333
15,1334
1,1335
45,1336
15,1337
1,1338
43,1339
43,1340
43,1341
45,1342
34,1343
34,1344
43,1345
15,1346
28,1347
45,1348
34,1349
16,1350
1,1351
45,1352
1,1353
28,1354
45,1355
43,1356
1,1357
45,1358
16,1359
1,1360
49,1361
40,1362
4,1363
40,1364
42,1365
40,1366
26,1367
4,1368
40,1369
4,1370
4,1371
42,1372
31,1373
25,1374
25,1375
6,1376
10,1377
10,1378
31,1379
25,1380
31,1381
25,1382
25,1383
10,1384
10,1385
25,1386
31,1387
6,1388
4,1389
4,1390
5,1391
46,1392
6,1393
10,1394
6,1395
31,1396
7,1397
14,1398
7,1399
33,1400
33,1401
14,1402
14,1403
18,1404
14,1405
7,1406
14,1407
33,1408
18,1409
14,1410
33,1411
14,1412
14,1413
18,1414
14,1415
33,1416
7,1417
33,1418
7,1419
33,1420
18,1421
7,1422
35,1423
3,1424
12,1425
35,1426
12,1427
12,1428
27,1429
2,1430
2,1431
2,1432
44,1433
44,1434
44,1435
2,1436
44,1437
44,1438
0,1439
8,1440
37,1441
1,1442
45,1443
2,1444
2,1445
3,1446
3,1447
19,1448
19,1449
3,1450
35,1451
12,1452
19,1453
35,1454
35,1455
12,1456
3,1457
27,1458
3,1459
27,1460
27,1461
12,1462
27,1463
27,1464
2,1465
44,1466
22,1467
11,1468
28,1469
45,1470
16,1471
45,1472
16,1473
45,1474
43,1475
15,1476
16,1477
16,1478
16,1479
16,1480
45,1481
28,1482
34,1483
16,1484
28,1485
28,1486
43,1487
43,1488
15,1489
28,1490
16,1491
16,1492
1,1493
49,1494
32,1495
49,1496
46,1497
46,1498
46,1499
5,1500
46,1501
5,1502
32,1503
46,1504
46,1505
49,1506
40,1507
4,1508
42,1509
42,1510
31,1511
6,1512
10,1513
6,1514
10,1515
0,1516
8,1517
1,1518
16,1519
43,1520
34,1521
2,1522
2,1523
3,1524
35,1525
27,1526
19,1527
35,1528
19,1529
19,1530
27,1531
3,1532
12,1533
19,1534
35,1535
35,1536
12,1537
35,1538
12,1539
19,1540
12,1541
19,1542
19,1543
35,1544
12,1545
12,1546
12,1547
12,1548
27,1549
3,1550
19,1551
35,1552
3,1553
27,1554
12,1555
35,1556
27,1557
2,1558
44,1559
22,1560
22,1561
22,1562
11,1563
11,1564
0,1565
8,1566
37,1567
1,1568
49,1569
40,1570
2,1571
2,1572
2,1573
3,1574
35,1575
19,1576
19,1577
3,1578
27,1579
3,1580
19,1581
3,1582
19,1583
19,1584
27,1585
27,1586
2,1587
2,1588
44,1589
22,1590
0,1591
23,1592
37,1593
1,1594
34,1595
2,1596
44,1597
44,1598
3,1599
27,1600
12,1601
3,1602
19,1603
35,1604
27,1605
27,1606
27,1607
2,1608
44,1609
44,1610
44,1611
2,1612
44,1613
22,1614
11,1615
28,1616
45,1617
16,1618
34,1619
43,1620
45,1621
45,1622
15,1623
0,1624
0,1625
37,1626
1,1627
45,1628
2,1629
2,1630
2,1631
3,1632
3,1633
3,1634
12,1635
3,1636
3,1637
27,1638
3,1639
19,1640
27,1641
35,1642
3,1643
35,1644
3,1645
3,1646
12,1647
27,1648
19,1649
19,1650
27,1651
35,1652
3,1653
12,1654
35,1655
35,1656
12,1657
19,1658
35,1659
0,1660
9,1661
1,1662
16,1663
2,1664
2,1665
2,1666
44,1667
3,1668
19,1669
35,1670
27,1671
19,1672
3,1673
3,1674
12,1675
27,1676
3,1677
19,1678
27,1679
27,1680
2,1681
2,1682
44,1683
44,1684
22,1685
11,1686
11,1687
28,1688
43,1689
16,1690
43,1691
43,1692
34,1693
28,1694
15,1695
1,1696
1,1697
28,1698
45,1699
16,1700
4,1701
26,1702
5,1703
46,1704
6,1705
25,1706
7,1707
14,1708
33,1709
33,1710
33,1711
14,1712
18,1713
18,1714
18,1715
18,1716
18,1717
33,1718
7,1719
33,1720
14,1721
33,1722
18,1723
18,1724
33,1725
14,1726
18,1727
14,1728
33,1729
14,1730
18,1731
33,1732
14,1733
14,1734
33,1735
18,1736
33,1737
14,1738
14,1739
18,1740
7,1741
14,1742
7,1743
14,1744
18,1745
18,1746
18,1747
7,1748
35,1749
35,1750
35,1751
35,1752
19,1753
19,1754
19,1755
27,1756
35,1757
35,1758
19,1759
12,1760
35,1761
35,1762
12,1763
35,1764
19,1765
19,1766
35,1767
12,1768
3,1769
35,1770
19,1771
3,1772
3,1773
3,1774
12,1775
19,1776
35,1777
27,1778
3,1779
27,1780
12,1781
19,1782
19,1783
35,1784
27,1785
12,1786
35,1787
35,1788
3,1789
35,1790
19,1791
19,1792
35,1793
27,1794
35,1795
3,1796
19,1797
27,1798
19,1799
3,1800
12,1801
35,1802
35,1803
3,1804
27,1805
19,1806
35,1807
12,1808
27,1809
35,1810
27,1811
2,1812
2,1813
44,1814
2,1815
2,1816
44,1817
22,1818
11,1819
28,1820
43,1821
1,1822
43,1823
28,1824
45,1825
28,1826
34,1827
15,1828
43,1829
15,1830
16,1831
15,1832
1,1833
28,1834
45,1835
0,1836
8,1837
9,1838
1,1839
43,1840
43,1841
45,1842
2,1843
44,1844
2,1845
2,1846
44,1847
44,1848
3,1849
12,1850
35,1851
3,1852
27,1853
12,1854
27,1855
19,1856
12,1857
35,1858
19,1859
12,1860
12,1861
12,1862
35,1863
27,1864
12,1865
35,1866
27,1867
12,1868
19,1869
3,1870
12,1871
3,1872
35,1873
3,1874
27,1875
3,1876
19,1877
27,1878
2,1879
2,1880
44,1881
22,1882
20,1883
48,1884
48,1885
48,1886
22,1887
48,1888
48,1889
22,1890
11,1891
11,1892
28,1893
43,1894
15,1895
34,1896
16,1897
28,1898
1,1899
43,1900
15,1901
16,1902
45,1903
34,1904
28,1905
34,1906
45,1907
28,1908
45,1909
28,1910
16,1911
15,1912
43,1913
45,1914
1,1915
34,1916
43,1917
1,1918
49,1919
40,1920
42,1921
4,1922
26,1923
42,1924
31,1925
10,1926
25,1927
25,1928
25,1929
31,1930
31,1931
31,1932
6,1933
36,1934
23,1935
38,1936
8,1937
9,1938
8,1939
8,1940
8,1941
29,1942
4,1943
4,1944
5,1945
5,1946
6,1947
10,1948
7,1949
14,1950
14,1951
18,1952
18,1953
18,1954
14,1955
33,1956
7,1957
35,1958
3,1959
12,1960
19,1961
12,1962
12,1963
3,1964
27,1965
3,1966
19,1967
3,1968
3,1969
12,1970
3,1971
27,1972
3,1973
3,1974
27,1975
3,1976
3,1977
35,1978
27,1979
3,1980
27,1981
19,1982
19,1983
12,1984
3,1985
19,1986
12,1987
27,1988
27,1989
19,1990
27,1991
12,1992
12,1993
27,1994
27,1995
19,1996
19,1997
12,1998
12,1999
19,2000
19,2001
27,2002
2,2003
44,2004
22,2005
48,2006
48,2007
22,2008
20,2009
22,2010
22,2011
22,2012
11,2013
11,2014
28,2015
45,2016
15,2017
34,2018
28,2019
16,2020
43,2021
45,2022
15,2023
34,2024
16,2025
34,2026
34,2027
15,2028
15,2029
45,2030
43,2031
43,2032
28,2033
16,2034
16,2035
43,2036
15,2037
16,2038
1,2039
49,2040
5,2041
46,2042
49,2043
40,2044
26,2045
4,2046
42,2047
26,2048
40,2049
26,2050
40,2051
40,2052
42,2053
31,2054
25,2055
10,2056
31,2057
10,2058
10,2059
10,2060
25,2061
6,2062
6,2063
6,2064
6,2065
25,2066
25,2067
31,2068
31,2069
25,2070
10,2071
25,2072
10,2073
6,2074
10,2075
25,2076
31,2077
31,2078
31,2079
31,2080
25,2081
10,2082
6,2083
25,2084
6,2085
31,2086
25,2087
25,2088
6,2089
25,2090
31,2091
6,2092
10,2093
6,2094
10,2095
6,2096
36,2097
23,2098
21,2099
8,2100
38,2101
21,2102
0,2103
29,2104
0,2105
0,2106
9,2107
39,2108
24,2109
38,2110
0,2111
39,2112
1,2113
43,2114
2,2115
44,2116
2,2117
44,2118
22,2119
22,2120
3,2121
12,2122
0,2123
9,2124
1,2125
43,2126
34,2127
2,2128
2,2129
44,2130
44,2131
44,2132
22,2133
48,2134
3,2135
3,2136
27,2137
19,2138
12,2139
3,2140
3,2141
35,2142
27,2143
35,2144
4,2145
26,2146
4,2147
5,2148
46,2149
32,2150
5,2151
6,2152
36,2153
7,2154
7,2155
35,2156
35,2157
27,2158
12,2159
35,2160
19,2161
35,2162
19,2163
3,2164
19,2165
12,2166
27,2167
3,2168
35,2169
27,2170
35,2171
27,2172
35,2173
19,2174
19,2175
12,2176
27,2177
19,2178
35,2179
35,2180
35,2181
19,2182
35,2183
12,2184
35,2185
12,2186
19,2187
35,2188
3,2189
35,2190
27,2191
27,2192
35,2193
12,2194
27,2195
3,2196
19,2197
27,2198
2,2199
2,2200
2,2201
2,2202
2,2203
2,2204
2,2205
44,2206
2,2207
44,2208
44,2209
44,2210
22,2211
11,2212
28,2213
16,2214
43,2215
28,2216
16,2217
15,2218
1,2219
34,2220
45,2221
15,2222
16,2223
45,2224
28,2225
16,2226
15,2227
15,2228
15,2229
15,2230
0,2231
8,2232
1,2233
34,2234
34,2235
16,2236
2,2237
44,2238
2,2239
2,2240
2,2241
3,2242
12,2243
19,2244
19,2245
35,2246
35,2247
12,2248
27,2249
27,2250
12,2251
3,2252
27,2253
2,2254
2,2255
44,2256
22,2257
48,2258
48,2259
20,2260
22,2261
11,2262
11,2263
28,2264
16,2265
45,2266
1,2267
45,2268
28,2269
1,2270
1,2271
16,2272
1,2273
49,2274
32,2275
46,2276
5,2277
32,2278
49,2279
32,2280
46,2281
46,2282
46,2283
49,2284
46,2285
49,2286
49,2287
40,2288
4,2289
42,2290
31,2291
6,2292
25,2293
25,2294
10,2295
31,2296
6,2297
36,2298
30,2299
36,2300
23,2301
24,2302
29,2303
21,2304
39,2305
9,2306
21,2307
21,2308
24,2309
39,2310
4,2311
40,2312
42,2313
4,2314
5,2315
5,2316
6,2317
36,2318
7,2319
14,2320
7,2321
18,2322
14,2323
33,2324
18,2325
14,2326
33,2327
14,2328
33,2329
7,2330
33,2331
7,2332
14,2333
18,2334
33,2335
33,2336
33,2337
33,2338
7,2339
14,2340
14,2341
14,2342
33,2343
18,2344
14,2345
7,2346
14,2347
33,2348
7,2349
18,2350
14,2351
18,2352
33,2353
18,2354
7,2355
14,2356
7,2357
18,2358
14,2359
18,2360
18,2361
7,2362
14,2363
18,2364
18,2365
33,2366
33,2367
33,2368
14,2369
7,2370
14,2371
33,2372
33,2373
33,2374
18,2375
7,2376
35,2377
19,2378
27,2379
4,2380
42,2381
4,2382
4,2383
42,2384
5,2385
5,2386
6,2387
25,2388
25,2389
6,2390
6,2391
7,2392
18,2393
18,2394
33,2395
18,2396
14,2397
14,2398
7,2399
35,2400
12,2401
27,2402
12,2403
3,2404
35,2405
12,2406
19,2407
19,2408
12,2409
3,2410
12,2411
19,2412
3,2413
3,2414
12,2415
27,2416
19,2417
35,2418
3,2419
12,2420
27,2421
19,2422
12,2423
35,2424
3,2425
35,2426
19,2427
19,2428
19,2429
19,2430
35,2431
35,2432
12,2433
19,2434
19,2435
19,2436
3,2437
35,2438
4,2439
4,2440
5,2441
46,2442
6,2443
25,2444
31,2445
7,2446
18,2447
18,2448
18,2449
18,2450
33,2451
7,2452
33,2453
18,2454
18,2455
14,2456
7,2457
35,2458
19,2459
27,2460
12,2461
12,2462
35,2463
3,2464
19,2465
3,2466
12,2467
35,2468
12,2469
35,2470
3,2471
0,2472
29,2473
1,2474
16,2475
2,2476
44,2477
3,2478
3,2479
35,2480
19,2481
12,2482
35,2483
35,2484
27,2485
12,2486
3,2487
35,2488
12,2489
35,2490
35,2491
27,2492
3,2493
3,2494
19,2495
27,2496
12,2497
27,2498
12,2499
3,2500
27,2501
19,2502
19,2503
3,2504
35,2505
3,2506
35,2507
19,2508
27,2509
27,2510
3,2511
27,2512
19,2513
27,2514
35,2515
12,2516
35,2517
35,2518
19,2519
12,2520
19,2521
35,2522
27,2523
3,2524
19,2525
27,2526
3,2527
19,2528
19,2529
12,2530
12,2531
19,2532
12,2533
27,2534
3,2535
27,2536
35,2537
12,2538
19,2539
35,2540
19,2541
12,2542
3,2543
35,2544
3,2545
3,2546
12,2547
3,2548
27,2549
19,2550
3,2551
19,2552
12,2553
19,2554
4,2555
40,2556
40,2557
26,2558
42,2559
31,2560
5,2561
49,2562
6,2563
6,2564
7,2565
18,2566
14,2567
7,2568
7,2569
18,2570
18,2571
33,2572
7,2573
14,2574
14,2575
33,2576
7,2577
0,2578
38,2579
0,2580
1,2581
43,2582
2,2583
44,2584
2,2585
3,2586
35,2587
3,2588
19,2589
3,2590
3,2591
27,2592
35,2593
19,2594
12,2595
12,2596
35,2597
27,2598
27,2599
27,2600
19,2601
35,2602
19,2603
12,2604
3,2605
12,2606
3,2607
27,2608
12,2609
35,2610
3,2611
27,2612
35,2613
19,2614
19,2615
27,2616
27,2617
19,2618
12,2619
35,2620
19,2621
3,2622
27,2623
3,2624
19,2625
4,2626
42,2627
5,2628
49,2629
6,2630
36,2631
7,2632
14,2633
18,2634
7,2635
14,2636
7,2637
35,2638
12,2639
19,2640
3,2641
3,2642
12,2643
27,2644
12,2645
35,2646
12,2647
27,2648
19,2649
19,2650
27,2651
2,2652
2,2653
44,2654
2,2655
44,2656
22,2657
11,2658
11,2659
11,2660
28,2661
1,2662
49,2663
5,2664
46,2665
32,2666
32,2667
5,2668
49,2669
32,2670
49,2671
40,2672
40,2673
42,2674
26,2675
4,2676
40,2677
4,2678
42,2679
26,2680
40,2681
4,2682
26,2683
42,2684
5,2685
46,2686
6,2687
31,2688
31,2689
25,2690
7,2691
14,2692
18,2693
14,2694
33,2695
14,2696
18,2697
14,2698
7,2699
35,2700
19,2701
27,2702
2,2703
2,2704
2,2705
2,2706
2,2707
44,2708
44,2709
44,2710
44,2711
22,2712
20,2713
22,2714
48,2715
20,2716
20,2717
22,2718
22,2719
11,2720
28,2721
34,2722
34,2723
1,2724
28,2725
43,2726
16,2727
45,2728
15,2729
15,2730
28,2731
1,2732
34,2733
28,2734
1,2735
16,2736
34,2737
43,2738
28,2739
34,2740
43,2741
43,2742
15,2743
28,2744
28,2745
34,2746
28,2747
34,2748
28,2749
1,2750
49,2751
5,2752
32,2753
46,2754
49,2755
46,2756
5,2757
5,2758
49,2759
46,2760
49,2761
4,2762
26,2763
40,2764
40,2765
42,2766
5,2767
46,2768
6,2769
10,2770
31,2771
10,2772
7,2773
35,2774
35,2775
35,2776
27,2777
2,2778
2,2779
44,2780
2,2781
2,2782
44,2783
2,2784
44,2785
2,2786
2,2787
0,2788
24,2789
29,2790
0,2791
1,2792
49,2793
2,2794
44,2795
3,2796
3,2797
19,2798
35,2799
3,2800
19,2801
19,2802
27,2803
2,2804
2,2805
2,2806
44,2807
44,2808
22,2809
48,2810
22,2811
22,2812
48,2813
48,2814
48,2815
22,2816
48,2817
48,2818
48,2819
20,2820
48,2821
22,2822
22,2823
11,2824
28,2825
15,2826
45,2827
34,2828
28,2829
28,2830
43,2831
1,2832
28,2833
43,2834
16,2835
45,2836
1,2837
28,2838
34,2839
43,2840
0,2841
38,2842
1,2843
28,2844
2,2845
2,2846
2,2847
2,2848
2,2849
3,2850
35,2851
3,2852
35,2853
35,2854
12,2855
35,2856
3,2857
12,2858
12,2859
19,2860
27,2861
27,2862
12,2863
19,2864
35,2865
27,2866
35,2867
12,2868
3,2869
35,2870
35,2871
3,2872
27,2873
2,2874
44,2875
44,2876
2,2877
44,2878
2,2879
2,2880
2,2881
44,2882
44,2883
22,2884
22,2885
22,2886
22,2887
11,2888
28,2889
16,2890
1,2891
15,2892
15,2893
1,2894
49,2895
40,2896
42,2897
40,2898
4,2899
40,2900
42,2901
40,2902
42,2903
42,2904
40,2905
4,2906
26,2907
26,2908
4,2909
4,2910
40,2911
4,2912
40,2913
26,2914
40,2915
42,2916
42,2917
4,2918
4,2919
40,2920
40,2921
40,2922
40,2923
42,2924
31,2925
25,2926
10,2927
31,2928
0,2929
21,2930
39,2931
1,2932
16,2933
45,2934
2,2935
2,2936
3,2937
27,2938
35,2939
35,2940
19,2941
27,2942
3,2943
3,2944
27,2945
12,2946
0,2947
38,2948
1,2949
15,2950
2,2951
2,2952
3,2953
3,2954
27,2955
2,2956
44,2957
44,2958
44,2959
44,2960
0,2961
9,2962
29,2963
29,2964
23,2965
1,2966
45,2967
16,2968
2,2969
2,2970
2,2971
3,2972
3,2973
4,2974
40,2975
4,2976
4,2977
5,2978
5,2979
6,2980
6,2981
6,2982
25,2983
7,2984
7,2985
33,2986
18,2987
33,2988
18,2989
33,2990
7,2991
14,2992
18,2993
7,2994
35,2995
3,2996
3,2997
3,2998
19,2999
3,3000
35,3001
27,3002
12,3003
3,3004
3,3005
27,3006
3,3007
35,3008
35,3009
19,3010
19,3011
3,3012
3,3013
35,3014
12,3015
35,3016
35,3017
3,3018
19,3019
35,3020
27,3021
27,3022
2,3023
2,3024
44,3025
44,3026
44,3027
2,3028
2,3029
2,3030
2,3031
2,3032
2,3033
44,3034
22,3035
11,3036
11,3037
28,3038
15,3039
1,3040
45,3041
34,3042
16,3043
43,3044
45,3045
16,3046
43,3047
43,3048
34,3049
15,3050
43,3051
15,3052
1,3053
43,3054
34,3055
34,3056
16,3057
15,3058
1,3059
45,3060
45,3061
28,3062
34,3063
28,3064
34,3065
15,3066
28,3067
45,3068
45,3069
1,3070
34,3071
16,3072
45,3073
34,3074
15,3075
1,3076
28,3077
28,3078
34,3079
1,3080
28,3081
34,3082
28,3083
28,3084
43,3085
1,3086
49,3087
32,3088
46,3089
0,3090
39,3091
1,3092
15,3093
2,3094
2,3095
44,3096
3,3097
3,3098
19,3099
3,3100
3,3101
27,3102
35,3103
3,3104
19,3105
19,3106
3,3107
3,3108
19,3109
19,3110
19,3111
3,3112
27,3113
35,3114
35,3115
19,3116
3,3117
3,3118
19,3119
19,3120
3,3121
35,3122
3,3123
27,3124
27,3125
2,3126
44,3127
2,3128
2,3129
44,3130
2,3131
44,3132
22,3133
11,3134
11,3135
11,3136
11,3137
28,3138
45,3139
28,3140
16,3141
45,3142
1,3143
15,3144
43,3145
45,3146
34,3147
28,3148
43,3149
34,3150
15,3151
34,3152
43,3153
1,3154
28,3155
43,3156
15,3157
1,3158
1,3159
45,3160
1,3161
16,3162
16,3163
28,3164
16,3165
28,3166
28,3167
1,3168
49,3169
49,3170
5,3171
46,3172
32,3173
5,3174
5,3175
5,3176
5,3177
46,3178
32,3179
46,3180
5,3181
5,3182
46,3183
32,3184
46,3185
49,3186
46,3187
49,3188
49,3189
40,3190
4,3191
26,3192
42,3193
42,3194
4,3195
4,3196
26,3197
26,3198
26,3199
42,3200
42,3201
26,3202
40,3203
40,3204
4,3205
4,3206
42,3207
26,3208
42,3209
40,3210
4,3211
42,3212
40,3213
4,3214
42,3215
4,3216
26,3217
26,3218
42,3219
40,3220
42,3221
26,3222
4,3223
26,3224
42,3225
40,3226
26,3227
40,3228
4,3229
42,3230
26,3231
4,3232
40,3233
26,3234
42,3235
40,3236
40,3237
26,3238
26,3239
42,3240
42,3241
42,3242
40,3243
42,3244
40,3245
4,3246
42,3247
26,3248
4,3249
42,3250
31,3251
6,3252
6,3253
0,3254
9,3255
1,3256
15,3257
2,3258
44,3259
2,3260
3,3261
12,3262
12,3263
27,3264
2,3265
2,3266
2,3267
44,3268
44,3269
44,3270
22,3271
48,3272
48,3273
48,3274
20,3275
20,3276
22,3277
22,3278
48,3279
22,3280
22,3281
20,3282
48,3283
22,3284
48,3285
48,3286
20,3287
20,3288
20,3289
22,3290
22,3291
48,3292
48,3293
20,3294
22,3295
20,3296
48,3297
48,3298
48,3299
48,3300
48,3301
20,3302
22,3303
22,3304
20,3305
20,3306
20,3307
22,3308
20,3309
48,3310
48,3311
22,3312
48,3313
48,3314
20,3315
22,3316
20,3317
48,3318
48,3319
22,3320
48,3321
22,3322
22,3323
22,3324
11,3325
28,3326
34,3327
43,3328
34,3329
1,3330
16,3331
4,3332
4,3333
40,3334
5,3335
32,3336
5,3337
6,3338
36,3339
23,3340
9,3341
23,3342
0,3343
7,3344
18,3345
18,3346
7,3347
18,3348
18,3349
33,3350
14,3351
18,3352
33,3353
33,3354
14,3355
18,3356
7,3357
35,3358
12,3359
27,3360
12,3361
0,3362
0,3363
29,3364
1,3365
15,3366
34,3367
45,3368
2,3369
2,3370
3,3371
27,3372
19,3373
3,3374
27,3375
19,3376
3,3377
12,3378
12,3379
27,3380
27,3381
27,3382
12,3383
35,3384
19,3385
27,3386
3,3387
19,3388
12,3389
19,3390
35,3391
35,3392
4,3393
26,3394
4,3395
26,3396
40,3397
5,3398
5,3399
6,3400
36,3401
7,3402
33,3403
7,3404
35,3405
35,3406
27,3407
19,3408
35,3409
12,3410
19,3411
27,3412
19,3413
3,3414
12,3415
35,3416
35,3417
0,3418
8,3419
1,3420
45,3421
2,3422
2,3423
3,3424
3,3425
12,3426
3,3427
12,3428
3,3429
19,3430
35,3431
35,3432
27,3433
35,3434
12,3435
3,3436
35,3437
35,3438
27,3439
19,3440
12,3441
12,3442
35,3443
12,3444
19,3445
35,3446
3,3447
3,3448
12,3449
3,3450
19,3451
19,3452
3,3453
12,3454
12,3455
12,3456
27,3457
3,3458
12,3459
35,3460
3,3461
12,3462
3,3463
27,3464
19,3465
3,3466
12,3467
35,3468
0,3469
39,3470
1,3471
15,3472
2,3473
44,3474
22,3475
22,3476
3,3477
12,3478
3,3479
35,3480
19,3481
27,3482
12,3483
3,3484
12,3485
35,3486
35,3487
3,3488
19,3489
12,3490
35,3491
12,3492
35,3493
3,3494
12,3495
19,3496
27,3497
12,3498
35,3499
27,3500
2,3501
2,3502
44,3503
2,3504
2,3505
2,3506
44,3507
2,3508
2,3509
2,3510
2,3511
44,3512
2,3513
44,3514
2,3515
2,3516
44,3517
2,3518
44,3519
22,3520
22,3521
48,3522
20,3523
22,3524
20,3525
20,3526
22,3527
20,3528
22,3529
11,3530
0,3531
38,3532
24,3533
38,3534
1,3535
15,3536
34,3537
43,3538
2,3539
2,3540
44,3541
3,3542
3,3543
19,3544
35,3545
12,3546
12,3547
3,3548
12,3549
35,3550
19,3551
3,3552
12,3553
19,3554
3,3555
19,3556
35,3557
19,3558
3,3559
27,3560
3,3561
3,3562
35,3563
3,3564
35,3565
12,3566
12,3567
19,3568
12,3569
12,3570
3,3571
27,3572
27,3573
3,3574
19,3575
3,3576
3,3577
19,3578
35,3579
19,3580
27,3581
12,3582
3,3583
19,3584
12,3585
35,3586
12,3587
12,3588
19,3589
3,3590
0,3591
8,3592
0,3593
21,3594
1,3595
1,3596
2,3597
44,3598
44,3599
3,3600
3,3601
12,3602
27,3603
19,3604
19,3605
12,3606
3,3607
12,3608
35,3609
19,3610
35,3611
12,3612
12,3613
0,3614
8,3615
21,3616
1,3617
43,3618
2,3619
44,3620
3,3621
19,3622
19,3623
35,3624
3,3625
12,3626
19,3627
35,3628
3,3629
27,3630
35,3631
12,3632
3,3633
12,3634
35,3635
35,3636
19,3637
3,3638
19,3639
27,3640
35,3641
27,3642
27,3643
35,3644
35,3645
12,3646
19,3647
27,3648
3,3649
3,3650
3,3651
19,3652
19,3653
12,3654
19,3655
35,3656
27,3657
19,3658
35,3659
12,3660
35,3661
35,3662
27,3663
12,3664
35,3665
35,3666
12,3667
19,3668
12,3669
35,3670
12,3671
19,3672
12,3673
27,3674
19,3675
27,3676
3,3677
19,3678
3,3679
35,3680
27,3681
35,3682
27,3683
12,3684
27,3685
2,3686
44,3687
22,3688
48,3689
20,3690
20,3691
48,3692
20,3693
22,3694
11,3695
11,3696
28,3697
28,3698
34,3699
28,3700
34,3701
43,3702
34,3703
34,3704
43,3705
34,3706
1,3707
28,3708
28,3709
28,3710
15,3711
1,3712
28,3713
34,3714
15,3715
16,3716
1,3717
1,3718
28,3719
28,3720
28,3721
34,3722
4,3723
42,3724
4,3725
5,3726
5,3727
6,3728
10,3729
31,3730
6,3731
7,3732
7,3733
35,3734
12,3735
12,3736
27,3737
19,3738
27,3739
27,3740
3,3741
19,3742
27,3743
2,3744
4,3745
42,3746
5,3747
46,3748
6,3749
6,3750
31,3751
10,3752
7,3753
18,3754
18,3755
18,3756
7,3757
35,3758
19,3759
35,3760
27,3761
3,3762
3,3763
27,3764
3,3765
3,3766
27,3767
3,3768
27,3769
35,3770
27,3771
3,3772
3,3773
35,3774
19,3775
3,3776
3,3777
19,3778
35,3779
27,3780
3,3781
19,3782
19,3783
19,3784
12,3785
12,3786
19,3787
35,3788
4,3789
26,3790
5,3791
49,3792
6,3793
10,3794
31,3795
7,3796
33,3797
14,3798
33,3799
14,3800
7,3801
18,3802
18,3803
14,3804
7,3805
7,3806
33,3807
33,3808
14,3809
14,3810
18,3811
14,3812
33,3813
18,3814
14,3815
33,3816
33,3817
14,3818
14,3819
7,3820
14,3821
18,3822
18,3823
18,3824
33,3825
18,3826
7,3827
18,3828
18,3829
33,3830
7,3831
18,3832
33,3833
14,3834
33,3835
7,3836
14,3837
7,3838
35,3839
3,3840
35,3841
27,3842
2,3843
44,3844
22,3845
22,3846
22,3847
0,3848
38,3849
1,3850
28,3851
16,3852
34,3853
45,3854
2,3855
2,3856
2,3857
3,3858
3,3859
3,3860
19,3861
12,3862
19,3863
0,3864
21,3865
9,3866
1,3867
49,3868
49,3869
2,3870
44,3871
2,3872
2,3873
44,3874
44,3875
3,3876
3,3877
19,3878
12,3879
12,3880
19,3881
27,3882
2,3883
44,3884
2,3885
44,3886
22,3887
22,3888
22,3889
22,3890
20,3891
22,3892
20,3893
22,3894
48,3895
48,3896
20,3897
48,3898
22,3899
48,3900
20,3901
22,3902
48,3903
20,3904
48,3905
20,3906
22,3907
48,3908
22,3909
48,3910
48,3911
20,3912
20,3913
48,3914
22,3915
48,3916
20,3917
22,3918
20,3919
0,3920
38,3921
1,3922
15,3923
16,3924
2,3925
44,3926
44,3927
3,3928
19,3929
35,3930
12,3931
35,3932
3,3933
19,3934
27,3935
35,3936
27,3937
19,3938
19,3939
19,3940
19,3941
35,3942
27,3943
19,3944
3,3945
27,3946
35,3947
12,3948
19,3949
27,3950
3,3951
35,3952
4,3953
40,3954
5,3955
32,3956
6,3957
6,3958
25,3959
25,3960
7,3961
7,3962
14,3963
33,3964
33,3965
33,3966
18,3967
7,3968
14,3969
14,3970
7,3971
7,3972
18,3973
18,3974
7,3975
14,3976
18,3977
14,3978
18,3979
33,3980
7,3981
33,3982
7,3983
14,3984
7,3985
18,3986
14,3987
33,3988
33,3989
18,3990
33,3991
33,3992
18,3993
33,3994
18,3995
18,3996
7,3997
35,3998
3,3999
19,4000
19,4001
3,4002
19,4003
12,4004
35,4005
35,4006
19,4007
12,4008
3,4009
27,4010
2,4011
44,4012
44,4013
2,4014
44,4015
22,4016
20,4017
48,4018
22,4019
11,4020
11,4021
28,4022
4,4023
40,4024
40,4025
4,4026
4,4027
40,4028
4,4029
42,4030
5,4031
46,4032
6,4033
6,4034
25,4035
7,4036
14,4037
7,4038
7,4039
35,4040
35,4041
19,4042
12,4043
19,4044
27,4045
27,4046
2,4047
44,4048
44,4049
2,4050
44,4051
44,4052
2,4053
2,4054
44,4055
22,4056
22,4057
20,4058
22,4059
22,4060
48,4061
48,4062
48,4063
22,4064
20,4065
22,4066
20,4067
20,4068
22,4069
20,4070
20,4071
22,4072
48,4073
22,4074
20,4075
20,4076
20,4077
48,4078
22,4079
20,4080
20,4081
4,4082
4,4083
4,4084
5,4085
5,4086
5,4087
6,4088
36,4089
7,4090
14,4091
7,4092
18,4093
7,4094
35,4095
19,4096
3,4097
12,4098
19,4099
12,4100
27,4101
19,4102
27,4103
27,4104
2,4105
2,4106
44,4107
2,4108
2,4109
44,4110
0,4111
39,4112
1,4113
15,4114
2,4115
2,4116
3,4117
3,4118
27,4119
2,4120
2,4121
44,4122
22,4123
22,4124
11,4125
11,4126
28,4127
45,4128
16,4129
16,4130
28,4131
28,4132
16,4133
15,4134
45,4135
28,4136
1,4137
34,4138
1,4139
34,4140
43,4141
28,4142
34,4143
1,4144
16,4145
16,4146
15,4147
34,4148
43,4149
28,4150
28,4151
43,4152
4,4153
40,4154
5,4155
5,4156
46,4157
46,4158
32,4159
6,4160
25,4161
6,4162
31,4163
6,4164
31,4165
10,4166
6,4167
7,4168
14,4169
7,4170
18,4171
18,4172
33,4173
7,4174
7,4175
18,4176
7,4177
7,4178
35,4179
12,4180
3,4181
19,4182
3,4183
27,4184
19,4185
0,4186
24,4187
1,4188
1,4189
16,4190
16,4191
2,4192
44,4193
44,4194
3,4195
19,4196
3,4197
19,4198
4,4199
26,4200
4,4201
5,4202
5,4203
6,4204
31,4205
7,4206
14,4207
18,4208
33,4209
7,4210
7,4211
14,4212
33,4213
18,4214
7,4215
33,4216
18,4217
7,4218
35,4219
35,4220
35,4221
12,4222
3,4223
12,4224
19,4225
35,4226
35,4227
19,4228
35,4229
19,4230
35,4231
4,4232
26,4233
5,4234
5,4235
46,4236
6,4237
36,4238
7,4239
18,4240
33,4241
7,4242
33,4243
7,4244
33,4245
33,4246
7,4247
18,4248
14,4249
33,4250
14,4251
14,4252
14,4253
18,4254
14,4255
14,4256
33,4257
7,4258
33,4259
18,4260
7,4261
35,4262
12,4263
12,4264
3,4265
35,4266
35,4267
19,4268
19,4269
19,4270
27,4271
35,4272
3,4273
27,4274
19,4275
27,4276
27,4277
35,4278
4,4279
4,4280
5,4281
5,4282
6,4283
6,4284
25,4285
7,4286
14,4287
33,4288
18,4289
33,4290
18,4291
33,4292
33,4293
33,4294
7,4295
14,4296
0,4297
21,4298
1,4299
45,4300
16,4301
2,4302
44,4303
44,4304
22,4305
3,4306
3,4307
3,4308
35,4309
19,4310
12,4311
3,4312
27,4313
27,4314
2,4315
44,4316
22,4317
48,4318
22,4319
48,4320
20,4321
48,4322
20,4323
48,4324
48,4325
20,4326
22,4327
20,4328
48,4329
48,4330
22,4331
11,4332
11,4333
28,4334
45,4335
43,4336
45,4337
16,4338
43,4339
28,4340
34,4341
45,4342
45,4343
43,4344
15,4345
45,4346
34,4347
43,4348
28,4349
1,4350
45,4351
43,4352
34,4353
34,4354
16,4355
45,4356
43,4357
34,4358
45,4359
16,4360
43,4361
34,4362
45,4363
16,4364
45,4365
43,4366
34,4367
16,4368
1,4369
34,4370
1,4371
1,4372
28,4373
16,4374
1,4375
15,4376
15,4377
28,4378
1,4379
49,4380
32,4381
49,4382
40,4383
4,4384
4,4385
40,4386
5,4387
49,4388
46,4389
5,4390
32,4391
5,4392
6,4393
31,4394
7,4395
18,4396
7,4397
18,4398
7,4399
18,4400
7,4401
7,4402
18,4403
33,4404
18,4405
14,4406
33,4407
7,4408
7,4409
18,4410
33,4411
7,4412
33,4413
14,4414
33,4415
0,4416
8,4417
1,4418
1,4419
28,4420
2,4421
2,4422
2,4423
44,4424
44,4425
3,4426
27,4427
19,4428
27,4429
19,4430
3,4431
12,4432
27,4433
2,4434
2,4435
44,4436
2,4437
2,4438
2,4439
2,4440
44,4441
22,4442
48,4443
20,4444
20,4445
48,4446
0,4447
8,4448
1,4449
28,4450
1,4451
2,4452
2,4453
2,4454
3,4455
27,4456
3,4457
12,4458
27,4459
35,4460
27,4461
35,4462
19,4463
35,4464
12,4465
27,4466
35,4467
35,4468
19,4469
27,4470
12,4471
35,4472
12,4473
12,4474
19,4475
27,4476
3,4477
35,4478
35,4479
3,4480
3,4481
35,4482
3,4483
12,4484
27,4485
2,4486
2,4487
2,4488
44,4489
22,4490
22,4491
11,4492
11,4493
11,4494
28,4495
28,4496
34,4497
45,4498
28,4499
43,4500
45,4501
28,4502
15,4503
43,4504
0,4505
38,4506
29,4507
1,4508
43,4509
34,4510
1,4511
15,4512
2,4513
2,4514
2,4515
2,4516
3,4517
35,4518
12,4519
27,4520
19,4521
12,4522
35,4523
27,4524
2,4525
44,4526
44,4527
22,4528
20,4529
20,4530
48,4531
48,4532
48,4533
22,4534
22,4535
20,4536
20,4537
4,4538
42,4539
26,4540
40,4541
4,4542
4,4543
26,4544
42,4545
5,4546
5,4547
6,4548
25,4549
7,4550
14,4551
18,4552
14,4553
14,4554
33,4555
7,4556
18,4557
18,4558
33,4559
14,4560
7,4561
35,4562
3,4563
12,4564
35,4565
35,4566
19,4567
19,4568
35,4569
35,4570
3,4571
3,4572
3,4573
19,4574
27,4575
0,4576
0,4577
1,4578
1,4579
2,4580
44,4581
3,4582
12,4583
35,4584
12,4585
3,4586
35,4587
19,4588
3,4589
19,4590
4,4591
42,4592
4,4593
4,4594
40,4595
5,4596
5,4597
6,4598
10,4599
25,4600
7,4601
33,4602
14,4603
14,4604
14,4605
14,4606
33,4607
7,4608
14,4609
7,4610
18,4611
18,4612
33,4613
7,4614
14,4615
18,4616
7,4617
35,4618
12,4619
19,4620
12,4621
12,4622
19,4623
19,4624
12,4625
3,4626
12,4627
27,4628
19,4629
3,4630
35,4631
19,4632
19,4633
3,4634
12,4635
3,4636
12,4637
12,4638
27,4639
2,4640
2,4641
2,4642
2,4643
2,4644
44,4645
44,4646
2,4647
2,4648
44,4649
22,4650
20,4651
48,4652
20,4653
22,4654
20,4655
20,4656
20,4657
20,4658
22,4659
20,4660
22,4661
22,4662
11,4663
28,4664
15,4665
1,4666
34,4667
43,4668
43,4669
43,4670
45,4671
16,4672
28,4673
15,4674
43,4675
1,4676
45,4677
4,4678
26,4679
4,4680
5,4681
32,4682
6,4683
36,4684
36,4685
30,4686
7,4687
7,4688
14,4689
7,4690
7,4691
14,4692
14,4693
7,4694
18,4695
18,4696
14,4697
33,4698
18,4699
18,4700
7,4701
35,4702
12,4703
35,4704
19,4705
27,4706
3,4707
3,4708
12,4709
12,4710
3,4711
19,4712
12,4713
12,4714
3,4715
27,4716
19,4717
19,4718
3,4719
3,4720
19,4721
3,4722
3,4723
19,4724
27,4725
19,4726
35,4727
12,4728
12,4729
19,4730
19,4731
35,4732
19,4733
19,4734
27,4735
2,4736
44,4737
44,4738
22,4739
48,4740
20,4741
22,4742
20,4743
22,4744
20,4745
20,4746
48,4747
22,4748
48,4749
22,4750
20,4751
48,4752
22,4753
22,4754
11,4755
28,4756
43,4757
45,4758
28,4759
15,4760
43,4761
43,4762
0,4763
0,4764
29,4765
1,4766
45,4767
1,4768
43,4769
1,4770
2,4771
2,4772
3,4773
19,4774
27,4775
27,4776
27,4777
27,4778
35,4779
19,4780
27,4781
19,4782
3,4783
12,4784
35,4785
27,4786
27,4787
2,4788
44,4789
44,4790
2,4791
2,4792
44,4793
44,4794
2,4795
2,4796
44,4797
22,4798
48,4799
22,4800
22,4801
11,4802
28,4803
16,4804
15,4805
1,4806
1,4807
16,4808
15,4809
1,4810
45,4811
16,4812
45,4813
15,4814
28,4815
28,4816
15,4817
15,4818
43,4819
16,4820
28,4821
1,4822
16,4823
45,4824
34,4825
16,4826
16,4827
28,4828
15,4829
15,4830
16,4831
34,4832
15,4833
43,4834
15,4835
43,4836
15,4837
45,4838
28,4839
1,4840
16,4841
45,4842
1,4843
45,4844
15,4845
0,4846
24,4847
8,4848
1,4849
45,4850
2,4851
44,4852
3,4853
3,4854
19,4855
35,4856
3,4857
27,4858
2,4859
44,4860
2,4861
2,4862
44,4863
22,4864
22,4865
22,4866
11,4867
11,4868
28,4869
15,4870
34,4871
43,4872
15,4873
45,4874
28,4875
15,4876
1,4877
16,4878
45,4879
34,4880
45,4881
45,4882
16,4883
43,4884
28,4885
43,4886
15,4887
16,4888
43,4889
15,4890
15,4891
34,4892
16,4893
28,4894
28,4895
43,4896
45,4897
34,4898
45,4899
16,4900
34,4901
28,4902
28,4903
28,4904
15,4905
1,4906
49,4907
32,4908
46,4909
5,4910
32,4911
32,4912
5,4913
5,4914
32,4915
32,4916
46,4917
32,4918
5,4919
32,4920
49,4921
32,4922
46,4923
5,4924
32,4925
49,4926
5,4927
49,4928
32,4929
49,4930
32,4931
49,4932
40,4933
40,4934
42,4935
40,4936
26,4937
42,4938
42,4939
31,4940
6,4941
6,4942
36,4943
36,4944
36,4945
36,4946
36,4947
23,4948
0,4949
21,4950
9,4951
8,4952
38,4953
24,4954
9,4955
23,4956
24,4957
8,4958
0,4959
24,4960
37,4961
23,4962
23,4963
37,4964
38,4965
9,4966
38,4967
8,4968
21,4969
37,4970
29,4971
24,4972
0,4973
8,4974
9,4975
39,4976
38,4977
0,4978
29,4979
8,4980
38,4981
24,4982
8,4983
38,4984
39,4985
8,4986
4,4987
26,4988
5,4989
5,4990
6,4991
25,4992
25,4993
7,4994
33,4995
33,4996
7,4997
7,4998
18,4999
14,5000
14,5001
33,5002
33,5003
14,5004
7,5005
33,5006
18,5007
7,5008
14,5009
7,5010
33,5011
18,5012
18,5013
33,5014
33,5015
14,5016
33,5017
18,5018
7,5019
7,5020
33,5021
7,5022
33,5023
7,5024
35,5025
35,5026
3,5027
3,5028
3,5029
12,5030
19,5031
27,5032
35,5033
35,5034
19,5035
27,5036
19,5037
12,5038
27,5039
2,5040
44,5041
2,5042
2,5043
44,5044
44,5045
2,5046
44,5047
22,5048
22,5049
48,5050
48,5051
48,5052
22,5053
48,5054
22,5055
20,5056
22,5057
20,5058
48,5059
48,5060
22,5061
11,5062
11,5063
28,5064
34,5065
1,5066
16,5067
34,5068
45,5069
16,5070
45,5071
34,5072
28,5073
16,5074
28,5075
16,5076
28,5077
15,5078
16,5079
34,5080
15,5081
34,5082
1,5083
49,5084
49,5085
5,5086
49,5087
46,5088
46,5089
5,5090
5,5091
32,5092
49,5093
32,5094
49,5095
5,5096
32,5097
49,5098
46,5099
4,5100
42,5101
5,5102
49,5103
6,5104
10,5105
7,5106
33,5107
4,5108
26,5109
4,5110
5,5111
46,5112
5,5113
46,5114
6,5115
25,5116
7,5117
33,5118
33,5119
7,5120
35,5121
19,5122
19,5123
19,5124
27,5125
27,5126
2,5127
44,5128
22,5129
20,5130
20,5131
22,5132
11,5133
11,5134
11,5135
28,5136
16,5137
43,5138
15,5139
34,5140
43,5141
16,5142
1,5143
43,5144
43,5145
16,5146
43,5147
45,5148
45,5149
45,5150
28,5151
43,5152
16,5153
45,5154
45,5155
43,5156
0,5157
9,5158
39,5159
1,5160
15,5161
2,5162
44,5163
3,5164
27,5165
3,5166
3,5167
3,5168
3,5169
19,5170
35,5171
19,5172
27,5173
19,5174
12,5175
12,5176
12,5177
35,5178
12,5179
19,5180
3,5181
12,5182
35,5183
35,5184
35,5185
3,5186
12,5187
3,5188
27,5189
19,5190
12,5191
19,5192
12,5193
19,5194
12,5195
12,5196
12,5197
3,5198
35,5199
27,5200
2,5201
44,5202
22,5203
20,5204
22,5205
22,5206
11,5207
28,5208
45,5209
34,5210
45,5211
34,5212
16,5213
1,5214
16,5215
34,5216
43,5217
1,5218
49,5219
5,5220
5,5221
5,5222
46,5223
46,5224
49,5225
49,5226
49,5227
49,5228
49,5229
46,5230
5,5231
32,5232
32,5233
46,5234
46,5235
32,5236
49,5237
46,5238
46,5239
46,5240
46,5241
5,5242
49,5243
5,5244
49,5245
5,5246
32,5247
49,5248
49,5249
49,5250
5,5251
46,5252
32,5253
32,5254
5,5255
5,5256
46,5257
46,5258
49,5259
49,5260
49,5261
46,5262
49,5263
49,5264
49,5265
5,5266
46,5267
49,5268
5,5269
49,5270
46,5271
46,5272
46,5273
49,5274
40,5275
4,5276
4,5277
40,5278
26,5279
4,5280
26,5281
26,5282
42,5283
42,5284
40,5285
42,5286
26,5287
26,5288
42,5289
40,5290
42,5291
26,5292
40,5293
42,5294
26,5295
4,5296
26,5297
42,5298
4,5299
4,5300
4,5301
26,5302
26,5303
4,5304
42,5305
31,5306
31,5307
25,5308
10,5309
6,5310
6,5311
25,5312
6,5313
36,5314
36,5315
36,5316
30,5317
30,5318
36,5319
36,5320
30,5321
36,5322
36,5323
36,5324
36,5325
36,5326
36,5327
36,5328
36,5329
30,5330
30,5331
30,5332
36,5333
23,5334
8,5335
37,5336
29,5337
21,5338
39,5339
38,5340
29,5341
0,5342
29,5343
29,5344
37,5345
8,5346
24,5347
38,5348
9,5349
8,5350
24,5351
39,5352
8,5353
24,5354
23,5355
37,5356
29,5357
38,5358
38,5359
8,5360
37,5361
29,5362
21,5363
37,5364
38,5365
8,5366
8,5367
38,5368
37,5369
21,5370
39,5371
9,5372
39,5373
29,5374
0,5375
29,5376
29,5377
21,5378
38,5379
0,5380
24,5381
38,5382
21,5383
39,5384
9,5385
23,5386
23,5387
23,5388
38,5389
9,5390
38,5391
29,5392
9,5393
39,5394
37,5395
21,5396
0,5397
9,5398
0,5399
4,5400
40,5401
26,5402
42,5403
31,5404
5,5405
46,5406
32,5407
6,5408
6,5409
7,5410
14,5411
33,5412
7,5413
14,5414
18,5415
18,5416
18,5417
18,5418
14,5419
33,5420
14,5421
33,5422
14,5423
33,5424
7,5425
18,5426
33,5427
14,5428
7,5429
33,5430
14,5431
7,5432
7,5433
33,5434
7,5435
33,5436
33,5437
14,5438
18,5439
7,5440
35,5441
12,5442
27,5443
35,5444
35,5445
27,5446
12,5447
35,5448
0,5449
0,5450
9,5451
29,5452
38,5453
1,5454
34,5455
28,5456
15,5457
2,5458
44,5459
3,5460
27,5461
35,5462
3,5463
27,5464
27,5465
2,5466
2,5467
44,5468
2,5469
2,5470
44,5471
22,5472
22,5473
48,5474
48,5475
48,5476
20,5477
20,5478
48,5479
20,5480
20,5481
22,5482
48,5483
22,5484
22,5485
20,5486
20,5487
48,5488
22,5489
20,5490
20,5491
22,5492
22,5493
11,5494
11,5495
11,5496
11,5497
28,5498
16,5499
28,5500
34,5501
28,5502
1,5503
34,5504
45,5505
34,5506
34,5507
28,5508
16,5509
1,5510
15,5511
43,5512
1,5513
28,5514
16,5515
45,5516
45,5517
16,5518
1,5519
16,5520
45,5521
15,5522
1,5523
16,5524
43,5525
34,5526
1,5527
34,5528
34,5529
28,5530
28,5531
34,5532
16,5533
1,5534
16,5535
28,5536
45,5537
16,5538
34,5539
28,5540
43,5541
28,5542
15,5543
43,5544
15,5545
43,5546
15,5547
1,5548
0,5549
39,5550
0,5551
1,5552
16,5553
2,5554
2,5555
44,5556
3,5557
27,5558
12,5559
35,5560
12,5561
19,5562
3,5563
3,5564
3,5565
19,5566
19,5567
27,5568
12,5569
19,5570
35,5571
12,5572
35,5573
35,5574
19,5575
3,5576
27,5577
3,5578
3,5579
12,5580
3,5581
4,5582
42,5583
5,5584
49,5585
6,5586
25,5587
7,5588
14,5589
18,5590
18,5591
33,5592
33,5593
7,5594
33,5595
33,5596
14,5597
14,5598
14,5599
14,5600
14,5601
7,5602
14,5603
33,5604
7,5605
7,5606
18,5607
33,5608
14,5609
33,5610
33,5611
14,5612
14,5613
18,5614
18,5615
7,5616
35,5617
3,5618
3,5619
35,5620
4,5621
26,5622
5,5623
32,5624
32,5625
6,5626
10,5627
7,5628
7,5629
35,5630
3,5631
4,5632
40,5633
4,5634
40,5635
5,5636
49,5637
32,5638
49,5639
6,5640
31,5641
7,5642
18,5643
7,5644
4,5645
40,5646
5,5647
49,5648
40,5649
6,5650
10,5651
7,5652
35,5653
35,5654
19,5655
3,5656
4,5657
26,5658
26,5659
5,5660
5,5661
49,5662
6,5663
25,5664
10,5665
10,5666
7,5667
14,5668
7,5669
33,5670
14,5671
33,5672
18,5673
14,5674
18,5675
14,5676
33,5677
7,5678
35,5679
27,5680
19,5681
12,5682
35,5683
27,5684
3,5685
3,5686
19,5687
19,5688
12,5689
19,5690
35,5691
19,5692
27,5693
27,5694
12,5695
3,5696
12,5697
27,5698
12,5699
27,5700
27,5701
2,5702
44,5703
22,5704
11,5705
28,5706
28,5707
28,5708
1,5709
1,5710
43,5711
34,5712
1,5713
43,5714
16,5715
15,5716
15,5717
15,5718
43,5719
28,5720
28,5721
28,5722
28,5723
16,5724
16,5725
28,5726
34,5727
16,5728
16,5729
43,5730
45,5731
16,5732
1,5733
34,5734
16,5735
45,5736
1,5737
1,5738
0,5739
8,5740
1,5741
49,5742
2,5743
44,5744
3,5745
12,5746
19,5747
27,5748
3,5749
12,5750
27,5751
12,5752
35,5753
19,5754
12,5755
19,5756
12,5757
12,5758
35,5759
3,5760
3,5761
19,5762
19,5763
12,5764
35,5765
35,5766
35,5767
35,5768
12,5769
3,5770
3,5771
35,5772
12,5773
35,5774
27,5775
19,5776
3,5777
3,5778
19,5779
19,5780
27,5781
19,5782
19,5783
19,5784
35,5785
0,5786
23,5787
37,5788
38,5789
1,5790
45,5791
2,5792
44,5793
44,5794
44,5795
3,5796
19,5797
27,5798
19,5799
19,5800
3,5801
35,5802
12,5803
4,5804
40,5805
26,5806
5,5807
49,5808
5,5809
46,5810
6,5811
25,5812
10,5813
25,5814
7,5815
18,5816
14,5817
14,5818
18,5819
7,5820
35,5821
3,5822
35,5823
27,5824
12,5825
35,5826
3,5827
35,5828
35,5829
19,5830
27,5831
12,5832
3,5833
3,5834
35,5835
27,5836
35,5837
19,5838
12,5839
27,5840
12,5841
12,5842
35,5843
27,5844
27,5845
35,5846
27,5847
12,5848
12,5849
27,5850
2,5851
2,5852
2,5853
44,5854
44,5855
22,5856
22,5857
22,5858
20,5859
20,5860
48,5861
48,5862
22,5863
11,5864
28,5865
45,5866
1,5867
15,5868
43,5869
15,5870
43,5871
16,5872
45,5873
1,5874
4,5875
26,5876
5,5877
49,5878
5,5879
46,5880
46,5881
49,5882
5,5883
6,5884
25,5885
7,5886
14,5887
18,5888
33,5889
7,5890
14,5891
7,5892
35,5893
12,5894
3,5895
12,5896
3,5897
27,5898
19,5899
19,5900
27,5901
27,5902
19,5903
19,5904
3,5905
12,5906
19,5907
27,5908
12,5909
35,5910
19,5911
3,5912
19,5913
12,5914
27,5915
19,5916
12,5917
3,5918
19,5919
12,5920
19,5921
27,5922
3,5923
19,5924
35,5925
12,5926
3,5927
12,5928
12,5929
19,5930
12,5931
35,5932
19,5933
27,5934
3,5935
12,5936
0,5937
21,5938
39,5939
23,5940
38,5941
1,5942
28,5943
2,5944
44,5945
2,5946
3,5947
27,5948
12,5949
19,5950
12,5951
3,5952
19,5953
19,5954
27,5955
12,5956
27,5957
35,5958
35,5959
19,5960
3,5961
12,5962
35,5963
4,5964
26,5965
4,5966
42,5967
5,5968
5,5969
46,5970
6,5971
31,5972
7,5973
7,5974
14,5975
33,5976
33,5977
7,5978
33,5979
14,5980
18,5981
33,5982
7,5983
14,5984
7,5985
14,5986
18,5987
33,5988
7,5989
18,5990
18,5991
33,5992
7,5993
33,5994
18,5995
0,5996
24,5997
1,5998
16,5999
2,6000
2,6001
3,6002
19,6003
3,6004
3,6005
35,6006
12,6007
3,6008
35,6009
35,6010
27,6011
27,6012
12,6013
19,6014
12,6015
19,6016
35,6017
27,6018
27,6019
35,6020
35,6021
3,6022
3,6023
3,6024
12,6025
12,6026
19,6027
19,6028
19,6029
35,6030
35,6031
12,6032
27,6033
2,6034
44,6035
2,6036
44,6037
2,6038
2,6039
44,6040
2,6041
2,6042
44,6043
44,6044
22,6045
20,6046
22,6047
22,6048
48,6049
20,6050
20,6051
20,6052
48,6053
22,6054
20,6055
22,6056
20,6057
48,6058
48,6059
22,6060
20,6061
48,6062
48,6063
22,6064
20,6065
48,6066
48,6067
48,6068
20,6069
22,6070
11,6071
28,6072
34,6073
43,6074
45,6075
28,6076
28,6077
34,6078
34,6079
1,6080
49,6081
40,6082
40,6083
40,6084
4,6085
42,6086
40,6087
4,6088
40,6089
40,6090
4,6091
26,6092
42,6093
31,6094
25,6095
25,6096
6,6097
36,6098
30,6099
30,6100
36,6101
36,6102
36,6103
23,6104
8,6105
38,6106
8,6107
0,6108
37,6109
39,6110
21,6111
8,6112
8,6113
23,6114
0,6115
37,6116
37,6117
24,6118
29,6119
9,6120
24,6121
38,6122
23,6123
38,6124
24,6125
8,6126
9,6127
9,6128
24,6129
21,6130
24,6131
38,6132
38,6133
23,6134
38,6135
39,6136
24,6137
38,6138
23,6139
9,6140
0,6141
38,6142
37,6143
21,6144
29,6145
8,6146
38,6147
8,6148
37,6149
39,6150
37,6151
38,6152
21,6153
41,6154
13,6155
47,6156
17,6157
41,6158
13,6159
13,6160
13,6161
47,6162
13,6163
4,6164
42,6165
5,6166
5,6167
6,6168
31,6169
7,6170
18,6171
14,6172
14,6173
14,6174
7,6175
18,6176
33,6177
18,6178
7,6179
35,6180
3,6181
35,6182
3,6183
3,6184
19,6185
35,6186
12,6187
3,6188
35,6189
19,6190
35,6191
12,6192
3,6193
19,6194
27,6195
3,6196
35,6197
35,6198
19,6199
19,6200
12,6201
3,6202
12,6203
19,6204
12,6205
3,6206
3,6207
27,6208
35,6209
19,6210
19,6211
35,6212
19,6213
12,6214
27,6215
27,6216
2,6217
44,6218
44,6219
22,6220
22,6221
11,6222
11,6223
11,6224
28,6225
16,6226
45,6227
16,6228
45,6229
16,6230
1,6231
49,6232
49,6233
49,6234
40,6235
42,6236
40,6237
42,6238
40,6239
40,6240
4,6241
26,6242
26,6243
4,6244
4,6245
4,6246
26,6247
4,6248
4,6249
4,6250
42,6251
4,6252
40,6253
42,6254
40,6255
40,6256
40,6257
40,6258
26,6259
40,6260
26,6261
40,6262
26,6263
40,6264
42,6265
4,6266
42,6267
26,6268
4,6269
40,6270
26,6271
42,6272
4,6273
42,6274
42,6275
5,6276
32,6277
49,6278
6,6279
25,6280
31,6281
6,6282
7,6283
35,6284
19,6285
12,6286
3,6287
3,6288
19,6289
19,6290
35,6291
12,6292
19,6293
19,6294
27,6295
12,6296
27,6297
2,6298
44,6299
44,6300
22,6301
20,6302
20,6303
22,6304
20,6305
22,6306
48,6307
20,6308
22,6309
20,6310
22,6311
22,6312
22,6313
48,6314
48,6315
20,6316
48,6317
20,6318
20,6319
22,6320
4,6321
4,6322
5,6323
32,6324
32,6325
6,6326
6,6327
7,6328
35,6329
27,6330
35,6331
12,6332
27,6333
2,6334
2,6335
2,6336
2,6337
2,6338
44,6339
22,6340
48,6341
0,6342
0,6343
9,6344
1,6345
45,6346
2,6347
2,6348
3,6349
27,6350
35,6351
19,6352
27,6353
27,6354
35,6355
19,6356
35,6357
19,6358
19,6359
35,6360
12,6361
3,6362
27,6363
19,6364
27,6365
3,6366
12,6367
12,6368
35,6369
19,6370
3,6371
27,6372
27,6373
27,6374
27,6375
19,6376
27,6377
3,6378
27,6379
27,6380
2,6381
2,6382
44,6383
44,6384
44,6385
2,6386
44,6387
22,6388
11,6389
11,6390
28,6391
16,6392
28,6393
1,6394
34,6395
34,6396
15,6397
45,6398
16,6399
28,6400
28,6401
15,6402
15,6403
28,6404
34,6405
43,6406
43,6407
43,6408
45,6409
34,6410
43,6411
45,6412
34,6413
43,6414
28,6415
15,6416
0,6417
37,6418
39,6419
23,6420
24,6421
23,6422
1,6423
15,6424
15,6425
2,6426
44,6427
3,6428
3,6429
27,6430
3,6431
35,6432
19,6433
35,6434
3,6435
12,6436
3,6437
35,6438
35,6439
3,6440
27,6441
19,6442
19,6443
3,6444
3,6445
3,6446
19,6447
19,6448
35,6449
12,6450
3,6451
27,6452
35,6453
35,6454
12,6455
19,6456
12,6457
3,6458
27,6459
27,6460
19,6461
19,6462
35,6463
12,6464
12,6465
3,6466
27,6467
19,6468
35,6469
12,6470
35,6471
3,6472
0,6473
8,6474
1,6475
49,6476
40,6477
40,6478
4,6479
2,6480
2,6481
44,6482
3,6483
27,6484
35,6485
27,6486
19,6487
3,6488
27,6489
27,6490
2,6491
2,6492
44,6493
44,6494
2,6495
2,6496
44,6497
2,6498
2,6499
44,6500
44,6501
44,6502
44,6503
22,6504
11,6505
28,6506
1,6507
43,6508
34,6509
43,6510
34,6511
1,6512
34,6513
1,6514
28,6515
34,6516
15,6517
16,6518
34,6519
45,6520
16,6521
45,6522
1,6523
45,6524
28,6525
45,6526
28,6527
1,6528
43,6529
16,6530
1,6531
49,6532
46,6533
49,6534
46,6535
32,6536
49,6537
32,6538
5,6539
32,6540
5,6541
46,6542
49,6543
49,6544
32,6545
5,6546
46,6547
32,6548
32,6549
32,6550
49,6551
5,6552
32,6553
46,6554
5,6555
5,6556
46,6557
49,6558
5,6559
32,6560
5,6561
49,6562
49,6563
49,6564
49,6565
32,6566
32,6567
5,6568
5,6569
49,6570
49,6571
40,6572
4,6573
4,6574
26,6575
26,6576
42,6577
26,6578
42,6579
40,6580
4,6581
26,6582
40,6583
40,6584
42,6585
4,6586
4,6587
4,6588
4,6589
42,6590
4,6591
26,6592
4,6593
26,6594
42,6595
26,6596
26,6597
0,6598
21,6599
37,6600
1,6601
43,6602
2,6603
44,6604
3,6605
3,6606
19,6607
27,6608
27,6609
27,6610
19,6611
12,6612
19,6613
35,6614
19,6615
27,6616
3,6617
3,6618
35,6619
27,6620
19,6621
3,6622
19,6623
3,6624
27,6625
2,6626
2,6627
44,6628
44,6629
22,6630
11,6631
11,6632
11,6633
28,6634
16,6635
28,6636
45,6637
15,6638
1,6639
49,6640
5,6641
49,6642
40,6643
4,6644
26,6645
40,6646
42,6647
31,6648
10,6649
10,6650
6,6651
6,6652
25,6653
31,6654
31,6655
10,6656
31,6657
6,6658
31,6659
6,6660
31,6661
10,6662
25,6663
6,6664
25,6665
10,6666
31,6667
25,6668
31,6669
10,6670
10,6671
25,6672
31,6673
31,6674
6,6675
25,6676
6,6677
31,6678
25,6679
6,6680
31,6681
31,6682
25,6683
31,6684
25,6685
25,6686
25,6687
31,6688
31,6689
25,6690
31,6691
25,6692
25,6693
6,6694
25,6695
10,6696
25,6697
31,6698
4,6699
40,6700
4,6701
5,6702
49,6703
49,6704
6,6705
25,6706
10,6707
7,6708
35,6709
12,6710
3,6711
12,6712
0,6713
8,6714
1,6715
15,6716
2,6717
44,6718
44,6719
3,6720
19,6721
35,6722
35,6723
27,6724
12,6725
35,6726
19,6727
4,6728
40,6729
42,6730
42,6731
40,6732
5,6733
49,6734
6,6735
25,6736
7,6737
33,6738
33,6739
33,6740
18,6741
33,6742
33,6743
18,6744
7,6745
33,6746
18,6747
14,6748
4,6749
4,6750
5,6751
32,6752
46,6753
6,6754
36,6755
7,6756
35,6757
35,6758
3,6759
27,6760
12,6761
19,6762
3,6763
19,6764
27,6765
2,6766
44,6767
22,6768
0,6769
8,6770
1,6771
16,6772
15,6773
45,6774
34,6775
2,6776
2,6777
44,6778
22,6779
3,6780
27,6781
27,6782
12,6783
35,6784
3,6785
12,6786
35,6787
19,6788
3,6789
12,6790
19,6791
3,6792
12,6793
27,6794
19,6795
3,6796
27,6797
19,6798
3,6799
19,6800
27,6801
2,6802
44,6803
44,6804
22,6805
48,6806
20,6807
22,6808
48,6809
48,6810
48,6811
48,6812
48,6813
22,6814
48,6815
20,6816
22,6817
48,6818
48,6819
48,6820
20,6821
20,6822
22,6823
11,6824
28,6825
34,6826
34,6827
1,6828
43,6829
45,6830
1,6831
15,6832
1,6833
15,6834
1,6835
1,6836
15,6837
43,6838
34,6839
16,6840
16,6841
15,6842
1,6843
1,6844
49,6845
5,6846
46,6847
32,6848
5,6849
5,6850
32,6851
46,6852
5,6853
5,6854
46,6855
5,6856
49,6857
32,6858
49,6859
5,6860
49,6861
32,6862
46,6863
4,6864
26,6865
4,6866
4,6867
4,6868
5,6869
32,6870
6,6871
6,6872
10,6873
7,6874
14,6875
7,6876
33,6877
33,6878
7,6879
7,6880
35,6881
3,6882
35,6883
35,6884
3,6885
19,6886
35,6887
12,6888
35,6889
27,6890
19,6891
12,6892
3,6893
27,6894
12,6895
27,6896
27,6897
12,6898
19,6899
3,6900
19,6901
27,6902
35,6903
27,6904
2,6905
44,6906
2,6907
44,6908
2,6909
44,6910
0,6911
9,6912
23,6913
9,6914
1,6915
49,6916
40,6917
2,6918
2,6919
3,6920
3,6921
19,6922
27,6923
19,6924
35,6925
12,6926
35,6927
27,6928
35,6929
3,6930
35,6931
12,6932
27,6933
19,6934
19,6935
27,6936
27,6937
27,6938
12,6939
3,6940
3,6941
27,6942
19,6943
35,6944
35,6945
3,6946
35,6947
19,6948
12,6949
3,6950
12,6951
19,6952
27,6953
35,6954
35,6955
27,6956
27,6957
12,6958
12,6959
19,6960
35,6961
35,6962
3,6963
19,6964
27,6965
2,6966
44,6967
44,6968
2,6969
44,6970
44,6971
44,6972
2,6973
44,6974
44,6975
44,6976
44,6977
22,6978
48,6979
22,6980
48,6981
20,6982
48,6983
20,6984
48,6985
22,6986
48,6987
48,6988
20,6989
22,6990
22,6991
20,6992
20,6993
48,6994
48,6995
20,6996
48,6997
20,6998
20,6999
48,7000
20,7001
22,7002
22,7003
11,7004
11,7005
11,7006
28,7007
34,7008
16,7009
15,7010
34,7011
1,7012
49,7013
5,7014
46,7015
32,7016
32,7017
49,7018
40,7019
26,7020
42,7021
40,7022
42,7023
40,7024
4,7025
40,7026
42,7027
40,7028
40,7029
26,7030
26,7031
4,7032
42,7033
42,7034
31,7035
25,7036
31,7037
6,7038
36,7039
36,7040
36,7041
36,7042
36,7043
30,7044
30,7045
36,7046
30,7047
30,7048
30,7049
36,7050
23,7051
23,7052
8,7053
23,7054
23,7055
23,7056
9,7057
21,7058
23,7059
29,7060
24,7061
39,7062
29,7063
38,7064
29,7065
29,7066
0,7067
21,7068
21,7069
39,7070
8,7071
8,7072
37,7073
39,7074
9,7075
23,7076
9,7077
21,7078
23,7079
37,7080
23,7081
39,7082
0,7083
29,7084
21,7085
24,7086
29,7087
37,7088
39,7089
9,7090
23,7091
37,7092
37,7093
23,7094
29,7095
8,7096
23,7097
37,7098
29,7099
29,7100
21,7101
37,7102
37,7103
39,7104
8,7105
0,7106
9,7107
38,7108
39,7109
38,7110
0,7111
0,7112
24,7113
1,7114
15,7115
2,7116
44,7117
22,7118
48,7119
20,7120
3,7121
27,7122
3,7123
35,7124
12,7125
3,7126
35,7127
12,7128
3,7129
35,7130
3,7131
19,7132
12,7133
0,7134
21,7135
1,7136
1,7137
2,7138
44,7139
3,7140
27,7141
12,7142
27,7143
27,7144
12,7145
3,7146
12,7147
19,7148
12,7149
12,7150
12,7151
12,7152
35,7153
19,7154
12,7155
35,7156
35,7157
27,7158
12,7159
12,7160
3,7161
27,7162
3,7163
3,7164
19,7165
12,7166
35,7167
3,7168
27,7169
35,7170
19,7171
35,7172
35,7173
3,7174
12,7175
19,7176
19,7177
12,7178
27,7179
35,7180
12,7181
12,7182
35,7183
19,7184
3,7185
3,7186
27,7187
19,7188
3,7189
27,7190
2,7191
2,7192
44,7193
2,7194
44,7195
44,7196
0,7197
21,7198
0,7199
39,7200
1,7201
34,7202
2,7203
2,7204
2,7205
3,7206
3,7207
35,7208
19,7209
3,7210
12,7211
12,7212
27,7213
27,7214
19,7215
35,7216
12,7217
3,7218
27,7219
12,7220
19,7221
3,7222
35,7223
19,7224
27,7225
3,7226
35,7227
27,7228
19,7229
12,7230
35,7231
35,7232
35,7233
27,7234
35,7235
3,7236
27,7237
19,7238
35,7239
19,7240
35,7241
35,7242
19,7243
3,7244
3,7245
19,7246
12,7247
12,7248
12,7249
27,7250
3,7251
19,7252
27,7253
19,7254
19,7255
27,7256
27,7257
27,7258
2,7259
44,7260
22,7261
48,7262
48,7263
48,7264
48,7265
48,7266
20,7267
20,7268
20,7269
20,7270
20,7271
48,7272
22,7273
11,7274
28,7275
45,7276
34,7277
15,7278
43,7279
28,7280
28,7281
43,7282
43,7283
34,7284
45,7285
15,7286
16,7287
34,7288
43,7289
16,7290
45,7291
34,7292
28,7293
45,7294
16,7295
43,7296
34,7297
28,7298
28,7299
34,7300
16,7301
1,7302
28,7303
28,7304
43,7305
1,7306
16,7307
34,7308
16,7309
45,7310
16,7311
1,7312
43,7313
28,7314
43,7315
45,7316
1,7317
45,7318
45,7319
43,7320
15,7321
1,7322
1,7323
45,7324
34,7325
28,7326
0,7327
39,7328
23,7329
37,7330
1,7331
45,7332
45,7333
15,7334
34,7335
2,7336
44,7337
44,7338
2,7339
44,7340
3,7341
35,7342
27,7343
2,7344
2,7345
2,7346
2,7347
2,7348
2,7349
44,7350
2,7351
2,7352
2,7353
44,7354
22,7355
48,7356
48,7357
22,7358
48,7359
48,7360
20,7361
20,7362
20,7363
20,7364
48,7365
0,7366
29,7367
1,7368
15,7369
2,7370
2,7371
3,7372
35,7373
12,7374
35,7375
19,7376
27,7377
3,7378
3,7379
3,7380
27,7381
4,7382
26,7383
5,7384
5,7385
5,7386
5,7387
6,7388
6,7389
6,7390
25,7391
31,7392
25,7393
31,7394
10,7395
7,7396
18,7397
14,7398
33,7399
7,7400
33,7401
18,7402
18,7403
33,7404
14,7405
14,7406
14,7407
7,7408
35,7409
27,7410
35,7411
35,7412
12,7413
27,7414
27,7415
2,7416
44,7417
44,7418
2,7419
2,7420
44,7421
22,7422
11,7423
28,7424
45,7425
15,7426
1,7427
28,7428
34,7429
16,7430
16,7431
28,7432
28,7433
28,7434
45,7435
28,7436
4,7437
26,7438
26,7439
42,7440
31,7441
10,7442
5,7443
5,7444
46,7445
32,7446
32,7447
6,7448
10,7449
31,7450
7,7451
7,7452
18,7453
18,7454
18,7455
33,7456
7,7457
7,7458
18,7459
18,7460
18,7461
18,7462
33,7463
14,7464
7,7465
14,7466
7,7467
18,7468
7,7469
18,7470
18,7471
7,7472
33,7473
18,7474
7,7475
14,7476
7,7477
33,7478
33,7479
33,7480
33,7481
33,7482
33,7483
7,7484
33,7485
33,7486
18,7487
18,7488
7,7489
33,7490
7,7491
14,7492
33,7493
33,7494
7,7495
7,7496
18,7497
14,7498
18,7499
0,7500
37,7501
24,7502
1,7503
49,7504
2,7505
44,7506
22,7507
48,7508
3,7509
27,7510
19,7511
27,7512
2,7513
2,7514
44,7515
22,7516
22,7517
20,7518
48,7519
48,7520
20,7521
20,7522
20,7523
20,7524
22,7525
20,7526
20,7527
22,7528
48,7529
22,7530
20,7531
22,7532
22,7533
22,7534
22,7535
48,7536
22,7537
11,7538
11,7539
11,7540
28,7541
43,7542
45,7543
16,7544
28,7545
16,7546
34,7547
1,7548
45,7549
34,7550
43,7551
16,7552
16,7553
16,7554
15,7555
43,7556
28,7557
28,7558
34,7559
28,7560
15,7561
28,7562
15,7563
34,7564
34,7565
34,7566
34,7567
43,7568
16,7569
15,7570
43,7571
43,7572
45,7573
1,7574
16,7575
43,7576
34,7577
16,7578
15,7579
16,7580
15,7581
28,7582
28,7583
28,7584
15,7585
1,7586
43,7587
45,7588
16,7589
0,7590
38,7591
21,7592
1,7593
45,7594
2,7595
44,7596
2,7597
3,7598
35,7599
12,7600
12,7601
3,7602
12,7603
19,7604
19,7605
19,7606
3,7607
12,7608
19,7609
12,7610
19,7611
35,7612
12,7613
19,7614
12,7615
4,7616
40,7617
5,7618
5,7619
49,7620
5,7621
32,7622
49,7623
6,7624
36,7625
23,7626
7,7627
35,7628
19,7629
12,7630
19,7631
19,7632
19,7633
35,7634
12,7635
3,7636
35,7637
3,7638
19,7639
27,7640
12,7641
27,7642
2,7643
44,7644
0,7645
21,7646
41,7647
1,7648
1,7649
2,7650
44,7651
22,7652
11,7653
28,7654
3,7655
35,7656
35,7657
27,7658
3,7659
12,7660
3,7661
19,7662
35,7663
3,7664
12,7665
35,7666
35,7667
27,7668
2,7669
44,7670
44,7671
2,7672
44,7673
22,7674
22,7675
20,7676
48,7677
22,7678
48,7679
20,7680
22,7681
20,7682
22,7683
22,7684
11,7685
11,7686
11,7687
11,7688
11,7689
11,7690
11,7691
11,7692
11,7693
28,7694
1,7695
45,7696
34,7697
43,7698
45,7699
15,7700
34,7701
28,7702
28,7703
34,7704
43,7705
28,7706
16,7707
4,7708
26,7709
42,7710
26,7711
42,7712
5,7713
32,7714
6,7715
25,7716
31,7717
25,7718
7,7719
14,7720
7,7721
35,7722
19,7723
12,7724
12,7725
27,7726
27,7727
3,7728
19,7729
35,7730
3,7731
27,7732
12,7733
35,7734
27,7735
3,7736
19,7737
19,7738
35,7739
27,7740
27,7741
12,7742
3,7743
19,7744
12,7745
35,7746
35,7747
27,7748
12,7749
19,7750
19,7751
35,7752
27,7753
19,7754
19,7755
3,7756
0,7757
9,7758
39,7759
1,7760
15,7761
2,7762
44,7763
22,7764
20,7765
3,7766
27,7767
2,7768
44,7769
2,7770
44,7771
22,7772
11,7773
28,7774
16,7775
1,7776
43,7777
28,7778
1,7779
34,7780
16,7781
34,7782
43,7783
43,7784
45,7785
28,7786
1,7787
45,7788
45,7789
34,7790
15,7791
1,7792
15,7793
15,7794
28,7795
28,7796
45,7797
1,7798
16,7799
43,7800
15,7801
28,7802
45,7803
34,7804
43,7805
34,7806
1,7807
49,7808
5,7809
46,7810
46,7811
5,7812
49,7813
40,7814
42,7815
40,7816
40,7817
40,7818
40,7819
42,7820
4,7821
42,7822
31,7823
25,7824
31,7825
31,7826
6,7827
6,7828
6,7829
25,7830
6,7831
36,7832
30,7833
36,7834
36,7835
36,7836
23,7837
23,7838
29,7839
0,7840
38,7841
39,7842
9,7843
24,7844
39,7845
23,7846
0,7847
9,7848
8,7849
21,7850
24,7851
24,7852
23,7853
29,7854
0,7855
0,7856
23,7857
38,7858
38,7859
29,7860
29,7861
24,7862
24,7863
21,7864
0,7865
39,7866
23,7867
24,7868
37,7869
37,7870
37,7871
24,7872
39,7873
24,7874
9,7875
23,7876
37,7877
39,7878
9,7879
23,7880
0,7881
21,7882
9,7883
0,7884
24,7885
8,7886
29,7887
9,7888
8,7889
0,7890
29,7891
24,7892
39,7893
8,7894
21,7895
9,7896
39,7897
29,7898
21,7899
9,7900
8,7901
8,7902
38,7903
8,7904
29,7905
21,7906
21,7907
39,7908
0,7909
39,7910
23,7911
23,7912
29,7913
23,7914
29,7915
24,7916
9,7917
38,7918
0,7919
38,7920
0,7921
29,7922
38,7923
8,7924
0,7925
39,7926
9,7927
38,7928
21,7929
21,7930
8,7931
37,7932
38,7933
8,7934
21,7935
8,7936
24,7937
29,7938
9,7939
38,7940
0,7941
29,7942
21,7943
38,7944
8,7945
37,7946
39,7947
23,7948
38,7949
21,7950
0,7951
9,7952
23,7953
9,7954
29,7955
9,7956
38,7957
0,7958
37,7959
21,7960
0,7961
8,7962
37,7963
24,7964
8,7965
9,7966
29,7967
24,7968
24,7969
21,7970
8,7971
0,7972
0,7973
0,7974
0,7975
38,7976
1,7977
1,7978
2,7979
44,7980
3,7981
19,7982
19,7983
19,7984
19,7985
4,7986
42,7987
5,7988
32,7989
49,7990
6,7991
25,7992
6,7993
7,7994
18,7995
7,7996
7,7997
7,7998
7,7999
35,8000
19,8001
19,8002
12,8003
27,8004
2,8005
2,8006
44,8007
44,8008
44,8009
44,8010
22,8011
20,8012
0,8013
37,8014
0,8015
24,8016
29,8017
38,8018
1,8019
16,8020
45,8021
16,8022
2,8023
2,8024
44,8025
22,8026
3,8027
35,8028
35,8029
35,8030
27,8031
35,8032
27,8033
3,8034
35,8035
27,8036
35,8037
3,8038
19,8039
27,8040
12,8041
3,8042
3,8043
35,8044
27,8045
3,8046
19,8047
19,8048
3,8049
3,8050
35,8051
3,8052
19,8053
19,8054
35,8055
19,8056
19,8057
0,8058
38,8059
0,8060
0,8061
8,8062
1,8063
28,8064
45,8065
15,8066
15,8067
15,8068
1,8069
34,8070
2,8071
44,8072
44,8073
2,8074
2,8075
3,8076
19,8077
3,8078
12,8079
12,8080
19,8081
3,8082
12,8083
19,8084
12,8085
3,8086
27,8087
12,8088
35,8089
12,8090
35,8091
19,8092
27,8093
2,8094
44,8095
2,8096
2,8097
2,8098
44,8099
44,8100
22,8101
48,8102
20,8103
48,8104
20,8105
20,8106
20,8107
22,8108
20,8109
22,8110
20,8111
48,8112
20,8113
22,8114
11,8115
28,8116
1,8117
16,8118
45,8119
28,8120
45,8121
43,8122
45,8123
1,8124
34,8125
43,8126
28,8127
28,8128
1,8129
15,8130
1,8131
43,8132
43,8133
1,8134
45,8135
45,8136
1,8137
16,8138
34,8139
28,8140
1,8141
45,8142
34,8143
43,8144
43,8145
16,8146
34,8147
15,8148
28,8149
34,8150
1,8151
16,8152
1,8153
16,8154
45,8155
45,8156
43,8157
43,8158
43,8159
1,8160
15,8161
16,8162
16,8163
34,8164
28,8165
28,8166
43,8167
45,8168
45,8169
28,8170
15,8171
15,8172
43,8173
16,8174
45,8175
43,8176
43,8177
1,8178
1,8179
16,8180
1,8181
34,8182
43,8183
1,8184
15,8185
16,8186
34,8187
43,8188
1,8189
16,8190
45,8191
1,8192
15,8193
15,8194
28,8195
16,8196
34,8197
28,8198
45,8199
28,8200
28,8201
34,8202
45,8203
34,8204
28,8205
15,8206
43,8207
1,8208
45,8209
16,8210
15,8211
16,8212
16,8213
34,8214
34,8215
0,8216
37,8217
1,8218
28,8219
34,8220
2,8221
2,8222
3,8223
27,8224
0,8225
29,8226
23,8227
24,8228
39,8229
39,8230
0,8231
37,8232
1,8233
49,8234
40,8235
2,8236
44,8237
3,8238
3,8239
19,8240
35,8241
3,8242
12,8243
12,8244
35,8245
12,8246
35,8247
27,8248
12,8249
3,8250
27,8251
12,8252
3,8253
19,8254
27,8255
35,8256
35,8257
3,8258
3,8259
19,8260
3,8261
19,8262
19,8263
19,8264
12,8265
35,8266
27,8267
12,8268
19,8269
12,8270
35,8271
12,8272
3,8273
35,8274
19,8275
3,8276
3,8277
12,8278
19,8279
12,8280
35,8281
12,8282
35,8283
27,8284
12,8285
27,8286
35,8287
35,8288
12,8289
35,8290
19,8291
35,8292
27,8293
3,8294
27,8295
0,8296
8,8297
1,8298
45,8299
2,8300
44,8301
44,8302
44,8303
3,8304
3,8305
12,8306
3,8307
35,8308
12,8309
19,8310
35,8311
12,8312
19,8313
35,8314
3,8315
12,8316
27,8317
35,8318
19,8319
35,8320
27,8321
27,8322
35,8323
3,8324
12,8325
12,8326
19,8327
19,8328
35,8329
27,8330
19,8331
12,8332
35,8333
35,8334
19,8335
19,8336
35,8337
12,8338
27,8339
12,8340
35,8341
35,8342
12,8343
35,8344
12,8345
3,8346
35,8347
0,8348
8,8349
24,8350
29,8351
1,8352
1,8353
16,8354
34,8355
2,8356
44,8357
44,8358
44,8359
2,8360
2,8361
2,8362
3,8363
12,8364
12,8365
27,8366
2,8367
2,8368
2,8369
2,8370
44,8371
2,8372
44,8373
0,8374
37,8375
1,8376
15,8377
43,8378
2,8379
44,8380
3,8381
12,8382
12,8383
3,8384
27,8385
3,8386
35,8387
27,8388
19,8389
12,8390
12,8391
35,8392
3,8393
12,8394
35,8395
3,8396
19,8397
3,8398
3,8399
3,8400
3,8401
27,8402
27,8403
19,8404
12,8405
12,8406
27,8407
3,8408
12,8409
3,8410
27,8411
12,8412
0,8413
0,8414
1,8415
49,8416
5,8417
5,8418
49,8419
2,8420
44,8421
44,8422
3,8423
27,8424
12,8425
27,8426
19,8427
12,8428
27,8429
12,8430
27,8431
19,8432
35,8433
35,8434
19,8435
12,8436
3,8437
35,8438
12,8439
27,8440
12,8441
27,8442
27,8443
2,8444
2,8445
44,8446
44,8447
22,8448
11,8449
28,8450
28,8451
28,8452
16,8453
43,8454
15,8455
34,8456
34,8457
15,8458
1,8459
28,8460
43,8461
16,8462
34,8463
15,8464
43,8465
45,8466
15,8467
43,8468
16,8469
15,8470
28,8471
16,8472
15,8473
43,8474
28,8475
34,8476
43,8477
34,8478
45,8479
1,8480
43,8481
28,8482
34,8483
16,8484
28,8485
45,8486
15,8487
34,8488
28,8489
4,8490
42,8491
42,8492
5,8493
49,8494
6,8495
31,8496
7,8497
14,8498
33,8499
14,8500
14,8501
33,8502
33,8503
7,8504
14,8505
7,8506
35,8507
3,8508
35,8509
3,8510
3,8511
3,8512
27,8513
12,8514
3,8515
3,8516
3,8517
3,8518
3,8519
19,8520
12,8521
35,8522
27,8523
35,8524
19,8525
12,8526
35,8527
3,8528
3,8529
35,8530
19,8531
12,8532
19,8533
27,8534
12,8535
27,8536
3,8537
27,8538
2,8539
2,8540
2,8541
44,8542
44,8543
2,8544
2,8545
44,8546
22,8547
48,8548
22,8549
48,8550
20,8551
20,8552
20,8553
20,8554
48,8555
22,8556
20,8557
48,8558
20,8559
22,8560
22,8561
48,8562
22,8563
22,8564
11,8565
28,8566
15,8567
15,8568
1,8569
45,8570
45,8571
34,8572
15,8573
1,8574
16,8575
1,8576
49,8577
49,8578
32,8579
5,8580
46,8581
32,8582
49,8583
5,8584
49,8585
32,8586
4,8587
26,8588
42,8589
4,8590
5,8591
5,8592
6,8593
31,8594
7,8595
14,8596
7,8597
35,8598
27,8599
19,8600
12,8601
35,8602
12,8603
35,8604
12,8605
3,8606
19,8607
12,8608
35,8609
35,8610
19,8611
35,8612
19,8613
27,8614
2,8615
44,8616
44,8617
44,8618
44,8619
22,8620
48,8621
20,8622
22,8623
48,8624
48,8625
20,8626
20,8627
48,8628
22,8629
20,8630
22,8631
20,8632
22,8633
22,8634
20,8635
20,8636
48,8637
20,8638
48,8639
48,8640
22,8641
11,8642
28,8643
15,8644
43,8645
43,8646
1,8647
49,8648
32,8649
46,8650
32,8651
49,8652
40,8653
4,8654
42,8655
31,8656
10,8657
25,8658
31,8659
31,8660
25,8661
6,8662
10,8663
6,8664
36,8665
23,8666
29,8667
23,8668
38,8669
39,8670
37,8671
23,8672
8,8673
37,8674
8,8675
29,8676
37,8677
39,8678
9,8679
9,8680
23,8681
0,8682
9,8683
37,8684
39,8685
29,8686
29,8687
38,8688
21,8689
41,8690
13,8691
41,8692
41,8693
41,8694
47,8695
47,8696
13,8697
17,8698
47,8699
41,8700
17,8701
41,8702
13,8703
17,8704
13,8705
41,8706
41,8707
41,8708
13,8709
17,8710
47,8711
17,8712
13,8713
41,8714
17,8715
17,8716
13,8717
17,8718
18,8719
7,8720
35,8721
19,8722
19,8723
3,8724
27,8725
19,8726
27,8727
27,8728
3,8729
19,8730
35,8731
35,8732
27,8733
27,8734
19,8735
35,8736
35,8737
35,8738
27,8739
3,8740
19,8741
19,8742
12,8743
12,8744
35,8745
27,8746
19,8747
3,8748
19,8749
3,8750
3,8751
35,8752
27,8753
19,8754
27,8755
3,8756
35,8757
3,8758
27,8759
27,8760
2,8761
2,8762
2,8763
44,8764
2,8765
2,8766
2,8767
2,8768
2,8769
2,8770
44,8771
2,8772
2,8773
2,8774
2,8775
44,8776
2,8777
2,8778
44,8779
22,8780
20,8781
48,8782
20,8783
22,8784
22,8785
20,8786
48,8787
22,8788
20,8789
48,8790
20,8791
20,8792
20,8793
48,8794
48,8795
20,8796
48,8797
22,8798
22,8799
20,8800
22,8801
22,8802
22,8803
11,8804
28,8805
1,8806
15,8807
1,8808
15,8809
1,8810
28,8811
45,8812
15,8813
1,8814
16,8815
1,8816
45,8817
1,8818
1,8819
49,8820
46,8821
46,8822
5,8823
5,8824
0,8825
39,8826
1,8827
45,8828
15,8829
45,8830
2,8831
44,8832
22,8833
22,8834
3,8835
3,8836
3,8837
12,8838
35,8839
35,8840
3,8841
19,8842
35,8843
3,8844
27,8845
12,8846
12,8847
3,8848
12,8849
12,8850
12,8851
27,8852
35,8853
35,8854
12,8855
12,8856
3,8857
27,8858
19,8859
27,8860
35,8861
27,8862
35,8863
19,8864
27,8865
27,8866
3,8867
19,8868
19,8869
35,8870
35,8871
12,8872
35,8873
3,8874
4,8875
40,8876
5,8877
32,8878
5,8879
32,8880
6,8881
6,8882
10,8883
31,8884
7,8885
35,8886
27,8887
19,8888
3,8889
27,8890
19,8891
12,8892
12,8893
12,8894
12,8895
12,8896
19,8897
12,8898
35,8899
3,8900
35,8901
3,8902
35,8903
12,8904
19,8905
19,8906
35,8907
27,8908
2,8909
44,8910
44,8911
22,8912
20,8913
22,8914
11,8915
11,8916
11,8917
11,8918
28,8919
15,8920
28,8921
1,8922
49,8923
5,8924
5,8925
46,8926
46,8927
46,8928
49,8929
46,8930
49,8931
5,8932
5,8933
5,8934
5,8935
32,8936
46,8937
5,8938
5,8939
49,8940
46,8941
46,8942
5,8943
32,8944
32,8945
32,8946
32,8947
32,8948
5,8949
32,8950
46,8951
32,8952
46,8953
5,8954
49,8955
49,8956
49,8957
5,8958
32,8959
32,8960
49,8961
46,8962
46,8963
0,8964
21,8965
1,8966
43,8967
34,8968
28,8969
1,8970
15,8971
43,8972
43,8973
1,8974
2,8975
44,8976
2,8977
3,8978
3,8979
3,8980
19,8981
3,8982
3,8983
12,8984
12,8985
3,8986
12,8987
19,8988
12,8989
12,8990
27,8991
19,8992
27,8993
35,8994
35,8995
27,8996
19,8997
27,8998
35,8999
3,9000
27,9001
3,9002
19,9003
35,9004
27,9005
19,9006
3,9007
12,9008
12,9009
3,9010
27,9011
27,9012
19,9013
3,9014
3,9015
19,9016
12,9017
3,9018
27,9019
27,9020
2,9021
2,9022
2,9023
2,9024
44,9025
22,9026
11,9027
11,9028
11,9029
28,9030
43,9031
28,9032
15,9033
16,9034
1,9035
49,9036
46,9037
46,9038
32,9039
49,9040
32,9041
46,9042
32,9043
5,9044
49,9045
5,9046
49,9047
46,9048
46,9049
32,9050
49,9051
46,9052
5,9053
49,9054
5,9055
32,9056
49,9057
32,9058
5,9059
4,9060
26,9061
26,9062
4,9063
5,9064
46,9065
49,9066
6,9067
36,9068
7,9069
18,9070
7,9071
14,9072
7,9073
33,9074
14,9075
33,9076
18,9077
33,9078
18,9079
7,9080
35,9081
19,9082
27,9083
27,9084
35,9085
12,9086
3,9087
3,9088
19,9089
27,9090
2,9091
44,9092
44,9093
22,9094
20,9095
20,9096
20,9097
22,9098
11,9099
28,9100
45,9101
15,9102
28,9103
15,9104
43,9105
34,9106
45,9107
16,9108
1,9109
43,9110
45,9111
15,9112
45,9113
15,9114
16,9115
43,9116
43,9117
16,9118
1,9119
43,9120
28,9121
45,9122
16,9123
15,9124
28,9125
15,9126
15,9127
1,9128
15,9129
15,9130
15,9131
43,9132
4,9133
26,9134
5,9135
32,9136
6,9137
10,9138
25,9139
7,9140
7,9141
35,9142
12,9143
27,9144
3,9145
27,9146
19,9147
27,9148
27,9149
27,9150
2,9151
2,9152
44,9153
44,9154
22,9155
22,9156
48,9157
22,9158
20,9159
20,9160
48,9161
48,9162
22,9163
11,9164
28,9165
43,9166
28,9167
45,9168
43,9169
1,9170
45,9171
43,9172
43,9173
15,9174
15,9175
45,9176
45,9177
1,9178
45,9179
34,9180
16,9181
28,9182
16,9183
28,9184
28,9185
43,9186
15,9187
43,9188
4,9189
26,9190
4,9191
5,9192
49,9193
32,9194
46,9195
6,9196
10,9197
31,9198
7,9199
33,9200
33,9201
7,9202
18,9203
18,9204
18,9205
7,9206
14,9207
7,9208
18,9209
33,9210
18,9211
7,9212
7,9213
18,9214
14,9215
33,9216
18,9217
18,9218
18,9219
7,9220
33,9221
18,9222
33,9223
7,9224
18,9225
18,9226
7,9227
33,9228
18,9229
33,9230
7,9231
14,9232
14,9233
14,9234
18,9235
14,9236
18,9237
14,9238
33,9239
14,9240
14,9241
18,9242
14,9243
33,9244
14,9245
7,9246
7,9247
33,9248
18,9249
14,9250
7,9251
33,9252
18,9253
7,9254
18,9255
7,9256
14,9257
18,9258
14,9259
14,9260
33,9261
7,9262
18,9263
14,9264
7,9265
33,9266
18,9267
7,9268
7,9269
18,9270
14,9271
18,9272
18,9273
18,9274
33,9275
7,9276
18,9277
7,9278
14,9279
14,9280
7,9281
18,9282
33,9283
7,9284
18,9285
18,9286
18,9287
7,9288
33,9289
18,9290
33,9291
14,9292
18,9293
33,9294
14,9295
14,9296
33,9297
18,9298
33,9299
14,9300
14,9301
33,9302
33,9303
18,9304
33,9305
14,9306
14,9307
33,9308
33,9309
33,9310
18,9311
7,9312
18,9313
18,9314
18,9315
7,9316
14,9317
18,9318
4,9319
4,9320
5,9321
5,9322
6,9323
36,9324
30,9325
36,9326
30,9327
7,9328
18,9329
18,9330
33,9331
7,9332
7,9333
18,9334
18,9335
14,9336
18,9337
14,9338
18,9339
7,9340
35,9341
27,9342
12,9343
35,9344
27,9345
19,9346
19,9347
19,9348
12,9349
12,9350
12,9351
19,9352
27,9353
27,9354
3,9355
35,9356
35,9357
35,9358
19,9359
12,9360
27,9361
35,9362
35,9363
35,9364
12,9365
12,9366
12,9367
35,9368
12,9369
3,9370
27,9371
2,9372
44,9373
2,9374
44,9375
44,9376
44,9377
2,9378
2,9379
2,9380
2,9381
4,9382
26,9383
4,9384
4,9385
5,9386
5,9387
32,9388
6,9389
6,9390
36,9391
30,9392
36,9393
7,9394
18,9395
14,9396
7,9397
33,9398
14,9399
33,9400
14,9401
7,9402
33,9403
7,9404
35,9405
27,9406
2,9407
2,9408
44,9409
2,9410
44,9411
22,9412
22,9413
20,9414
20,9415
20,9416
48,9417
20,9418
48,9419
20,9420
20,9421
48,9422
48,9423
20,9424
20,9425
20,9426
20,9427
22,9428
48,9429
22,9430
11,9431
28,9432
1,9433
28,9434
43,9435
45,9436
15,9437
16,9438
43,9439
34,9440
34,9441
28,9442
43,9443
43,9444
1,9445
49,9446
49,9447
46,9448
5,9449
5,9450
32,9451
5,9452
46,9453
49,9454
40,9455
40,9456
42,9457
26,9458
42,9459
26,9460
4,9461
4,9462
4,9463
4,9464
40,9465
4,9466
26,9467
4,9468
26,9469
26,9470
40,9471
42,9472
40,9473
40,9474
40,9475
4,9476
40,9477
5,9478
5,9479
5,9480
6,9481
31,9482
25,9483
7,9484
14,9485
33,9486
33,9487
7,9488
35,9489
35,9490
3,9491
12,9492
19,9493
35,9494
27,9495
3,9496
12,9497
19,9498
12,9499
35,9500
19,9501
12,9502
12,9503
12,9504
3,9505
19,9506
27,9507
27,9508
19,9509
27,9510
19,9511
27,9512
4,9513
40,9514
4,9515
26,9516
5,9517
5,9518
6,9519
6,9520
7,9521
14,9522
33,9523
14,9524
14,9525
33,9526
7,9527
14,9528
14,9529
14,9530
14,9531
18,9532
7,9533
18,9534
7,9535
35,9536
19,9537
19,9538
12,9539
19,9540
35,9541
27,9542
12,9543
35,9544
19,9545
12,9546
35,9547
12,9548
19,9549
19,9550
35,9551
19,9552
35,9553
12,9554
35,9555
3,9556
27,9557
35,9558
3,9559
19,9560
27,9561
3,9562
35,9563
12,9564
12,9565
35,9566
35,9567
3,9568
19,9569
35,9570
27,9571
12,9572
35,9573
19,9574
12,9575
27,9576
35,9577
12,9578
12,9579
19,9580
35,9581
27,9582
27,9583
27,9584
12,9585
19,9586
4,9587
4,9588
40,9589
26,9590
26,9591
5,9592
5,9593
6,9594
10,9595
10,9596
7,9597
33,9598
18,9599
33,9600
4,9601
26,9602
42,9603
5,9604
32,9605
6,9606
25,9607
7,9608
7,9609
35,9610
12,9611
3,9612
27,9613
27,9614
3,9615
19,9616
19,9617
35,9618
27,9619
12,9620
19,9621
19,9622
12,9623
3,9624
19,9625
0,9626
23,9627
9,9628
1,9629
16,9630
45,9631
2,9632
44,9633
2,9634
3,9635
19,9636
3,9637
19,9638
19,9639
19,9640
19,9641
12,9642
27,9643
12,9644
3,9645
35,9646
27,9647
27,9648
19,9649
35,9650
27,9651
19,9652
3,9653
12,9654
3,9655
27,9656
19,9657
3,9658
35,9659
19,9660
12,9661
3,9662
35,9663
3,9664
27,9665
35,9666
35,9667
12,9668
12,9669
12,9670
3,9671
3,9672
35,9673
35,9674
19,9675
35,9676
27,9677
27,9678
3,9679
3,9680
35,9681
19,9682
3,9683
12,9684
12,9685
19,9686
12,9687
35,9688
4,9689
42,9690
4,9691
4,9692
5,9693
49,9694
49,9695
6,9696
36,9697
30,9698
36,9699
7,9700
33,9701
7,9702
14,9703
33,9704
14,9705
14,9706
7,9707
7,9708
18,9709
14,9710
18,9711
18,9712
14,9713
14,9714
14,9715
33,9716
14,9717
33,9718
18,9719
14,9720
33,9721
18,9722
33,9723
7,9724
35,9725
27,9726
3,9727
3,9728
19,9729
19,9730
19,9731
3,9732
12,9733
19,9734
35,9735
35,9736
12,9737
3,9738
27,9739
27,9740
19,9741
3,9742
3,9743
27,9744
27,9745
27,9746
27,9747
12,9748
35,9749
3,9750
12,9751
3,9752
35,9753
0,9754
21,9755
1,9756
28,9757
45,9758
2,9759
44,9760
3,9761
12,9762
35,9763
4,9764
4,9765
5,9766
32,9767
49,9768
49,9769
49,9770
6,9771
36,9772
23,9773
7,9774
33,9775
33,9776
14,9777
7,9778
18,9779
18,9780
18,9781
33,9782
7,9783
35,9784
35,9785
3,9786
35,9787
19,9788
12,9789
12,9790
3,9791
0,9792
9,9793
21,9794
23,9795
1,9796
45,9797
34,9798
45,9799
2,9800
2,9801
3,9802
19,9803
3,9804
3,9805
35,9806
19,9807
19,9808
35,9809
35,9810
3,9811
27,9812
35,9813
27,9814
19,9815
19,9816
27,9817
35,9818
12,9819
19,9820
35,9821
27,9822
3,9823
19,9824
27,9825
3,9826
3,9827
12,9828
3,9829
35,9830
3,9831
35,9832
12,9833
3,9834
0,9835
9,9836
9,9837
23,9838
1,9839
49,9840
2,9841
2,9842
3,9843
35,9844
35,9845
0,9846
9,9847
1,9848
16,9849
16,9850
45,9851
2,9852
2,9853
2,9854
3,9855
12,9856
19,9857
3,9858
27,9859
19,9860
3,9861
3,9862
27,9863
3,9864
19,9865
35,9866
3,9867
19,9868
19,9869
35,9870
27,9871
27,9872
35,9873
12,9874
19,9875
35,9876
12,9877
19,9878
35,9879
27,9880
12,9881
3,9882
3,9883
35,9884
12,9885
19,9886
3,9887
3,9888
19,9889
35,9890
27,9891
19,9892
27,9893
27,9894
12,9895
12,9896
12,9897
3,9898
12,9899
19,9900
19,9901
12,9902
27,9903
0,9904
24,9905
37,9906
1,9907
34,9908
2,9909
44,9910
3,9911
3,9912
27,9913
19,9914
35,9915
19,9916
35,9917
19,9918
19,9919
3,9920
19,9921
3,9922
19,9923
12,9924
27,9925
27,9926
19,9927
12,9928
19,9929
19,9930
12,9931
19,9932
27,9933
27,9934
2,9935
2,9936
44,9937
22,9938
11,9939
11,9940
4,9941
42,9942
5,9943
32,9944
6,9945
31,9946
7,9947
7,9948
7,9949
33,9950
18,9951
7,9952
35,9953
35,9954
19,9955
19,9956
3,9957
3,9958
12,9959
35,9960
35,9961
35,9962
35,9963
27,9964
19,9965
12,9966
19,9967
35,9968
35,9969
35,9970
27,9971
35,9972
27,9973
19,9974
19,9975
3,9976
12,9977
12,9978
27,9979
19,9980
3,9981
4,9982
42,9983
40,9984
40,9985
40,9986
42,9987
31,9988
5,9989
46,9990
46,9991
6,9992
6,9993
6,9994
7,9995
7,9996
18,9997
18,9998
14,9999
