9,0
0,1
21,2
24,3
0,4
25,5
15,6
0,7
16,8
26,9
17,10
13,11
0,12
9,13
15,14
22,15
28,16
1,17
24,18
15,19
0,20
20,21
29,22
12,23
22,24
16,25
0,26
17,27
28,28
19,29
29,30
8,31
23,32
0,33
22,34
23,35
18,36
1,37
4,38
25,39
10,40
2,41
29,42
3,43
22,44
5,45
18,46
28,47
26,48
27,49
3,50
29,51
25,52
25,53
24,54
12,55
25,56
23,57
20,58
7,59
27,60
14,61
25,62
25,63
4,64
15,65
12,66
2,67
29,68
3,69
13,70
4,71
7,72
17,73
16,74
20,75
10,76
2,77
6,78
0,79
28,80
16,81
6,82
24,83
4,84
25,85
26,86
5,87
21,88
6,89
11,90
26,91
14,92
22,93
5,94
9,95
4,96
20,97
21,98
28,99
5,100
0,101
6,102
19,103
7,104
9,105
22,106
14,107
26,108
20,109
10,110
15,111
6,112
1,113
7,114
3,115
8,116
23,117
2,118
0,119
26,120
18,121
25,122
1,123
1,124
24,125
21,126
2,127
29,128
3,129
16,130
22,131
23,132
5,133
5,134
1,135
24,136
4,137
24,138
11,139
3,140
27,141
20,142
29,143
16,144
3,145
1,146
11,147
0,148
26,149
19,150
26,151
22,152
21,153
0,154
18,155
26,156
25,157
1,158
14,159
29,160
26,161
9,162
8,163
20,164
8,165
16,166
25,167
1,168
24,169
24,170
4,171
0,172
20,173
12,174
1,175
16,176
20,177
23,178
5,179
22,180
8,181
18,182
28,183
7,184
5,185
13,186
7,187
27,188
23,189
4,190
25,191
29,192
15,193
15,194
12,195
23,196
2,197
16,198
20,199
3,200
29,201
1,202
8,203
21,204
16,205
8,206
17,207
10,208
15,209
11,210
4,211
14,212
0,213
21,214
2,215
25,216
8,217
28,218
1,219
18,220
21,221
7,222
19,223
10,224
5,225
27,226
13,227
28,228
15,229
28,230
7,231
3,232
8,233
22,234
22,235
27,236
15,237
15,238
17,239
16,240
2,241
20,242
16,243
4,244
23,245
21,246
12,247
28,248
17,249
0,250
16,251
13,252
1,253
7,254
20,255
28,256
23,257
3,258
15,259
10,260
18,261
15,262
2,263
28,264
23,265
20,266
29,267
22,268
27,269
18,270
2,271
11,272
19,273
10,274
15,275
0,276
17,277
19,278
7,279
29,280
6,281
7,282
9,283
0,284
4,285
14,286
7,287
12,288
22,289
10,290
29,291
21,292
12,293
2,294
28,295
17,296
14,297
20,298
10,299
14,300
14,301
10,302
10,303
18,304
25,305
2,306
2,307
1,308
24,309
7,310
12,311
18,312
6,313
7,314
15,315
3,316
28,317
12,318
28,319
2,320
1,321
9,322
9,323
21,324
22,325
17,326
3,327
13,328
26,329
3,330
19,331
5,332
21,333
7,334
20,335
16,336
12,337
20,338
15,339
14,340
23,341
5,342
12,343
16,344
11,345
20,346
27,347
17,348
6,349
4,350
12,351
5,352
19,353
14,354
6,355
15,356
7,357
26,358
17,359
14,360
14,361
22,362
1,363
14,364
4,365
10,366
9,367
0,368
3,369
4,370
29,371
26,372
26,373
4,374
25,375
14,376
5,377
20,378
6,379
6,380
22,381
7,382
23,383
23,384
6,385
25,386
3,387
17,388
14,389
25,390
5,391
5,392
29,393
1,394
13,395
10,396
23,397
17,398
15,399
19,400
10,401
9,402
16,403
22,404
16,405
12,406
22,407
11,408
5,409
11,410
24,411
12,412
26,413
0,414
17,415
10,416
26,417
27,418
5,419
2,420
26,421
16,422
2,423
16,424
14,425
2,426
29,427
24,428
27,429
1,430
6,431
29,432
19,433
27,434
11,435
29,436
18,437
3,438
29,439
27,440
27,441
8,442
19,443
19,444
7,445
15,446
18,447
19,448
4,449
25,450
10,451
22,452
18,453
12,454
28,455
7,456
6,457
21,458
14,459
22,460
4,461
14,462
20,463
13,464
25,465
6,466
24,467
20,468
3,469
17,470
4,471
11,472
5,473
16,474
0,475
3,476
3,477
28,478
6,479
7,480
1,481
0,482
18,483
5,484
6,485
0,486
2,487
1,488
20,489
16,490
21,491
2,492
2,493
3,494
10,495
11,496
9,497
21,498
6,499
8,500
25,501
1,502
27,503
12,504
13,505
13,506
16,507
27,508
19,509
19,510
29,511
10,512
27,513
9,514
13,515
11,516
18,517
13,518
26,519
26,520
4,521
8,522
7,523
28,524
7,525
20,526
10,527
2,528
10,529
0,530
15,531
23,532
9,533
22,534
10,535
7,536
18,537
15,538
29,539
0,540
15,541
18,542
8,543
25,544
5,545
29,546
14,547
23,548
6,549
5,550
26,551
26,552
3,553
8,554
17,555
5,556
26,557
9,558
27,559
8,560
9,561
29,562
23,563
5,564
24,565
4,566
18,567
5,568
1,569
6,570
0,571
7,572
27,573
9,574
11,575
26,576
19,577
23,578
19,579
24,580
9,581
1,582
29,583
9,584
27,585
15,586
6,587
23,588
4,589
4,590
11,591
5,592
21,593
6,594
13,595
7,596
20,597
19,598
12,599
21,600
2,601
29,602
5,603
9,604
26,605
11,606
23,607
15,608
21,609
3,610
1,611
20,612
3,613
0,614
7,615
11,616
1,617
23,618
23,619
29,620
19,621
28,622
7,623
8,624
5,625
23,626
26,627
13,628
17,629
10,630
4,631
25,632
24,633
12,634
19,635
15,636
15,637
17,638
4,639
14,640
12,641
25,642
2,643
9,644
20,645
3,646
25,647
20,648
4,649
2,650
5,651
3,652
10,653
18,654
6,655
13,656
7,657
5,658
24,659
6,660
21,661
25,662
14,663
5,664
15,665
6,666
26,667
18,668
9,669
24,670
6,671
9,672
4,673
21,674
21,675
26,676
0,677
5,678
7,679
19,680
5,681
8,682
17,683
6,684
29,685
19,686
9,687
13,688
16,689
21,690
4,691
13,692
9,693
19,694
21,695
18,696
0,697
10,698
28,699
29,700
7,701
9,702
19,703
0,704
17,705
8,706
25,707
13,708
12,709
25,710
4,711
24,712
8,713
22,714
2,715
0,716
23,717
15,718
18,719
26,720
0,721
17,722
8,723
1,724
16,725
2,726
18,727
14,728
3,729
3,730
28,731
13,732
5,733
17,734
18,735
15,736
3,737
4,738
17,739
17,740
1,741
11,742
17,743
23,744
25,745
28,746
12,747
7,748
3,749
19,750
8,751
4,752
0,753
6,754
14,755
28,756
12,757
15,758
20,759
6,760
3,761
29,762
29,763
16,764
25,765
17,766
6,767
2,768
9,769
4,770
23,771
12,772
9,773
5,774
21,775
19,776
29,777
9,778
6,779
7,780
7,781
24,782
9,783
0,784
18,785
25,786
0,787
1,788
13,789
2,790
28,791
3,792
18,793
6,794
1,795
25,796
3,797
29,798
21,799
18,800
11,801
21,802
16,803
13,804
10,805
12,806
0,807
9,808
1,809
16,810
16,811
10,812
12,813
8,814
13,815
10,816
4,817
15,818
13,819
6,820
20,821
29,822
3,823
14,824
18,825
16,826
10,827
12,828
11,829
5,830
0,831
23,832
14,833
27,834
8,835
8,836
13,837
4,838
21,839
5,840
5,841
6,842
6,843
1,844
7,845
10,846
26,847
4,848
20,849
19,850
4,851
5,852
21,853
6,854
10,855
10,856
7,857
8,858
23,859
7,860
11,861
29,862
15,863
29,864
9,865
2,866
0,867
11,868
24,869
13,870
0,871
16,872
17,873
14,874
6,875
15,876
0,877
18,878
4,879
14,880
26,881
18,882
25,883
29,884
14,885
23,886
25,887
3,888
18,889
16,890
1,891
4,892
15,893
26,894
3,895
15,896
21,897
19,898
18,899
0,900
28,901
4,902
25,903
4,904
14,905
12,906
9,907
20,908
11,909
24,910
29,911
25,912
29,913
9,914
16,915
27,916
23,917
13,918
18,919
4,920
25,921
26,922
16,923
13,924
12,925
2,926
26,927
13,928
10,929
17,930
3,931
25,932
28,933
4,934
1,935
11,936
4,937
26,938
7,939
28,940
26,941
20,942
6,943
10,944
10,945
29,946
9,947
7,948
26,949
4,950
2,951
29,952
9,953
7,954
18,955
3,956
27,957
20,958
25,959
1,960
9,961
19,962
24,963
4,964
1,965
16,966
21,967
2,968
14,969
26,970
27,971
3,972
5,973
18,974
10,975
10,976
1,977
9,978
10,979
20,980
0,981
18,982
1,983
3,984
25,985
22,986
10,987
7,988
9,989
4,990
7,991
5,992
1,993
25,994
14,995
6,996
27,997
7,998
19,999
29,1000
24,1001
9,1002
29,1003
9,1004
6,1005
29,1006
9,1007
16,1008
16,1009
10,1010
13,1011
29,1012
4,1013
3,1014
19,1015
1,1016
1,1017
2,1018
7,1019
13,1020
26,1021
28,1022
6,1023
23,1024
17,1025
15,1026
16,1027
10,1028
25,1029
14,1030
5,1031
5,1032
4,1033
9,1034
27,1035
9,1036
9,1037
24,1038
21,1039
8,1040
9,1041
2,1042
2,1043
8,1044
18,1045
3,1046
10,1047
19,1048
29,1049
15,1050
13,1051
23,1052
2,1053
3,1054
29,1055
9,1056
18,1057
25,1058
10,1059
10,1060
13,1061
18,1062
24,1063
11,1064
26,1065
13,1066
29,1067
23,1068
3,1069
27,1070
17,1071
23,1072
14,1073
21,1074
22,1075
11,1076
25,1077
5,1078
19,1079
19,1080
2,1081
22,1082
3,1083
27,1084
20,1085
8,1086
7,1087
6,1088
14,1089
18,1090
0,1091
26,1092
29,1093
12,1094
4,1095
27,1096
19,1097
25,1098
10,1099
22,1100
11,1101
19,1102
3,1103
28,1104
28,1105
29,1106
9,1107
29,1108
21,1109
4,1110
20,1111
12,1112
23,1113
16,1114
29,1115
7,1116
21,1117
20,1118
21,1119
28,1120
25,1121
29,1122
15,1123
29,1124
25,1125
3,1126
27,1127
16,1128
10,1129
29,1130
28,1131
0,1132
0,1133
13,1134
19,1135
18,1136
4,1137
2,1138
21,1139
1,1140
0,1141
18,1142
19,1143
14,1144
17,1145
10,1146
29,1147
26,1148
9,1149
7,1150
1,1151
15,1152
8,1153
5,1154
17,1155
12,1156
28,1157
16,1158
11,1159
7,1160
10,1161
8,1162
18,1163
8,1164
15,1165
10,1166
2,1167
29,1168
23,1169
7,1170
27,1171
0,1172
3,1173
17,1174
19,1175
2,1176
17,1177
15,1178
12,1179
22,1180
0,1181
23,1182
26,1183
11,1184
20,1185
10,1186
29,1187
10,1188
12,1189
2,1190
17,1191
3,1192
0,1193
21,1194
0,1195
26,1196
1,1197
22,1198
2,1199
14,1200
2,1201
17,1202
3,1203
9,1204
28,1205
7,1206
26,1207
9,1208
7,1209
8,1210
1,1211
28,1212
13,1213
9,1214
8,1215
13,1216
26,1217
22,1218
22,1219
25,1220
0,1221
22,1222
4,1223
12,1224
15,1225
10,1226
20,1227
21,1228
6,1229
28,1230
15,1231
1,1232
19,1233
23,1234
13,1235
26,1236
9,1237
29,1238
9,1239
10,1240
21,1241
26,1242
2,1243
15,1244
20,1245
17,1246
0,1247
11,1248
8,1249
23,1250
20,1251
0,1252
27,1253
17,1254
15,1255
29,1256
6,1257
28,1258
10,1259
29,1260
25,1261
8,1262
16,1263
22,1264
0,1265
16,1266
6,1267
6,1268
29,1269
7,1270
10,1271
1,1272
19,1273
19,1274
2,1275
5,1276
4,1277
3,1278
16,1279
17,1280
5,1281
0,1282
22,1283
18,1284
24,1285
17,1286
27,1287
19,1288
22,1289
4,1290
28,1291
5,1292
20,1293
6,1294
1,1295
7,1296
16,1297
17,1298
22,1299
11,1300
28,1301
17,1302
4,1303
20,1304
19,1305
23,1306
0,1307
24,1308
11,1309
21,1310
11,1311
3,1312
17,1313
24,1314
2,1315
19,1316
11,1317
26,1318
9,1319
20,1320
3,1321
13,1322
19,1323
18,1324
3,1325
23,1326
28,1327
4,1328
17,1329
21,1330
0,1331
9,1332
29,1333
16,1334
11,1335
18,1336
17,1337
8,1338
20,1339
23,1340
3,1341
18,1342
12,1343
15,1344
11,1345
15,1346
18,1347
10,1348
11,1349
11,1350
27,1351
19,1352
1,1353
2,1354
13,1355
20,1356
8,1357
4,1358
16,1359
9,1360
7,1361
14,1362
16,1363
4,1364
21,1365
18,1366
3,1367
16,1368
12,1369
18,1370
13,1371
16,1372
18,1373
18,1374
12,1375
7,1376
5,1377
5,1378
4,1379
12,1380
5,1381
3,1382
6,1383
2,1384
7,1385
5,1386
6,1387
12,1388
0,1389
24,1390
13,1391
8,1392
28,1393
23,1394
6,1395
15,1396
13,1397
19,1398
22,1399
6,1400
26,1401
26,1402
16,1403
13,1404
24,1405
6,1406
1,1407
20,1408
4,1409
9,1410
13,1411
15,1412
16,1413
8,1414
18,1415
11,1416
21,1417
26,1418
3,1419
16,1420
4,1421
1,1422
28,1423
24,1424
16,1425
0,1426
15,1427
25,1428
6,1429
29,1430
4,1431
20,1432
7,1433
12,1434
16,1435
13,1436
18,1437
22,1438
13,1439
24,1440
12,1441
24,1442
19,1443
11,1444
26,1445
4,1446
18,1447
22,1448
5,1449
13,1450
6,1451
10,1452
23,1453
8,1454
7,1455
8,1456
8,1457
16,1458
2,1459
1,1460
11,1461
17,1462
8,1463
14,1464
3,1465
2,1466
15,1467
5,1468
29,1469
15,1470
5,1471
22,1472
5,1473
10,1474
7,1475
6,1476
19,1477
1,1478
22,1479
1,1480
17,1481
25,1482
6,1483
16,1484
2,1485
19,1486
13,1487
26,1488
1,1489
12,1490
21,1491
6,1492
2,1493
7,1494
1,1495
28,1496
0,1497
13,1498
1,1499
15,1500
8,1501
28,1502
24,1503
25,1504
15,1505
2,1506
25,1507
20,1508
3,1509
20,1510
29,1511
0,1512
8,1513
14,1514
13,1515
7,1516
15,1517
5,1518
10,1519
9,1520
10,1521
28,1522
6,1523
4,1524
27,1525
18,1526
16,1527
2,1528
5,1529
21,1530
27,1531
29,1532
29,1533
7,1534
20,1535
27,1536
19,1537
19,1538
2,1539
17,1540
5,1541
6,1542
22,1543
9,1544
29,1545
2,1546
9,1547
8,1548
13,1549
21,1550
8,1551
5,1552
25,1553
29,1554
25,1555
5,1556
6,1557
4,1558
10,1559
5,1560
14,1561
6,1562
15,1563
7,1564
12,1565
23,1566
21,1567
15,1568
17,1569
9,1570
22,1571
22,1572
25,1573
1,1574
6,1575
7,1576
13,1577
26,1578
29,1579
21,1580
16,1581
20,1582
7,1583
0,1584
25,1585
26,1586
17,1587
6,1588
13,1589
12,1590
18,1591
6,1592
29,1593
0,1594
8,1595
1,1596
22,1597
28,1598
27,1599
18,1600
8,1601
0,1602
21,1603
24,1604
11,1605
19,1606
3,1607
22,1608
21,1609
20,1610
11,1611
1,1612
18,1613
2,1614
13,1615
13,1616
0,1617
27,1618
29,1619
10,1620
0,1621
17,1622
26,1623
4,1624
9,1625
23,1626
20,1627
1,1628
19,1629
2,1630
29,1631
7,1632
6,1633
29,1634
3,1635
22,1636
23,1637
16,1638
14,1639
3,1640
2,1641
29,1642
9,1643
0,1644
12,1645
29,1646
25,1647
18,1648
10,1649
1,1650
12,1651
13,1652
13,1653
23,1654
3,1655
29,1656
14,1657
17,1658
17,1659
6,1660
13,1661
24,1662
13,1663
20,1664
6,1665
25,1666
8,1667
1,1668
17,1669
3,1670
28,1671
9,1672
23,1673
3,1674
22,1675
28,1676
11,1677
27,1678
1,1679
9,1680
10,1681
2,1682
13,1683
25,1684
28,1685
13,1686
2,1687
2,1688
1,1689
4,1690
22,1691
5,1692
17,1693
14,1694
20,1695
6,1696
12,1697
18,1698
7,1699
16,1700
12,1701
0,1702
29,1703
25,1704
1,1705
9,1706
29,1707
2,1708
1,1709
20,1710
26,1711
3,1712
22,1713
5,1714
9,1715
29,1716
4,1717
14,1718
25,1719
0,1720
21,1721
5,1722
3,1723
15,1724
14,1725
17,1726
6,1727
2,1728
11,1729
26,1730
17,1731
8,1732
13,1733
11,1734
19,1735
26,1736
14,1737
15,1738
18,1739
0,1740
26,1741
1,1742
7,1743
2,1744
16,1745
3,1746
17,1747
26,1748
11,1749
22,1750
10,1751
11,1752
29,1753
16,1754
28,1755
22,1756
1,1757
14,1758
19,1759
29,1760
27,1761
5,1762
19,1763
6,1764
23,1765
22,1766
20,1767
18,1768
4,1769
20,1770
7,1771
1,1772
29,1773
2,1774
25,1775
0,1776
19,1777
5,1778
9,1779
23,1780
20,1781
10,1782
13,1783
1,1784
11,1785
20,1786
12,1787
21,1788
14,1789
29,1790
21,1791
20,1792
11,1793
10,1794
8,1795
10,1796
26,1797
26,1798
29,1799
16,1800
25,1801
26,1802
13,1803
10,1804
18,1805
23,1806
6,1807
26,1808
25,1809
24,1810
24,1811
7,1812
18,1813
22,1814
4,1815
10,1816
5,1817
19,1818
3,1819
6,1820
19,1821
2,1822
24,1823
7,1824
10,1825
7,1826
20,1827
16,1828
7,1829
18,1830
12,1831
24,1832
12,1833
17,1834
14,1835
21,1836
16,1837
0,1838
16,1839
13,1840
6,1841
2,1842
4,1843
11,1844
16,1845
5,1846
5,1847
6,1848
0,1849
7,1850
8,1851
10,1852
7,1853
20,1854
6,1855
29,1856
25,1857
26,1858
1,1859
24,1860
1,1861
24,1862
22,1863
4,1864
26,1865
24,1866
2,1867
20,1868
11,1869
28,1870
22,1871
10,1872
5,1873
22,1874
6,1875
0,1876
20,1877
18,1878
14,1879
12,1880
5,1881
24,1882
25,1883
29,1884
25,1885
25,1886
1,1887
28,1888
7,1889
3,1890
29,1891
28,1892
10,1893
21,1894
7,1895
7,1896
20,1897
25,1898
29,1899
27,1900
22,1901
27,1902
24,1903
11,1904
6,1905
9,1906
23,1907
18,1908
21,1909
1,1910
11,1911
22,1912
14,1913
13,1914
7,1915
18,1916
23,1917
19,1918
12,1919
2,1920
17,1921
1,1922
12,1923
14,1924
0,1925
27,1926
1,1927
29,1928
2,1929
17,1930
3,1931
0,1932
27,1933
10,1934
7,1935
11,1936
11,1937
17,1938
28,1939
24,1940
4,1941
26,1942
24,1943
19,1944
2,1945
11,1946
23,1947
3,1948
17,1949
29,1950
20,1951
7,1952
26,1953
16,1954
16,1955
23,1956
6,1957
1,1958
29,1959
0,1960
11,1961
28,1962
1,1963
11,1964
26,1965
2,1966
19,1967
3,1968
16,1969
6,1970
18,1971
23,1972
18,1973
5,1974
19,1975
3,1976
27,1977
4,1978
15,1979
15,1980
8,1981
15,1982
6,1983
24,1984
14,1985
15,1986
2,1987
24,1988
13,1989
0,1990
3,1991
15,1992
27,1993
1,1994
24,1995
2,1996
12,1997
3,1998
26,1999
15,2000
15,2001
10,2002
25,2003
10,2004
16,2005
16,2006
21,2007
7,2008
4,2009
0,2010
22,2011
13,2012
22,2013
17,2014
22,2015
8,2016
4,2017
11,2018
20,2019
29,2020
19,2021
22,2022
21,2023
26,2024
11,2025
11,2026
5,2027
4,2028
14,2029
14,2030
7,2031
24,2032
4,2033
7,2034
1,2035
24,2036
15,2037
2,2038
29,2039
18,2040
28,2041
24,2042
20,2043
13,2044
10,2045
25,2046
14,2047
3,2048
10,2049
20,2050
8,2051
19,2052
18,2053
25,2054
23,2055
0,2056
5,2057
0,2058
4,2059
24,2060
11,2061
17,2062
26,2063
20,2064
28,2065
18,2066
6,2067
18,2068
25,2069
6,2070
28,2071
23,2072
15,2073
22,2074
13,2075
12,2076
4,2077
6,2078
14,2079
29,2080
23,2081
5,2082
16,2083
0,2084
20,2085
11,2086
21,2087
22,2088
3,2089
10,2090
10,2091
27,2092
12,2093
8,2094
20,2095
29,2096
20,2097
25,2098
3,2099
20,2100
3,2101
16,2102
21,2103
19,2104
24,2105
4,2106
27,2107
1,2108
6,2109
12,2110
19,2111
4,2112
1,2113
24,2114
12,2115
7,2116
20,2117
23,2118
15,2119
9,2120
15,2121
11,2122
6,2123
20,2124
16,2125
11,2126
13,2127
9,2128
14,2129
21,2130
29,2131
26,2132
5,2133
1,2134
7,2135
26,2136
9,2137
1,2138
11,2139
11,2140
14,2141
12,2142
28,2143
15,2144
18,2145
0,2146
24,2147
2,2148
29,2149
23,2150
3,2151
22,2152
1,2153
20,2154
29,2155
20,2156
23,2157
7,2158
13,2159
0,2160
8,2161
6,2162
10,2163
1,2164
19,2165
8,2166
4,2167
12,2168
6,2169
27,2170
11,2171
20,2172
3,2173
16,2174
10,2175
24,2176
17,2177
16,2178
22,2179
6,2180
29,2181
1,2182
15,2183
6,2184
6,2185
7,2186
5,2187
18,2188
25,2189
10,2190
21,2191
7,2192
13,2193
29,2194
2,2195
15,2196
18,2197
3,2198
24,2199
8,2200
26,2201
9,2202
17,2203
6,2204
29,2205
9,2206
13,2207
6,2208
1,2209
22,2210
0,2211
8,2212
17,2213
3,2214
9,2215
10,2216
14,2217
26,2218
17,2219
17,2220
6,2221
25,2222
2,2223
8,2224
26,2225
21,2226
15,2227
21,2228
20,2229
7,2230
3,2231
25,2232
1,2233
29,2234
0,2235
11,2236
25,2237
10,2238
25,2239
25,2240
0,2241
13,2242
28,2243
8,2244
25,2245
17,2246
15,2247
29,2248
29,2249
4,2250
27,2251
1,2252
16,2253
8,2254
4,2255
23,2256
17,2257
19,2258
3,2259
8,2260
4,2261
18,2262
5,2263
21,2264
29,2265
25,2266
17,2267
6,2268
18,2269
18,2270
18,2271
7,2272
14,2273
3,2274
9,2275
16,2276
7,2277
5,2278
18,2279
0,2280
23,2281
1,2282
20,2283
18,2284
2,2285
13,2286
3,2287
5,2288
17,2289
29,2290
19,2291
2,2292
29,2293
19,2294
14,2295
19,2296
8,2297
5,2298
18,2299
0,2300
6,2301
9,2302
29,2303
24,2304
11,2305
3,2306
7,2307
24,2308
29,2309
20,2310
29,2311
10,2312
1,2313
15,2314
3,2315
0,2316
8,2317
19,2318
2,2319
15,2320
19,2321
8,2322
19,2323
20,2324
2,2325
28,2326
14,2327
12,2328
23,2329
2,2330
23,2331
22,2332
6,2333
11,2334
8,2335
7,2336
5,2337
16,2338
18,2339
0,2340
17,2341
10,2342
26,2343
13,2344
9,2345
21,2346
3,2347
15,2348
9,2349
8,2350
11,2351
8,2352
19,2353
19,2354
22,2355
9,2356
15,2357
11,2358
11,2359
20,2360
3,2361
26,2362
28,2363
22,2364
22,2365
9,2366
14,2367
1,2368
17,2369
26,2370
22,2371
6,2372
10,2373
9,2374
16,2375
5,2376
7,2377
28,2378
18,2379
4,2380
7,2381
17,2382
6,2383
19,2384
25,2385
1,2386
21,2387
23,2388
26,2389
2,2390
5,2391
13,2392
6,2393
9,2394
27,2395
7,2396
29,2397
9,2398
23,2399
23,2400
3,2401
2,2402
29,2403
8,2404
0,2405
0,2406
27,2407
9,2408
0,2409
4,2410
12,2411
24,2412
5,2413
23,2414
6,2415
26,2416
7,2417
27,2418
11,2419
24,2420
23,2421
22,2422
10,2423
24,2424
3,2425
29,2426
7,2427
23,2428
3,2429
28,2430
4,2431
14,2432
20,2433
5,2434
24,2435
9,2436
20,2437
26,2438
14,2439
6,2440
8,2441
28,2442
7,2443
20,2444
7,2445
0,2446
1,2447
8,2448
6,2449
23,2450
16,2451
7,2452
29,2453
26,2454
27,2455
7,2456
3,2457
28,2458
25,2459
4,2460
23,2461
6,2462
13,2463
22,2464
17,2465
2,2466
19,2467
8,2468
13,2469
24,2470
4,2471
7,2472
3,2473
8,2474
5,2475
9,2476
5,2477
1,2478
19,2479
8,2480
17,2481
4,2482
16,2483
9,2484
9,2485
11,2486
0,2487
21,2488
2,2489
29,2490
5,2491
27,2492
2,2493
29,2494
17,2495
24,2496
28,2497
2,2498
28,2499
3,2500
24,2501
16,2502
7,2503
20,2504
23,2505
16,2506
2,2507
29,2508
18,2509
26,2510
26,2511
13,2512
21,2513
25,2514
26,2515
2,2516
6,2517
15,2518
16,2519
14,2520
18,2521
18,2522
8,2523
18,2524
15,2525
0,2526
20,2527
23,2528
24,2529
19,2530
3,2531
11,2532
4,2533
17,2534
5,2535
27,2536
1,2537
6,2538
5,2539
3,2540
9,2541
21,2542
7,2543
28,2544
7,2545
17,2546
27,2547
28,2548
20,2549
18,2550
12,2551
14,2552
20,2553
27,2554
12,2555
22,2556
11,2557
29,2558
17,2559
29,2560
26,2561
11,2562
27,2563
9,2564
6,2565
3,2566
2,2567
14,2568
19,2569
17,2570
22,2571
25,2572
9,2573
12,2574
28,2575
8,2576
1,2577
0,2578
10,2579
1,2580
14,2581
2,2582
4,2583
3,2584
1,2585
12,2586
26,2587
17,2588
17,2589
11,2590
0,2591
2,2592
24,2593
1,2594
16,2595
2,2596
21,2597
4,2598
3,2599
17,2600
0,2601
27,2602
14,2603
1,2604
1,2605
1,2606
0,2607
2,2608
22,2609
3,2610
1,2611
4,2612
18,2613
15,2614
21,2615
7,2616
2,2617
29,2618
22,2619
2,2620
1,2621
9,2622
16,2623
27,2624
17,2625
15,2626
12,2627
1,2628
7,2629
24,2630
5,2631
8,2632
10,2633
7,2634
24,2635
17,2636
2,2637
14,2638
22,2639
9,2640
3,2641
18,2642
13,2643
11,2644
23,2645
18,2646
1,2647
15,2648
15,2649
13,2650
9,2651
9,2652
28,2653
6,2654
25,2655
6,2656
0,2657
2,2658
13,2659
19,2660
14,2661
28,2662
4,2663
6,2664
25,2665
23,2666
20,2667
29,2668
26,2669
26,2670
17,2671
16,2672
7,2673
1,2674
17,2675
1,2676
4,2677
24,2678
22,2679
28,2680
9,2681
20,2682
9,2683
21,2684
24,2685
6,2686
19,2687
6,2688
24,2689
25,2690
0,2691
0,2692
26,2693
4,2694
15,2695
5,2696
17,2697
19,2698
6,2699
28,2700
10,2701
7,2702
28,2703
8,2704
20,2705
25,2706
20,2707
15,2708
8,2709
5,2710
24,2711
3,2712
20,2713
12,2714
12,2715
19,2716
10,2717
17,2718
3,2719
27,2720
29,2721
9,2722
7,2723
12,2724
9,2725
3,2726
25,2727
4,2728
6,2729
24,2730
20,2731
4,2732
15,2733
27,2734
28,2735
23,2736
10,2737
26,2738
13,2739
16,2740
16,2741
14,2742
3,2743
3,2744
20,2745
27,2746
1,2747
27,2748
1,2749
27,2750
28,2751
7,2752
3,2753
12,2754
23,2755
12,2756
9,2757
10,2758
15,2759
4,2760
12,2761
29,2762
5,2763
27,2764
6,2765
12,2766
7,2767
12,2768
25,2769
12,2770
2,2771
22,2772
10,2773
13,2774
21,2775
15,2776
13,2777
18,2778
14,2779
0,2780
1,2781
17,2782
10,2783
14,2784
21,2785
6,2786
9,2787
2,2788
29,2789
6,2790
20,2791
8,2792
21,2793
18,2794
19,2795
6,2796
12,2797
19,2798
18,2799
11,2800
17,2801
15,2802
21,2803
8,2804
21,2805
7,2806
28,2807
29,2808
23,2809
25,2810
7,2811
15,2812
6,2813
5,2814
7,2815
12,2816
12,2817
7,2818
24,2819
6,2820
9,2821
29,2822
6,2823
18,2824
28,2825
21,2826
18,2827
6,2828
24,2829
3,2830
3,2831
14,2832
4,2833
9,2834
26,2835
13,2836
15,2837
25,2838
29,2839
16,2840
13,2841
21,2842
6,2843
27,2844
18,2845
24,2846
5,2847
2,2848
27,2849
18,2850
0,2851
21,2852
26,2853
13,2854
10,2855
22,2856
8,2857
28,2858
6,2859
18,2860
22,2861
9,2862
1,2863
29,2864
29,2865
13,2866
18,2867
20,2868
12,2869
8,2870
17,2871
17,2872
29,2873
9,2874
12,2875
5,2876
2,2877
23,2878
26,2879
27,2880
26,2881
16,2882
5,2883
5,2884
5,2885
20,2886
13,2887
10,2888
17,2889
3,2890
21,2891
15,2892
10,2893
0,2894
28,2895
7,2896
11,2897
2,2898
16,2899
26,2900
15,2901
14,2902
22,2903
27,2904
24,2905
6,2906
25,2907
0,2908
9,2909
19,2910
4,2911
2,2912
11,2913
25,2914
28,2915
14,2916
5,2917
28,2918
23,2919
5,2920
10,2921
22,2922
17,2923
23,2924
11,2925
0,2926
1,2927
24,2928
22,2929
9,2930
12,2931
15,2932
18,2933
22,2934
1,2935
8,2936
23,2937
23,2938
14,2939
9,2940
19,2941
12,2942
14,2943
2,2944
26,2945
7,2946
6,2947
29,2948
27,2949
11,2950
20,2951
28,2952
7,2953
4,2954
21,2955
23,2956
4,2957
17,2958
7,2959
28,2960
1,2961
2,2962
0,2963
1,2964
10,2965
1,2966
12,2967
20,2968
6,2969
18,2970
6,2971
8,2972
23,2973
25,2974
26,2975
27,2976
12,2977
28,2978
29,2979
19,2980
0,2981
0,2982
28,2983
1,2984
22,2985
29,2986
2,2987
29,2988
3,2989
1,2990
3,2991
17,2992
8,2993
5,2994
22,2995
17,2996
8,2997
24,2998
2,2999
29,3000
26,3001
20,3002
15,3003
24,3004
6,3005
8,3006
18,3007
6,3008
15,3009
29,3010
8,3011
19,3012
21,3013
26,3014
16,3015
12,3016
16,3017
19,3018
24,3019
6,3020
1,3021
23,3022
7,3023
28,3024
7,3025
13,3026
25,3027
25,3028
2,3029
17,3030
2,3031
0,3032
6,3033
12,3034
25,3035
11,3036
0,3037
17,3038
18,3039
25,3040
16,3041
18,3042
2,3043
29,3044
20,3045
4,3046
12,3047
23,3048
18,3049
1,3050
4,3051
26,3052
2,3053
4,3054
8,3055
18,3056
25,3057
26,3058
7,3059
7,3060
8,3061
19,3062
7,3063
28,3064
25,3065
10,3066
12,3067
26,3068
6,3069
0,3070
11,3071
1,3072
7,3073
10,3074
2,3075
2,3076
3,3077
9,3078
19,3079
0,3080
5,3081
23,3082
1,3083
19,3084
2,3085
8,3086
3,3087
8,3088
8,3089
25,3090
13,3091
4,3092
17,3093
27,3094
15,3095
13,3096
6,3097
5,3098
3,3099
29,3100
6,3101
9,3102
23,3103
26,3104
2,3105
1,3106
0,3107
9,3108
29,3109
25,3110
7,3111
5,3112
29,3113
19,3114
29,3115
0,3116
1,3117
9,3118
1,3119
19,3120
2,3121
4,3122
29,3123
3,3124
20,3125
22,3126
14,3127
7,3128
14,3129
22,3130
24,3131
26,3132
10,3133
16,3134
16,3135
17,3136
14,3137
2,3138
21,3139
27,3140
29,3141
3,3142
17,3143
21,3144
15,3145
4,3146
6,3147
6,3148
20,3149
2,3150
14,3151
28,3152
20,3153
18,3154
27,3155
28,3156
27,3157
26,3158
25,3159
29,3160
10,3161
5,3162
24,3163
25,3164
15,3165
9,3166
11,3167
1,3168
29,3169
24,3170
0,3171
23,3172
1,3173
28,3174
28,3175
2,3176
0,3177
17,3178
3,3179
25,3180
29,3181
16,3182
22,3183
26,3184
20,3185
19,3186
1,3187
12,3188
19,3189
25,3190
22,3191
10,3192
20,3193
1,3194
25,3195
3,3196
23,3197
15,3198
22,3199
29,3200
19,3201
25,3202
3,3203
28,3204
8,3205
26,3206
14,3207
10,3208
23,3209
4,3210
20,3211
29,3212
14,3213
13,3214
1,3215
4,3216
16,3217
25,3218
18,3219
24,3220
20,3221
18,3222
15,3223
19,3224
9,3225
23,3226
24,3227
8,3228
3,3229
13,3230
20,3231
22,3232
25,3233
10,3234
15,3235
2,3236
14,3237
3,3238
25,3239
8,3240
2,3241
1,3242
17,3243
0,3244
3,3245
26,3246
3,3247
8,3248
5,3249
17,3250
6,3251
19,3252
14,3253
5,3254
22,3255
3,3256
8,3257
10,3258
21,3259
4,3260
14,3261
12,3262
27,3263
3,3264
1,3265
15,3266
0,3267
15,3268
0,3269
26,3270
9,3271
0,3272
8,3273
13,3274
28,3275
9,3276
23,3277
7,3278
22,3279
18,3280
3,3281
28,3282
24,3283
5,3284
27,3285
4,3286
19,3287
2,3288
5,3289
2,3290
1,3291
17,3292
24,3293
29,3294
18,3295
19,3296
25,3297
25,3298
16,3299
11,3300
25,3301
24,3302
24,3303
25,3304
23,3305
16,3306
10,3307
23,3308
21,3309
24,3310
12,3311
25,3312
21,3313
16,3314
11,3315
5,3316
10,3317
10,3318
10,3319
22,3320
2,3321
13,3322
26,3323
23,3324
0,3325
8,3326
1,3327
27,3328
17,3329
2,3330
18,3331
25,3332
3,3333
23,3334
11,3335
7,3336
14,3337
29,3338
1,3339
29,3340
7,3341
28,3342
4,3343
20,3344
25,3345
14,3346
4,3347
11,3348
13,3349
14,3350
18,3351
26,3352
3,3353
15,3354
12,3355
6,3356
2,3357
14,3358
2,3359
11,3360
29,3361
7,3362
15,3363
14,3364
15,3365
13,3366
12,3367
25,3368
3,3369
15,3370
13,3371
0,3372
8,3373
17,3374
8,3375
0,3376
21,3377
5,3378
1,3379
10,3380
28,3381
8,3382
2,3383
24,3384
3,3385
21,3386
19,3387
26,3388
4,3389
27,3390
29,3391
4,3392
21,3393
7,3394
10,3395
26,3396
29,3397
22,3398
28,3399
6,3400
1,3401
26,3402
11,3403
5,3404
10,3405
20,3406
9,3407
8,3408
13,3409
2,3410
12,3411
29,3412
22,3413
10,3414
25,3415
23,3416
1,3417
26,3418
20,3419
3,3420
16,3421
29,3422
16,3423
25,3424
8,3425
3,3426
7,3427
4,3428
7,3429
28,3430
3,3431
17,3432
2,3433
22,3434
22,3435
13,3436
21,3437
11,3438
8,3439
8,3440
18,3441
8,3442
13,3443
2,3444
14,3445
14,3446
22,3447
19,3448
2,3449
8,3450
18,3451
0,3452
25,3453
0,3454
13,3455
13,3456
25,3457
21,3458
3,3459
6,3460
20,3461
1,3462
4,3463
2,3464
27,3465
3,3466
23,3467
19,3468
0,3469
13,3470
20,3471
18,3472
24,3473
0,3474
18,3475
6,3476
1,3477
1,3478
9,3479
2,3480
15,3481
3,3482
20,3483
3,3484
24,3485
4,3486
18,3487
12,3488
10,3489
20,3490
28,3491
25,3492
3,3493
0,3494
8,3495
23,3496
15,3497
10,3498
4,3499
20,3500
4,3501
23,3502
5,3503
3,3504
6,3505
8,3506
21,3507
7,3508
10,3509
29,3510
19,3511
29,3512
19,3513
7,3514
14,3515
29,3516
22,3517
6,3518
19,3519
22,3520
2,3521
0,3522
9,3523
10,3524
26,3525
26,3526
19,3527
4,3528
4,3529
15,3530
29,3531
24,3532
22,3533
4,3534
10,3535
27,3536
20,3537
8,3538
22,3539
9,3540
9,3541
29,3542
20,3543
28,3544
4,3545
0,3546
27,3547
20,3548
29,3549
1,3550
11,3551
11,3552
14,3553
13,3554
2,3555
27,3556
28,3557
0,3558
17,3559
15,3560
10,3561
23,3562
0,3563
28,3564
6,3565
20,3566
29,3567
1,3568
29,3569
2,3570
26,3571
3,3572
16,3573
29,3574
19,3575
0,3576
12,3577
26,3578
7,3579
11,3580
4,3581
12,3582
0,3583
15,3584
17,3585
8,3586
19,3587
18,3588
15,3589
19,3590
7,3591
15,3592
24,3593
6,3594
6,3595
0,3596
13,3597
28,3598
23,3599
16,3600
2,3601
15,3602
4,3603
12,3604
14,3605
24,3606
8,3607
23,3608
1,3609
10,3610
17,3611
7,3612
28,3613
10,3614
10,3615
10,3616
17,3617
8,3618
22,3619
28,3620
9,3621
7,3622
22,3623
21,3624
4,3625
1,3626
3,3627
0,3628
12,3629
29,3630
14,3631
9,3632
0,3633
17,3634
11,3635
20,3636
13,3637
7,3638
4,3639
27,3640
18,3641
3,3642
27,3643
0,3644
5,3645
20,3646
19,3647
1,3648
17,3649
15,3650
21,3651
13,3652
4,3653
24,3654
5,3655
17,3656
6,3657
1,3658
15,3659
1,3660
18,3661
7,3662
25,3663
20,3664
7,3665
16,3666
9,3667
12,3668
4,3669
29,3670
16,3671
15,3672
1,3673
19,3674
27,3675
2,3676
20,3677
6,3678
8,3679
20,3680
20,3681
1,3682
4,3683
14,3684
19,3685
0,3686
27,3687
6,3688
1,3689
0,3690
2,3691
29,3692
3,3693
7,3694
25,3695
4,3696
20,3697
0,3698
4,3699
2,3700
17,3701
0,3702
18,3703
1,3704
9,3705
1,3706
2,3707
17,3708
1,3709
3,3710
20,3711
12,3712
11,3713
3,3714
14,3715
14,3716
13,3717
7,3718
23,3719
5,3720
3,3721
29,3722
16,3723
1,3724
7,3725
17,3726
11,3727
5,3728
24,3729
6,3730
22,3731
14,3732
22,3733
0,3734
11,3735
29,3736
7,3737
9,3738
7,3739
20,3740
27,3741
22,3742
24,3743
5,3744
27,3745
27,3746
11,3747
13,3748
24,3749
24,3750
27,3751
6,3752
29,3753
16,3754
24,3755
25,3756
6,3757
5,3758
19,3759
29,3760
6,3761
23,3762
21,3763
2,3764
29,3765
21,3766
27,3767
6,3768
10,3769
22,3770
28,3771
25,3772
18,3773
4,3774
13,3775
5,3776
9,3777
12,3778
6,3779
21,3780
8,3781
7,3782
24,3783
22,3784
13,3785
27,3786
15,3787
18,3788
10,3789
27,3790
18,3791
23,3792
11,3793
25,3794
12,3795
23,3796
12,3797
0,3798
16,3799
20,3800
0,3801
27,3802
11,3803
11,3804
3,3805
0,3806
17,3807
10,3808
28,3809
26,3810
21,3811
1,3812
4,3813
1,3814
10,3815
12,3816
19,3817
2,3818
10,3819
17,3820
12,3821
24,3822
1,3823
17,3824
28,3825
0,3826
18,3827
24,3828
17,3829
22,3830
13,3831
6,3832
29,3833
23,3834
16,3835
27,3836
26,3837
29,3838
9,3839
12,3840
20,3841
16,3842
4,3843
24,3844
8,3845
3,3846
18,3847
6,3848
27,3849
14,3850
19,3851
2,3852
27,3853
23,3854
5,3855
0,3856
25,3857
1,3858
20,3859
15,3860
20,3861
2,3862
29,3863
1,3864
12,3865
20,3866
7,3867
28,3868
3,3869
6,3870
3,3871
23,3872
6,3873
2,3874
16,3875
19,3876
23,3877
14,3878
16,3879
9,3880
29,3881
14,3882
24,3883
26,3884
19,3885
18,3886
27,3887
9,3888
4,3889
9,3890
9,3891
29,3892
14,3893
5,3894
25,3895
6,3896
5,3897
18,3898
7,3899
21,3900
6,3901
13,3902
5,3903
9,3904
29,3905
16,3906
16,3907
15,3908
1,3909
15,3910
4,3911
29,3912
0,3913
0,3914
5,3915
16,3916
10,3917
0,3918
16,3919
3,3920
16,3921
14,3922
28,3923
1,3924
8,3925
2,3926
29,3927
9,3928
27,3929
4,3930
2,3931
5,3932
27,3933
5,3934
4,3935
25,3936
11,3937
20,3938
9,3939
29,3940
9,3941
27,3942
26,3943
2,3944
16,3945
14,3946
3,3947
14,3948
8,3949
13,3950
5,3951
0,3952
7,3953
6,3954
6,3955
10,3956
11,3957
9,3958
28,3959
28,3960
20,3961
19,3962
25,3963
3,3964
17,3965
0,3966
18,3967
8,3968
16,3969
13,3970
25,3971
21,3972
6,3973
0,3974
19,3975
17,3976
13,3977
4,3978
27,3979
5,3980
21,3981
6,3982
22,3983
7,3984
7,3985
15,3986
13,3987
20,3988
13,3989
20,3990
4,3991
12,3992
29,3993
5,3994
8,3995
23,3996
6,3997
29,3998
7,3999
15,4000
6,4001
5,4002
11,4003
18,4004
8,4005
4,4006
26,4007
15,4008
11,4009
4,4010
29,4011
2,4012
29,4013
0,4014
19,4015
5,4016
18,4017
16,4018
15,4019
22,4020
21,4021
26,4022
29,4023
29,4024
16,4025
29,4026
24,4027
11,4028
4,4029
23,4030
5,4031
5,4032
10,4033
1,4034
17,4035
28,4036
6,4037
0,4038
11,4039
7,4040
8,4041
8,4042
20,4043
22,4044
24,4045
13,4046
28,4047
0,4048
23,4049
4,4050
6,4051
23,4052
0,4053
3,4054
19,4055
1,4056
24,4057
2,4058
28,4059
3,4060
9,4061
18,4062
4,4063
12,4064
24,4065
11,4066
14,4067
8,4068
3,4069
7,4070
20,4071
28,4072
12,4073
28,4074
6,4075
8,4076
15,4077
0,4078
1,4079
7,4080
24,4081
13,4082
11,4083
25,4084
1,4085
4,4086
12,4087
25,4088
5,4089
11,4090
6,4091
6,4092
7,4093
7,4094
14,4095
29,4096
24,4097
6,4098
23,4099
4,4100
27,4101
25,4102
29,4103
26,4104
29,4105
6,4106
19,4107
4,4108
29,4109
16,4110
12,4111
18,4112
5,4113
24,4114
6,4115
2,4116
25,4117
1,4118
13,4119
17,4120
15,4121
7,4122
6,4123
14,4124
1,4125
23,4126
22,4127
23,4128
22,4129
20,4130
26,4131
25,4132
18,4133
24,4134
3,4135
28,4136
15,4137
11,4138
3,4139
0,4140
26,4141
7,4142
27,4143
13,4144
12,4145
23,4146
22,4147
3,4148
21,4149
23,4150
7,4151
8,4152
16,4153
8,4154
13,4155
0,4156
21,4157
16,4158
8,4159
22,4160
2,4161
9,4162
22,4163
2,4164
29,4165
20,4166
5,4167
10,4168
23,4169
0,4170
2,4171
29,4172
11,4173
16,4174
29,4175
27,4176
3,4177
24,4178
5,4179
2,4180
23,4181
7,4182
29,4183
20,4184
17,4185
8,4186
4,4187
18,4188
4,4189
20,4190
29,4191
19,4192
3,4193
6,4194
28,4195
26,4196
3,4197
20,4198
8,4199
7,4200
18,4201
15,4202
29,4203
0,4204
27,4205
11,4206
0,4207
14,4208
8,4209
16,4210
17,4211
21,4212
3,4213
10,4214
12,4215
9,4216
4,4217
19,4218
26,4219
0,4220
21,4221
8,4222
5,4223
29,4224
9,4225
27,4226
11,4227
29,4228
16,4229
6,4230
11,4231
7,4232
16,4233
22,4234
8,4235
11,4236
1,4237
2,4238
27,4239
10,4240
29,4241
9,4242
14,4243
23,4244
18,4245
3,4246
5,4247
5,4248
16,4249
19,4250
6,4251
14,4252
23,4253
23,4254
20,4255
19,4256
29,4257
4,4258
20,4259
10,4260
10,4261
16,4262
26,4263
20,4264
2,4265
23,4266
18,4267
26,4268
9,4269
22,4270
20,4271
23,4272
1,4273
29,4274
6,4275
4,4276
29,4277
23,4278
24,4279
21,4280
10,4281
0,4282
3,4283
22,4284
12,4285
25,4286
3,4287
5,4288
19,4289
16,4290
12,4291
8,4292
25,4293
12,4294
18,4295
4,4296
16,4297
18,4298
4,4299
2,4300
3,4301
20,4302
29,4303
10,4304
14,4305
21,4306
23,4307
20,4308
4,4309
20,4310
22,4311
21,4312
22,4313
25,4314
29,4315
10,4316
22,4317
20,4318
12,4319
18,4320
10,4321
7,4322
20,4323
27,4324
14,4325
0,4326
7,4327
1,4328
18,4329
14,4330
19,4331
3,4332
27,4333
13,4334
6,4335
7,4336
27,4337
15,4338
26,4339
29,4340
28,4341
16,4342
14,4343
14,4344
29,4345
5,4346
1,4347
17,4348
22,4349
28,4350
1,4351
25,4352
6,4353
24,4354
14,4355
21,4356
18,4357
17,4358
24,4359
12,4360
13,4361
5,4362
21,4363
4,4364
24,4365
24,4366
20,4367
22,4368
0,4369
12,4370
22,4371
22,4372
28,4373
12,4374
2,4375
28,4376
20,4377
26,4378
22,4379
6,4380
2,4381
13,4382
14,4383
17,4384
11,4385
3,4386
7,4387
12,4388
18,4389
4,4390
12,4391
13,4392
28,4393
23,4394
6,4395
28,4396
22,4397
14,4398
0,4399
8,4400
13,4401
1,4402
16,4403
2,4404
22,4405
3,4406
11,4407
4,4408
12,4409
8,4410
17,4411
2,4412
27,4413
25,4414
16,4415
23,4416
12,4417
17,4418
0,4419
7,4420
8,4421
18,4422
22,4423
1,4424
8,4425
11,4426
5,4427
12,4428
6,4429
6,4430
20,4431
27,4432
15,4433
29,4434
22,4435
14,4436
23,4437
20,4438
2,4439
7,4440
22,4441
20,4442
5,4443
29,4444
1,4445
16,4446
22,4447
2,4448
0,4449
18,4450
15,4451
6,4452
5,4453
10,4454
2,4455
14,4456
9,4457
26,4458
26,4459
22,4460
14,4461
4,4462
19,4463
3,4464
10,4465
15,4466
15,4467
21,4468
1,4469
10,4470
11,4471
26,4472
13,4473
17,4474
8,4475
13,4476
9,4477
27,4478
6,4479
7,4480
17,4481
7,4482
1,4483
7,4484
8,4485
4,4486
2,4487
5,4488
23,4489
6,4490
17,4491
1,4492
7,4493
0,4494
7,4495
11,4496
18,4497
2,4498
1,4499
27,4500
3,4501
25,4502
14,4503
13,4504
20,4505
7,4506
22,4507
3,4508
0,4509
28,4510
11,4511
1,4512
29,4513
28,4514
14,4515
1,4516
17,4517
6,4518
17,4519
17,4520
2,4521
29,4522
14,4523
28,4524
16,4525
10,4526
5,4527
0,4528
16,4529
0,4530
16,4531
17,4532
0,4533
16,4534
25,4535
13,4536
1,4537
9,4538
2,4539
22,4540
3,4541
28,4542
22,4543
17,4544
26,4545
12,4546
17,4547
17,4548
18,4549
4,4550
23,4551
24,4552
16,4553
6,4554
6,4555
29,4556
16,4557
12,4558
4,4559
6,4560
0,4561
10,4562
29,4563
23,4564
28,4565
25,4566
1,4567
17,4568
12,4569
10,4570
11,4571
17,4572
21,4573
13,4574
2,4575
25,4576
3,4577
28,4578
16,4579
18,4580
3,4581
0,4582
27,4583
8,4584
25,4585
14,4586
1,4587
14,4588
2,4589
22,4590
17,4591
3,4592
29,4593
15,4594
10,4595
27,4596
23,4597
26,4598
19,4599
13,4600
8,4601
2,4602
24,4603
13,4604
19,4605
24,4606
12,4607
24,4608
23,4609
15,4610
24,4611
19,4612
9,4613
12,4614
0,4615
4,4616
28,4617
7,4618
26,4619
26,4620
3,4621
5,4622
1,4623
4,4624
6,4625
8,4626
24,4627
24,4628
6,4629
29,4630
16,4631
7,4632
4,4633
4,4634
24,4635
6,4636
22,4637
20,4638
19,4639
10,4640
19,4641
16,4642
7,4643
6,4644
6,4645
21,4646
7,4647
5,4648
25,4649
24,4650
0,4651
2,4652
5,4653
19,4654
2,4655
9,4656
29,4657
25,4658
14,4659
26,4660
1,4661
17,4662
0,4663
26,4664
28,4665
29,4666
6,4667
25,4668
13,4669
18,4670
5,4671
8,4672
10,4673
11,4674
21,4675
14,4676
2,4677
22,4678
13,4679
0,4680
26,4681
14,4682
18,4683
24,4684
8,4685
14,4686
5,4687
29,4688
23,4689
26,4690
24,4691
19,4692
29,4693
26,4694
8,4695
9,4696
0,4697
16,4698
5,4699
3,4700
10,4701
2,4702
3,4703
16,4704
26,4705
16,4706
4,4707
14,4708
2,4709
6,4710
1,4711
4,4712
1,4713
28,4714
17,4715
29,4716
22,4717
13,4718
29,4719
28,4720
23,4721
18,4722
23,4723
13,4724
29,4725
24,4726
8,4727
16,4728
15,4729
20,4730
4,4731
10,4732
16,4733
27,4734
26,4735
19,4736
12,4737
0,4738
12,4739
22,4740
18,4741
27,4742
3,4743
7,4744
10,4745
27,4746
11,4747
23,4748
23,4749
0,4750
8,4751
24,4752
7,4753
17,4754
0,4755
12,4756
29,4757
4,4758
1,4759
29,4760
29,4761
20,4762
12,4763
2,4764
2,4765
25,4766
3,4767
0,4768
25,4769
0,4770
17,4771
21,4772
15,4773
29,4774
9,4775
29,4776
13,4777
9,4778
2,4779
5,4780
19,4781
8,4782
26,4783
12,4784
2,4785
5,4786
21,4787
10,4788
15,4789
3,4790
27,4791
16,4792
4,4793
4,4794
4,4795
24,4796
17,4797
18,4798
3,4799
19,4800
16,4801
19,4802
8,4803
12,4804
20,4805
28,4806
14,4807
20,4808
29,4809
22,4810
13,4811
29,4812
22,4813
14,4814
22,4815
25,4816
25,4817
29,4818
1,4819
18,4820
23,4821
26,4822
21,4823
15,4824
21,4825
15,4826
3,4827
11,4828
29,4829
6,4830
9,4831
25,4832
22,4833
26,4834
21,4835
22,4836
11,4837
10,4838
10,4839
11,4840
20,4841
0,4842
5,4843
8,4844
21,4845
12,4846
24,4847
6,4848
7,4849
0,4850
20,4851
2,4852
10,4853
17,4854
22,4855
27,4856
18,4857
21,4858
7,4859
20,4860
29,4861
19,4862
11,4863
15,4864
8,4865
19,4866
0,4867
23,4868
1,4869
17,4870
15,4871
2,4872
8,4873
22,4874
13,4875
3,4876
15,4877
15,4878
1,4879
24,4880
17,4881
15,4882
29,4883
16,4884
22,4885
21,4886
5,4887
13,4888
10,4889
27,4890
23,4891
16,4892
2,4893
29,4894
1,4895
2,4896
22,4897
14,4898
8,4899
21,4900
2,4901
13,4902
11,4903
6,4904
2,4905
16,4906
26,4907
28,4908
13,4909
19,4910
19,4911
5,4912
23,4913
6,4914
13,4915
10,4916
2,4917
0,4918
5,4919
1,4920
29,4921
2,4922
13,4923
4,4924
0,4925
3,4926
14,4927
3,4928
25,4929
12,4930
24,4931
26,4932
12,4933
26,4934
10,4935
18,4936
5,4937
0,4938
27,4939
17,4940
1,4941
23,4942
2,4943
22,4944
11,4945
17,4946
3,4947
18,4948
26,4949
29,4950
1,4951
16,4952
15,4953
22,4954
17,4955
8,4956
3,4957
6,4958
19,4959
2,4960
19,4961
23,4962
20,4963
10,4964
13,4965
7,4966
6,4967
24,4968
8,4969
3,4970
23,4971
6,4972
9,4973
14,4974
0,4975
24,4976
29,4977
0,4978
5,4979
14,4980
1,4981
17,4982
2,4983
15,4984
2,4985
25,4986
3,4987
11,4988
26,4989
5,4990
18,4991
24,4992
9,4993
10,4994
12,4995
6,4996
14,4997
20,4998
29,4999
3,5000
13,5001
4,5002
12,5003
7,5004
15,5005
21,5006
26,5007
2,5008
13,5009
10,5010
10,5011
29,5012
15,5013
29,5014
22,5015
20,5016
15,5017
1,5018
4,5019
16,5020
29,5021
17,5022
17,5023
13,5024
23,5025
7,5026
8,5027
2,5028
29,5029
0,5030
14,5031
23,5032
7,5033
24,5034
26,5035
27,5036
1,5037
25,5038
15,5039
2,5040
14,5041
24,5042
21,5043
29,5044
10,5045
16,5046
20,5047
29,5048
20,5049
13,5050
27,5051
18,5052
27,5053
15,5054
0,5055
21,5056
1,5057
9,5058
29,5059
2,5060
29,5061
6,5062
9,5063
3,5064
4,5065
7,5066
8,5067
15,5068
24,5069
8,5070
9,5071
7,5072
24,5073
14,5074
10,5075
8,5076
7,5077
20,5078
17,5079
25,5080
13,5081
0,5082
12,5083
0,5084
6,5085
2,5086
21,5087
1,5088
15,5089
25,5090
2,5091
0,5092
25,5093
3,5094
20,5095
28,5096
16,5097
24,5098
29,5099
0,5100
27,5101
6,5102
8,5103
8,5104
21,5105
11,5106
4,5107
23,5108
6,5109
1,5110
13,5111
16,5112
21,5113
22,5114
7,5115
11,5116
23,5117
26,5118
23,5119
25,5120
4,5121
14,5122
22,5123
14,5124
15,5125
14,5126
11,5127
20,5128
23,5129
20,5130
28,5131
7,5132
7,5133
1,5134
7,5135
1,5136
1,5137
9,5138
1,5139
6,5140
10,5141
1,5142
5,5143
7,5144
2,5145
9,5146
13,5147
16,5148
11,5149
8,5150
21,5151
16,5152
23,5153
13,5154
22,5155
15,5156
13,5157
2,5158
1,5159
12,5160
2,5161
21,5162
3,5163
16,5164
13,5165
13,5166
11,5167
1,5168
24,5169
29,5170
18,5171
27,5172
13,5173
12,5174
20,5175
16,5176
19,5177
1,5178
3,5179
9,5180
13,5181
28,5182
8,5183
19,5184
24,5185
24,5186
22,5187
12,5188
20,5189
25,5190
4,5191
3,5192
5,5193
0,5194
21,5195
18,5196
10,5197
10,5198
10,5199
29,5200
7,5201
11,5202
17,5203
16,5204
27,5205
8,5206
4,5207
1,5208
5,5209
3,5210
6,5211
2,5212
24,5213
7,5214
16,5215
12,5216
18,5217
4,5218
14,5219
12,5220
19,5221
22,5222
26,5223
21,5224
20,5225
16,5226
27,5227
11,5228
29,5229
29,5230
0,5231
10,5232
15,5233
0,5234
27,5235
23,5236
22,5237
10,5238
5,5239
8,5240
13,5241
19,5242
25,5243
24,5244
11,5245
29,5246
19,5247
10,5248
14,5249
10,5250
5,5251
27,5252
21,5253
13,5254
6,5255
0,5256
26,5257
17,5258
15,5259
20,5260
13,5261
25,5262
4,5263
6,5264
15,5265
5,5266
22,5267
6,5268
19,5269
7,5270
20,5271
2,5272
13,5273
0,5274
23,5275
1,5276
9,5277
2,5278
26,5279
29,5280
3,5281
8,5282
18,5283
19,5284
4,5285
25,5286
23,5287
25,5288
1,5289
12,5290
0,5291
8,5292
10,5293
20,5294
16,5295
5,5296
0,5297
24,5298
24,5299
1,5300
17,5301
4,5302
2,5303
1,5304
3,5305
0,5306
6,5307
20,5308
1,5309
10,5310
7,5311
5,5312
16,5313
20,5314
0,5315
19,5316
10,5317
22,5318
29,5319
10,5320
17,5321
27,5322
24,5323
4,5324
26,5325
28,5326
15,5327
18,5328
11,5329
18,5330
18,5331
2,5332
15,5333
7,5334
22,5335
4,5336
26,5337
5,5338
24,5339
6,5340
10,5341
7,5342
5,5343
28,5344
8,5345
23,5346
18,5347
6,5348
21,5349
0,5350
24,5351
28,5352
28,5353
18,5354
0,5355
18,5356
17,5357
25,5358
0,5359
25,5360
29,5361
28,5362
23,5363
0,5364
2,5365
11,5366
25,5367
12,5368
13,5369
20,5370
9,5371
20,5372
0,5373
1,5374
8,5375
28,5376
4,5377
22,5378
1,5379
7,5380
24,5381
22,5382
2,5383
28,5384
3,5385
5,5386
5,5387
26,5388
10,5389
3,5390
16,5391
7,5392
27,5393
13,5394
16,5395
25,5396
23,5397
15,5398
0,5399
11,5400
27,5401
9,5402
1,5403
26,5404
9,5405
12,5406
8,5407
1,5408
17,5409
3,5410
3,5411
26,5412
25,5413
10,5414
11,5415
26,5416
26,5417
23,5418
27,5419
12,5420
18,5421
3,5422
26,5423
15,5424
22,5425
3,5426
11,5427
14,5428
3,5429
25,5430
17,5431
17,5432
8,5433
19,5434
13,5435
2,5436
3,5437
16,5438
11,5439
13,5440
17,5441
17,5442
16,5443
13,5444
6,5445
19,5446
0,5447
21,5448
0,5449
1,5450
22,5451
29,5452
15,5453
22,5454
24,5455
21,5456
4,5457
22,5458
18,5459
8,5460
8,5461
8,5462
2,5463
29,5464
0,5465
3,5466
9,5467
13,5468
21,5469
20,5470
4,5471
15,5472
23,5473
9,5474
9,5475
26,5476
12,5477
25,5478
28,5479
6,5480
5,5481
7,5482
18,5483
23,5484
5,5485
8,5486
13,5487
27,5488
29,5489
18,5490
1,5491
7,5492
22,5493
2,5494
0,5495
2,5496
10,5497
23,5498
15,5499
25,5500
9,5501
16,5502
12,5503
6,5504
23,5505
11,5506
15,5507
3,5508
15,5509
6,5510
29,5511
15,5512
15,5513
3,5514
24,5515
16,5516
21,5517
7,5518
9,5519
0,5520
3,5521
10,5522
17,5523
14,5524
4,5525
13,5526
24,5527
5,5528
25,5529
17,5530
6,5531
10,5532
8,5533
7,5534
7,5535
10,5536
10,5537
28,5538
25,5539
7,5540
24,5541
19,5542
29,5543
27,5544
23,5545
6,5546
6,5547
13,5548
6,5549
19,5550
11,5551
10,5552
27,5553
23,5554
1,5555
3,5556
8,5557
10,5558
27,5559
7,5560
11,5561
26,5562
2,5563
10,5564
0,5565
23,5566
26,5567
1,5568
26,5569
20,5570
9,5571
10,5572
5,5573
4,5574
29,5575
5,5576
22,5577
12,5578
5,5579
6,5580
17,5581
7,5582
3,5583
20,5584
10,5585
22,5586
3,5587
0,5588
6,5589
2,5590
18,5591
9,5592
12,5593
10,5594
9,5595
24,5596
26,5597
4,5598
14,5599
2,5600
28,5601
7,5602
10,5603
29,5604
23,5605
3,5606
20,5607
18,5608
0,5609
16,5610
11,5611
18,5612
17,5613
26,5614
19,5615
18,5616
7,5617
9,5618
14,5619
3,5620
28,5621
7,5622
15,5623
29,5624
22,5625
18,5626
26,5627
9,5628
28,5629
20,5630
24,5631
29,5632
7,5633
7,5634
22,5635
11,5636
20,5637
6,5638
6,5639
17,5640
7,5641
13,5642
9,5643
4,5644
5,5645
5,5646
26,5647
20,5648
8,5649
6,5650
23,5651
25,5652
7,5653
27,5654
4,5655
22,5656
3,5657
4,5658
10,5659
21,5660
7,5661
5,5662
5,5663
16,5664
14,5665
29,5666
2,5667
12,5668
20,5669
17,5670
17,5671
7,5672
24,5673
13,5674
18,5675
13,5676
10,5677
24,5678
13,5679
26,5680
5,5681
20,5682
2,5683
9,5684
9,5685
24,5686
1,5687
12,5688
8,5689
23,5690
7,5691
20,5692
18,5693
14,5694
17,5695
0,5696
1,5697
12,5698
9,5699
18,5700
0,5701
12,5702
22,5703
4,5704
8,5705
1,5706
29,5707
2,5708
12,5709
28,5710
3,5711
15,5712
28,5713
12,5714
6,5715
15,5716
4,5717
4,5718
5,5719
23,5720
6,5721
28,5722
15,5723
7,5724
17,5725
23,5726
7,5727
18,5728
0,5729
18,5730
15,5731
21,5732
25,5733
13,5734
10,5735
4,5736
12,5737
19,5738
15,5739
0,5740
4,5741
4,5742
25,5743
1,5744
21,5745
25,5746
29,5747
6,5748
12,5749
16,5750
8,5751
21,5752
18,5753
21,5754
1,5755
16,5756
2,5757
29,5758
4,5759
21,5760
2,5761
15,5762
28,5763
12,5764
10,5765
15,5766
10,5767
0,5768
17,5769
10,5770
10,5771
14,5772
19,5773
27,5774
27,5775
0,5776
18,5777
26,5778
14,5779
16,5780
29,5781
7,5782
27,5783
6,5784
14,5785
28,5786
2,5787
29,5788
24,5789
5,5790
0,5791
11,5792
0,5793
1,5794
10,5795
19,5796
2,5797
7,5798
3,5799
0,5800
12,5801
27,5802
15,5803
6,5804
9,5805
20,5806
6,5807
17,5808
28,5809
14,5810
14,5811
21,5812
0,5813
16,5814
3,5815
4,5816
2,5817
28,5818
14,5819
28,5820
2,5821
1,5822
6,5823
21,5824
22,5825
27,5826
1,5827
4,5828
2,5829
1,5830
29,5831
4,5832
23,5833
4,5834
4,5835
29,5836
4,5837
6,5838
29,5839
14,5840
10,5841
29,5842
25,5843
17,5844
24,5845
11,5846
18,5847
11,5848
19,5849
4,5850
24,5851
26,5852
16,5853
20,5854
4,5855
16,5856
2,5857
17,5858
17,5859
5,5860
5,5861
15,5862
18,5863
12,5864
6,5865
3,5866
11,5867
9,5868
27,5869
27,5870
22,5871
9,5872
29,5873
27,5874
0,5875
2,5876
1,5877
15,5878
2,5879
12,5880
3,5881
22,5882
9,5883
23,5884
4,5885
27,5886
4,5887
27,5888
29,5889
5,5890
10,5891
22,5892
6,5893
29,5894
19,5895
22,5896
7,5897
7,5898
28,5899
6,5900
15,5901
25,5902
2,5903
25,5904
24,5905
6,5906
10,5907
29,5908
0,5909
23,5910
23,5911
18,5912
22,5913
0,5914
13,5915
7,5916
21,5917
25,5918
2,5919
18,5920
3,5921
27,5922
11,5923
21,5924
25,5925
0,5926
10,5927
20,5928
17,5929
7,5930
3,5931
25,5932
16,5933
16,5934
10,5935
0,5936
23,5937
0,5938
16,5939
1,5940
2,5941
2,5942
26,5943
3,5944
18,5945
4,5946
5,5947
27,5948
10,5949
7,5950
6,5951
3,5952
22,5953
3,5954
8,5955
17,5956
22,5957
22,5958
9,5959
11,5960
23,5961
16,5962
12,5963
13,5964
29,5965
25,5966
17,5967
29,5968
7,5969
27,5970
15,5971
15,5972
10,5973
9,5974
16,5975
4,5976
9,5977
8,5978
7,5979
21,5980
13,5981
13,5982
23,5983
3,5984
25,5985
2,5986
29,5987
2,5988
29,5989
22,5990
2,5991
18,5992
9,5993
9,5994
21,5995
21,5996
3,5997
8,5998
24,5999
4,6000
12,6001
7,6002
2,6003
14,6004
14,6005
19,6006
16,6007
5,6008
24,6009
16,6010
6,6011
18,6012
20,6013
13,6014
8,6015
18,6016
24,6017
7,6018
1,6019
13,6020
6,6021
21,6022
9,6023
1,6024
28,6025
24,6026
14,6027
5,6028
10,6029
19,6030
16,6031
8,6032
21,6033
23,6034
27,6035
1,6036
17,6037
14,6038
12,6039
9,6040
24,6041
5,6042
3,6043
28,6044
25,6045
0,6046
21,6047
6,6048
0,6049
21,6050
20,6051
22,6052
3,6053
29,6054
26,6055
21,6056
10,6057
26,6058
26,6059
24,6060
3,6061
25,6062
3,6063
4,6064
9,6065
5,6066
5,6067
23,6068
6,6069
19,6070
7,6071
2,6072
10,6073
15,6074
6,6075
5,6076
10,6077
14,6078
20,6079
13,6080
11,6081
14,6082
29,6083
18,6084
26,6085
0,6086
10,6087
20,6088
5,6089
10,6090
26,6091
28,6092
15,6093
4,6094
9,6095
8,6096
11,6097
5,6098
28,6099
23,6100
21,6101
2,6102
21,6103
18,6104
13,6105
2,6106
1,6107
13,6108
10,6109
27,6110
10,6111
22,6112
13,6113
6,6114
9,6115
15,6116
3,6117
28,6118
8,6119
24,6120
12,6121
9,6122
26,6123
17,6124
24,6125
12,6126
0,6127
19,6128
10,6129
29,6130
4,6131
15,6132
19,6133
18,6134
27,6135
13,6136
20,6137
11,6138
23,6139
24,6140
28,6141
25,6142
7,6143
27,6144
18,6145
4,6146
7,6147
28,6148
16,6149
24,6150
7,6151
8,6152
21,6153
23,6154
21,6155
4,6156
6,6157
5,6158
23,6159
14,6160
25,6161
1,6162
9,6163
4,6164
22,6165
5,6166
1,6167
6,6168
28,6169
7,6170
6,6171
29,6172
27,6173
11,6174
28,6175
20,6176
11,6177
1,6178
0,6179
1,6180
5,6181
28,6182
14,6183
11,6184
25,6185
11,6186
18,6187
7,6188
6,6189
29,6190
3,6191
25,6192
21,6193
26,6194
29,6195
4,6196
8,6197
26,6198
2,6199
13,6200
17,6201
26,6202
6,6203
19,6204
10,6205
29,6206
18,6207
6,6208
10,6209
28,6210
7,6211
24,6212
8,6213
8,6214
19,6215
10,6216
14,6217
6,6218
15,6219
18,6220
22,6221
0,6222
16,6223
21,6224
0,6225
7,6226
11,6227
20,6228
6,6229
12,6230
29,6231
6,6232
11,6233
26,6234
28,6235
14,6236
22,6237
20,6238
6,6239
3,6240
3,6241
0,6242
27,6243
20,6244
1,6245
25,6246
2,6247
11,6248
14,6249
3,6250
1,6251
6,6252
7,6253
18,6254
0,6255
6,6256
24,6257
12,6258
12,6259
25,6260
0,6261
26,6262
3,6263
26,6264
5,6265
16,6266
22,6267
3,6268
0,6269
5,6270
28,6271
13,6272
13,6273
19,6274
19,6275
6,6276
7,6277
2,6278
0,6279
3,6280
12,6281
13,6282
10,6283
13,6284
29,6285
29,6286
0,6287
18,6288
18,6289
4,6290
4,6291
8,6292
0,6293
5,6294
27,6295
6,6296
0,6297
15,6298
9,6299
16,6300
6,6301
9,6302
28,6303
11,6304
7,6305
21,6306
13,6307
9,6308
0,6309
14,6310
7,6311
15,6312
12,6313
13,6314
29,6315
14,6316
6,6317
29,6318
0,6319
10,6320
25,6321
7,6322
24,6323
12,6324
6,6325
6,6326
26,6327
28,6328
23,6329
17,6330
17,6331
13,6332
2,6333
0,6334
8,6335
3,6336
8,6337
0,6338
15,6339
27,6340
20,6341
12,6342
6,6343
28,6344
17,6345
26,6346
20,6347
1,6348
4,6349
9,6350
10,6351
10,6352
2,6353
29,6354
21,6355
23,6356
25,6357
13,6358
0,6359
21,6360
19,6361
16,6362
7,6363
28,6364
15,6365
12,6366
17,6367
13,6368
25,6369
24,6370
26,6371
29,6372
24,6373
23,6374
3,6375
23,6376
12,6377
22,6378
18,6379
20,6380
27,6381
21,6382
0,6383
3,6384
6,6385
23,6386
12,6387
8,6388
10,6389
0,6390
25,6391
29,6392
19,6393
18,6394
6,6395
1,6396
6,6397
29,6398
2,6399
0,6400
3,6401
27,6402
27,6403
23,6404
28,6405
29,6406
10,6407
10,6408
14,6409
15,6410
20,6411
5,6412
8,6413
12,6414
15,6415
6,6416
23,6417
20,6418
19,6419
10,6420
3,6421
16,6422
1,6423
24,6424
11,6425
5,6426
13,6427
16,6428
7,6429
9,6430
0,6431
22,6432
1,6433
7,6434
2,6435
13,6436
6,6437
0,6438
3,6439
7,6440
17,6441
4,6442
3,6443
9,6444
5,6445
6,6446
20,6447
11,6448
13,6449
4,6450
4,6451
9,6452
25,6453
25,6454
10,6455
14,6456
17,6457
27,6458
27,6459
27,6460
3,6461
18,6462
21,6463
7,6464
29,6465
29,6466
13,6467
0,6468
16,6469
1,6470
20,6471
2,6472
12,6473
3,6474
18,6475
27,6476
28,6477
22,6478
13,6479
7,6480
25,6481
13,6482
11,6483
4,6484
16,6485
12,6486
15,6487
11,6488
8,6489
18,6490
25,6491
2,6492
14,6493
13,6494
4,6495
26,6496
10,6497
13,6498
2,6499
22,6500
3,6501
0,6502
0,6503
10,6504
19,6505
14,6506
4,6507
7,6508
18,6509
28,6510
5,6511
0,6512
6,6513
18,6514
6,6515
7,6516
17,6517
16,6518
5,6519
0,6520
1,6521
8,6522
23,6523
1,6524
0,6525
2,6526
23,6527
24,6528
1,6529
26,6530
3,6531
16,6532
26,6533
18,6534
12,6535
10,6536
1,6537
19,6538
23,6539
12,6540
0,6541
6,6542
20,6543
3,6544
16,6545
14,6546
29,6547
10,6548
10,6549
23,6550
17,6551
3,6552
28,6553
20,6554
13,6555
6,6556
18,6557
18,6558
19,6559
27,6560
18,6561
17,6562
27,6563
20,6564
8,6565
3,6566
22,6567
15,6568
2,6569
13,6570
26,6571
20,6572
29,6573
2,6574
9,6575
29,6576
14,6577
6,6578
29,6579
19,6580
12,6581
17,6582
13,6583
9,6584
29,6585
9,6586
22,6587
14,6588
19,6589
17,6590
17,6591
22,6592
4,6593
2,6594
1,6595
28,6596
28,6597
17,6598
9,6599
9,6600
3,6601
7,6602
29,6603
13,6604
2,6605
23,6606
17,6607
0,6608
16,6609
18,6610
25,6611
22,6612
0,6613
8,6614
20,6615
28,6616
1,6617
16,6618
2,6619
22,6620
2,6621
20,6622
1,6623
0,6624
3,6625
7,6626
22,6627
19,6628
23,6629
25,6630
13,6631
14,6632
13,6633
14,6634
29,6635
7,6636
11,6637
17,6638
22,6639
20,6640
6,6641
17,6642
4,6643
17,6644
11,6645
23,6646
23,6647
7,6648
29,6649
1,6650
26,6651
27,6652
22,6653
18,6654
8,6655
0,6656
26,6657
28,6658
18,6659
14,6660
11,6661
20,6662
29,6663
9,6664
12,6665
23,6666
15,6667
29,6668
13,6669
2,6670
24,6671
8,6672
18,6673
2,6674
22,6675
26,6676
0,6677
8,6678
14,6679
2,6680
18,6681
18,6682
12,6683
29,6684
12,6685
8,6686
23,6687
23,6688
22,6689
11,6690
27,6691
7,6692
21,6693
2,6694
5,6695
26,6696
7,6697
22,6698
24,6699
0,6700
28,6701
0,6702
26,6703
20,6704
15,6705
27,6706
1,6707
24,6708
13,6709
7,6710
2,6711
18,6712
3,6713
3,6714
4,6715
22,6716
5,6717
8,6718
6,6719
7,6720
28,6721
27,6722
7,6723
7,6724
10,6725
19,6726
4,6727
0,6728
3,6729
9,6730
5,6731
18,6732
0,6733
10,6734
10,6735
8,6736
28,6737
5,6738
27,6739
9,6740
27,6741
25,6742
28,6743
16,6744
18,6745
23,6746
10,6747
29,6748
8,6749
28,6750
8,6751
4,6752
2,6753
2,6754
7,6755
12,6756
21,6757
9,6758
7,6759
27,6760
29,6761
4,6762
20,6763
23,6764
5,6765
0,6766
4,6767
13,6768
2,6769
12,6770
19,6771
6,6772
0,6773
9,6774
7,6775
29,6776
9,6777
13,6778
4,6779
18,6780
0,6781
21,6782
27,6783
1,6784
15,6785
12,6786
2,6787
16,6788
9,6789
23,6790
8,6791
12,6792
8,6793
24,6794
25,6795
11,6796
14,6797
29,6798
0,6799
2,6800
28,6801
12,6802
18,6803
11,6804
27,6805
27,6806
9,6807
2,6808
23,6809
5,6810
6,6811
7,6812
23,6813
24,6814
29,6815
9,6816
29,6817
5,6818
6,6819
29,6820
13,6821
26,6822
9,6823
3,6824
19,6825
17,6826
10,6827
10,6828
26,6829
25,6830
2,6831
24,6832
17,6833
18,6834
3,6835
21,6836
23,6837
13,6838
6,6839
25,6840
23,6841
19,6842
28,6843
23,6844
4,6845
17,6846
0,6847
8,6848
12,6849
4,6850
15,6851
29,6852
13,6853
0,6854
29,6855
1,6856
12,6857
2,6858
29,6859
3,6860
8,6861
26,6862
8,6863
17,6864
13,6865
27,6866
27,6867
8,6868
5,6869
12,6870
2,6871
13,6872
18,6873
2,6874
18,6875
12,6876
13,6877
26,6878
27,6879
5,6880
19,6881
2,6882
25,6883
5,6884
17,6885
10,6886
27,6887
27,6888
1,6889
27,6890
21,6891
3,6892
8,6893
28,6894
25,6895
29,6896
25,6897
2,6898
22,6899
11,6900
29,6901
4,6902
21,6903
1,6904
3,6905
2,6906
14,6907
21,6908
2,6909
2,6910
15,6911
0,6912
1,6913
20,6914
22,6915
1,6916
1,6917
20,6918
15,6919
6,6920
23,6921
0,6922
18,6923
19,6924
8,6925
6,6926
2,6927
2,6928
26,6929
3,6930
29,6931
10,6932
17,6933
12,6934
4,6935
0,6936
10,6937
0,6938
13,6939
11,6940
22,6941
2,6942
26,6943
3,6944
19,6945
23,6946
26,6947
12,6948
6,6949
13,6950
19,6951
29,6952
10,6953
1,6954
9,6955
9,6956
9,6957
26,6958
17,6959
8,6960
16,6961
24,6962
9,6963
0,6964
18,6965
1,6966
0,6967
13,6968
1,6969
29,6970
2,6971
19,6972
3,6973
4,6974
18,6975
5,6976
29,6977
15,6978
25,6979
4,6980
15,6981
6,6982
15,6983
25,6984
5,6985
0,6986
9,6987
1,6988
22,6989
2,6990
16,6991
9,6992
9,6993
29,6994
3,6995
7,6996
3,6997
13,6998
6,6999
8,7000
21,7001
7,7002
10,7003
27,7004
5,7005
8,7006
3,7007
8,7008
0,7009
9,7010
8,7011
24,7012
1,7013
12,7014
2,7015
21,7016
2,7017
3,7018
0,7019
20,7020
29,7021
4,7022
13,7023
17,7024
1,7025
24,7026
24,7027
3,7028
22,7029
23,7030
22,7031
23,7032
27,7033
27,7034
29,7035
18,7036
3,7037
11,7038
21,7039
19,7040
11,7041
19,7042
14,7043
22,7044
12,7045
6,7046
29,7047
23,7048
3,7049
8,7050
21,7051
24,7052
9,7053
26,7054
9,7055
20,7056
15,7057
2,7058
2,7059
21,7060
1,7061
19,7062
18,7063
9,7064
8,7065
15,7066
29,7067
18,7068
20,7069
18,7070
23,7071
24,7072
3,7073
29,7074
2,7075
15,7076
5,7077
12,7078
13,7079
7,7080
26,7081
12,7082
29,7083
1,7084
0,7085
27,7086
1,7087
9,7088
11,7089
20,7090
29,7091
25,7092
26,7093
2,7094
14,7095
1,7096
28,7097
13,7098
6,7099
7,7100
28,7101
4,7102
18,7103
16,7104
25,7105
10,7106
16,7107
23,7108
11,7109
25,7110
28,7111
5,7112
0,7113
11,7114
20,7115
16,7116
11,7117
24,7118
17,7119
15,7120
10,7121
25,7122
28,7123
14,7124
25,7125
15,7126
4,7127
0,7128
18,7129
17,7130
28,7131
23,7132
15,7133
13,7134
26,7135
20,7136
5,7137
10,7138
17,7139
0,7140
28,7141
3,7142
1,7143
21,7144
25,7145
2,7146
9,7147
3,7148
1,7149
29,7150
12,7151
12,7152
14,7153
15,7154
0,7155
15,7156
13,7157
18,7158
2,7159
7,7160
12,7161
21,7162
6,7163
20,7164
29,7165
22,7166
20,7167
7,7168
26,7169
19,7170
29,7171
9,7172
2,7173
29,7174
10,7175
17,7176
13,7177
17,7178
4,7179
7,7180
29,7181
15,7182
8,7183
2,7184
25,7185
5,7186
16,7187
1,7188
21,7189
20,7190
9,7191
15,7192
21,7193
23,7194
1,7195
25,7196
2,7197
12,7198
14,7199
15,7200
4,7201
14,7202
3,7203
15,7204
17,7205
10,7206
5,7207
14,7208
29,7209
15,7210
22,7211
7,7212
5,7213
12,7214
2,7215
17,7216
14,7217
21,7218
19,7219
29,7220
15,7221
29,7222
18,7223
25,7224
29,7225
18,7226
24,7227
18,7228
11,7229
27,7230
6,7231
5,7232
29,7233
29,7234
1,7235
10,7236
28,7237
8,7238
16,7239
28,7240
16,7241
26,7242
10,7243
27,7244
20,7245
6,7246
27,7247
20,7248
29,7249
16,7250
28,7251
3,7252
27,7253
18,7254
4,7255
24,7256
22,7257
25,7258
24,7259
7,7260
15,7261
0,7262
7,7263
26,7264
20,7265
1,7266
0,7267
2,7268
0,7269
5,7270
12,7271
22,7272
6,7273
3,7274
29,7275
26,7276
11,7277
20,7278
1,7279
18,7280
6,7281
15,7282
15,7283
23,7284
20,7285
1,7286
19,7287
29,7288
2,7289
11,7290
9,7291
19,7292
10,7293
4,7294
24,7295
4,7296
0,7297
20,7298
18,7299
5,7300
18,7301
2,7302
24,7303
19,7304
4,7305
20,7306
15,7307
3,7308
18,7309
14,7310
9,7311
29,7312
16,7313
10,7314
14,7315
26,7316
2,7317
0,7318
19,7319
10,7320
16,7321
24,7322
5,7323
26,7324
4,7325
4,7326
26,7327
27,7328
29,7329
1,7330
22,7331
0,7332
25,7333
24,7334
0,7335
11,7336
25,7337
16,7338
8,7339
19,7340
19,7341
3,7342
5,7343
22,7344
27,7345
6,7346
17,7347
1,7348
15,7349
27,7350
4,7351
12,7352
0,7353
22,7354
22,7355
2,7356
25,7357
7,7358
5,7359
0,7360
1,7361
20,7362
29,7363
29,7364
22,7365
25,7366
26,7367
11,7368
25,7369
24,7370
23,7371
11,7372
9,7373
18,7374
7,7375
18,7376
21,7377
23,7378
21,7379
19,7380
20,7381
7,7382
10,7383
8,7384
2,7385
13,7386
15,7387
10,7388
0,7389
12,7390
1,7391
22,7392
2,7393
5,7394
2,7395
3,7396
20,7397
13,7398
16,7399
22,7400
24,7401
24,7402
27,7403
16,7404
21,7405
2,7406
9,7407
4,7408
9,7409
5,7410
21,7411
8,7412
24,7413
19,7414
8,7415
0,7416
3,7417
25,7418
16,7419
2,7420
0,7421
26,7422
25,7423
29,7424
25,7425
2,7426
15,7427
15,7428
6,7429
21,7430
0,7431
21,7432
25,7433
7,7434
19,7435
8,7436
11,7437
11,7438
0,7439
17,7440
0,7441
7,7442
1,7443
23,7444
16,7445
2,7446
21,7447
5,7448
3,7449
20,7450
23,7451
29,7452
29,7453
1,7454
24,7455
27,7456
24,7457
4,7458
16,7459
1,7460
11,7461
15,7462
13,7463
26,7464
16,7465
11,7466
29,7467
14,7468
22,7469
26,7470
28,7471
24,7472
19,7473
11,7474
29,7475
20,7476
7,7477
0,7478
24,7479
14,7480
3,7481
20,7482
8,7483
11,7484
25,7485
10,7486
16,7487
20,7488
13,7489
19,7490
27,7491
23,7492
21,7493
0,7494
2,7495
20,7496
4,7497
25,7498
5,7499
29,7500
14,7501
6,7502
25,7503
2,7504
7,7505
23,7506
21,7507
27,7508
10,7509
21,7510
5,7511
0,7512
0,7513
2,7514
1,7515
26,7516
2,7517
25,7518
28,7519
3,7520
22,7521
10,7522
11,7523
17,7524
26,7525
3,7526
9,7527
13,7528
29,7529
27,7530
6,7531
20,7532
22,7533
27,7534
22,7535
23,7536
11,7537
2,7538
4,7539
17,7540
26,7541
0,7542
11,7543
4,7544
24,7545
2,7546
23,7547
6,7548
5,7549
25,7550
14,7551
18,7552
6,7553
13,7554
18,7555
7,7556
17,7557
24,7558
19,7559
9,7560
1,7561
12,7562
29,7563
3,7564
16,7565
29,7566
4,7567
25,7568
9,7569
23,7570
11,7571
26,7572
13,7573
24,7574
22,7575
24,7576
2,7577
10,7578
24,7579
8,7580
0,7581
13,7582
1,7583
22,7584
22,7585
2,7586
21,7587
3,7588
29,7589
25,7590
18,7591
5,7592
25,7593
24,7594
16,7595
2,7596
1,7597
15,7598
18,7599
13,7600
0,7601
13,7602
4,7603
15,7604
24,7605
6,7606
29,7607
1,7608
15,7609
13,7610
0,7611
17,7612
18,7613
22,7614
11,7615
27,7616
21,7617
17,7618
1,7619
20,7620
10,7621
15,7622
8,7623
7,7624
12,7625
13,7626
0,7627
26,7628
27,7629
1,7630
1,7631
1,7632
29,7633
2,7634
6,7635
3,7636
6,7637
13,7638
16,7639
16,7640
3,7641
8,7642
28,7643
14,7644
26,7645
22,7646
9,7647
1,7648
9,7649
29,7650
9,7651
17,7652
27,7653
11,7654
3,7655
6,7656
6,7657
5,7658
0,7659
12,7660
14,7661
18,7662
3,7663
22,7664
1,7665
25,7666
3,7667
8,7668
13,7669
16,7670
25,7671
4,7672
9,7673
5,7674
23,7675
28,7676
8,7677
6,7678
3,7679
7,7680
10,7681
17,7682
19,7683
16,7684
26,7685
29,7686
9,7687
10,7688
18,7689
22,7690
23,7691
5,7692
18,7693
8,7694
7,7695
10,7696
15,7697
29,7698
26,7699
14,7700
12,7701
2,7702
22,7703
6,7704
2,7705
18,7706
24,7707
16,7708
21,7709
14,7710
28,7711
7,7712
11,7713
19,7714
22,7715
3,7716
27,7717
29,7718
10,7719
8,7720
4,7721
12,7722
15,7723
9,7724
10,7725
13,7726
6,7727
4,7728
0,7729
5,7730
29,7731
9,7732
10,7733
6,7734
25,7735
24,7736
7,7737
4,7738
4,7739
16,7740
11,7741
0,7742
1,7743
16,7744
2,7745
1,7746
19,7747
13,7748
21,7749
23,7750
28,7751
11,7752
23,7753
27,7754
3,7755
25,7756
29,7757
18,7758
26,7759
28,7760
4,7761
8,7762
13,7763
23,7764
19,7765
8,7766
18,7767
10,7768
24,7769
22,7770
28,7771
3,7772
26,7773
23,7774
15,7775
6,7776
28,7777
2,7778
1,7779
7,7780
11,7781
11,7782
18,7783
6,7784
0,7785
23,7786
25,7787
6,7788
10,7789
8,7790
25,7791
5,7792
23,7793
26,7794
9,7795
13,7796
1,7797
8,7798
16,7799
10,7800
24,7801
10,7802
29,7803
23,7804
0,7805
23,7806
9,7807
9,7808
21,7809
19,7810
20,7811
14,7812
25,7813
0,7814
5,7815
12,7816
1,7817
16,7818
2,7819
29,7820
3,7821
23,7822
5,7823
28,7824
24,7825
10,7826
9,7827
15,7828
11,7829
27,7830
21,7831
4,7832
18,7833
16,7834
5,7835
10,7836
6,7837
29,7838
10,7839
7,7840
0,7841
21,7842
3,7843
7,7844
5,7845
18,7846
24,7847
11,7848
5,7849
3,7850
3,7851
2,7852
12,7853
6,7854
1,7855
24,7856
25,7857
29,7858
6,7859
12,7860
25,7861
18,7862
1,7863
1,7864
11,7865
28,7866
11,7867
28,7868
2,7869
29,7870
25,7871
0,7872
21,7873
7,7874
21,7875
1,7876
28,7877
8,7878
21,7879
19,7880
10,7881
2,7882
27,7883
1,7884
16,7885
7,7886
20,7887
0,7888
9,7889
11,7890
6,7891
20,7892
5,7893
13,7894
26,7895
9,7896
8,7897
0,7898
1,7899
19,7900
18,7901
12,7902
14,7903
25,7904
1,7905
28,7906
24,7907
22,7908
24,7909
9,7910
20,7911
28,7912
20,7913
4,7914
10,7915
29,7916
22,7917
17,7918
4,7919
22,7920
1,7921
9,7922
5,7923
7,7924
12,7925
6,7926
15,7927
7,7928
0,7929
21,7930
18,7931
15,7932
12,7933
27,7934
24,7935
8,7936
13,7937
7,7938
24,7939
17,7940
2,7941
27,7942
29,7943
3,7944
17,7945
26,7946
3,7947
10,7948
12,7949
2,7950
10,7951
29,7952
24,7953
13,7954
23,7955
28,7956
29,7957
14,7958
29,7959
2,7960
24,7961
17,7962
4,7963
29,7964
26,7965
24,7966
27,7967
20,7968
2,7969
1,7970
21,7971
11,7972
21,7973
23,7974
27,7975
29,7976
4,7977
18,7978
14,7979
13,7980
2,7981
29,7982
21,7983
24,7984
10,7985
15,7986
18,7987
26,7988
19,7989
6,7990
12,7991
20,7992
24,7993
5,7994
23,7995
6,7996
7,7997
3,7998
5,7999
9,8000
11,8001
26,8002
6,8003
29,8004
29,8005
1,8006
9,8007
29,8008
25,8009
8,8010
23,8011
19,8012
26,8013
11,8014
27,8015
27,8016
19,8017
16,8018
9,8019
12,8020
26,8021
4,8022
28,8023
14,8024
9,8025
5,8026
2,8027
5,8028
0,8029
8,8030
4,8031
14,8032
3,8033
20,8034
16,8035
10,8036
7,8037
28,8038
11,8039
23,8040
28,8041
13,8042
20,8043
28,8044
25,8045
15,8046
20,8047
12,8048
21,8049
5,8050
0,8051
16,8052
19,8053
6,8054
10,8055
29,8056
4,8057
10,8058
21,8059
15,8060
3,8061
25,8062
5,8063
1,8064
24,8065
29,8066
10,8067
22,8068
12,8069
6,8070
0,8071
21,8072
2,8073
19,8074
16,8075
28,8076
15,8077
22,8078
9,8079
3,8080
28,8081
10,8082
29,8083
6,8084
9,8085
10,8086
11,8087
18,8088
16,8089
10,8090
17,8091
20,8092
15,8093
14,8094
7,8095
11,8096
25,8097
18,8098
20,8099
1,8100
9,8101
23,8102
25,8103
26,8104
6,8105
21,8106
22,8107
8,8108
25,8109
5,8110
3,8111
0,8112
9,8113
29,8114
14,8115
18,8116
18,8117
9,8118
29,8119
10,8120
0,8121
11,8122
17,8123
1,8124
11,8125
11,8126
8,8127
12,8128
18,8129
13,8130
26,8131
7,8132
6,8133
2,8134
21,8135
19,8136
11,8137
1,8138
0,8139
7,8140
18,8141
21,8142
6,8143
1,8144
6,8145
3,8146
18,8147
22,8148
21,8149
18,8150
16,8151
19,8152
29,8153
25,8154
3,8155
4,8156
20,8157
19,8158
23,8159
7,8160
28,8161
18,8162
13,8163
6,8164
15,8165
21,8166
18,8167
11,8168
29,8169
13,8170
6,8171
27,8172
28,8173
26,8174
12,8175
10,8176
29,8177
23,8178
8,8179
28,8180
1,8181
22,8182
24,8183
1,8184
17,8185
21,8186
11,8187
22,8188
27,8189
9,8190
15,8191
18,8192
7,8193
16,8194
13,8195
17,8196
16,8197
20,8198
17,8199
3,8200
20,8201
10,8202
12,8203
18,8204
8,8205
21,8206
16,8207
21,8208
22,8209
16,8210
10,8211
16,8212
9,8213
17,8214
18,8215
10,8216
24,8217
6,8218
9,8219
4,8220
14,8221
5,8222
19,8223
4,8224
17,8225
8,8226
27,8227
5,8228
23,8229
6,8230
20,8231
18,8232
11,8233
20,8234
7,8235
1,8236
3,8237
1,8238
4,8239
8,8240
6,8241
25,8242
12,8243
5,8244
24,8245
6,8246
6,8247
29,8248
16,8249
0,8250
3,8251
7,8252
6,8253
2,8254
8,8255
12,8256
2,8257
4,8258
14,8259
23,8260
20,8261
10,8262
17,8263
28,8264
16,8265
10,8266
29,8267
19,8268
15,8269
2,8270
17,8271
29,8272
25,8273
2,8274
28,8275
8,8276
10,8277
19,8278
14,8279
25,8280
5,8281
5,8282
25,8283
5,8284
5,8285
22,8286
0,8287
5,8288
10,8289
2,8290
18,8291
18,8292
23,8293
15,8294
14,8295
6,8296
15,8297
7,8298
23,8299
2,8300
29,8301
6,8302
22,8303
25,8304
12,8305
21,8306
7,8307
21,8308
16,8309
26,8310
27,8311
2,8312
29,8313
5,8314
8,8315
10,8316
15,8317
1,8318
12,8319
6,8320
8,8321
18,8322
9,8323
27,8324
21,8325
14,8326
28,8327
26,8328
20,8329
8,8330
20,8331
17,8332
27,8333
6,8334
7,8335
6,8336
9,8337
13,8338
12,8339
24,8340
1,8341
16,8342
1,8343
16,8344
10,8345
9,8346
1,8347
28,8348
1,8349
5,8350
23,8351
18,8352
4,8353
28,8354
1,8355
22,8356
21,8357
1,8358
1,8359
13,8360
6,8361
1,8362
29,8363
0,8364
6,8365
22,8366
3,8367
3,8368
11,8369
26,8370
0,8371
25,8372
13,8373
28,8374
0,8375
2,8376
4,8377
4,8378
4,8379
13,8380
26,8381
14,8382
28,8383
20,8384
28,8385
17,8386
9,8387
29,8388
16,8389
2,8390
23,8391
21,8392
20,8393
18,8394
10,8395
15,8396
9,8397
14,8398
18,8399
18,8400
20,8401
3,8402
16,8403
2,8404
24,8405
7,8406
11,8407
24,8408
20,8409
4,8410
12,8411
19,8412
1,8413
8,8414
16,8415
23,8416
18,8417
1,8418
15,8419
5,8420
13,8421
7,8422
12,8423
24,8424
6,8425
18,8426
9,8427
1,8428
5,8429
1,8430
10,8431
22,8432
22,8433
16,8434
2,8435
9,8436
10,8437
18,8438
7,8439
6,8440
28,8441
2,8442
19,8443
13,8444
20,8445
3,8446
7,8447
6,8448
20,8449
27,8450
27,8451
13,8452
16,8453
22,8454
4,8455
19,8456
24,8457
19,8458
8,8459
4,8460
9,8461
11,8462
19,8463
14,8464
0,8465
15,8466
10,8467
4,8468
4,8469
5,8470
0,8471
6,8472
7,8473
5,8474
18,8475
13,8476
7,8477
29,8478
22,8479
6,8480
29,8481
10,8482
22,8483
9,8484
23,8485
20,8486
29,8487
14,8488
24,8489
4,8490
4,8491
14,8492
5,8493
10,8494
6,8495
5,8496
9,8497
7,8498
26,8499
26,8500
14,8501
29,8502
19,8503
6,8504
14,8505
19,8506
14,8507
21,8508
0,8509
22,8510
12,8511
28,8512
12,8513
10,8514
20,8515
18,8516
25,8517
0,8518
8,8519
17,8520
8,8521
4,8522
16,8523
1,8524
11,8525
2,8526
6,8527
3,8528
20,8529
13,8530
15,8531
26,8532
12,8533
4,8534
7,8535
11,8536
1,8537
0,8538
7,8539
15,8540
0,8541
26,8542
20,8543
20,8544
6,8545
9,8546
13,8547
19,8548
1,8549
1,8550
13,8551
5,8552
11,8553
1,8554
20,8555
5,8556
23,8557
27,8558
18,8559
6,8560
29,8561
22,8562
2,8563
29,8564
18,8565
14,8566
15,8567
15,8568
1,8569
3,8570
9,8571
20,8572
14,8573
16,8574
18,8575
6,8576
29,8577
13,8578
11,8579
20,8580
13,8581
2,8582
13,8583
15,8584
3,8585
23,8586
10,8587
25,8588
18,8589
18,8590
27,8591
29,8592
15,8593
3,8594
15,8595
5,8596
24,8597
12,8598
11,8599
4,8600
29,8601
0,8602
26,8603
9,8604
0,8605
9,8606
25,8607
8,8608
20,8609
15,8610
25,8611
3,8612
25,8613
10,8614
1,8615
4,8616
10,8617
5,8618
13,8619
6,8620
25,8621
10,8622
17,8623
7,8624
8,8625
25,8626
5,8627
23,8628
9,8629
5,8630
1,8631
14,8632
25,8633
3,8634
5,8635
2,8636
22,8637
7,8638
8,8639
1,8640
12,8641
26,8642
26,8643
20,8644
3,8645
1,8646
7,8647
12,8648
0,8649
9,8650
1,8651
28,8652
25,8653
28,8654
8,8655
25,8656
14,8657
21,8658
4,8659
4,8660
3,8661
1,8662
12,8663
4,8664
12,8665
18,8666
18,8667
23,8668
9,8669
21,8670
26,8671
4,8672
26,8673
28,8674
5,8675
6,8676
14,8677
3,8678
12,8679
14,8680
20,8681
6,8682
24,8683
19,8684
22,8685
6,8686
8,8687
12,8688
14,8689
10,8690
1,8691
14,8692
22,8693
14,8694
21,8695
20,8696
16,8697
9,8698
10,8699
15,8700
29,8701
19,8702
1,8703
12,8704
15,8705
17,8706
17,8707
6,8708
29,8709
17,8710
2,8711
1,8712
5,8713
1,8714
22,8715
27,8716
7,8717
18,8718
5,8719
10,8720
21,8721
0,8722
20,8723
3,8724
9,8725
16,8726
21,8727
14,8728
23,8729
20,8730
5,8731
15,8732
17,8733
10,8734
9,8735
4,8736
29,8737
15,8738
29,8739
0,8740
7,8741
26,8742
1,8743
15,8744
2,8745
23,8746
3,8747
26,8748
23,8749
13,8750
0,8751
18,8752
3,8753
20,8754
7,8755
23,8756
8,8757
8,8758
19,8759
29,8760
3,8761
8,8762
23,8763
25,8764
28,8765
17,8766
29,8767
19,8768
1,8769
15,8770
6,8771
11,8772
20,8773
23,8774
14,8775
4,8776
12,8777
18,8778
13,8779
13,8780
24,8781
4,8782
3,8783
9,8784
0,8785
24,8786
20,8787
29,8788
13,8789
24,8790
12,8791
14,8792
7,8793
23,8794
26,8795
0,8796
18,8797
25,8798
5,8799
3,8800
23,8801
15,8802
7,8803
8,8804
15,8805
0,8806
25,8807
27,8808
23,8809
18,8810
5,8811
24,8812
1,8813
22,8814
20,8815
23,8816
15,8817
3,8818
11,8819
0,8820
15,8821
6,8822
7,8823
24,8824
20,8825
22,8826
11,8827
15,8828
2,8829
13,8830
19,8831
24,8832
17,8833
17,8834
2,8835
17,8836
6,8837
29,8838
25,8839
20,8840
7,8841
0,8842
2,8843
23,8844
5,8845
17,8846
8,8847
13,8848
5,8849
3,8850
19,8851
22,8852
26,8853
3,8854
11,8855
29,8856
15,8857
24,8858
10,8859
10,8860
0,8861
1,8862
15,8863
10,8864
23,8865
0,8866
7,8867
1,8868
22,8869
18,8870
18,8871
8,8872
5,8873
2,8874
28,8875
2,8876
5,8877
1,8878
18,8879
12,8880
19,8881
6,8882
25,8883
7,8884
27,8885
22,8886
21,8887
28,8888
23,8889
2,8890
1,8891
0,8892
1,8893
10,8894
17,8895
20,8896
11,8897
10,8898
10,8899
9,8900
3,8901
8,8902
22,8903
11,8904
0,8905
4,8906
7,8907
23,8908
0,8909
10,8910
22,8911
1,8912
19,8913
2,8914
19,8915
3,8916
7,8917
9,8918
11,8919
6,8920
13,8921
4,8922
27,8923
5,8924
26,8925
10,8926
6,8927
29,8928
1,8929
24,8930
21,8931
8,8932
1,8933
7,8934
29,8935
22,8936
20,8937
25,8938
13,8939
20,8940
20,8941
19,8942
8,8943
27,8944
11,8945
17,8946
0,8947
11,8948
1,8949
28,8950
6,8951
2,8952
2,8953
7,8954
3,8955
13,8956
4,8957
20,8958
6,8959
27,8960
28,8961
7,8962
14,8963
29,8964
21,8965
24,8966
4,8967
1,8968
10,8969
10,8970
16,8971
17,8972
3,8973
5,8974
29,8975
23,8976
3,8977
10,8978
26,8979
5,8980
0,8981
0,8982
17,8983
9,8984
5,8985
29,8986
20,8987
18,8988
0,8989
2,8990
23,8991
27,8992
25,8993
24,8994
0,8995
26,8996
1,8997
1,8998
13,8999
2,9000
19,9001
3,9002
15,9003
0,9004
9,9005
21,9006
27,9007
17,9008
14,9009
29,9010
5,9011
9,9012
8,9013
26,9014
1,9015
18,9016
4,9017
20,9018
5,9019
29,9020
6,9021
29,9022
7,9023
3,9024
8,9025
21,9026
21,9027
27,9028
2,9029
17,9030
0,9031
3,9032
29,9033
10,9034
21,9035
23,9036
28,9037
0,9038
28,9039
18,9040
3,9041
8,9042
25,9043
3,9044
17,9045
19,9046
29,9047
17,9048
16,9049
29,9050
7,9051
20,9052
18,9053
18,9054
21,9055
17,9056
7,9057
23,9058
7,9059
6,9060
25,9061
3,9062
28,9063
3,9064
20,9065
8,9066
1,9067
12,9068
21,9069
9,9070
29,9071
15,9072
3,9073
17,9074
1,9075
6,9076
11,9077
10,9078
29,9079
26,9080
24,9081
11,9082
2,9083
13,9084
19,9085
22,9086
18,9087
22,9088
11,9089
13,9090
20,9091
1,9092
10,9093
0,9094
1,9095
29,9096
24,9097
13,9098
14,9099
15,9100
0,9101
14,9102
1,9103
19,9104
2,9105
4,9106
3,9107
13,9108
5,9109
5,9110
1,9111
24,9112
0,9113
28,9114
17,9115
19,9116
2,9117
18,9118
24,9119
9,9120
29,9121
20,9122
2,9123
26,9124
20,9125
10,9126
27,9127
2,9128
18,9129
1,9130
3,9131
15,9132
6,9133
26,9134
26,9135
25,9136
24,9137
26,9138
12,9139
15,9140
6,9141
3,9142
0,9143
13,9144
4,9145
23,9146
5,9147
3,9148
6,9149
10,9150
14,9151
7,9152
0,9153
14,9154
11,9155
20,9156
3,9157
0,9158
26,9159
26,9160
24,9161
0,9162
4,9163
21,9164
18,9165
25,9166
0,9167
18,9168
25,9169
23,9170
12,9171
19,9172
0,9173
4,9174
1,9175
24,9176
17,9177
18,9178
18,9179
27,9180
3,9181
1,9182
10,9183
0,9184
2,9185
5,9186
0,9187
29,9188
6,9189
19,9190
18,9191
7,9192
15,9193
8,9194
16,9195
11,9196
8,9197
17,9198
29,9199
9,9200
29,9201
5,9202
3,9203
23,9204
15,9205
15,9206
29,9207
24,9208
23,9209
26,9210
28,9211
12,9212
9,9213
21,9214
4,9215
0,9216
21,9217
20,9218
5,9219
0,9220
17,9221
22,9222
21,9223
11,9224
13,9225
6,9226
20,9227
8,9228
2,9229
4,9230
25,9231
11,9232
8,9233
21,9234
5,9235
8,9236
18,9237
25,9238
0,9239
7,9240
11,9241
23,9242
4,9243
8,9244
26,9245
25,9246
10,9247
27,9248
1,9249
7,9250
17,9251
17,9252
28,9253
17,9254
21,9255
14,9256
16,9257
14,9258
22,9259
3,9260
18,9261
18,9262
3,9263
29,9264
3,9265
11,9266
29,9267
21,9268
2,9269
4,9270
24,9271
5,9272
14,9273
6,9274
22,9275
7,9276
13,9277
2,9278
14,9279
0,9280
29,9281
1,9282
22,9283
2,9284
18,9285
27,9286
3,9287
8,9288
18,9289
3,9290
26,9291
2,9292
14,9293
9,9294
7,9295
2,9296
23,9297
20,9298
5,9299
8,9300
2,9301
15,9302
20,9303
14,9304
19,9305
16,9306
0,9307
12,9308
14,9309
26,9310
20,9311
7,9312
1,9313
0,9314
2,9315
9,9316
3,9317
7,9318
1,9319
11,9320
26,9321
22,9322
22,9323
20,9324
28,9325
16,9326
26,9327
0,9328
18,9329
1,9330
20,9331
2,9332
5,9333
3,9334
8,9335
18,9336
4,9337
7,9338
5,9339
1,9340
15,9341
2,9342
27,9343
6,9344
20,9345
23,9346
24,9347
7,9348
26,9349
25,9350
24,9351
4,9352
28,9353
15,9354
2,9355
24,9356
19,9357
10,9358
0,9359
12,9360
4,9361
14,9362
14,9363
5,9364
13,9365
7,9366
21,9367
15,9368
29,9369
4,9370
14,9371
0,9372
4,9373
3,9374
5,9375
19,9376
5,9377
3,9378
27,9379
6,9380
26,9381
7,9382
23,9383
1,9384
10,9385
0,9386
2,9387
2,9388
1,9389
11,9390
2,9391
11,9392
3,9393
5,9394
23,9395
26,9396
14,9397
14,9398
19,9399
29,9400
0,9401
0,9402
5,9403
29,9404
1,9405
8,9406
27,9407
2,9408
18,9409
8,9410
12,9411
4,9412
18,9413
3,9414
13,9415
19,9416
2,9417
17,9418
29,9419
21,9420
25,9421
14,9422
29,9423
1,9424
0,9425
6,9426
13,9427
7,9428
24,9429
29,9430
26,9431
19,9432
29,9433
0,9434
18,9435
17,9436
20,9437
15,9438
2,9439
2,9440
25,9441
13,9442
28,9443
22,9444
14,9445
8,9446
5,9447
8,9448
3,9449
10,9450
29,9451
4,9452
17,9453
12,9454
6,9455
19,9456
24,9457
20,9458
16,9459
7,9460
4,9461
23,9462
5,9463
5,9464
3,9465
14,9466
23,9467
28,9468
22,9469
23,9470
10,9471
7,9472
21,9473
9,9474
1,9475
0,9476
14,9477
2,9478
0,9479
16,9480
4,9481
11,9482
20,9483
27,9484
23,9485
22,9486
7,9487
28,9488
16,9489
1,9490
2,9491
10,9492
24,9493
23,9494
3,9495
14,9496
14,9497
21,9498
8,9499
0,9500
11,9501
17,9502
13,9503
15,9504
21,9505
11,9506
11,9507
4,9508
15,9509
29,9510
5,9511
3,9512
29,9513
10,9514
17,9515
3,9516
16,9517
0,9518
18,9519
26,9520
15,9521
20,9522
4,9523
2,9524
0,9525
8,9526
26,9527
1,9528
22,9529
2,9530
10,9531
3,9532
15,9533
16,9534
6,9535
12,9536
22,9537
1,9538
22,9539
2,9540
8,9541
18,9542
16,9543
27,9544
18,9545
15,9546
12,9547
24,9548
13,9549
3,9550
11,9551
17,9552
4,9553
11,9554
22,9555
3,9556
11,9557
17,9558
12,9559
13,9560
19,9561
16,9562
4,9563
12,9564
8,9565
5,9566
12,9567
2,9568
17,9569
16,9570
0,9571
3,9572
26,9573
11,9574
8,9575
4,9576
24,9577
17,9578
1,9579
3,9580
17,9581
16,9582
21,9583
25,9584
25,9585
21,9586
28,9587
7,9588
24,9589
16,9590
21,9591
18,9592
12,9593
2,9594
23,9595
6,9596
29,9597
24,9598
0,9599
14,9600
1,9601
12,9602
25,9603
2,9604
27,9605
3,9606
24,9607
7,9608
11,9609
29,9610
9,9611
9,9612
14,9613
10,9614
29,9615
0,9616
13,9617
28,9618
4,9619
29,9620
9,9621
17,9622
25,9623
14,9624
19,9625
29,9626
15,9627
8,9628
21,9629
5,9630
15,9631
27,9632
17,9633
21,9634
5,9635
20,9636
3,9637
9,9638
17,9639
15,9640
24,9641
24,9642
13,9643
0,9644
24,9645
6,9646
28,9647
23,9648
6,9649
28,9650
7,9651
5,9652
24,9653
2,9654
24,9655
29,9656
13,9657
17,9658
24,9659
22,9660
24,9661
17,9662
16,9663
24,9664
17,9665
20,9666
8,9667
16,9668
11,9669
18,9670
7,9671
23,9672
15,9673
24,9674
23,9675
14,9676
17,9677
28,9678
29,9679
13,9680
17,9681
12,9682
0,9683
21,9684
26,9685
11,9686
6,9687
29,9688
28,9689
18,9690
18,9691
20,9692
25,9693
15,9694
17,9695
13,9696
2,9697
22,9698
29,9699
7,9700
2,9701
24,9702
27,9703
28,9704
23,9705
15,9706
23,9707
15,9708
6,9709
15,9710
24,9711
23,9712
19,9713
21,9714
25,9715
11,9716
24,9717
16,9718
15,9719
12,9720
22,9721
3,9722
27,9723
18,9724
10,9725
25,9726
8,9727
25,9728
2,9729
17,9730
17,9731
11,9732
11,9733
27,9734
18,9735
13,9736
7,9737
5,9738
3,9739
16,9740
16,9741
21,9742
10,9743
2,9744
18,9745
0,9746
9,9747
27,9748
27,9749
5,9750
21,9751
6,9752
29,9753
27,9754
12,9755
28,9756
17,9757
17,9758
13,9759
28,9760
29,9761
6,9762
0,9763
2,9764
1,9765
4,9766
2,9767
7,9768
8,9769
3,9770
25,9771
16,9772
27,9773
29,9774
9,9775
7,9776
3,9777
4,9778
19,9779
8,9780
5,9781
8,9782
6,9783
13,9784
14,9785
18,9786
18,9787
16,9788
17,9789
25,9790
14,9791
8,9792
1,9793
20,9794
21,9795
7,9796
1,9797
14,9798
3,9799
27,9800
23,9801
4,9802
26,9803
11,9804
29,9805
10,9806
6,9807
14,9808
11,9809
1,9810
4,9811
23,9812
15,9813
8,9814
20,9815
12,9816
1,9817
9,9818
3,9819
24,9820
29,9821
9,9822
9,9823
23,9824
2,9825
18,9826
14,9827
20,9828
29,9829
10,9830
13,9831
0,9832
15,9833
16,9834
12,9835
16,9836
2,9837
12,9838
24,9839
17,9840
29,9841
1,9842
20,9843
29,9844
9,9845
29,9846
19,9847
5,9848
10,9849
20,9850
2,9851
5,9852
1,9853
24,9854
9,9855
8,9856
3,9857
13,9858
10,9859
21,9860
1,9861
8,9862
20,9863
0,9864
9,9865
28,9866
29,9867
1,9868
24,9869
26,9870
2,9871
18,9872
3,9873
29,9874
16,9875
14,9876
15,9877
18,9878
28,9879
29,9880
0,9881
27,9882
11,9883
1,9884
29,9885
2,9886
17,9887
6,9888
12,9889
3,9890
20,9891
29,9892
25,9893
27,9894
15,9895
11,9896
17,9897
2,9898
25,9899
11,9900
5,9901
0,9902
27,9903
14,9904
3,9905
22,9906
23,9907
22,9908
22,9909
28,9910
0,9911
17,9912
19,9913
23,9914
8,9915
26,9916
12,9917
14,9918
7,9919
9,9920
27,9921
20,9922
4,9923
1,9924
0,9925
8,9926
24,9927
5,9928
10,9929
6,9930
23,9931
7,9932
6,9933
24,9934
24,9935
14,9936
3,9937
2,9938
15,9939
25,9940
5,9941
26,9942
29,9943
14,9944
28,9945
17,9946
6,9947
16,9948
2,9949
4,9950
28,9951
5,9952
6,9953
14,9954
23,9955
6,9956
29,9957
3,9958
27,9959
29,9960
7,9961
12,9962
26,9963
12,9964
11,9965
27,9966
26,9967
4,9968
11,9969
13,9970
6,9971
21,9972
5,9973
3,9974
6,9975
26,9976
7,9977
20,9978
29,9979
9,9980
14,9981
9,9982
23,9983
2,9984
21,9985
14,9986
15,9987
15,9988
15,9989
18,9990
24,9991
6,9992
16,9993
11,9994
4,9995
7,9996
5,9997
0,9998
12,9999
